# coconut-me2b/v0.99.21 
# 
# momentum space matrix elements 
# partial wave J=2, L=1/1, S=1, T=1, MT=1 
# 
# momentum grid [fm^-1]
0.000000 0.200000 0.400000 0.600000 0.800000 1.000000 1.200000 1.400000 1.600000 1.800000 2.000000 2.200000 2.400000 2.600000 2.800000 3.000000 3.200000 3.400000 3.600000 3.800000 4.000000 4.200000 4.400000 4.600000 4.800000 5.000000 5.200000 5.400000 5.600000 5.800000 6.000000 6.200000 6.400000 6.600000 6.800000 7.000000 7.200000 7.400000 7.600000 7.800000 8.000000 8.200000 8.400000 8.600000 8.800000 9.000000 9.200000 9.400000 9.600000 9.800000 10.000000 
#
# matrix elements [MeV fm^3] 
  0.00000000   0.00000134   0.00000006  -0.00000004  -0.00000001  -0.00000007  -0.00000002  -0.00000006  -0.00000002  -0.00000004  -0.00000001  -0.00000003  -0.00000001  -0.00000002  -0.00000000  -0.00000001  -0.00000000  -0.00000001   0.00000000  -0.00000000   0.00000000  -0.00000000   0.00000000   0.00000000  -0.00000000   0.00000000  -0.00000000   0.00000000  -0.00000000   0.00000000  -0.00000000   0.00000000  -0.00000000   0.00000000  -0.00000000   0.00000000  -0.00000000   0.00000000  -0.00000000   0.00000000  -0.00000000   0.00000000  -0.00000000   0.00000000  -0.00000000  -0.00000000   0.00000000  -0.00000000  -0.00000000   0.00000000  -0.00000000 
  0.00000134  15.09701816   2.57757479  -0.65763405  -0.38416397  -1.07609804  -0.70286238  -0.96085099  -0.61032691  -0.70936037  -0.42592464  -0.47013534  -0.25900430  -0.28010359  -0.13492986  -0.15462432  -0.06338488  -0.07253850  -0.01550712  -0.02190292   0.00203469  -0.00301994   0.00125607   0.00301170  -0.00251390   0.00599016  -0.00523664   0.00769029  -0.00676767   0.00841137  -0.00733542   0.00835286  -0.00715697   0.00770072  -0.00642891   0.00662783  -0.00532837   0.00529179  -0.00401254   0.00383251  -0.00261739   0.00236990  -0.00125639   0.00100217  -0.00001956  -0.00019524   0.00102674  -0.00116972   0.00183936  -0.00189081   0.00239699 
  0.00000006   2.57757479   4.71245766   0.24295664  -1.39935017  -1.49582952  -1.77018949  -1.52404543  -1.47920395  -1.16938891  -1.04936551  -0.78331257  -0.66593290  -0.45894158  -0.37208005  -0.24181599  -0.19021286  -0.10191205  -0.06586094  -0.02064562  -0.01083833   0.00118095   0.00164408   0.00155697   0.00383392  -0.00039375   0.00464168  -0.00175103   0.00498257  -0.00249989   0.00495584  -0.00277330   0.00463687  -0.00268833   0.00410101  -0.00234732   0.00342074  -0.00183972   0.00266306  -0.00124280   0.00188751  -0.00062162   0.00114456  -0.00002902   0.00047462   0.00049443  -0.00009252   0.00092021  -0.00053769   0.00123116  -0.00085191 
 -0.00000004  -0.65763405   0.24295664   1.02445120  -1.30543166  -2.25952519  -2.29034092  -2.32009952  -2.02456152  -1.82575435  -1.48754582  -1.26354344  -0.96666204  -0.76509984  -0.54182083  -0.41210863  -0.27011007  -0.17838282  -0.08641361  -0.04246252  -0.00978122  -0.00182680   0.00326013   0.00385095   0.00236484   0.00434104   0.00085788   0.00437977  -0.00013529   0.00423988  -0.00070185   0.00394685  -0.00094490   0.00353171  -0.00094983   0.00303035  -0.00078859   0.00247963  -0.00052205   0.00191467  -0.00020127   0.00136690   0.00013192   0.00086272   0.00044453   0.00042265   0.00071206   0.00006092   0.00091805  -0.00021451   0.00105346 
 -0.00000001  -0.38416397  -1.39935017  -1.30543166  -0.96183798  -2.33967048  -2.86850609  -2.77825984  -2.64848127  -2.30929318  -2.03161785  -1.66834215  -1.37238157  -1.03745169  -0.78921830  -0.55817564  -0.39480638  -0.23431803  -0.12924006  -0.05110938  -0.01818513   0.00012314   0.00344320   0.00461020   0.00492846   0.00307552   0.00465725   0.00177382   0.00431714   0.00091728   0.00393753   0.00039956   0.00351384   0.00013364   0.00305431   0.00005007   0.00257429   0.00009214   0.00209207   0.00021326   0.00162621   0.00037544   0.00119363   0.00054832   0.00080840   0.00070863   0.00048097   0.00083958   0.00021785   0.00093036   0.00002154 
 -0.00000007  -1.07609804  -1.49582952  -2.25952519  -2.33967048  -2.11254553  -2.95319386  -3.21314391  -3.04301258  -2.83484389  -2.48198227  -2.15520678  -1.75197732  -1.38875036  -1.02655956  -0.75501606  -0.50637375  -0.31562802  -0.15964635  -0.07137826  -0.01947053  -0.00224667   0.00539401   0.00580397   0.00531310   0.00547697   0.00367059   0.00484992   0.00248342   0.00429835   0.00168371   0.00378620   0.00117081   0.00329372   0.00086851   0.00281570   0.00071748   0.00235505   0.00067053   0.00191881   0.00068985   0.00151546   0.00074529   0.00115316   0.00081336   0.00083859   0.00087641   0.00057632   0.00092202   0.00036841   0.00094242 
 -0.00000002  -0.70286238  -1.77018949  -2.29034092  -2.86850609  -2.95319386  -2.75272827  -3.28426383  -3.40158713  -3.20856806  -2.96847323  -2.59436308  -2.19790361  -1.73137980  -1.31811711  -0.94392021  -0.64711844  -0.38533595  -0.20366641  -0.08287376  -0.02711440  -0.00049671   0.00532380   0.00742365   0.00673216   0.00574430   0.00577129   0.00416206   0.00495777   0.00304229   0.00428429   0.00226614   0.00369844   0.00174189   0.00317171   0.00140160   0.00269037   0.00119339   0.00224933   0.00107679   0.00184824   0.00102005   0.00148900   0.00099832   0.00117407   0.00099258   0.00090542   0.00098876   0.00068391   0.00097712   0.00050893 
 -0.00000006  -0.96085099  -1.52404543  -2.32009952  -2.77825984  -3.21314391  -3.28426383  -3.11843883  -3.49361131  -3.55171950  -3.35124038  -3.05987192  -2.61070486  -2.11530831  -1.59600774  -1.16028613  -0.77376461  -0.46848659  -0.23635713  -0.10169142  -0.02846664  -0.00255102   0.00773889   0.00806137   0.00806909   0.00710002   0.00606381   0.00592313   0.00455958   0.00500685   0.00348234   0.00426565   0.00271496   0.00364196   0.00217404   0.00310205   0.00179856   0.00262670   0.00154250   0.00220547   0.00137058   0.00183304   0.00125550   0.00150684   0.00117622   0.00122555   0.00111681   0.00098802   0.00106558   0.00079276   0.00101445 
 -0.00000002  -0.61032691  -1.47920395  -2.02456152  -2.64848127  -3.04301258  -3.40158713  -3.49361131  -3.38959222  -3.68673009  -3.69456322  -3.43264935  -3.02136645  -2.45411373  -1.88214291  -1.34837033  -0.90580249  -0.53295646  -0.27411749  -0.11083197  -0.03440062  -0.00017191   0.00758645   0.01033723   0.00884172   0.00828707   0.00724428   0.00631134   0.00598501   0.00487290   0.00501606   0.00382509   0.00424200   0.00306009   0.00360342   0.00250207   0.00306359   0.00209592   0.00259979   0.00180056   0.00219800   0.00158479   0.00184951   0.00142476   0.00154874   0.00130226   0.00129182   0.00120355   0.00107560   0.00111856   0.00089712 
 -0.00000004  -0.70936037  -1.16938891  -1.82575435  -2.30929318  -2.83484389  -3.20856806  -3.55171950  -3.68673009  -3.63180547  -3.83876977  -3.72814990  -3.31742726  -2.74964683  -2.10083672  -1.51603565  -0.99939725  -0.59171261  -0.29410298  -0.12257324  -0.03312719  -0.00131500   0.01066077   0.01065628   0.01088042   0.00899973   0.00838329   0.00727585   0.00649596   0.00598819   0.00511180   0.00499933   0.00408655   0.00421538   0.00332181   0.00357680   0.00274859   0.00304531   0.00231701   0.00259605   0.00199013   0.00221266   0.00174014   0.00188421   0.00154587   0.00160310   0.00139124   0.00136380   0.00126409   0.00116192   0.00115542 
 -0.00000001  -0.42592464  -1.04936551  -1.48754582  -2.03161785  -2.48198227  -2.96847323  -3.35124038  -3.69456322  -3.83876977  -3.75536942  -3.79253281  -3.48278334  -2.90088517  -2.24407147  -1.60361213  -1.06019948  -0.61362454  -0.30784546  -0.12111833  -0.03468165   0.00267473   0.01071356   0.01354847   0.01124287   0.01087830   0.00896470   0.00842434   0.00723925   0.00662312   0.00595368   0.00528556   0.00496674   0.00427945   0.00418804   0.00351513   0.00355894   0.00292981   0.00304066   0.00247822   0.00260714   0.00212697   0.00224062   0.00185101   0.00192872   0.00163132   0.00166263   0.00145343   0.00143579   0.00130631   0.00124312 
 -0.00000003  -0.47013534  -0.78331257  -1.26354344  -1.66834215  -2.15520678  -2.59436308  -3.05987192  -3.43264935  -3.72814990  -3.79253281  -3.57569884  -3.38406600  -2.88973368  -2.23679091  -1.60988873  -1.04827888  -0.60820741  -0.29505589  -0.11775393  -0.02769239   0.00331773   0.01467382   0.01373657   0.01387988   0.01116777   0.01075627   0.00885039   0.00842233   0.00715986   0.00669862   0.00589602   0.00540272   0.00492538   0.00441440   0.00416169   0.00365199   0.00354783   0.00305825   0.00304525   0.00259199   0.00262742   0.00222285   0.00227584   0.00192807   0.00197735   0.00169035   0.00172243   0.00149640   0.00150402   0.00133598 
 -0.00000001  -0.25900430  -0.66593290  -0.96666204  -1.37238157  -1.75197732  -2.19790361  -2.61070486  -3.02136645  -3.31742726  -3.48278334  -3.38406600  -2.99337031  -2.62965142  -2.08331982  -1.49232818  -0.97508726  -0.55269671  -0.26878661  -0.09894415  -0.02265446   0.00964239   0.01519195   0.01724829   0.01400508   0.01362586   0.01093662   0.01059728   0.00869333   0.00838182   0.00705469   0.00672845   0.00582521   0.00547113   0.00488004   0.00450055   0.00413726   0.00374227   0.00354178   0.00314403   0.00305575   0.00266820   0.00265273   0.00228702   0.00231397   0.00197962   0.00202603   0.00173002   0.00177911   0.00152585   0.00156599 
 -0.00000002  -0.28010359  -0.45894158  -0.76509984  -1.03745169  -1.38875036  -1.73137980  -2.11530831  -2.45411373  -2.74964683  -2.90088517  -2.88973368  -2.62965142  -2.14120103  -1.74807834  -1.27879990  -0.82324017  -0.46687204  -0.21603553  -0.07812213  -0.00910715   0.01233487   0.02012106   0.01746357   0.01719584   0.01366099   0.01327500   0.01066020   0.01041398   0.00851253   0.00830707   0.00693543   0.00671857   0.00574799   0.00549803   0.00483367   0.00454597   0.00411500   0.00379444   0.00353916   0.00319561   0.00306941   0.00271496   0.00267979   0.00232693   0.00235173   0.00201220   0.00207180   0.00175585   0.00183029   0.00154616 
 -0.00000000  -0.13492986  -0.37208005  -0.54182083  -0.78921830  -1.02655956  -1.31811711  -1.59600774  -1.88214291  -2.10083672  -2.24407147  -2.23679091  -2.08331982  -1.74807834  -1.27894319  -0.96213810  -0.63052193  -0.34449757  -0.15694333  -0.04530386   0.00115527   0.02065631   0.02114931   0.02159858   0.01724599   0.01664467   0.01321455   0.01290999   0.01036679   0.01020981   0.00832041   0.00820251   0.00680993   0.00667477   0.00566862   0.00549010   0.00478784   0.00455785   0.00409453   0.00381584   0.00353833   0.00322017   0.00308389   0.00273901   0.00270601   0.00234867   0.00238658   0.00203108   0.00211253   0.00177215   0.00187438 
 -0.00000001  -0.15462432  -0.24181599  -0.41210863  -0.55817564  -0.75501606  -0.94392021  -1.16028613  -1.34837033  -1.51603565  -1.60361213  -1.60988873  -1.49232818  -1.27879990  -0.96213810  -0.58818229  -0.39570626  -0.21891786  -0.08515645  -0.01657770   0.01795730   0.02452261   0.02691628   0.02198561   0.02099487   0.01658995   0.01604475   0.01275833   0.01254074   0.01006938   0.00998772   0.00812525   0.00807262   0.00668324   0.00660258   0.00558961   0.00545352   0.00474313   0.00454264   0.00407508   0.00381291   0.00353769   0.00322387   0.00309715   0.00274601   0.00272929   0.00235721   0.00241666   0.00204043   0.00214670   0.00178223 
 -0.00000000  -0.06338488  -0.19021286  -0.27011007  -0.39480638  -0.50637375  -0.64711844  -0.77376461  -0.90580249  -0.99939725  -1.06019948  -1.04827888  -0.97508726  -0.82324017  -0.63052193  -0.39570626  -0.14886602  -0.08095944  -0.02340744   0.01777350   0.02897578   0.03376391   0.02839816   0.02680293   0.02116221   0.02009976   0.01590216   0.01545860   0.01231108   0.01216891   0.00977597   0.00975080   0.00793236   0.00792186   0.00655836   0.00650726   0.00551212   0.00539395   0.00469936   0.00450612   0.00405560   0.00379126   0.00353567   0.00321193   0.00310748   0.00274064   0.00274798   0.00235657   0.00244059   0.00204354   0.00217340 
 -0.00000001  -0.07253850  -0.10191205  -0.17838282  -0.23431803  -0.31562802  -0.38533595  -0.46848659  -0.53295646  -0.59171261  -0.61362454  -0.60820741  -0.55269671  -0.46687204  -0.34449757  -0.21891786  -0.08095944   0.05851495   0.04648035   0.04294062   0.04564484   0.03803563   0.03507468   0.02761168   0.02556763   0.02015117   0.01922019   0.01524165   0.01489059   0.01188007   0.01179591   0.00949151   0.00950233   0.00774482   0.00775457   0.00643680   0.00639375   0.00543641   0.00531657   0.00465593   0.00445339   0.00403492   0.00375574   0.00353088   0.00318879   0.00311346   0.00272675   0.00276090   0.00234996   0.00245752   0.00204290 
  0.00000000  -0.01550712  -0.06586094  -0.08641361  -0.12924006  -0.15964635  -0.20366641  -0.23635713  -0.27411749  -0.29410298  -0.30784546  -0.29505589  -0.26878661  -0.21603553  -0.15694333  -0.08515645  -0.02340744   0.04648035   0.12460943   0.08032959   0.05653770   0.04871912   0.03746357   0.03344527   0.02615045   0.02427807   0.01918300   0.01838656   0.01461694   0.01434000   0.01146913   0.01142343   0.00921870   0.00924555   0.00756415   0.00757488   0.00631899   0.00626659   0.00536212   0.00522600   0.00461193   0.00438896   0.00401189   0.00371049   0.00352211   0.00315808   0.00311405   0.00270743   0.00276724   0.00233981   0.00246699 
 -0.00000000  -0.02190292  -0.02064562  -0.04246252  -0.05110938  -0.07137826  -0.08287376  -0.10169142  -0.11083197  -0.12257324  -0.12111833  -0.11775393  -0.09894415  -0.07812213  -0.04530386  -0.01657770   0.01777350   0.04294062   0.08032959   0.13249238   0.08225936   0.05545135   0.04634651   0.03530562   0.03154693   0.02472410   0.02306910   0.01828064   0.01759672   0.01402984   0.01380635   0.01107996   0.01105340   0.00895867   0.00898372   0.00739071   0.00738670   0.00620468   0.00612993   0.00528854   0.00512636   0.00456640   0.00431666   0.00398549   0.00365897   0.00350844   0.00312277   0.00310853   0.00268506   0.00276659   0.00232794 
  0.00000000   0.00203469  -0.01083833  -0.00978122  -0.01818513  -0.01947053  -0.02711440  -0.02846664  -0.03440062  -0.03312719  -0.03468165  -0.02769239  -0.02265446  -0.00910715   0.00115527   0.01795730   0.02897578   0.04564484   0.05653770   0.08225936   0.12460057   0.07715077   0.05186098   0.04339950   0.03314548   0.02977185   0.02340886   0.02194287   0.01744321   0.01684703   0.01348012   0.01328965   0.01071275   0.01068785   0.00871140   0.00871990   0.00722415   0.00719359   0.00609318   0.00598744   0.00521478   0.00502117   0.00451841   0.00423972   0.00395485   0.00360396   0.00348921   0.00308513   0.00309652   0.00266139   0.00275891 
 -0.00000000  -0.00301994   0.00118095  -0.00182680   0.00012314  -0.00224667  -0.00049671  -0.00255102  -0.00017191  -0.00131500   0.00267473   0.00331773   0.00964239   0.01233487   0.02065631   0.02452261   0.03376391   0.03803563   0.04871912   0.05545135   0.07715077   0.11470057   0.07150539   0.04830448   0.04065714   0.03117071   0.02814064   0.02220189   0.02089113   0.01666714   0.01613467   0.01296628   0.01279029   0.01036666   0.01032882   0.00847615   0.00845698   0.00706363   0.00699875   0.00598358   0.00584233   0.00513995   0.00491343   0.00446717   0.00416077   0.00391940   0.00354765   0.00346409   0.00304689   0.00307798   0.00263766 
  0.00000000   0.00125607   0.00164408   0.00326013   0.00344320   0.00539401   0.00532380   0.00773889   0.00758645   0.01066077   0.01071356   0.01467382   0.01519195   0.02012106   0.02114931   0.02691628   0.02839816   0.03507468   0.03746357   0.04634651   0.05186098   0.07150539   0.10560071   0.06636868   0.04508956   0.03816846   0.02937728   0.02663813   0.02109404   0.01990663   0.01594807   0.01545758   0.01248601   0.01230886   0.01004019   0.00997827   0.00825172   0.00819753   0.00690809   0.00680494   0.00587493   0.00569727   0.00506325   0.00480554   0.00441209   0.00408185   0.00387879   0.00349166   0.00343303   0.00300920   0.00305315 
  0.00000000   0.00301170   0.00155697   0.00385095   0.00461020   0.00580397   0.00742365   0.00806137   0.01033723   0.01065628   0.01354847   0.01373657   0.01724829   0.01746357   0.02159858   0.02198561   0.02680293   0.02761168   0.03344527   0.03530562   0.04339950   0.04830448   0.06636868   0.09753820   0.06177547   0.04220052   0.03590506   0.02774622   0.02524974   0.02007605   0.01898356   0.01528121   0.01481426   0.01203652   0.01184608   0.00973146   0.00963800   0.00803668   0.00794382   0.00675640   0.00661450   0.00576638   0.00555443   0.00498407   0.00469938   0.00435285   0.00400446   0.00383299   0.00343708   0.00339627   0.00297278 
 -0.00000000  -0.00251390   0.00383392   0.00236484   0.00492846   0.00531310   0.00673216   0.00806909   0.00884172   0.01088042   0.01124287   0.01387988   0.01400508   0.01719584   0.01724599   0.02099487   0.02116221   0.02556763   0.02615045   0.03154693   0.03314548   0.04065714   0.04508956   0.06177547   0.09039078   0.05765491   0.03959754   0.03383861   0.02625958   0.02396344   0.01913901   0.01811722   0.01466164   0.01420363   0.01161478   0.01140265   0.00943844   0.00930957   0.00782959   0.00769770   0.00660751   0.00642927   0.00565720   0.00541547   0.00490203   0.00459632   0.00428935   0.00392962   0.00378220   0.00338459   0.00335429 
  0.00000000   0.00599016  -0.00039375   0.00434104   0.00307552   0.00547697   0.00574430   0.00710002   0.00828707   0.00899973   0.01087830   0.01116777   0.01362586   0.01366099   0.01664467   0.01658995   0.02009976   0.02015117   0.02427807   0.02472410   0.02977185   0.03117071   0.03816846   0.04220052   0.05765491   0.08402726   0.05394160   0.03724483   0.03194554   0.02490119   0.02276930   0.01827449   0.01730377   0.01408452   0.01362483   0.01121777   0.01097917   0.00915911   0.00899423   0.00762908   0.00746064   0.00646055   0.00625066   0.00554691   0.00528158   0.00481698   0.00449724   0.00422177   0.00385792   0.00372686   0.00333447 
 -0.00000000  -0.00523664   0.00464168   0.00085788   0.00465725   0.00367059   0.00577129   0.00606381   0.00724428   0.00838329   0.00896470   0.01075627   0.01093662   0.01327500   0.01321455   0.01604475   0.01590216   0.01922019   0.01918300   0.02306910   0.02340886   0.02814064   0.02937728   0.03590506   0.03959754   0.05394160   0.07833724   0.05058143   0.03511145   0.03020633   0.02365653   0.02165906   0.01747466   0.01654000   0.01354521   0.01307709   0.01084258   0.01057607   0.00889160   0.00869290   0.00743397   0.00723367   0.00631485   0.00607962   0.00543526   0.00515350   0.00472903   0.00440264   0.00415050   0.00378957   0.00366759 
  0.00000000   0.00769029  -0.00175103   0.00437977   0.00177382   0.00484992   0.00416206   0.00592313   0.00631134   0.00727585   0.00842434   0.00885039   0.01059728   0.01066020   0.01290999   0.01275833   0.01545860   0.01524165   0.01838656   0.01828064   0.02194287   0.02220189   0.02663813   0.02774622   0.03383861   0.03724483   0.05058143   0.07322863   0.04752968   0.03317061   0.02860465   0.02251260   0.02062573   0.01673231   0.01582313   0.01303943   0.01255967   0.01048656   0.01019356   0.00863429   0.00840619   0.00724332   0.00701745   0.00616999   0.00591667   0.00532225   0.00503157   0.00463848   0.00431263   0.00407612   0.00372450 
 -0.00000000  -0.00676767   0.00498257  -0.00013529   0.00431714   0.00248342   0.00495777   0.00455958   0.00598501   0.00649596   0.00723925   0.00842233   0.00869333   0.01041398   0.01036679   0.01254074   0.01231108   0.01489059   0.01461694   0.01759672   0.01744321   0.02089113   0.02109404   0.02524974   0.02625958   0.03194554   0.03511145   0.04752968   0.06862410   0.04474911   0.03139901   0.02712675   0.02145782   0.01966333   0.01604095   0.01515068   0.01256331   0.01207175   0.01014737   0.00983159   0.00838579   0.00813430   0.00705646   0.00681223   0.00602580   0.00576199   0.00520809   0.00491580   0.00454586   0.00422708   0.00399934 
  0.00000000   0.00841137  -0.00249989   0.00423988   0.00091728   0.00429835   0.00304229   0.00500685   0.00487290   0.00598819   0.00662312   0.00715986   0.00838182   0.00851253   0.01020981   0.01006938   0.01216891   0.01188007   0.01434000   0.01402984   0.01684703   0.01666714   0.01990663   0.02007605   0.02396344   0.02490119   0.03020633   0.03317061   0.04474911   0.06445838   0.04220843   0.02977641   0.02576089   0.02048198   0.01876661   0.01539479   0.01452030   0.01211344   0.01161237   0.00982303   0.00948981   0.00814508   0.00787716   0.00687299   0.00661795   0.00588234   0.00561542   0.00509318   0.00480594   0.00445180   0.00414560 
 -0.00000000  -0.00733542   0.00495584  -0.00070185   0.00393753   0.00168371   0.00428429   0.00348234   0.00501606   0.00511180   0.00595368   0.00669862   0.00705469   0.00830707   0.00832041   0.00998772   0.00977597   0.01179591   0.01146913   0.01380635   0.01348012   0.01613467   0.01594807   0.01898356   0.01913901   0.02276930   0.02365653   0.02860465   0.03139901   0.04220843   0.06067606   0.03988117   0.02828524   0.02449692   0.01957606   0.01793086   0.01478877   0.01392972   0.01168691   0.01118043   0.00951193   0.00916765   0.00791140   0.00763436   0.00669275   0.00643423   0.00573989   0.00547656   0.00497808   0.00470151   0.00435704 
  0.00000000   0.00835286  -0.00277330   0.00394685   0.00039956   0.00378620   0.00226614   0.00426565   0.00382509   0.00499933   0.00528556   0.00589602   0.00672845   0.00693543   0.00820251   0.00812525   0.00975080   0.00949151   0.01142343   0.01107996   0.01328965   0.01296628   0.01545758   0.01528121   0.01811722   0.01827449   0.02165906   0.02251260   0.02712675   0.02977641   0.03988117   0.05722996   0.03774469   0.02691026   0.02332594   0.01873226   0.01715175   0.01421851   0.01337669   0.01128128   0.01077464   0.00921282   0.00886427   0.00768428   0.00740525   0.00651580   0.00626050   0.00559884   0.00534482   0.00486342   0.00460192 
 -0.00000000  -0.00715697   0.00463687  -0.00094490   0.00351384   0.00117081   0.00369844   0.00271496   0.00424200   0.00408655   0.00496674   0.00540272   0.00582521   0.00671857   0.00680993   0.00807262   0.00793236   0.00950233   0.00921870   0.01105340   0.01071275   0.01279029   0.01248601   0.01481426   0.01466164   0.01730377   0.01747466   0.02062573   0.02145782   0.02576089   0.02828524   0.03774469   0.05407975   0.03577949   0.02563829   0.02224001   0.01794380   0.01642524   0.01368032   0.01285892   0.01089456   0.01039356   0.00892480   0.00857865   0.00746349   0.00718900   0.00634238   0.00609597   0.00545974   0.00521948   0.00474992 
  0.00000000   0.00770072  -0.00268833   0.00353171   0.00013364   0.00329372   0.00174189   0.00364196   0.00306009   0.00421538   0.00427945   0.00492538   0.00547113   0.00574799   0.00667477   0.00668324   0.00792186   0.00774482   0.00924555   0.00895867   0.01068785   0.01036666   0.01230886   0.01203652   0.01420363   0.01408452   0.01654000   0.01673231   0.01966333   0.02048198   0.02449692   0.02691026   0.03577949   0.05119089   0.03396855   0.02445796   0.02123199   0.01720492   0.01574750   0.01317110   0.01237409   0.01052520   0.01003562   0.00864723   0.00830958   0.00724903   0.00698461   0.00617283   0.00593979   0.00532315   0.00509976 
 -0.00000000  -0.00642891   0.00410101  -0.00094983   0.00305431   0.00086851   0.00317171   0.00217404   0.00360342   0.00332181   0.00418804   0.00441440   0.00488004   0.00549803   0.00566862   0.00660258   0.00655836   0.00775457   0.00756415   0.00898372   0.00871140   0.01032882   0.01004019   0.01184608   0.01161478   0.01362483   0.01354521   0.01582313   0.01604095   0.01876661   0.01957606   0.02332594   0.02563829   0.03396855   0.04853376   0.03229692   0.02335952   0.02029534   0.01651069   0.01511484   0.01268830   0.01191984   0.01017200   0.00969915   0.00837974   0.00805578   0.00704101   0.00679100   0.00600759   0.00579103   0.00518967 
  0.00000000   0.00662783  -0.00234732   0.00303035   0.00005007   0.00281570   0.00140160   0.00310205   0.00250207   0.00357680   0.00351513   0.00416169   0.00450055   0.00483367   0.00549010   0.00558961   0.00650726   0.00643680   0.00757488   0.00739071   0.00871990   0.00847615   0.00997827   0.00973146   0.01140265   0.01121777   0.01307709   0.01303943   0.01515068   0.01539479   0.01793086   0.01873226   0.02224001   0.02445796   0.03229692   0.04608286   0.03075132   0.02233461   0.01942403   0.01585699   0.01452373   0.01222986   0.01149382   0.00983405   0.00938242   0.00812213   0.00781587   0.00683966   0.00660706   0.00584711   0.00564877 
 -0.00000000  -0.00532837   0.00342074  -0.00078859   0.00257429   0.00071748   0.00269037   0.00179856   0.00306359   0.00274859   0.00355894   0.00365199   0.00413726   0.00454597   0.00478784   0.00545352   0.00551212   0.00639375   0.00631899   0.00738670   0.00722415   0.00845698   0.00825172   0.00963800   0.00943844   0.01097917   0.01084258   0.01255967   0.01256331   0.01452030   0.01478877   0.01715175   0.01794380   0.02123199   0.02335952   0.03075132   0.04381629   0.02931989   0.02137611   0.01861247   0.01524037   0.01397075   0.01179412   0.01109370   0.00951071   0.00908370   0.00787433   0.00758852   0.00664522   0.00643171   0.00569182 
  0.00000000   0.00529179  -0.00183972   0.00247963   0.00009214   0.00235505   0.00119339   0.00262670   0.00209592   0.00304531   0.00292981   0.00354783   0.00374227   0.00411500   0.00455785   0.00474313   0.00539395   0.00543641   0.00626659   0.00620468   0.00719359   0.00706363   0.00819753   0.00803668   0.00930957   0.00915911   0.01057607   0.01048656   0.01207175   0.01211344   0.01392972   0.01421851   0.01642524   0.01720492   0.02029534   0.02233461   0.02931989   0.04171512   0.02799197   0.02047792   0.01785545   0.01465794   0.01345265   0.01137973   0.01071719   0.00920149   0.00880129   0.00763635   0.00737240   0.00645798   0.00626392 
 -0.00000000  -0.00401254   0.00266306  -0.00052205   0.00209207   0.00067053   0.00224933   0.00154250   0.00259979   0.00231701   0.00304066   0.00305825   0.00354178   0.00379444   0.00409453   0.00454264   0.00469936   0.00531657   0.00536212   0.00612993   0.00609318   0.00699875   0.00690809   0.00794382   0.00782959   0.00899423   0.00889160   0.01019356   0.01014737   0.01161237   0.01168691   0.01337669   0.01368032   0.01574750   0.01651069   0.01942403   0.02137611   0.02799197   0.03976305   0.02675792   0.01963488   0.01714813   0.01410727   0.01296632   0.01098561   0.01036211   0.00890602   0.00853357   0.00740819   0.00716629   0.00627813 
  0.00000000   0.00383251  -0.00124280   0.00191467   0.00021326   0.00191881   0.00107679   0.00220547   0.00180056   0.00259605   0.00247822   0.00304525   0.00314403   0.00353916   0.00381584   0.00407508   0.00450612   0.00465593   0.00522600   0.00528854   0.00598744   0.00598358   0.00680494   0.00675640   0.00769770   0.00762908   0.00869290   0.00863429   0.00983159   0.00982303   0.01118043   0.01128128   0.01285892   0.01317110   0.01511484   0.01585699   0.01861247   0.02047792   0.02675792   0.03794591   0.02560899   0.01884252   0.01648602   0.01358632   0.01250886   0.01061085   0.01002641   0.00862400   0.00827904   0.00718988   0.00696907 
 -0.00000000  -0.00261739   0.00188751  -0.00020127   0.00162621   0.00068985   0.00184824   0.00137058   0.00219800   0.00199013   0.00260714   0.00259199   0.00305575   0.00319561   0.00353833   0.00381291   0.00405560   0.00445339   0.00461193   0.00512636   0.00521478   0.00584233   0.00587493   0.00661450   0.00660751   0.00746064   0.00743397   0.00840619   0.00838579   0.00948981   0.00951193   0.01077464   0.01089456   0.01237409   0.01268830   0.01452373   0.01524037   0.01785545   0.01963488   0.02560899   0.03625141   0.02453728   0.01809702   0.01586496   0.01309333   0.01207756   0.01025467   0.00970820   0.00835513   0.00803634   0.00698135 
  0.00000000   0.00236990  -0.00062162   0.00136690   0.00037544   0.00151546   0.00102005   0.00183304   0.00158479   0.00221266   0.00212697   0.00262742   0.00266820   0.00306941   0.00322017   0.00353769   0.00379126   0.00403492   0.00438896   0.00456640   0.00502117   0.00513995   0.00569727   0.00576638   0.00642927   0.00646055   0.00723367   0.00724332   0.00813430   0.00814508   0.00916765   0.00921282   0.01039356   0.01052520   0.01191984   0.01222986   0.01397075   0.01465794   0.01714813   0.01884252   0.02453728   0.03466880   0.02353563   0.01739505   0.01528117   0.01262676   0.01166995   0.00991634   0.00940577   0.00809910   0.00780427 
 -0.00000000  -0.00125639   0.00114456   0.00013192   0.00119363   0.00074529   0.00148900   0.00125550   0.00184951   0.00174014   0.00224062   0.00222285   0.00265273   0.00271496   0.00308389   0.00322387   0.00353567   0.00375574   0.00401189   0.00431666   0.00451841   0.00491343   0.00506325   0.00555443   0.00565720   0.00625066   0.00631485   0.00701745   0.00705646   0.00787716   0.00791140   0.00886427   0.00892480   0.01003562   0.01017200   0.01149382   0.01179412   0.01345265   0.01410727   0.01648602   0.01809702   0.02353563   0.03318865   0.02259756   0.01673364   0.01473119   0.01218520   0.01128379   0.00959515   0.00911760   0.00785553 
  0.00000000   0.00100217  -0.00002902   0.00086272   0.00054832   0.00115316   0.00099832   0.00150684   0.00142476   0.00188421   0.00185101   0.00227584   0.00228702   0.00267979   0.00273901   0.00309715   0.00321193   0.00353088   0.00371049   0.00398549   0.00423972   0.00446717   0.00480554   0.00498407   0.00541547   0.00554691   0.00607962   0.00616999   0.00681223   0.00687299   0.00763436   0.00768428   0.00857865   0.00864723   0.00969915   0.00983405   0.01109370   0.01137973   0.01296632   0.01358632   0.01586496   0.01739505   0.02259756   0.03180261   0.02171725   0.01611016   0.01421191   0.01176735   0.01091712   0.00929039   0.00884241 
 -0.00000000  -0.00001956   0.00047462   0.00044453   0.00080840   0.00081336   0.00117407   0.00117622   0.00154874   0.00154587   0.00192872   0.00192807   0.00231397   0.00232693   0.00270601   0.00274601   0.00310748   0.00318879   0.00352211   0.00365897   0.00395485   0.00416077   0.00441209   0.00469938   0.00490203   0.00528158   0.00543526   0.00591667   0.00602580   0.00661795   0.00669275   0.00740525   0.00746349   0.00830958   0.00837974   0.00938242   0.00951071   0.01071719   0.01098561   0.01250886   0.01309333   0.01528117   0.01673364   0.02171725   0.03050322   0.02088950   0.01552217   0.01372058   0.01137193   0.01056822   0.00900131 
 -0.00000000  -0.00019524   0.00049443   0.00042265   0.00070863   0.00083859   0.00099258   0.00122555   0.00130226   0.00160310   0.00163132   0.00197735   0.00197962   0.00235173   0.00234867   0.00272929   0.00274064   0.00311346   0.00315808   0.00350844   0.00360396   0.00391940   0.00408185   0.00435285   0.00459632   0.00481698   0.00515350   0.00532225   0.00576199   0.00588234   0.00643423   0.00651580   0.00718900   0.00724903   0.00805578   0.00812213   0.00908370   0.00920149   0.01036211   0.01061085   0.01207756   0.01262676   0.01473119   0.01611016   0.02088950   0.02928378   0.02010967   0.01496743   0.01325478   0.01099773   0.01023559 
  0.00000000   0.00102674  -0.00009252   0.00071206   0.00048097   0.00087641   0.00090542   0.00111681   0.00129182   0.00139124   0.00166263   0.00169035   0.00202603   0.00201220   0.00238658   0.00235721   0.00274798   0.00272675   0.00311405   0.00312277   0.00348921   0.00354765   0.00387879   0.00400446   0.00428935   0.00449724   0.00472903   0.00503157   0.00520809   0.00561542   0.00573989   0.00626050   0.00634238   0.00698461   0.00704101   0.00781587   0.00787433   0.00880129   0.00890602   0.01002641   0.01025467   0.01166995   0.01218520   0.01421191   0.01552217   0.02010967   0.02813823   0.01937364   0.01444380   0.01281240   0.01064349 
 -0.00000000  -0.00116972   0.00092021   0.00006092   0.00083958   0.00057632   0.00098876   0.00098802   0.00120355   0.00136380   0.00145343   0.00172243   0.00173002   0.00207180   0.00203108   0.00241666   0.00235657   0.00276090   0.00270743   0.00310853   0.00308513   0.00346409   0.00349166   0.00383299   0.00392962   0.00422177   0.00440264   0.00463848   0.00491580   0.00509318   0.00547656   0.00559884   0.00609597   0.00617283   0.00679100   0.00683966   0.00758852   0.00763635   0.00853357   0.00862400   0.00970820   0.00991634   0.01128379   0.01176735   0.01372058   0.01496743   0.01937364   0.02706102   0.01867780   0.01394923   0.01239163 
 -0.00000000   0.00183936  -0.00053769   0.00091805   0.00021785   0.00092202   0.00068391   0.00106558   0.00107560   0.00126409   0.00143579   0.00149640   0.00177911   0.00175585   0.00211253   0.00204043   0.00244059   0.00234996   0.00276724   0.00268506   0.00309652   0.00304689   0.00343303   0.00343708   0.00378220   0.00385792   0.00415050   0.00431263   0.00454586   0.00480594   0.00497808   0.00534482   0.00545974   0.00593979   0.00600759   0.00660706   0.00664522   0.00737240   0.00740819   0.00827904   0.00835513   0.00940577   0.00959515   0.01091712   0.01137193   0.01325478   0.01444380   0.01867780   0.02604705   0.01801898   0.01348179 
  0.00000000  -0.00189081   0.00123116  -0.00021451   0.00093036   0.00036841   0.00097712   0.00079276   0.00111856   0.00116192   0.00130631   0.00150402   0.00152585   0.00183029   0.00177215   0.00214670   0.00204354   0.00245752   0.00233981   0.00276659   0.00266139   0.00307798   0.00300920   0.00339627   0.00338459   0.00372686   0.00378957   0.00407612   0.00422708   0.00445180   0.00470151   0.00486342   0.00521948   0.00532315   0.00579103   0.00584711   0.00643171   0.00645798   0.00716629   0.00718988   0.00803634   0.00809910   0.00911760   0.00929039   0.01056822   0.01099773   0.01281240   0.01394923   0.01801898   0.02509162   0.01739440 
 -0.00000000   0.00239699  -0.00085191   0.00105346   0.00002154   0.00094242   0.00050893   0.00101445   0.00089712   0.00115542   0.00124312   0.00133598   0.00156599   0.00154616   0.00187438   0.00178223   0.00217340   0.00204290   0.00246699   0.00232794   0.00275891   0.00263766   0.00305315   0.00297278   0.00335429   0.00333447   0.00366759   0.00372450   0.00399934   0.00414560   0.00435704   0.00460192   0.00474992   0.00509976   0.00518967   0.00564877   0.00569182   0.00626392   0.00627813   0.00696907   0.00698135   0.00780427   0.00785553   0.00884241   0.00900131   0.01023559   0.01064349   0.01239163   0.01348179   0.01739440   0.02419033 
#
