# coconut-me2b/v0.99.21 
# 
# momentum space matrix elements 
# partial wave J=0, L=1/1, S=1, T=1, MT=1 
# 
# momentum grid [fm^-1]
0.000000 0.200000 0.400000 0.600000 0.800000 1.000000 1.200000 1.400000 1.600000 1.800000 2.000000 2.200000 2.400000 2.600000 2.800000 3.000000 3.200000 3.400000 3.600000 3.800000 4.000000 4.200000 4.400000 4.600000 4.800000 5.000000 5.200000 5.400000 5.600000 5.800000 6.000000 6.200000 6.400000 6.600000 6.800000 7.000000 7.200000 7.400000 7.600000 7.800000 8.000000 8.200000 8.400000 8.600000 8.800000 9.000000 9.200000 9.400000 9.600000 9.800000 10.000000 
#
# matrix elements [MeV fm^3] 
  0.00000000   0.00000123  -0.00000010  -0.00000017  -0.00000010  -0.00000012  -0.00000004  -0.00000004   0.00000001   0.00000001   0.00000004   0.00000003   0.00000004   0.00000001  -0.00000001  -0.00000004  -0.00000004  -0.00000003  -0.00000002  -0.00000001  -0.00000000  -0.00000000  -0.00000000   0.00000000  -0.00000000   0.00000000  -0.00000000   0.00000000  -0.00000000   0.00000000  -0.00000000   0.00000000  -0.00000000   0.00000000  -0.00000000   0.00000000  -0.00000000   0.00000000  -0.00000000   0.00000000  -0.00000000   0.00000000  -0.00000000   0.00000000  -0.00000000  -0.00000000   0.00000000  -0.00000000  -0.00000000   0.00000000  -0.00000000 
  0.00000123  13.10472823  -0.24975782  -3.21930959  -2.18874405  -2.05386523  -0.96018534  -0.65472719   0.10312496   0.27251349   0.69444771   0.63934051   0.64251137   0.18824744  -0.23842514  -0.72470427  -0.76896594  -0.62200499  -0.33220113  -0.16768948  -0.05305114  -0.02003531  -0.00297446   0.00218044  -0.00264047   0.00597553  -0.00523789   0.00769021  -0.00676767   0.00841137  -0.00733542   0.00835286  -0.00715697   0.00770072  -0.00642891   0.00662783  -0.00532837   0.00529179  -0.00401254   0.00383251  -0.00261739   0.00236990  -0.00125639   0.00100217  -0.00001956  -0.00019524   0.00102674  -0.00116972   0.00183936  -0.00189081   0.00239699 
 -0.00000010  -0.24975782   0.35094498  -4.03672534  -4.57343150  -3.25165151  -2.20463385  -0.88998087  -0.05725682   0.77891351   1.17239996   1.41361048   1.10913507   0.44215917  -0.61891062  -1.41830935  -1.62763664  -1.21589111  -0.70621172  -0.31488303  -0.12185969  -0.03307333  -0.00686462  -0.00011363   0.00357972  -0.00042311   0.00463916  -0.00175119   0.00498256  -0.00249989   0.00495584  -0.00277330   0.00463687  -0.00268833   0.00410101  -0.00234732   0.00342074  -0.00183972   0.00266306  -0.00124280   0.00188751  -0.00062162   0.00114456  -0.00002902   0.00047462   0.00049443  -0.00009252   0.00092021  -0.00053769   0.00123116  -0.00085191 
 -0.00000017  -3.21930959  -4.03672534  -3.60804094  -5.02411277  -4.38762150  -2.73566897  -1.31308402   0.09565323   1.05838385   1.79982442   1.98120145   1.63241953   0.50507142  -1.00410770  -2.26114840  -2.48706445  -1.88392362  -1.06272598  -0.48975294  -0.17816638  -0.05368412  -0.00960159   0.00132890   0.00198149   0.00429681   0.00085409   0.00437953  -0.00013530   0.00423988  -0.00070185   0.00394685  -0.00094490   0.00353171  -0.00094983   0.00303035  -0.00078859   0.00247963  -0.00052205   0.00191467  -0.00020127   0.00136690   0.00013192   0.00086272   0.00044453   0.00042265   0.00071206   0.00006092   0.00091805  -0.00021451   0.00105346 
 -0.00000010  -2.18874405  -4.57343150  -5.02411277  -4.19909342  -4.24330036  -3.06030008  -1.32180746   0.15918943   1.46968522   2.27591485   2.57745702   1.99310520   0.52546551  -1.55578612  -3.16200603  -3.45014088  -2.56399293  -1.45572782  -0.65646700  -0.24537598  -0.06967004  -0.01383135   0.00122868   0.00441522   0.00301637   0.00465219   0.00177350   0.00431713   0.00091728   0.00393753   0.00039956   0.00351384   0.00013364   0.00305431   0.00005007   0.00257429   0.00009214   0.00209207   0.00021326   0.00162621   0.00037544   0.00119363   0.00054832   0.00080840   0.00070863   0.00048097   0.00083958   0.00021785   0.00093036   0.00002154 
 -0.00000012  -2.05386523  -3.25165151  -4.38762150  -4.24330036  -3.11233845  -2.52421882  -1.17774255   0.45883634   1.80306959   2.80626209   3.05524413   2.33433395   0.40041810  -2.17960827  -4.19065637  -4.45364097  -3.29705239  -1.84691426  -0.83780581  -0.30603580  -0.09001036  -0.01627324   0.00157162   0.00467190   0.00540320   0.00366428   0.00484953   0.00248340   0.00429835   0.00168371   0.00378620   0.00117081   0.00329372   0.00086851   0.00281570   0.00071748   0.00235505   0.00067053   0.00191881   0.00068985   0.00151546   0.00074529   0.00115316   0.00081336   0.00083859   0.00087641   0.00057632   0.00092202   0.00036841   0.00094242 
 -0.00000004  -0.96018534  -2.20463385  -2.73566897  -3.06030008  -2.52421882  -1.28581544  -0.46102634   0.85448841   2.28686281   3.29035174   3.57496777   2.59634826   0.25133856  -2.90562604  -5.25541167  -5.51190928  -4.02644965  -2.25099557  -1.00802163  -0.37154525  -0.10560955  -0.02055001   0.00238224   0.00597002   0.00565677   0.00576382   0.00416160   0.00495775   0.00304229   0.00428429   0.00226614   0.00369844   0.00174189   0.00317171   0.00140160   0.00269037   0.00119339   0.00224933   0.00107679   0.00184824   0.00102005   0.00148900   0.00099832   0.00117407   0.00099258   0.00090542   0.00098876   0.00068391   0.00097712   0.00050893 
 -0.00000004  -0.65472719  -0.88998087  -1.31308402  -1.32180746  -1.17774255  -0.46102634   0.76432086   1.66545043   2.86683489   3.91496640   4.09957024   2.91517253   0.07265044  -3.60996218  -6.32977300  -6.52699746  -4.73947578  -2.62223010  -1.17381968  -0.42574772  -0.12331840  -0.02189050   0.00230437   0.00720086   0.00700052   0.00605534   0.00592260   0.00455956   0.00500684   0.00348234   0.00426565   0.00271496   0.00364196   0.00217404   0.00310205   0.00179856   0.00262670   0.00154250   0.00220547   0.00137058   0.00183304   0.00125550   0.00150684   0.00117622   0.00122555   0.00111681   0.00098802   0.00106558   0.00079276   0.00101445 
  0.00000001   0.10312496  -0.05725682   0.09565323   0.15918943   0.45883634   0.85448841   1.66545043   2.87993243   3.78134314   4.63954196   4.74333394   3.25150887  -0.03400940  -4.26124590  -7.27711949  -7.43877306  -5.34774956  -2.94643990  -1.30472958  -0.47460487  -0.13342636  -0.02499036   0.00402680   0.00789253   0.00817854   0.00723505   0.00631077   0.00598498   0.00487290   0.00501606   0.00382509   0.00424200   0.00306009   0.00360342   0.00250207   0.00306359   0.00209592   0.00259979   0.00180056   0.00219800   0.00158479   0.00184951   0.00142476   0.00154874   0.00130226   0.00129182   0.00120355   0.00107560   0.00111856   0.00089712 
  0.00000001   0.27251349   0.77891351   1.05838385   1.46968522   1.80306959   2.28686281   2.86683489   3.78134314   4.94486119   5.52560947   5.35166595   3.57964770  -0.15317769  -4.77951906  -8.03056041  -8.11023133  -5.79460644  -3.16294145  -1.39665839  -0.50047952  -0.14216773  -0.02364469   0.00403243   0.00988688   0.00888640   0.00837368   0.00727526   0.00649593   0.00598819   0.00511180   0.00499933   0.00408655   0.00421538   0.00332181   0.00357680   0.00274859   0.00304531   0.00231701   0.00259605   0.00199013   0.00221266   0.00174014   0.00188421   0.00154587   0.00160310   0.00139124   0.00136380   0.00126409   0.00116192   0.00115542 
  0.00000004   0.69444771   1.17239996   1.79982442   2.27591485   2.80626209   3.29035174   3.91496640   4.63954196   5.52560947   6.23317113   5.69465734   3.56113512  -0.43196831  -5.25140192  -8.49590067  -8.46184840  -5.97844857  -3.24466389  -1.41742368  -0.50769344  -0.13924399  -0.02371792   0.00692260   0.01025194   0.01076556   0.00895516   0.00842375   0.00723922   0.00662312   0.00595368   0.00528556   0.00496674   0.00427945   0.00418804   0.00351513   0.00355894   0.00292981   0.00304066   0.00247822   0.00260714   0.00212697   0.00224062   0.00185101   0.00192872   0.00163132   0.00166263   0.00145343   0.00143579   0.00130631   0.00124312 
  0.00000003   0.63934051   1.41361048   1.98120145   2.57745702   3.05524413   3.57496777   4.09957024   4.74333394   5.35166595   5.69465734   5.16628106   2.77071531  -1.24771096  -5.79355301  -8.69484997  -8.40055884  -5.85627110  -3.14237551  -1.36647152  -0.48093693  -0.13205523  -0.01804059   0.00746274   0.01294443   0.01106163   0.01074731   0.00884984   0.00842230   0.00715985   0.00669862   0.00589602   0.00540272   0.00492538   0.00441440   0.00416169   0.00365199   0.00354783   0.00305825   0.00304525   0.00259199   0.00262742   0.00222285   0.00227584   0.00192807   0.00197735   0.00169035   0.00172243   0.00149640   0.00150402   0.00133598 
  0.00000004   0.64251137   1.10913507   1.63241953   1.99310520   2.33433395   2.59634826   2.91517253   3.25150887   3.57964770   3.56113512   2.77071531   0.72249463  -2.84451112  -6.57211349  -8.62665891  -7.92740791  -5.38995883  -2.86182840  -1.22819649  -0.43037481  -0.11158593  -0.01398897   0.01167150   0.01317612   0.01353206   0.01092872   0.01059680   0.00869331   0.00838182   0.00705469   0.00672845   0.00582521   0.00547113   0.00488004   0.00450055   0.00413726   0.00374227   0.00354178   0.00314403   0.00305575   0.00266820   0.00265273   0.00228702   0.00231397   0.00197962   0.00202603   0.00173002   0.00177911   0.00152585   0.00156599 
  0.00000001   0.18824744   0.44215917   0.50507142   0.52546551   0.40041810   0.25133856   0.07265044  -0.03400940  -0.15317769  -0.43196831  -1.24771096  -2.84451112  -5.10571933  -7.43653182  -8.28115413  -7.04500628  -4.63238842  -2.41309434  -1.02750727  -0.35008506  -0.08860020  -0.00408034   0.01285441   0.01651282   0.01358392   0.01326852   0.01065980   0.01041396   0.00851253   0.00830707   0.00693543   0.00671857   0.00574799   0.00549803   0.00483367   0.00454597   0.00411500   0.00379444   0.00353916   0.00319561   0.00306941   0.00271496   0.00267979   0.00232693   0.00235173   0.00201220   0.00207180   0.00175585   0.00183029   0.00154616 
 -0.00000001  -0.23842514  -0.61891062  -1.00410770  -1.55578612  -2.17960827  -2.90562604  -3.60996218  -4.26124590  -4.77951906  -5.25140192  -5.79355301  -6.57211349  -7.43653182  -7.88298078  -7.47172200  -5.82711316  -3.65775619  -1.86984436  -0.77922267  -0.26106875  -0.05663159   0.00268873   0.01809479   0.01672837   0.01658642   0.01320967   0.01290969   0.01036678   0.01020981   0.00832041   0.00820251   0.00680993   0.00667477   0.00566862   0.00549010   0.00478784   0.00455785   0.00409453   0.00381584   0.00353833   0.00322017   0.00308389   0.00273901   0.00270601   0.00234867   0.00238658   0.00203108   0.00211253   0.00177215   0.00187438 
 -0.00000004  -0.72470427  -1.41830935  -2.26114840  -3.16200603  -4.19065637  -5.25541167  -6.32977300  -7.27711949  -8.03056041  -8.49590067  -8.69484997  -8.62665891  -8.28115413  -7.47172200  -6.05393445  -4.34978876  -2.61612582  -1.29844396  -0.53196605  -0.16526053  -0.02925400   0.01411931   0.01956492   0.02063834   0.01654994   0.01604140   0.01275813   0.01254073   0.01006938   0.00998772   0.00812525   0.00807262   0.00668324   0.00660258   0.00558961   0.00545352   0.00474313   0.00454264   0.00407508   0.00381291   0.00353769   0.00322387   0.00309715   0.00274601   0.00272929   0.00235721   0.00241666   0.00204043   0.00214670   0.00178223 
 -0.00000004  -0.76896594  -1.62763664  -2.48706445  -3.45014088  -4.45364097  -5.51190928  -6.52699746  -7.43877306  -8.11023133  -8.46184840  -8.40055884  -7.92740791  -7.04500628  -5.82711316  -4.34978876  -2.81110022  -1.63020508  -0.79322651  -0.30668232  -0.08581868   0.00020495   0.02044105   0.02530266   0.02094190   0.02007511   0.01590010   0.01545847   0.01231108   0.01216891   0.00977597   0.00975080   0.00793236   0.00792186   0.00655836   0.00650726   0.00551212   0.00539395   0.00469936   0.00450612   0.00405560   0.00379126   0.00353567   0.00321193   0.00310748   0.00274064   0.00274798   0.00235657   0.00244059   0.00204354   0.00217340 
 -0.00000003  -0.62200499  -1.21589111  -1.88392362  -2.56399293  -3.29705239  -4.02644965  -4.73947578  -5.34774956  -5.79460644  -5.97844857  -5.85627110  -5.38995883  -4.63238842  -3.65775619  -2.61612582  -1.63020508  -0.82018406  -0.38458315  -0.13758510  -0.01794687   0.01951596   0.03069871   0.02678923   0.02544720   0.02013772   0.01921907   0.01524158   0.01489059   0.01188007   0.01179591   0.00949151   0.00950233   0.00774482   0.00775457   0.00643680   0.00639375   0.00543641   0.00531657   0.00465593   0.00445339   0.00403492   0.00375574   0.00353088   0.00318879   0.00311346   0.00272675   0.00276090   0.00234996   0.00245752   0.00204290 
 -0.00000002  -0.33220113  -0.70621172  -1.06272598  -1.45572782  -1.84691426  -2.25099557  -2.62223010  -2.94643990  -3.16294145  -3.24466389  -3.14237551  -2.86182840  -2.41309434  -1.86984436  -1.29844396  -0.79322651  -0.38458315  -0.08523279  -0.00711372   0.02585831   0.03981664   0.03536698   0.03305242   0.02609309   0.02427168   0.01918247   0.01838653   0.01461694   0.01434000   0.01146913   0.01142343   0.00921870   0.00924555   0.00756415   0.00757488   0.00631899   0.00626659   0.00536212   0.00522600   0.00461193   0.00438896   0.00401189   0.00371049   0.00352211   0.00315808   0.00311405   0.00270743   0.00276724   0.00233981   0.00246699 
 -0.00000001  -0.16768948  -0.31488303  -0.48975294  -0.65646700  -0.83780581  -1.00802163  -1.17381968  -1.30472958  -1.39665839  -1.41742368  -1.36647152  -1.22819649  -1.02750727  -0.77922267  -0.53196605  -0.30668232  -0.13758510  -0.00711372   0.09620421   0.06957473   0.05178308   0.04548534   0.03514473   0.03152350   0.02472150   0.02306888   0.01828063   0.01759672   0.01402984   0.01380635   0.01107996   0.01105340   0.00895867   0.00898372   0.00739071   0.00738670   0.00620468   0.00612993   0.00528854   0.00512636   0.00456640   0.00431666   0.00398549   0.00365897   0.00350844   0.00312277   0.00310853   0.00268506   0.00276659   0.00232794 
 -0.00000000  -0.05305114  -0.12185969  -0.17816638  -0.24537598  -0.30603580  -0.37154525  -0.42574772  -0.47460487  -0.50047952  -0.50769344  -0.48093693  -0.43037481  -0.35008506  -0.26106875  -0.16526053  -0.08581868  -0.01794687   0.02585831   0.06957473   0.12018188   0.07587703   0.05156285   0.04334396   0.03313741   0.02977096   0.02340879   0.02194287   0.01744321   0.01684703   0.01348012   0.01328965   0.01071275   0.01068785   0.00871140   0.00871990   0.00722415   0.00719359   0.00609318   0.00598744   0.00521478   0.00502117   0.00451841   0.00423972   0.00395485   0.00360396   0.00348921   0.00308513   0.00309652   0.00266139   0.00275891 
 -0.00000000  -0.02003531  -0.03307333  -0.05368412  -0.06967004  -0.09001036  -0.10560955  -0.12331840  -0.13342636  -0.14216773  -0.13924399  -0.13205523  -0.11158593  -0.08860020  -0.05663159  -0.02925400   0.00020495   0.01951596   0.03981664   0.05178308   0.07587703   0.11433451   0.07141996   0.04828861   0.04065484   0.03117045   0.02814062   0.02220189   0.02089113   0.01666714   0.01613467   0.01296628   0.01279029   0.01036666   0.01032882   0.00847615   0.00845698   0.00706363   0.00699875   0.00598358   0.00584233   0.00513995   0.00491343   0.00446717   0.00416077   0.00391940   0.00354765   0.00346409   0.00304689   0.00307798   0.00263766 
 -0.00000000  -0.00297446  -0.00686462  -0.00960159  -0.01383135  -0.01627324  -0.02055001  -0.02189050  -0.02499036  -0.02364469  -0.02371792  -0.01804059  -0.01398897  -0.00408034   0.00268873   0.01411931   0.02044105   0.03069871   0.03536698   0.04548534   0.05156285   0.07141996   0.10558083   0.06636499   0.04508903   0.03816840   0.02937727   0.02663813   0.02109404   0.01990663   0.01594807   0.01545758   0.01248601   0.01230886   0.01004019   0.00997827   0.00825172   0.00819753   0.00690809   0.00680494   0.00587493   0.00569727   0.00506325   0.00480554   0.00441209   0.00408185   0.00387879   0.00349166   0.00343303   0.00300920   0.00305315 
  0.00000000   0.00218044  -0.00011363   0.00132890   0.00122868   0.00157162   0.00238224   0.00230437   0.00402680   0.00403243   0.00692260   0.00746274   0.01167150   0.01285441   0.01809479   0.01956492   0.02530266   0.02678923   0.03305242   0.03514473   0.04334396   0.04828861   0.06636499   0.09753752   0.06177537   0.04220051   0.03590506   0.02774622   0.02524974   0.02007605   0.01898356   0.01528121   0.01481426   0.01203652   0.01184608   0.00973146   0.00963800   0.00803668   0.00794382   0.00675640   0.00661450   0.00576638   0.00555443   0.00498407   0.00469938   0.00435285   0.00400446   0.00383299   0.00343708   0.00339627   0.00297278 
 -0.00000000  -0.00264047   0.00357972   0.00198149   0.00441522   0.00467190   0.00597002   0.00720086   0.00789253   0.00988688   0.01025194   0.01294443   0.01317612   0.01651282   0.01672837   0.02063834   0.02094190   0.02544720   0.02609309   0.03152350   0.03313741   0.04065484   0.04508903   0.06177537   0.09039076   0.05765491   0.03959754   0.03383861   0.02625958   0.02396344   0.01913901   0.01811722   0.01466164   0.01420363   0.01161478   0.01140265   0.00943844   0.00930957   0.00782959   0.00769770   0.00660751   0.00642927   0.00565720   0.00541547   0.00490203   0.00459632   0.00428935   0.00392962   0.00378220   0.00338459   0.00335429 
  0.00000000   0.00597553  -0.00042311   0.00429681   0.00301637   0.00540320   0.00565677   0.00700052   0.00817854   0.00888640   0.01076556   0.01106163   0.01353206   0.01358392   0.01658642   0.01654994   0.02007511   0.02013772   0.02427168   0.02472150   0.02977096   0.03117045   0.03816840   0.04220051   0.05765491   0.08402726   0.05394160   0.03724483   0.03194554   0.02490119   0.02276930   0.01827449   0.01730377   0.01408452   0.01362483   0.01121777   0.01097917   0.00915911   0.00899423   0.00762908   0.00746064   0.00646055   0.00625066   0.00554691   0.00528158   0.00481698   0.00449724   0.00422177   0.00385792   0.00372686   0.00333447 
 -0.00000000  -0.00523789   0.00463916   0.00085409   0.00465219   0.00366428   0.00576382   0.00605534   0.00723505   0.00837368   0.00895516   0.01074731   0.01092872   0.01326852   0.01320967   0.01604140   0.01590010   0.01921907   0.01918247   0.02306888   0.02340879   0.02814062   0.02937727   0.03590506   0.03959754   0.05394160   0.07833724   0.05058143   0.03511145   0.03020633   0.02365653   0.02165906   0.01747466   0.01654000   0.01354521   0.01307709   0.01084258   0.01057607   0.00889160   0.00869290   0.00743397   0.00723367   0.00631485   0.00607962   0.00543526   0.00515350   0.00472903   0.00440264   0.00415050   0.00378957   0.00366759 
  0.00000000   0.00769021  -0.00175119   0.00437953   0.00177350   0.00484953   0.00416160   0.00592260   0.00631077   0.00727526   0.00842375   0.00884984   0.01059680   0.01065980   0.01290969   0.01275813   0.01545847   0.01524158   0.01838653   0.01828063   0.02194287   0.02220189   0.02663813   0.02774622   0.03383861   0.03724483   0.05058143   0.07322863   0.04752968   0.03317061   0.02860465   0.02251260   0.02062573   0.01673231   0.01582313   0.01303943   0.01255967   0.01048656   0.01019356   0.00863429   0.00840619   0.00724332   0.00701745   0.00616999   0.00591667   0.00532225   0.00503157   0.00463848   0.00431263   0.00407612   0.00372450 
 -0.00000000  -0.00676767   0.00498256  -0.00013530   0.00431713   0.00248340   0.00495775   0.00455956   0.00598498   0.00649593   0.00723922   0.00842230   0.00869331   0.01041396   0.01036678   0.01254073   0.01231108   0.01489059   0.01461694   0.01759672   0.01744321   0.02089113   0.02109404   0.02524974   0.02625958   0.03194554   0.03511145   0.04752968   0.06862410   0.04474911   0.03139901   0.02712675   0.02145782   0.01966333   0.01604095   0.01515068   0.01256331   0.01207175   0.01014737   0.00983159   0.00838579   0.00813430   0.00705646   0.00681223   0.00602580   0.00576199   0.00520809   0.00491580   0.00454586   0.00422708   0.00399934 
  0.00000000   0.00841137  -0.00249989   0.00423988   0.00091728   0.00429835   0.00304229   0.00500684   0.00487290   0.00598819   0.00662312   0.00715985   0.00838182   0.00851253   0.01020981   0.01006938   0.01216891   0.01188007   0.01434000   0.01402984   0.01684703   0.01666714   0.01990663   0.02007605   0.02396344   0.02490119   0.03020633   0.03317061   0.04474911   0.06445838   0.04220843   0.02977641   0.02576089   0.02048198   0.01876661   0.01539479   0.01452030   0.01211344   0.01161237   0.00982303   0.00948981   0.00814508   0.00787716   0.00687299   0.00661795   0.00588234   0.00561542   0.00509318   0.00480594   0.00445180   0.00414560 
 -0.00000000  -0.00733542   0.00495584  -0.00070185   0.00393753   0.00168371   0.00428429   0.00348234   0.00501606   0.00511180   0.00595368   0.00669862   0.00705469   0.00830707   0.00832041   0.00998772   0.00977597   0.01179591   0.01146913   0.01380635   0.01348012   0.01613467   0.01594807   0.01898356   0.01913901   0.02276930   0.02365653   0.02860465   0.03139901   0.04220843   0.06067606   0.03988117   0.02828524   0.02449692   0.01957606   0.01793086   0.01478877   0.01392972   0.01168691   0.01118043   0.00951193   0.00916765   0.00791140   0.00763436   0.00669275   0.00643423   0.00573989   0.00547656   0.00497808   0.00470151   0.00435704 
  0.00000000   0.00835286  -0.00277330   0.00394685   0.00039956   0.00378620   0.00226614   0.00426565   0.00382509   0.00499933   0.00528556   0.00589602   0.00672845   0.00693543   0.00820251   0.00812525   0.00975080   0.00949151   0.01142343   0.01107996   0.01328965   0.01296628   0.01545758   0.01528121   0.01811722   0.01827449   0.02165906   0.02251260   0.02712675   0.02977641   0.03988117   0.05722996   0.03774469   0.02691026   0.02332594   0.01873226   0.01715175   0.01421851   0.01337669   0.01128128   0.01077464   0.00921282   0.00886427   0.00768428   0.00740525   0.00651580   0.00626050   0.00559884   0.00534482   0.00486342   0.00460192 
 -0.00000000  -0.00715697   0.00463687  -0.00094490   0.00351384   0.00117081   0.00369844   0.00271496   0.00424200   0.00408655   0.00496674   0.00540272   0.00582521   0.00671857   0.00680993   0.00807262   0.00793236   0.00950233   0.00921870   0.01105340   0.01071275   0.01279029   0.01248601   0.01481426   0.01466164   0.01730377   0.01747466   0.02062573   0.02145782   0.02576089   0.02828524   0.03774469   0.05407975   0.03577949   0.02563829   0.02224001   0.01794380   0.01642524   0.01368032   0.01285892   0.01089456   0.01039356   0.00892480   0.00857865   0.00746349   0.00718900   0.00634238   0.00609597   0.00545974   0.00521948   0.00474992 
  0.00000000   0.00770072  -0.00268833   0.00353171   0.00013364   0.00329372   0.00174189   0.00364196   0.00306009   0.00421538   0.00427945   0.00492538   0.00547113   0.00574799   0.00667477   0.00668324   0.00792186   0.00774482   0.00924555   0.00895867   0.01068785   0.01036666   0.01230886   0.01203652   0.01420363   0.01408452   0.01654000   0.01673231   0.01966333   0.02048198   0.02449692   0.02691026   0.03577949   0.05119089   0.03396855   0.02445796   0.02123199   0.01720492   0.01574750   0.01317110   0.01237409   0.01052520   0.01003562   0.00864723   0.00830958   0.00724903   0.00698461   0.00617283   0.00593979   0.00532315   0.00509976 
 -0.00000000  -0.00642891   0.00410101  -0.00094983   0.00305431   0.00086851   0.00317171   0.00217404   0.00360342   0.00332181   0.00418804   0.00441440   0.00488004   0.00549803   0.00566862   0.00660258   0.00655836   0.00775457   0.00756415   0.00898372   0.00871140   0.01032882   0.01004019   0.01184608   0.01161478   0.01362483   0.01354521   0.01582313   0.01604095   0.01876661   0.01957606   0.02332594   0.02563829   0.03396855   0.04853376   0.03229692   0.02335952   0.02029534   0.01651069   0.01511484   0.01268830   0.01191984   0.01017200   0.00969915   0.00837974   0.00805578   0.00704101   0.00679100   0.00600759   0.00579103   0.00518967 
  0.00000000   0.00662783  -0.00234732   0.00303035   0.00005007   0.00281570   0.00140160   0.00310205   0.00250207   0.00357680   0.00351513   0.00416169   0.00450055   0.00483367   0.00549010   0.00558961   0.00650726   0.00643680   0.00757488   0.00739071   0.00871990   0.00847615   0.00997827   0.00973146   0.01140265   0.01121777   0.01307709   0.01303943   0.01515068   0.01539479   0.01793086   0.01873226   0.02224001   0.02445796   0.03229692   0.04608286   0.03075132   0.02233461   0.01942403   0.01585699   0.01452373   0.01222986   0.01149382   0.00983405   0.00938242   0.00812213   0.00781587   0.00683966   0.00660706   0.00584711   0.00564877 
 -0.00000000  -0.00532837   0.00342074  -0.00078859   0.00257429   0.00071748   0.00269037   0.00179856   0.00306359   0.00274859   0.00355894   0.00365199   0.00413726   0.00454597   0.00478784   0.00545352   0.00551212   0.00639375   0.00631899   0.00738670   0.00722415   0.00845698   0.00825172   0.00963800   0.00943844   0.01097917   0.01084258   0.01255967   0.01256331   0.01452030   0.01478877   0.01715175   0.01794380   0.02123199   0.02335952   0.03075132   0.04381629   0.02931989   0.02137611   0.01861247   0.01524037   0.01397075   0.01179412   0.01109370   0.00951071   0.00908370   0.00787433   0.00758852   0.00664522   0.00643171   0.00569182 
  0.00000000   0.00529179  -0.00183972   0.00247963   0.00009214   0.00235505   0.00119339   0.00262670   0.00209592   0.00304531   0.00292981   0.00354783   0.00374227   0.00411500   0.00455785   0.00474313   0.00539395   0.00543641   0.00626659   0.00620468   0.00719359   0.00706363   0.00819753   0.00803668   0.00930957   0.00915911   0.01057607   0.01048656   0.01207175   0.01211344   0.01392972   0.01421851   0.01642524   0.01720492   0.02029534   0.02233461   0.02931989   0.04171512   0.02799197   0.02047792   0.01785545   0.01465794   0.01345265   0.01137973   0.01071719   0.00920149   0.00880129   0.00763635   0.00737240   0.00645798   0.00626392 
 -0.00000000  -0.00401254   0.00266306  -0.00052205   0.00209207   0.00067053   0.00224933   0.00154250   0.00259979   0.00231701   0.00304066   0.00305825   0.00354178   0.00379444   0.00409453   0.00454264   0.00469936   0.00531657   0.00536212   0.00612993   0.00609318   0.00699875   0.00690809   0.00794382   0.00782959   0.00899423   0.00889160   0.01019356   0.01014737   0.01161237   0.01168691   0.01337669   0.01368032   0.01574750   0.01651069   0.01942403   0.02137611   0.02799197   0.03976305   0.02675792   0.01963488   0.01714813   0.01410727   0.01296632   0.01098561   0.01036211   0.00890602   0.00853357   0.00740819   0.00716629   0.00627813 
  0.00000000   0.00383251  -0.00124280   0.00191467   0.00021326   0.00191881   0.00107679   0.00220547   0.00180056   0.00259605   0.00247822   0.00304525   0.00314403   0.00353916   0.00381584   0.00407508   0.00450612   0.00465593   0.00522600   0.00528854   0.00598744   0.00598358   0.00680494   0.00675640   0.00769770   0.00762908   0.00869290   0.00863429   0.00983159   0.00982303   0.01118043   0.01128128   0.01285892   0.01317110   0.01511484   0.01585699   0.01861247   0.02047792   0.02675792   0.03794591   0.02560899   0.01884252   0.01648602   0.01358632   0.01250886   0.01061085   0.01002641   0.00862400   0.00827904   0.00718988   0.00696907 
 -0.00000000  -0.00261739   0.00188751  -0.00020127   0.00162621   0.00068985   0.00184824   0.00137058   0.00219800   0.00199013   0.00260714   0.00259199   0.00305575   0.00319561   0.00353833   0.00381291   0.00405560   0.00445339   0.00461193   0.00512636   0.00521478   0.00584233   0.00587493   0.00661450   0.00660751   0.00746064   0.00743397   0.00840619   0.00838579   0.00948981   0.00951193   0.01077464   0.01089456   0.01237409   0.01268830   0.01452373   0.01524037   0.01785545   0.01963488   0.02560899   0.03625141   0.02453728   0.01809702   0.01586496   0.01309333   0.01207756   0.01025467   0.00970820   0.00835513   0.00803634   0.00698135 
  0.00000000   0.00236990  -0.00062162   0.00136690   0.00037544   0.00151546   0.00102005   0.00183304   0.00158479   0.00221266   0.00212697   0.00262742   0.00266820   0.00306941   0.00322017   0.00353769   0.00379126   0.00403492   0.00438896   0.00456640   0.00502117   0.00513995   0.00569727   0.00576638   0.00642927   0.00646055   0.00723367   0.00724332   0.00813430   0.00814508   0.00916765   0.00921282   0.01039356   0.01052520   0.01191984   0.01222986   0.01397075   0.01465794   0.01714813   0.01884252   0.02453728   0.03466880   0.02353563   0.01739505   0.01528117   0.01262676   0.01166995   0.00991634   0.00940577   0.00809910   0.00780427 
 -0.00000000  -0.00125639   0.00114456   0.00013192   0.00119363   0.00074529   0.00148900   0.00125550   0.00184951   0.00174014   0.00224062   0.00222285   0.00265273   0.00271496   0.00308389   0.00322387   0.00353567   0.00375574   0.00401189   0.00431666   0.00451841   0.00491343   0.00506325   0.00555443   0.00565720   0.00625066   0.00631485   0.00701745   0.00705646   0.00787716   0.00791140   0.00886427   0.00892480   0.01003562   0.01017200   0.01149382   0.01179412   0.01345265   0.01410727   0.01648602   0.01809702   0.02353563   0.03318865   0.02259756   0.01673364   0.01473119   0.01218520   0.01128379   0.00959515   0.00911760   0.00785553 
  0.00000000   0.00100217  -0.00002902   0.00086272   0.00054832   0.00115316   0.00099832   0.00150684   0.00142476   0.00188421   0.00185101   0.00227584   0.00228702   0.00267979   0.00273901   0.00309715   0.00321193   0.00353088   0.00371049   0.00398549   0.00423972   0.00446717   0.00480554   0.00498407   0.00541547   0.00554691   0.00607962   0.00616999   0.00681223   0.00687299   0.00763436   0.00768428   0.00857865   0.00864723   0.00969915   0.00983405   0.01109370   0.01137973   0.01296632   0.01358632   0.01586496   0.01739505   0.02259756   0.03180261   0.02171725   0.01611016   0.01421191   0.01176735   0.01091712   0.00929039   0.00884241 
 -0.00000000  -0.00001956   0.00047462   0.00044453   0.00080840   0.00081336   0.00117407   0.00117622   0.00154874   0.00154587   0.00192872   0.00192807   0.00231397   0.00232693   0.00270601   0.00274601   0.00310748   0.00318879   0.00352211   0.00365897   0.00395485   0.00416077   0.00441209   0.00469938   0.00490203   0.00528158   0.00543526   0.00591667   0.00602580   0.00661795   0.00669275   0.00740525   0.00746349   0.00830958   0.00837974   0.00938242   0.00951071   0.01071719   0.01098561   0.01250886   0.01309333   0.01528117   0.01673364   0.02171725   0.03050322   0.02088950   0.01552217   0.01372058   0.01137193   0.01056822   0.00900131 
 -0.00000000  -0.00019524   0.00049443   0.00042265   0.00070863   0.00083859   0.00099258   0.00122555   0.00130226   0.00160310   0.00163132   0.00197735   0.00197962   0.00235173   0.00234867   0.00272929   0.00274064   0.00311346   0.00315808   0.00350844   0.00360396   0.00391940   0.00408185   0.00435285   0.00459632   0.00481698   0.00515350   0.00532225   0.00576199   0.00588234   0.00643423   0.00651580   0.00718900   0.00724903   0.00805578   0.00812213   0.00908370   0.00920149   0.01036211   0.01061085   0.01207756   0.01262676   0.01473119   0.01611016   0.02088950   0.02928378   0.02010967   0.01496743   0.01325478   0.01099773   0.01023559 
  0.00000000   0.00102674  -0.00009252   0.00071206   0.00048097   0.00087641   0.00090542   0.00111681   0.00129182   0.00139124   0.00166263   0.00169035   0.00202603   0.00201220   0.00238658   0.00235721   0.00274798   0.00272675   0.00311405   0.00312277   0.00348921   0.00354765   0.00387879   0.00400446   0.00428935   0.00449724   0.00472903   0.00503157   0.00520809   0.00561542   0.00573989   0.00626050   0.00634238   0.00698461   0.00704101   0.00781587   0.00787433   0.00880129   0.00890602   0.01002641   0.01025467   0.01166995   0.01218520   0.01421191   0.01552217   0.02010967   0.02813823   0.01937364   0.01444380   0.01281240   0.01064349 
 -0.00000000  -0.00116972   0.00092021   0.00006092   0.00083958   0.00057632   0.00098876   0.00098802   0.00120355   0.00136380   0.00145343   0.00172243   0.00173002   0.00207180   0.00203108   0.00241666   0.00235657   0.00276090   0.00270743   0.00310853   0.00308513   0.00346409   0.00349166   0.00383299   0.00392962   0.00422177   0.00440264   0.00463848   0.00491580   0.00509318   0.00547656   0.00559884   0.00609597   0.00617283   0.00679100   0.00683966   0.00758852   0.00763635   0.00853357   0.00862400   0.00970820   0.00991634   0.01128379   0.01176735   0.01372058   0.01496743   0.01937364   0.02706102   0.01867780   0.01394923   0.01239163 
 -0.00000000   0.00183936  -0.00053769   0.00091805   0.00021785   0.00092202   0.00068391   0.00106558   0.00107560   0.00126409   0.00143579   0.00149640   0.00177911   0.00175585   0.00211253   0.00204043   0.00244059   0.00234996   0.00276724   0.00268506   0.00309652   0.00304689   0.00343303   0.00343708   0.00378220   0.00385792   0.00415050   0.00431263   0.00454586   0.00480594   0.00497808   0.00534482   0.00545974   0.00593979   0.00600759   0.00660706   0.00664522   0.00737240   0.00740819   0.00827904   0.00835513   0.00940577   0.00959515   0.01091712   0.01137193   0.01325478   0.01444380   0.01867780   0.02604705   0.01801898   0.01348179 
  0.00000000  -0.00189081   0.00123116  -0.00021451   0.00093036   0.00036841   0.00097712   0.00079276   0.00111856   0.00116192   0.00130631   0.00150402   0.00152585   0.00183029   0.00177215   0.00214670   0.00204354   0.00245752   0.00233981   0.00276659   0.00266139   0.00307798   0.00300920   0.00339627   0.00338459   0.00372686   0.00378957   0.00407612   0.00422708   0.00445180   0.00470151   0.00486342   0.00521948   0.00532315   0.00579103   0.00584711   0.00643171   0.00645798   0.00716629   0.00718988   0.00803634   0.00809910   0.00911760   0.00929039   0.01056822   0.01099773   0.01281240   0.01394923   0.01801898   0.02509162   0.01739440 
 -0.00000000   0.00239699  -0.00085191   0.00105346   0.00002154   0.00094242   0.00050893   0.00101445   0.00089712   0.00115542   0.00124312   0.00133598   0.00156599   0.00154616   0.00187438   0.00178223   0.00217340   0.00204290   0.00246699   0.00232794   0.00275891   0.00263766   0.00305315   0.00297278   0.00335429   0.00333447   0.00366759   0.00372450   0.00399934   0.00414560   0.00435704   0.00460192   0.00474992   0.00509976   0.00518967   0.00564877   0.00569182   0.00626392   0.00627813   0.00696907   0.00698135   0.00780427   0.00785553   0.00884241   0.00900131   0.01023559   0.01064349   0.01239163   0.01348179   0.01739440   0.02419033 
#
