# coconut-me2b/v0.99.21 
# 
# momentum space matrix elements 
# partial wave J=2, L=2/2, S=0, T=1, MT=1 
# 
# momentum grid [fm^-1]
0.000000 0.200000 0.400000 0.600000 0.800000 1.000000 1.200000 1.400000 1.600000 1.800000 2.000000 2.200000 2.400000 2.600000 2.800000 3.000000 3.200000 3.400000 3.600000 3.800000 4.000000 4.200000 4.400000 4.600000 4.800000 5.000000 5.200000 5.400000 5.600000 5.800000 6.000000 6.200000 6.400000 6.600000 6.800000 7.000000 7.200000 7.400000 7.600000 7.800000 8.000000 8.200000 8.400000 8.600000 8.800000 9.000000 9.200000 9.400000 9.600000 9.800000 10.000000 
#
# matrix elements [MeV fm^3] 
  0.00000000   0.00000000   0.00000000  -0.00000000   0.00000000  -0.00000000   0.00000000  -0.00000000  -0.00000000   0.00000000  -0.00000000   0.00000000   0.00000000  -0.00000000   0.00000000   0.00000000  -0.00000000   0.00000000  -0.00000000  -0.00000000  -0.00000000   0.00000000  -0.00000000   0.00000000  -0.00000000   0.00000000  -0.00000000   0.00000000  -0.00000000   0.00000000  -0.00000000   0.00000000  -0.00000000   0.00000000   0.00000000  -0.00000000   0.00000000  -0.00000000   0.00000000  -0.00000000   0.00000000  -0.00000000   0.00000000  -0.00000000   0.00000000  -0.00000000   0.00000000  -0.00000000   0.00000000  -0.00000000   0.00000000 
  0.00000000   4.56393953   2.89018523  -0.82144460   0.37033710  -0.32856296   0.08420699  -0.15890061   0.00543255  -0.08132407  -0.01853472  -0.03217313  -0.01177197   0.01460988   0.01083144   0.04253429   0.00942123   0.03297608  -0.00823720   0.02021530  -0.01468518   0.01558832  -0.01398837   0.01299314  -0.01160511   0.01032659  -0.00889344   0.00757134  -0.00618344   0.00492263  -0.00365584   0.00252690  -0.00143254   0.00048103   0.00041012  -0.00115899   0.00183331  -0.00237111   0.00282939  -0.00316142   0.00341620  -0.00355871   0.00363176  -0.00360927   0.00352903  -0.00337175   0.00317093  -0.00291232   0.00262557  -0.00230002   0.00196178 
  0.00000000   2.89018523   3.93742738   0.66306634  -0.33301490  -0.20238895  -0.31288603  -0.21051444  -0.23085406  -0.16621337  -0.15414718  -0.09381199  -0.04365691   0.03168985   0.08790260   0.11403297   0.10081781   0.06462729   0.03553953   0.01291885   0.00701723  -0.00009222   0.00229317  -0.00144447   0.00173698  -0.00132843   0.00141999  -0.00106731   0.00108034  -0.00077094   0.00074230  -0.00047540   0.00042916  -0.00020452   0.00015666   0.00002640  -0.00006566   0.00020870  -0.00023342   0.00033896  -0.00034644   0.00041794  -0.00040790   0.00044963  -0.00042352   0.00044032  -0.00040086   0.00039789  -0.00034851   0.00033101  -0.00027554 
 -0.00000000  -0.82144460   0.66306634   1.81832236  -0.04797270  -0.55911974  -0.51873105  -0.52518958  -0.43820194  -0.39871690  -0.30847050  -0.22460693  -0.08221122   0.06356061   0.20234378   0.25319519   0.22647348   0.14570070   0.07774788   0.03152959   0.01269261   0.00308744   0.00174830   0.00014315   0.00062881   0.00010918   0.00033509   0.00018565   0.00014362   0.00024089   0.00001252   0.00027456  -0.00007347   0.00028918  -0.00012504   0.00028759  -0.00015025   0.00027272  -0.00015542   0.00024749  -0.00014574   0.00021476  -0.00012558   0.00017726  -0.00009871   0.00013752  -0.00006830   0.00009781  -0.00003708   0.00006010  -0.00000726 
  0.00000000   0.37033710  -0.33301490  -0.04797270   0.61785716  -0.54240056  -0.84939364  -0.80239392  -0.75839082  -0.64775660  -0.54722945  -0.37221053  -0.15632215   0.12245509   0.34627966   0.45338856   0.39226960   0.26227627   0.13226133   0.05952200   0.01905796   0.00819448   0.00085408   0.00205542  -0.00028299   0.00125062  -0.00014806   0.00080631   0.00001866   0.00046179   0.00016678   0.00019584   0.00028703  -0.00000334   0.00037519  -0.00014471   0.00043026  -0.00023599   0.00045360  -0.00028443   0.00044826  -0.00029715   0.00041853  -0.00028125   0.00036949  -0.00024374   0.00030665  -0.00019140   0.00023557  -0.00013057   0.00016157 
 -0.00000000  -0.32856296  -0.20238895  -0.55911974  -0.54240056  -0.14996358  -0.92775445  -1.12041916  -1.05380421  -0.97016539  -0.80338206  -0.58364098  -0.23345708   0.16857700   0.53588753   0.68466037   0.60967488   0.39567001   0.20944829   0.08589144   0.03418496   0.00837157   0.00500607   0.00006905   0.00219259  -0.00019234   0.00148227  -0.00004046   0.00096418   0.00012736   0.00055658   0.00028115   0.00024088   0.00040702   0.00000455   0.00049789  -0.00016239   0.00055133  -0.00026892   0.00056829  -0.00032373   0.00055215  -0.00033560   0.00050798  -0.00031331   0.00044193  -0.00026560   0.00036072  -0.00020088   0.00027112  -0.00012701 
 -0.00000000   0.08420699  -0.31288603  -0.51873105  -0.84939364  -0.92775445  -0.68496481  -1.23841319  -1.36595183  -1.27776042  -1.12636064  -0.81719343  -0.36592461   0.22082157   0.72208713   0.95864008   0.84203068   0.56045016   0.28618856   0.12620885   0.04251856   0.01652148   0.00294073   0.00371902   0.00009448   0.00228800   0.00006840   0.00157144   0.00018359   0.00101676   0.00031907   0.00058383   0.00044584   0.00025231   0.00054759   0.00000777   0.00061589  -0.00016146   0.00064778  -0.00026589   0.00064411  -0.00031565   0.00060849  -0.00032077   0.00054639  -0.00029116   0.00046436  -0.00023647   0.00036952  -0.00016586   0.00026892 
 -0.00000000  -0.15890061  -0.21051444  -0.52518958  -0.80239392  -1.12041916  -1.23841319  -1.09450009  -1.52137538  -1.60674698  -1.45197457  -1.12241809  -0.52562314   0.22148981   0.91297423   1.22063603   1.09759654   0.71999508   0.37868855   0.15801009   0.06089558   0.01677196   0.00823903   0.00125195   0.00339201   0.00040345   0.00233726   0.00037650   0.00160170   0.00043872   0.00103223   0.00052836   0.00059317   0.00061495   0.00026186   0.00068097   0.00002181   0.00071742  -0.00014037   0.00072111  -0.00023665   0.00069292  -0.00027832   0.00063654  -0.00027634   0.00055749  -0.00024129   0.00046238  -0.00018326   0.00035821  -0.00011160 
 -0.00000000   0.00543255  -0.23085406  -0.43820194  -0.75839082  -1.05380421  -1.36595183  -1.52137538  -1.46578451  -1.81049871  -1.80120562  -1.43421922  -0.75154558   0.19495811   1.04860005   1.47141338   1.32204057   0.88346980   0.45485093   0.19885750   0.06910540   0.02558521   0.00605713   0.00546960   0.00114075   0.00334249   0.00076677   0.00235192   0.00068435   0.00160802   0.00068951   0.00103752   0.00072865   0.00060321   0.00077053   0.00028028   0.00079717   0.00005041   0.00079937  -0.00010130   0.00077390  -0.00018800   0.00072161  -0.00022188   0.00064611  -0.00021449   0.00055279  -0.00017672   0.00044797  -0.00011877   0.00033826 
  0.00000000  -0.08132407  -0.16621337  -0.39871690  -0.64775660  -0.97016539  -1.27776042  -1.60674698  -1.81049871  -1.80879760  -2.00754475  -1.73027028  -0.95503995   0.11945987   1.15074121   1.65036421   1.51469302   1.00419967   0.52802894   0.22258313   0.08507510   0.02517361   0.01159886   0.00303479   0.00478959   0.00145341   0.00332968   0.00111484   0.00234776   0.00097118   0.00160703   0.00091986   0.00104450   0.00090836   0.00062125   0.00090538   0.00031075   0.00089298   0.00009322   0.00086197  -0.00004745   0.00080909  -0.00012530   0.00073509  -0.00015312   0.00064338  -0.00014274   0.00053900  -0.00010511   0.00042781  -0.00005024 
 -0.00000000  -0.01853472  -0.15414718  -0.30847050  -0.54722945  -0.80338206  -1.12636064  -1.45197457  -1.80120562  -2.00754475  -1.92484788  -1.79171524  -1.06264286   0.10058988   1.20149298   1.77165776   1.61980301   1.08799353   0.56315165   0.24630019   0.08757308   0.03260103   0.00928040   0.00747936   0.00266989   0.00464047   0.00181377   0.00330744   0.00142879   0.00233606   0.00122742   0.00160719   0.00112257   0.00105843   0.00106278   0.00064974   0.00101726   0.00035334   0.00096833   0.00014833   0.00090692   0.00001774   0.00082973  -0.00005305   0.00073733  -0.00007712   0.00063278  -0.00006635   0.00052063  -0.00003151   0.00040613 
  0.00000000  -0.03217313  -0.09381199  -0.22460693  -0.37221053  -0.58364098  -0.81719343  -1.12241809  -1.43421922  -1.73027028  -1.79171524  -1.42395977  -0.83846736   0.21446209   1.28488049   1.80573914   1.64896853   1.09302953   0.57524760   0.24465265   0.09481906   0.03006417   0.01450705   0.00523520   0.00653023   0.00291352   0.00457320   0.00213927   0.00327650   0.00170292   0.00232382   0.00144911   0.00161280   0.00129504   0.00108135   0.00119079   0.00068881   0.00110643   0.00040661   0.00102469   0.00021312   0.00093664   0.00009085   0.00083889   0.00002488   0.00073172   0.00000210   0.00061775   0.00001080   0.00050092   0.00004057 
  0.00000000  -0.01177197  -0.04365691  -0.08221122  -0.15632215  -0.23345708  -0.36592461  -0.52562314  -0.75154558  -0.95503995  -1.06264286  -0.83846736  -0.15778242   0.61384173   1.41729066   1.79861642   1.57111778   1.03948395   0.53742974   0.23748941   0.08711124   0.03468815   0.01195441   0.00978365   0.00468778   0.00628779   0.00321448   0.00450669   0.00241773   0.00324273   0.00193595   0.00231514   0.00163551   0.00162583   0.00143730   0.00111347   0.00129330   0.00073732   0.00117460   0.00046842   0.00106440   0.00028477   0.00095388   0.00016866   0.00083952   0.00010515   0.00072121   0.00008129   0.00060104   0.00008574   0.00048226 
 -0.00000000   0.01460988   0.03168985   0.06356061   0.12245509   0.16857700   0.22082157   0.22148981   0.19495811   0.11945987   0.10058988   0.21446209   0.61384173   1.25023235   1.63523044   1.72331260   1.42398455   0.90961467   0.47696717   0.20582186   0.08399953   0.02978986   0.01676496   0.00787579   0.00873689   0.00483024   0.00614775   0.00347414   0.00443617   0.00264928   0.00321052   0.00212884   0.00231222   0.00178781   0.00164670   0.00155097   0.00115393   0.00137240   0.00079345   0.00122424   0.00053631   0.00109018   0.00036045   0.00096148   0.00024823   0.00083437   0.00018490   0.00070834   0.00015786   0.00058482   0.00015629 
  0.00000000   0.01083144   0.08790260   0.20234378   0.34627966   0.53588753   0.72208713   0.91297423   1.04860005   1.15074121   1.20149298   1.28488049   1.41729066   1.63523044   1.81426951   1.59956358   1.19655149   0.74907736   0.38337122   0.17534767   0.06899629   0.03249119   0.01436762   0.01260107   0.00730589   0.00839756   0.00502527   0.00601450   0.00368345   0.00436578   0.00283644   0.00318259   0.00228392   0.00231588   0.00190841   0.00167489   0.00163866   0.00120120   0.00143085   0.00085503   0.00125822   0.00060773   0.00110489   0.00043750   0.00096214   0.00032695   0.00082592   0.00026175   0.00069520   0.00022980   0.00057078 
  0.00000000   0.04253429   0.11403297   0.25319519   0.45338856   0.68466037   0.95864008   1.22063603   1.47141338   1.65036421   1.77165776   1.80573914   1.79861642   1.72331260   1.59956358   1.39386945   0.95344296   0.56253660   0.29635205   0.13365547   0.06275113   0.02753321   0.01937843   0.01129768   0.01161156   0.00731502   0.00815212   0.00517844   0.00588229   0.00384553   0.00429883   0.00298271   0.00316027   0.00240442   0.00232599   0.00200048   0.00170919   0.00170351   0.00125338   0.00147177   0.00091975   0.00127954   0.00068023   0.00111133   0.00051349   0.00095836   0.00040263   0.00081626   0.00033384   0.00068346   0.00029563 
 -0.00000000   0.00942123   0.10081781   0.22647348   0.39226960   0.60967488   0.84203068   1.09759654   1.32204057   1.51469302   1.61980301   1.64896853   1.57111778   1.42398455   1.19655149   0.95344296   0.73010977   0.41625678   0.21157232   0.10814960   0.05053901   0.03146607   0.01808069   0.01647966   0.01076654   0.01114025   0.00735277   0.00791917   0.00528481   0.00575433   0.00396489   0.00423728   0.00309212   0.00314388   0.00249411   0.00234169   0.00206759   0.00174799   0.00174892   0.00130840   0.00149837   0.00098534   0.00129114   0.00075155   0.00111209   0.00058635   0.00095234   0.00047347   0.00080714   0.00039975   0.00067436 
  0.00000000   0.03297608   0.06462729   0.14570070   0.26227627   0.39567001   0.56045016   0.71999508   0.88346980   1.00419967   1.08799353   1.09302953   1.03948395   0.90961467   0.74907736   0.56253660   0.41625678   0.32998682   0.17165257   0.08510935   0.05185537   0.02977833   0.02435079   0.01617884   0.01550586   0.01057241   0.01073922   0.00735411   0.00769501   0.00534911   0.00563310   0.00404635   0.00418191   0.00316904   0.00313297   0.00255701   0.00236167   0.00211348   0.00178943   0.00177836   0.00136416   0.00151376   0.00104968   0.00129576   0.00081971   0.00110947   0.00065437   0.00094588   0.00053814   0.00079986   0.00045857 
 -0.00000000  -0.00823720   0.03553953   0.07774788   0.13226133   0.20944829   0.28618856   0.37868855   0.45485093   0.52802894   0.56315165   0.57524760   0.53742974   0.47696717   0.38337122   0.29635205   0.21157232   0.17165257   0.17585799   0.09337742   0.05106488   0.03821458   0.02522314   0.02231748   0.01551467   0.01481161   0.01038587   0.01036092   0.00731883   0.00748193   0.00537672   0.00551980   0.00409481   0.00413264   0.00321796   0.00312652   0.00259723   0.00238435   0.00214191   0.00183164   0.00179517   0.00141870   0.00152086   0.00111090   0.00129583   0.00088307   0.00110541   0.00071625   0.00094042   0.00059572   0.00079534 
 -0.00000000   0.02021530   0.01291885   0.03152959   0.05952200   0.08589144   0.12620885   0.15801009   0.19885750   0.22258313   0.24630019   0.24465265   0.23748941   0.20582186   0.17534767   0.13365547   0.10814960   0.08510935   0.09337742   0.12818728   0.07200997   0.04264133   0.03427682   0.02364639   0.02108718   0.01499206   0.01417914   0.01017818   0.01000384   0.00725213   0.00728127   0.00537291   0.00541462   0.00411517   0.00408876   0.00324335   0.00312319   0.00261881   0.00240801   0.00215644   0.00187277   0.00180246   0.00147025   0.00152227   0.00116745   0.00129344   0.00094040   0.00110144   0.00077111   0.00093696   0.00064571 
 -0.00000000  -0.01468518   0.00701723   0.01269261   0.01905796   0.03418496   0.04251856   0.06089558   0.06910540   0.08507510   0.08757308   0.09481906   0.08711124   0.08399953   0.06899629   0.06275113   0.05053901   0.05185537   0.05106488   0.07200997   0.11143622   0.06436282   0.03931467   0.03200969   0.02249980   0.02001384   0.01448560   0.01358953   0.00995177   0.00966869   0.00715922   0.00709325   0.00534278   0.00531704   0.00411215   0.00404912   0.00324949   0.00312145   0.00262556   0.00243096   0.00216040   0.00191116   0.00180299   0.00151732   0.00152021   0.00121811   0.00129024   0.00099081   0.00109871   0.00081846   0.00093615 
  0.00000000   0.01558832  -0.00009222   0.00308744   0.00819448   0.00837157   0.01652148   0.01677196   0.02558521   0.02517361   0.03260103   0.03006417   0.03468815   0.02978986   0.03249119   0.02753321   0.03146607   0.02977833   0.03821458   0.04264133   0.06436282   0.10166620   0.05939884   0.03686181   0.03008848   0.02145094   0.01902860   0.01398724   0.01304068   0.00971083   0.00935513   0.00704507   0.00691728   0.00529120   0.00522600   0.00409027   0.00401232   0.00324041   0.00311974   0.00262099   0.00245164   0.00215671   0.00194541   0.00179916   0.00155875   0.00151649   0.00126204   0.00128750   0.00103385   0.00109795   0.00085818 
 -0.00000000  -0.01398837   0.00229317   0.00174830   0.00085408   0.00500607   0.00294073   0.00823903   0.00605713   0.01159886   0.00928040   0.01450705   0.01195441   0.01676496   0.01436762   0.01937843   0.01808069   0.02435079   0.02522314   0.03427682   0.03931467   0.05939884   0.09372620   0.05517973   0.03468038   0.02835304   0.02046608   0.01812143   0.01349802   0.01253052   0.00945940   0.00906204   0.00691432   0.00675221   0.00522273   0.00514018   0.00405369   0.00397691   0.00321979   0.00311660   0.00260820   0.00246873   0.00214793   0.00197439   0.00179290   0.00159372   0.00151250   0.00129879   0.00128608   0.00106937   0.00109955 
  0.00000000   0.01299314  -0.00144447   0.00014315   0.00205542   0.00006905   0.00371902   0.00125195   0.00546960   0.00303479   0.00747936   0.00523520   0.00978365   0.00787579   0.01260107   0.01129768   0.01647966   0.01617884   0.02231748   0.02364639   0.03200969   0.03686181   0.05517973   0.08675921   0.05142642   0.03269142   0.02677508   0.01953836   0.01728584   0.01301949   0.01205632   0.00920128   0.00878770   0.00677127   0.00659654   0.00514153   0.00505809   0.00400618   0.00394145   0.00319087   0.00311072   0.00258987   0.00248113   0.00213613   0.00199733   0.00178573   0.00162180   0.00150922   0.00132822   0.00128647   0.00109759 
 -0.00000000  -0.01160511   0.00173698   0.00062881  -0.00028299   0.00219259   0.00009448   0.00339201   0.00114075   0.00478959   0.00266989   0.00653023   0.00468778   0.00873689   0.00730589   0.01161156   0.01076654   0.01550586   0.01551467   0.02108718   0.02249980   0.03008848   0.03468038   0.05142642   0.08056386   0.04806344   0.03086851   0.02533727   0.01866333   0.01651536   0.01255321   0.01161496   0.00893993   0.00853009   0.00661986   0.00644863   0.00505135   0.00497827   0.00395107   0.00390467   0.00315645   0.00310108   0.00256821   0.00248810   0.00212295   0.00201379   0.00177876   0.00164285   0.00150724   0.00135053   0.00128881 
  0.00000000   0.01032659  -0.00132843   0.00010918   0.00125062  -0.00019234   0.00228800   0.00040345   0.00334249   0.00145341   0.00464047   0.00291352   0.00628779   0.00483024   0.00839756   0.00731502   0.01114025   0.01057241   0.01481161   0.01499206   0.02001384   0.02145094   0.02835304   0.03269142   0.04806344   0.07502354   0.04503894   0.02919213   0.02402427   0.01783750   0.01580363   0.01210072   0.01120310   0.00867853   0.00828702   0.00646356   0.00630682   0.00495548   0.00489939   0.00389119   0.00386552   0.00311881   0.00308690   0.00254497   0.00248920   0.00210960   0.00202365   0.00177266   0.00165706   0.00150681   0.00136617 
 -0.00000000  -0.00889344   0.00141999   0.00033509  -0.00014806   0.00148227   0.00006840   0.00233726   0.00076677   0.00332968   0.00181377   0.00457320   0.00321448   0.00614775   0.00502527   0.00815212   0.00735277   0.01073922   0.01038587   0.01417914   0.01448560   0.01902860   0.02046608   0.02677508   0.03086851   0.04503894   0.07004585   0.04230934   0.02764622   0.02282217   0.01705803   0.01514449   0.01166346   0.01081741   0.00841985   0.00805636   0.00630540   0.00616956   0.00485670   0.00482032   0.00382888   0.00382322   0.00307977   0.00306775   0.00252143   0.00248430   0.00209686   0.00202707   0.00176779   0.00166487   0.00150789 
  0.00000000   0.00757134  -0.00106731   0.00018565   0.00080631  -0.00004046   0.00157144   0.00037650   0.00235192   0.00111484   0.00330744   0.00213927   0.00450669   0.00347414   0.00601450   0.00517844   0.00791917   0.00735411   0.01036092   0.01017818   0.01358953   0.01398724   0.01812143   0.01953836   0.02533727   0.02919213   0.04230934   0.06555494   0.03983739   0.02621741   0.02171846   0.01632262   0.01453215   0.01124267   0.01045470   0.00816629   0.00783608   0.00614791   0.00603551   0.00475727   0.00474018   0.00376597   0.00377727   0.00304070   0.00304347   0.00249847   0.00247355   0.00208515   0.00202448   0.00176419   0.00166693 
 -0.00000000  -0.00618344   0.00108034   0.00014362   0.00001866   0.00096418   0.00018359   0.00160170   0.00068435   0.00234776   0.00142879   0.00327650   0.00241773   0.00443617   0.00368345   0.00588229   0.00528481   0.00769501   0.00731883   0.01000384   0.00995177   0.01304068   0.01349802   0.01728584   0.01866333   0.02402427   0.02764622   0.03983739   0.06148802   0.03759105   0.02489449   0.02070188   0.01562928   0.01396125   0.01083940   0.01011199   0.00791980   0.00762442   0.00599313   0.00590359   0.00465897   0.00465837   0.00370383   0.00372746   0.00300250   0.00301420   0.00247656   0.00245736   0.00207461   0.00201652   0.00176168 
  0.00000000   0.00492263  -0.00077094   0.00024089   0.00046179   0.00012736   0.00101676   0.00043872   0.00160802   0.00097118   0.00233606   0.00170292   0.00324273   0.00264928   0.00436578   0.00384553   0.00575433   0.00534911   0.00748193   0.00725213   0.00966869   0.00971083   0.01253052   0.01301949   0.01651536   0.01783750   0.02282217   0.02621741   0.03759105   0.05779272   0.03554268   0.02366794   0.01976241   0.01497626   0.01342694   0.01045441   0.00978667   0.00768189   0.00741988   0.00584262   0.00577300   0.00456309   0.00457459   0.00364339   0.00367387   0.00296571   0.00298029   0.00245590   0.00243634   0.00206509   0.00200396 
 -0.00000000  -0.00365584   0.00074230   0.00001252   0.00016678   0.00055658   0.00031907   0.00103223   0.00068951   0.00160703   0.00122742   0.00232382   0.00193595   0.00321052   0.00283644   0.00429883   0.00396489   0.00563310   0.00537672   0.00728127   0.00715922   0.00935513   0.00945940   0.01205632   0.01255321   0.01580363   0.01705803   0.02171846   0.02489449   0.03554268   0.05442501   0.03366844   0.02252953   0.01889118   0.01436187   0.01292493   0.01008814   0.00947646   0.00745364   0.00722129   0.00569746   0.00564325   0.00447048   0.00448880   0.00358517   0.00361681   0.00293053   0.00294231   0.00243641   0.00241123   0.00205631 
  0.00000000   0.00252690  -0.00047540   0.00027456   0.00019584   0.00028115   0.00058383   0.00052836   0.00103752   0.00091986   0.00160719   0.00144911   0.00231514   0.00212884   0.00318259   0.00298271   0.00423728   0.00404635   0.00551980   0.00537291   0.00709325   0.00704507   0.00906204   0.00920128   0.01161496   0.01210072   0.01514449   0.01632262   0.02070188   0.02366794   0.03366844   0.05134763   0.03194769   0.02147207   0.01808042   0.01378444   0.01245149   0.00974074   0.00917950   0.00723571   0.00702779   0.00555832   0.00551410   0.00438162   0.00440120   0.00352939   0.00355678   0.00289693   0.00290098   0.00241780   0.00238287 
 -0.00000000  -0.00143254   0.00042916  -0.00007347   0.00028703   0.00024088   0.00044584   0.00059317   0.00072865   0.00104450   0.00112257   0.00161280   0.00163551   0.00231222   0.00228392   0.00316027   0.00309212   0.00418191   0.00409481   0.00541462   0.00534278   0.00691728   0.00691432   0.00878770   0.00893993   0.01120310   0.01166346   0.01453215   0.01562928   0.01976241   0.02252953   0.03194769   0.04852871   0.03036266   0.02048915   0.01732338   0.01324225   0.01200345   0.00941203   0.00889431   0.00702837   0.00683883   0.00542549   0.00538559   0.00429663   0.00431221   0.00347596   0.00349442   0.00286464   0.00285709   0.00239970 
  0.00000000   0.00048103  -0.00020452   0.00028918  -0.00000334   0.00040702   0.00025231   0.00061495   0.00060321   0.00090836   0.00105843   0.00129504   0.00162583   0.00178781   0.00231588   0.00240442   0.00314388   0.00316904   0.00413264   0.00411517   0.00531704   0.00529120   0.00675221   0.00677127   0.00853009   0.00867853   0.01081741   0.01124267   0.01396125   0.01497626   0.01889118   0.02147207   0.03036266   0.04594083   0.02889797   0.01957493   0.01661426   0.01273350   0.01157817   0.00910153   0.00861977   0.00683155   0.00665416   0.00529894   0.00525796   0.00421539   0.00422236   0.00342464   0.00343048   0.00283328   0.00281147 
  0.00000000   0.00041012   0.00015666  -0.00012504   0.00037519   0.00000455   0.00054759   0.00026186   0.00077053   0.00062125   0.00106278   0.00108135   0.00143730   0.00164670   0.00190841   0.00232599   0.00249411   0.00313297   0.00321796   0.00408876   0.00411215   0.00522600   0.00522273   0.00659654   0.00661986   0.00828702   0.00841985   0.01045470   0.01083940   0.01342694   0.01436187   0.01808042   0.02048915   0.02889797   0.04356018   0.02754045   0.01872404   0.01594813   0.01225628   0.01117353   0.00880851   0.00835510   0.00664491   0.00647372   0.00517839   0.00513159   0.00413756   0.00413230   0.00337501   0.00336573   0.00280241 
 -0.00000000  -0.00115899   0.00002640   0.00028759  -0.00014471   0.00049789   0.00000777   0.00068097   0.00028028   0.00090538   0.00064974   0.00119079   0.00111347   0.00155097   0.00167489   0.00200048   0.00234169   0.00255701   0.00312652   0.00324335   0.00404912   0.00409027   0.00514018   0.00514153   0.00644863   0.00646356   0.00805636   0.00816629   0.01011199   0.01045441   0.01292493   0.01378444   0.01732338   0.01957493   0.02754045   0.04136590   0.02627873   0.01793148   0.01532085   0.01180859   0.01078784   0.00853203   0.00809980   0.00646787   0.00629765   0.00506337   0.00500699   0.00406269   0.00404273   0.00332662   0.00330093 
  0.00000000   0.00183331  -0.00006566  -0.00015025   0.00043026  -0.00016239   0.00061589   0.00002181   0.00079717   0.00031075   0.00101726   0.00068881   0.00129330   0.00115393   0.00163866   0.00170919   0.00206759   0.00236167   0.00259723   0.00312319   0.00324949   0.00401232   0.00405369   0.00505809   0.00505135   0.00630682   0.00630540   0.00783608   0.00791980   0.00978667   0.01008814   0.01245149   0.01324225   0.01661426   0.01872404   0.02627873   0.03933961   0.02510311   0.01719254   0.01472895   0.01138837   0.01041978   0.00827098   0.00785359   0.00629970   0.00612624   0.00495328   0.00488471   0.00399024   0.00395432   0.00327896 
 -0.00000000  -0.00237111   0.00020870   0.00027272  -0.00023599   0.00055133  -0.00016146   0.00071742   0.00005041   0.00089298   0.00035334   0.00110643   0.00073732   0.00137240   0.00120120   0.00170351   0.00174799   0.00211348   0.00238435   0.00261881   0.00312145   0.00324041   0.00397691   0.00400618   0.00497827   0.00495548   0.00616956   0.00614791   0.00762442   0.00768189   0.00947646   0.00974074   0.01200345   0.01273350   0.01594813   0.01793148   0.02510311   0.03746500   0.02400526   0.01650278   0.01416955   0.01099352   0.01006835   0.00802414   0.00761636   0.00613955   0.00595981   0.00484747   0.00476530   0.00391966   0.00386771 
  0.00000000   0.00282939  -0.00023342  -0.00015542   0.00045360  -0.00026892   0.00064778  -0.00014037   0.00079937   0.00009322   0.00096833   0.00040661   0.00117460   0.00079345   0.00143085   0.00125338   0.00174892   0.00178943   0.00214191   0.00240801   0.00262556   0.00311974   0.00321979   0.00394145   0.00395107   0.00489939   0.00485670   0.00603551   0.00599313   0.00741988   0.00745364   0.00917950   0.00941203   0.01157817   0.01225628   0.01532085   0.01719254   0.02400526   0.03572750   0.02297805   0.01585800   0.01364026   0.01062194   0.00973278   0.00779025   0.00738811   0.00598655   0.00579874   0.00474528   0.00464930   0.00385045 
 -0.00000000  -0.00316142   0.00033896   0.00024749  -0.00028443   0.00056829  -0.00026589   0.00072111  -0.00010130   0.00086197   0.00014833   0.00102469   0.00046842   0.00122424   0.00085503   0.00147177   0.00130840   0.00177836   0.00183164   0.00215644   0.00243096   0.00262099   0.00311660   0.00319087   0.00390467   0.00389119   0.00482032   0.00475727   0.00590359   0.00584262   0.00722129   0.00723571   0.00889431   0.00910153   0.01117353   0.01180859   0.01472895   0.01650278   0.02297805   0.03411408   0.02201537   0.01525425   0.01313910   0.01027157   0.00941251   0.00756803   0.00716890   0.00583983   0.00564335   0.00464607   0.00453713 
  0.00000000   0.00341620  -0.00034644  -0.00014574   0.00044826  -0.00032373   0.00064411  -0.00023665   0.00077390  -0.00004745   0.00090692   0.00021312   0.00106440   0.00053631   0.00125822   0.00091975   0.00149837   0.00136416   0.00179517   0.00187277   0.00216040   0.00245164   0.00260820   0.00311072   0.00315645   0.00386552   0.00382888   0.00474018   0.00465897   0.00577300   0.00569746   0.00702779   0.00702837   0.00861977   0.00880851   0.01078784   0.01138837   0.01416955   0.01585800   0.02201537   0.03261304   0.02111195   0.01468785   0.01266438   0.00994044   0.00910705   0.00735626   0.00695877   0.00569858   0.00549394   0.00454932 
 -0.00000000  -0.00355871   0.00041794   0.00021476  -0.00029715   0.00055215  -0.00031565   0.00069292  -0.00018800   0.00080909   0.00001774   0.00093664   0.00028477   0.00109018   0.00060773   0.00127954   0.00098534   0.00151376   0.00141870   0.00180246   0.00191116   0.00215671   0.00246873   0.00258987   0.00310108   0.00311881   0.00382322   0.00376597   0.00465837   0.00456309   0.00564325   0.00555832   0.00683883   0.00683155   0.00835510   0.00853203   0.01041978   0.01099352   0.01364026   0.01525425   0.02111195   0.03121384   0.02026320   0.01415537   0.01221467   0.00962669   0.00881600   0.00715382   0.00675775   0.00556208   0.00535068 
  0.00000000   0.00363176  -0.00040790  -0.00012558   0.00041853  -0.00033560   0.00060849  -0.00027832   0.00072161  -0.00012530   0.00082973   0.00009085   0.00095388   0.00036045   0.00110489   0.00068023   0.00129114   0.00104968   0.00152086   0.00147025   0.00180299   0.00194541   0.00214793   0.00248113   0.00256821   0.00308690   0.00307977   0.00377727   0.00370383   0.00457459   0.00447048   0.00551410   0.00542549   0.00665416   0.00664491   0.00809980   0.00827098   0.01006835   0.01062194   0.01313910   0.01468785   0.02026320   0.02990703   0.01946510   0.01365366   0.01178868   0.00932863   0.00853895   0.00695970   0.00656580   0.00542973 
 -0.00000000  -0.00360927   0.00044963   0.00017726  -0.00028125   0.00050798  -0.00032077   0.00063654  -0.00022188   0.00073509  -0.00005305   0.00083889   0.00016866   0.00096148   0.00043750   0.00111133   0.00075155   0.00129576   0.00111090   0.00152227   0.00151732   0.00179916   0.00197439   0.00213613   0.00248810   0.00254497   0.00306775   0.00304070   0.00372746   0.00364339   0.00448880   0.00438162   0.00538559   0.00529894   0.00647372   0.00646787   0.00785359   0.00802414   0.00973278   0.01027157   0.01266438   0.01415537   0.01946510   0.02868413   0.01871408   0.01317986   0.01138522   0.00904473   0.00827548   0.00677301   0.00638279 
  0.00000000   0.00352903  -0.00042352  -0.00009871   0.00036949  -0.00031331   0.00054639  -0.00027634   0.00064611  -0.00015312   0.00073733   0.00002488   0.00083952   0.00024823   0.00096214   0.00051349   0.00111209   0.00081971   0.00129583   0.00116745   0.00152021   0.00155875   0.00179290   0.00199733   0.00212295   0.00248920   0.00252143   0.00304347   0.00300250   0.00367387   0.00358517   0.00440120   0.00429663   0.00525796   0.00517839   0.00629765   0.00629970   0.00761636   0.00779025   0.00941251   0.00994044   0.01221467   0.01365366   0.01871408   0.02753752   0.01800692   0.01273143   0.01100318   0.00877366   0.00802511   0.00659304 
 -0.00000000  -0.00337175   0.00044032   0.00013752  -0.00024374   0.00044193  -0.00029116   0.00055749  -0.00021449   0.00064338  -0.00007712   0.00073172   0.00010515   0.00083437   0.00032695   0.00095836   0.00058635   0.00110947   0.00088307   0.00129344   0.00121811   0.00151649   0.00159372   0.00178573   0.00201379   0.00210960   0.00248430   0.00249847   0.00301420   0.00296571   0.00361681   0.00352939   0.00431221   0.00421539   0.00513159   0.00506337   0.00612624   0.00613955   0.00738811   0.00756803   0.00910705   0.00962669   0.01178868   0.01317986   0.01800692   0.02646042   0.01734066   0.01230609   0.01064144   0.00851428   0.00778731 
  0.00000000   0.00317093  -0.00040086  -0.00006830   0.00030665  -0.00026560   0.00046436  -0.00024129   0.00055279  -0.00014274   0.00063278   0.00000210   0.00072121   0.00018490   0.00082592   0.00040263   0.00095234   0.00065437   0.00110541   0.00094040   0.00129024   0.00126204   0.00151250   0.00162180   0.00177876   0.00202365   0.00209686   0.00247355   0.00247656   0.00298029   0.00293053   0.00355678   0.00347596   0.00422236   0.00413756   0.00500699   0.00495328   0.00595981   0.00598655   0.00716890   0.00735626   0.00881600   0.00932863   0.01138522   0.01273143   0.01734066   0.02544680   0.01671258   0.01190189   0.01029890   0.00826565 
 -0.00000000  -0.00291232   0.00039789   0.00009781  -0.00019140   0.00036072  -0.00023647   0.00046238  -0.00017672   0.00053900  -0.00006635   0.00061775   0.00008129   0.00070834   0.00026175   0.00081626   0.00047347   0.00094588   0.00071625   0.00110144   0.00099081   0.00128750   0.00129879   0.00150922   0.00164285   0.00177266   0.00202707   0.00208515   0.00245736   0.00245590   0.00294231   0.00289693   0.00349442   0.00342464   0.00413230   0.00406269   0.00488471   0.00484747   0.00579874   0.00583983   0.00695877   0.00715382   0.00853895   0.00904473   0.01100318   0.01230609   0.01671258   0.02449130   0.01612011   0.01151712   0.00997445 
  0.00000000   0.00262557  -0.00034851  -0.00003708   0.00023557  -0.00020088   0.00036952  -0.00018326   0.00044797  -0.00010511   0.00052063   0.00001080   0.00060104   0.00015786   0.00069520   0.00033384   0.00080714   0.00053814   0.00094042   0.00077111   0.00109871   0.00103385   0.00128608   0.00132822   0.00150724   0.00165706   0.00176779   0.00202448   0.00207461   0.00243634   0.00243641   0.00290098   0.00286464   0.00343048   0.00337501   0.00404273   0.00399024   0.00476530   0.00474528   0.00564335   0.00569858   0.00675775   0.00695970   0.00827548   0.00877366   0.01064144   0.01190189   0.01612011   0.02358919   0.01556081   0.01115033 
 -0.00000000  -0.00230002   0.00033101   0.00006010  -0.00013057   0.00027112  -0.00016586   0.00035821  -0.00011877   0.00042781  -0.00003151   0.00050092   0.00008574   0.00058482   0.00022980   0.00068346   0.00039975   0.00079986   0.00059572   0.00093696   0.00081846   0.00109795   0.00106937   0.00128647   0.00135053   0.00150681   0.00166487   0.00176419   0.00201652   0.00206509   0.00241123   0.00241780   0.00285709   0.00283328   0.00336573   0.00332662   0.00395432   0.00391966   0.00464930   0.00464607   0.00549394   0.00556208   0.00656580   0.00677301   0.00802511   0.00851428   0.01029890   0.01151712   0.01556081   0.02273628   0.01503237 
  0.00000000   0.00196178  -0.00027554  -0.00000726   0.00016157  -0.00012701   0.00026892  -0.00011160   0.00033826  -0.00005024   0.00040613   0.00004057   0.00048226   0.00015629   0.00057078   0.00029563   0.00067436   0.00045857   0.00079534   0.00064571   0.00093615   0.00085818   0.00109955   0.00109759   0.00128881   0.00136617   0.00150789   0.00166693   0.00176168   0.00200396   0.00205631   0.00238287   0.00239970   0.00281147   0.00280241   0.00330093   0.00327896   0.00386771   0.00385045   0.00453713   0.00454932   0.00535068   0.00542973   0.00638279   0.00659304   0.00778731   0.00826565   0.00997445   0.01115033   0.01503237   0.02192892 
#
