# coconut-me2b/v0.99.21 
# 
# momentum space matrix elements 
# partial wave J=0, L=0/0, S=0, T=1, MT=-1 
# 
# momentum grid [fm^-1]
0.000000 0.200000 0.400000 0.600000 0.800000 1.000000 1.200000 1.400000 1.600000 1.800000 2.000000 2.200000 2.400000 2.600000 2.800000 3.000000 3.200000 3.400000 3.600000 3.800000 4.000000 4.200000 4.400000 4.600000 4.800000 5.000000 5.200000 5.400000 5.600000 5.800000 6.000000 6.200000 6.400000 6.600000 6.800000 7.000000 7.200000 7.400000 7.600000 7.800000 8.000000 8.200000 8.400000 8.600000 8.800000 9.000000 9.200000 9.400000 9.600000 9.800000 10.000000 
#
# matrix elements [MeV fm^3] 
-46.41633767 -44.25480015 -38.97543902 -32.51500269 -25.87672188 -19.33828418 -12.94882097  -6.73191954  -0.74217825   4.89166521   9.89509097  13.78950574  15.99599408  16.22656194  14.81447427  12.30547914   9.02121278   5.61654925   2.94912759   1.31037086   0.48906886   0.15088419   0.03774958   0.00750577   0.00116129   0.00013678   0.00001199   0.00000076   0.00000003   0.00000000   0.00000000   0.00000000   0.00000000   0.00000000   0.00000000   0.00000000   0.00000000   0.00000000   0.00000000   0.00000000   0.00000000   0.00000000   0.00000000   0.00000000   0.00000000   0.00000000   0.00000000   0.00000000   0.00000000   0.00000000   0.00000000 
-44.25480015 -42.45167517 -37.81355213 -31.81006682 -25.43372530 -19.06165866 -12.79608354  -6.67804117  -0.76594985   4.81143670   9.77983617  13.65976862  15.86967325  16.11698866  14.72902405  12.24558342   8.98381134   5.59603874   2.93938147   1.30640949   0.48771204   0.15049921   0.03766076   0.00748943   0.00115895   0.00013653   0.00001197   0.00000076   0.00000003   0.00000000   0.00000000   0.00000000   0.00000000   0.00000000   0.00000000   0.00000000   0.00000000   0.00000000   0.00000000   0.00000000   0.00000000   0.00000000   0.00000000   0.00000000   0.00000000   0.00000000   0.00000000   0.00000000   0.00000000   0.00000000   0.00000000 
-38.97543902 -37.81355213 -34.52348278 -29.69879287 -24.09099078 -18.22332791 -12.33137881  -6.51020554  -0.83173170   4.57477416   9.43599639  13.27025955  15.48852470  15.78486728  14.46887375  12.06243157   8.86893753   5.53275453   2.90916526   1.29406589   0.48346204   0.14928683   0.03737950   0.00743740   0.00115143   0.00013570   0.00001190   0.00000076   0.00000003   0.00000000   0.00000000   0.00000000   0.00000000   0.00000000   0.00000000   0.00000000   0.00000000   0.00000000   0.00000000   0.00000000   0.00000000   0.00000000   0.00000000   0.00000000   0.00000000   0.00000000   0.00000000   0.00000000   0.00000000   0.00000000   0.00000000 
-32.51500269 -31.81006682 -29.69879287 -26.26869929 -21.82142328 -16.79567025 -11.53211609  -6.20687503  -0.91964427   4.19746392   8.87325591  12.62381763  14.84919342  15.22244576  14.02429173  11.74664219   8.66914377   5.42172649   2.85567988   1.27201658   0.47579926   0.14708013   0.03686265   0.00734087   0.00113735   0.00013413   0.00001177   0.00000075   0.00000003   0.00000000   0.00000000   0.00000000   0.00000000   0.00000000   0.00000000   0.00000000   0.00000000   0.00000000   0.00000000   0.00000000   0.00000000   0.00000000   0.00000000   0.00000000   0.00000000   0.00000000   0.00000000   0.00000000   0.00000000   0.00000000   0.00000000 
-25.87672188 -25.43372530 -24.09099078 -21.82142328 -18.64809144 -14.73510532 -10.35194076  -5.72302938  -0.98651781   3.71717196   8.11980193  11.73679896  13.95618789  14.42465200  13.38448640  11.28593359   8.37390406   5.25565312   2.77472519   1.23824821   0.46392518   0.14362055   0.03604298   0.00718605   0.00111452   0.00013156   0.00001155   0.00000074   0.00000003   0.00000000   0.00000000   0.00000000   0.00000000   0.00000000   0.00000000   0.00000000   0.00000000   0.00000000   0.00000000   0.00000000   0.00000000   0.00000000   0.00000000   0.00000000   0.00000000   0.00000000   0.00000000   0.00000000   0.00000000   0.00000000   0.00000000 
-19.33828418 -19.06165866 -18.22332791 -16.79567025 -14.73510532 -12.01997543  -8.71811648  -4.97968547  -0.95398992   3.20686311   7.23686659  10.65353209  12.83487090  13.39959184  12.54519006  10.67000788   7.97245850   5.02642815   2.66144293   1.19037295   0.44687545   0.13859140   0.03483716   0.00695569   0.00108018   0.00012765   0.00001122   0.00000072   0.00000003   0.00000000   0.00000000   0.00000000   0.00000000   0.00000000   0.00000000   0.00000000   0.00000000   0.00000000   0.00000000   0.00000000   0.00000000   0.00000000   0.00000000   0.00000000   0.00000000   0.00000000   0.00000000   0.00000000   0.00000000   0.00000000   0.00000000 
-12.94882097 -12.79608354 -12.33137881 -11.53211609 -10.35194076  -8.71811648  -6.55830018  -3.86087761  -0.69895681   2.78620269   6.33170922   9.46011458  11.54480340  12.18022243  11.51778818   9.89683787   7.45766619   4.72729599   2.51140391   1.12610429   0.42369536   0.13167127   0.03315902   0.00663165   0.00103139   0.00012204   0.00001074   0.00000069   0.00000003   0.00000000   0.00000000   0.00000000   0.00000000   0.00000000   0.00000000   0.00000000   0.00000000   0.00000000   0.00000000   0.00000000   0.00000000   0.00000000   0.00000000   0.00000000   0.00000000   0.00000000   0.00000000   0.00000000   0.00000000   0.00000000   0.00000000 
 -6.73191954  -6.67804117  -6.51020554  -6.20687503  -5.72302938  -4.97968547  -3.86087761  -2.24154100  -0.05854324   2.62224292   5.56070022   8.28994487  10.18737677  10.83309358  10.33767325   8.97924428   6.83039419   4.35546081   2.32198736   1.04388395   0.39367828   0.12260855   0.03093828   0.00619870   0.00096563   0.00011443   0.00001008   0.00000065   0.00000003   0.00000000   0.00000000   0.00000000   0.00000000   0.00000000   0.00000000   0.00000000   0.00000000   0.00000000   0.00000000   0.00000000   0.00000000   0.00000000   0.00000000   0.00000000   0.00000000   0.00000000   0.00000000   0.00000000   0.00000000   0.00000000   0.00000000 
 -0.74217825  -0.76594985  -0.83173170  -0.91964427  -0.98651781  -0.95398992  -0.69895681  -0.05854324   1.12511778   2.90352413   5.11005556   7.30991136   8.89864438   9.45769044   9.06789845   7.94969611   6.10345200   3.91470198   2.09386513   0.94359064   0.35664583   0.11131177   0.02814396   0.00564926   0.00088152   0.00010462   0.00000923   0.00000059   0.00000003   0.00000000   0.00000000   0.00000000   0.00000000   0.00000000   0.00000000   0.00000000   0.00000000   0.00000000   0.00000000   0.00000000   0.00000000   0.00000000   0.00000000   0.00000000   0.00000000   0.00000000   0.00000000   0.00000000   0.00000000   0.00000000   0.00000000 
  4.89166521   4.81143670   4.57477416   4.19746392   3.71717196   3.20686311   2.78620269   2.62224292   2.90352413   3.76190822   5.13712767   6.67414674   7.81666398   8.16833970   7.79283106   6.86031365   5.30353351   3.41724358   1.83223571   0.82718026   0.31321549   0.09793951   0.02480843   0.00498844   0.00077968   0.00009267   0.00000819   0.00000053   0.00000002   0.00000000   0.00000000   0.00000000   0.00000000   0.00000000   0.00000000   0.00000000   0.00000000   0.00000000   0.00000000   0.00000000   0.00000000   0.00000000   0.00000000   0.00000000   0.00000000   0.00000000   0.00000000   0.00000000   0.00000000   0.00000000   0.00000000 
  9.89509097   9.77983617   9.43599639   8.87325591   8.11980193   7.23686659   6.33170922   5.56070022   5.11005556   5.13712767   5.66002929   6.43941603   7.01921891   7.05428664   6.59755662   5.77499528   4.46943071   2.88396436   1.54733279   0.69903595   0.26496930   0.08296265   0.02104517   0.00423797   0.00066334   0.00007895   0.00000699   0.00000045   0.00000002   0.00000000   0.00000000   0.00000000   0.00000000   0.00000000   0.00000000   0.00000000   0.00000000   0.00000000   0.00000000   0.00000000   0.00000000   0.00000000   0.00000000   0.00000000   0.00000000   0.00000000   0.00000000   0.00000000   0.00000000   0.00000000   0.00000000 
 13.78950574  13.65976862  13.27025955  12.62381763  11.73679896  10.65353209   9.46011458   8.28994487   7.30991136   6.67414674   6.43941603   6.47171727   6.45534158   6.13077710   5.53650990   4.75311502   3.64554403   2.34226335   1.25377576   0.56579778   0.21442509   0.06716498   0.01705105   0.00343703   0.00053855   0.00006417   0.00000568   0.00000037   0.00000002   0.00000000   0.00000000   0.00000000   0.00000000   0.00000000   0.00000000   0.00000000   0.00000000   0.00000000   0.00000000   0.00000000   0.00000000   0.00000000   0.00000000   0.00000000   0.00000000   0.00000000   0.00000000   0.00000000   0.00000000   0.00000000   0.00000000 
 15.99599408  15.86967325  15.48852470  14.84919342  13.95618789  12.83487090  11.54480340  10.18737677   8.89864438   7.81666398   7.01921891   6.45534158   5.94512092   5.32590108   4.61109617   3.83079201   2.87201280   1.82170072   0.96862486   0.43554660   0.16474370   0.05155683   0.01308581   0.00263834   0.00041361   0.00004932   0.00000437   0.00000028   0.00000001   0.00000000   0.00000000   0.00000000   0.00000000   0.00000000   0.00000000   0.00000000   0.00000000   0.00000000   0.00000000   0.00000000   0.00000000   0.00000000   0.00000000   0.00000000   0.00000000   0.00000000   0.00000000   0.00000000   0.00000000   0.00000000   0.00000000 
 16.22656194  16.11698866  15.78486728  15.22244576  14.42465200  13.39959184  12.18022243  10.83309358   9.45769044   8.16833970   7.05428664   6.13077710   5.32590108   4.55039176   3.78389467   3.01286151   2.17615317   1.34875703   0.70850873   0.31643735   0.11918991   0.03720214   0.00942756   0.00189920   0.00029765   0.00003549   0.00000315   0.00000020   0.00000001   0.00000000   0.00000000   0.00000000   0.00000000   0.00000000   0.00000000   0.00000000   0.00000000   0.00000000   0.00000000   0.00000000   0.00000000   0.00000000   0.00000000   0.00000000   0.00000000   0.00000000   0.00000000   0.00000000   0.00000000   0.00000000   0.00000000 
 14.81447427  14.72902405  14.46887375  14.02429173  13.38448640  12.54519006  11.51778818  10.33767325   9.06789845   7.79283106   6.59755662   5.53650990   4.61109617   3.78389467   3.01796269   2.28420982   1.57123294   0.94289162   0.48666277   0.21513265   0.08047717   0.02499873   0.00631422   0.00126924   0.00019864   0.00002367   0.00000210   0.00000014   0.00000001   0.00000000   0.00000000   0.00000000   0.00000000   0.00000000   0.00000000   0.00000000   0.00000000   0.00000000   0.00000000   0.00000000   0.00000000   0.00000000   0.00000000   0.00000000   0.00000000   0.00000000   0.00000000   0.00000000   0.00000000   0.00000000   0.00000000 
 12.30547914  12.24558342  12.06243157  11.74664219  11.28593359  10.67000788   9.89683787   8.97924428   7.94969611   6.86031365   5.77499528   4.75311502   3.83079201   3.01286151   2.28420982   1.63153410   1.06371663   0.61529462   0.31080125   0.13553331   0.05020873   0.01548390   0.00389021   0.00077899   0.00012159   0.00001446   0.00000128   0.00000008   0.00000000   0.00000000   0.00000000   0.00000000   0.00000000   0.00000000   0.00000000   0.00000000   0.00000000   0.00000000   0.00000000   0.00000000   0.00000000   0.00000000   0.00000000   0.00000000   0.00000000   0.00000000   0.00000000   0.00000000   0.00000000   0.00000000   0.00000000 
  9.02121278   8.98381134   8.86893753   8.66914377   8.37390406   7.97245850   7.45766619   6.83039419   6.10345200   5.30353351   4.46943071   3.64554403   2.87201280   2.17615317   1.57123294   1.06371663   0.66105652   0.36933015   0.18232673   0.07822860   0.02862008   0.00874030   0.00217946   0.00043394   0.00006744   0.00000800   0.00000071   0.00000005   0.00000000   0.00000000   0.00000000   0.00000000   0.00000000   0.00000000   0.00000000   0.00000000   0.00000000   0.00000000   0.00000000   0.00000000   0.00000000   0.00000000   0.00000000   0.00000000   0.00000000   0.00000000   0.00000000   0.00000000   0.00000000   0.00000000   0.00000000 
  5.61654925   5.59603874   5.53275453   5.42172649   5.25565312   5.02642815   4.72729599   4.35546081   3.91470198   3.41724358   2.88396436   2.34226335   1.82170072   1.34875703   0.94289162   0.61529462   0.36933015   0.20057040   0.09685198   0.04082112   0.01471528   0.00443968   0.00109633   0.00021662   0.00003347   0.00000395   0.00000035   0.00000002   0.00000000   0.00000000   0.00000000   0.00000000   0.00000000   0.00000000   0.00000000   0.00000000   0.00000000   0.00000000   0.00000000   0.00000000   0.00000000   0.00000000   0.00000000   0.00000000   0.00000000   0.00000000   0.00000000   0.00000000   0.00000000   0.00000000   0.00000000 
  2.94912759   2.93938147   2.90916526   2.85567988   2.77472519   2.66144293   2.51140391   2.32198736   2.09386513   1.83223571   1.54733279   1.25377576   0.96862486   0.70850873   0.48666277   0.31080125   0.18232673   0.09685198   0.04582749   0.01896306   0.00672508   0.00200067   0.00048828   0.00009555   0.00001465   0.00000172   0.00000015   0.00000001   0.00000000   0.00000000   0.00000000   0.00000000   0.00000000   0.00000000   0.00000000   0.00000000   0.00000000   0.00000000   0.00000000   0.00000000   0.00000000   0.00000000   0.00000000   0.00000000   0.00000000   0.00000000   0.00000000   0.00000000   0.00000000   0.00000000   0.00000000 
  1.31037086   1.30640949   1.29406589   1.27201658   1.23824821   1.19037295   1.12610429   1.04388395   0.94359064   0.82718026   0.69903595   0.56579778   0.43554660   0.31643735   0.21513265   0.13553331   0.07822860   0.04082112   0.01896306   0.00770605   0.00268684   0.00078718   0.00018958   0.00003668   0.00000557   0.00000065   0.00000006   0.00000000   0.00000000   0.00000000   0.00000000   0.00000000   0.00000000   0.00000000   0.00000000   0.00000000   0.00000000   0.00000000   0.00000000   0.00000000   0.00000000   0.00000000   0.00000000   0.00000000   0.00000000   0.00000000   0.00000000   0.00000000   0.00000000   0.00000000   0.00000000 
  0.48906886   0.48771204   0.48346204   0.47579926   0.46392518   0.44687545   0.42369536   0.39367828   0.35664583   0.31321549   0.26496930   0.21442509   0.16474370   0.11918991   0.08047717   0.05020873   0.02862008   0.01471528   0.00672508   0.00268684   0.00092124   0.00026568   0.00006308   0.00001205   0.00000181   0.00000021   0.00000002   0.00000000   0.00000000   0.00000000   0.00000000   0.00000000   0.00000000   0.00000000   0.00000000   0.00000000   0.00000000   0.00000000   0.00000000   0.00000000   0.00000000   0.00000000   0.00000000   0.00000000   0.00000000   0.00000000   0.00000000   0.00000000   0.00000000   0.00000000   0.00000000 
  0.15088419   0.15049921   0.14928683   0.14708013   0.14362055   0.13859140   0.13167127   0.12260855   0.11131177   0.09793951   0.08296265   0.06716498   0.05155683   0.03720214   0.02499873   0.01548390   0.00874030   0.00443968   0.00200067   0.00078718   0.00026568   0.00007544   0.00001765   0.00000333   0.00000049   0.00000006   0.00000000   0.00000000   0.00000000   0.00000000   0.00000000   0.00000000   0.00000000   0.00000000   0.00000000   0.00000000   0.00000000   0.00000000   0.00000000   0.00000000   0.00000000   0.00000000   0.00000000   0.00000000   0.00000000   0.00000000   0.00000000   0.00000000   0.00000000   0.00000000   0.00000000 
  0.03774958   0.03766076   0.03737950   0.03686265   0.03604298   0.03483716   0.03315902   0.03093828   0.02814396   0.02480843   0.02104517   0.01705105   0.01308581   0.00942756   0.00631422   0.00389021   0.00217946   0.00109633   0.00048828   0.00018958   0.00006308   0.00001765   0.00000407   0.00000076   0.00000011   0.00000001   0.00000000   0.00000000   0.00000000   0.00000000   0.00000000   0.00000000   0.00000000   0.00000000   0.00000000   0.00000000   0.00000000   0.00000000   0.00000000   0.00000000   0.00000000   0.00000000   0.00000000   0.00000000   0.00000000   0.00000000   0.00000000   0.00000000   0.00000000   0.00000000   0.00000000 
  0.00750577   0.00748943   0.00743740   0.00734087   0.00718605   0.00695569   0.00663165   0.00619870   0.00564926   0.00498844   0.00423797   0.00343703   0.00263834   0.00189920   0.00126924   0.00077899   0.00043394   0.00021662   0.00009555   0.00003668   0.00001205   0.00000333   0.00000076   0.00000014   0.00000002   0.00000000   0.00000000   0.00000000   0.00000000   0.00000000   0.00000000   0.00000000   0.00000000   0.00000000   0.00000000   0.00000000   0.00000000   0.00000000   0.00000000   0.00000000   0.00000000   0.00000000   0.00000000   0.00000000   0.00000000   0.00000000   0.00000000   0.00000000   0.00000000   0.00000000   0.00000000 
  0.00116129   0.00115895   0.00115143   0.00113735   0.00111452   0.00108018   0.00103139   0.00096563   0.00088152   0.00077968   0.00066334   0.00053855   0.00041361   0.00029765   0.00019864   0.00012159   0.00006744   0.00003347   0.00001465   0.00000557   0.00000181   0.00000049   0.00000011   0.00000002   0.00000000   0.00000000   0.00000000   0.00000000   0.00000000   0.00000000   0.00000000   0.00000000   0.00000000   0.00000000   0.00000000   0.00000000   0.00000000   0.00000000   0.00000000   0.00000000   0.00000000   0.00000000   0.00000000   0.00000000   0.00000000   0.00000000   0.00000000   0.00000000   0.00000000   0.00000000   0.00000000 
  0.00013678   0.00013653   0.00013570   0.00013413   0.00013156   0.00012765   0.00012204   0.00011443   0.00010462   0.00009267   0.00007895   0.00006417   0.00004932   0.00003549   0.00002367   0.00001446   0.00000800   0.00000395   0.00000172   0.00000065   0.00000021   0.00000006   0.00000001   0.00000000   0.00000000   0.00000000   0.00000000   0.00000000   0.00000000   0.00000000   0.00000000   0.00000000   0.00000000   0.00000000   0.00000000   0.00000000   0.00000000   0.00000000   0.00000000   0.00000000   0.00000000   0.00000000   0.00000000   0.00000000   0.00000000   0.00000000   0.00000000   0.00000000   0.00000000   0.00000000   0.00000000 
  0.00001199   0.00001197   0.00001190   0.00001177   0.00001155   0.00001122   0.00001074   0.00001008   0.00000923   0.00000819   0.00000699   0.00000568   0.00000437   0.00000315   0.00000210   0.00000128   0.00000071   0.00000035   0.00000015   0.00000006   0.00000002   0.00000000   0.00000000   0.00000000   0.00000000   0.00000000   0.00000000   0.00000000   0.00000000   0.00000000   0.00000000   0.00000000   0.00000000   0.00000000   0.00000000   0.00000000   0.00000000   0.00000000   0.00000000   0.00000000   0.00000000   0.00000000   0.00000000   0.00000000   0.00000000   0.00000000   0.00000000   0.00000000   0.00000000   0.00000000   0.00000000 
  0.00000076   0.00000076   0.00000076   0.00000075   0.00000074   0.00000072   0.00000069   0.00000065   0.00000059   0.00000053   0.00000045   0.00000037   0.00000028   0.00000020   0.00000014   0.00000008   0.00000005   0.00000002   0.00000001   0.00000000   0.00000000   0.00000000   0.00000000   0.00000000   0.00000000   0.00000000   0.00000000   0.00000000   0.00000000   0.00000000   0.00000000   0.00000000   0.00000000   0.00000000   0.00000000   0.00000000   0.00000000   0.00000000   0.00000000   0.00000000   0.00000000   0.00000000   0.00000000   0.00000000   0.00000000   0.00000000   0.00000000   0.00000000   0.00000000   0.00000000   0.00000000 
  0.00000003   0.00000003   0.00000003   0.00000003   0.00000003   0.00000003   0.00000003   0.00000003   0.00000003   0.00000002   0.00000002   0.00000002   0.00000001   0.00000001   0.00000001   0.00000000   0.00000000   0.00000000   0.00000000   0.00000000   0.00000000   0.00000000   0.00000000   0.00000000   0.00000000   0.00000000   0.00000000   0.00000000   0.00000000   0.00000000   0.00000000   0.00000000   0.00000000   0.00000000   0.00000000   0.00000000   0.00000000   0.00000000   0.00000000   0.00000000   0.00000000   0.00000000   0.00000000   0.00000000   0.00000000   0.00000000   0.00000000   0.00000000   0.00000000   0.00000000   0.00000000 
  0.00000000   0.00000000   0.00000000   0.00000000   0.00000000   0.00000000   0.00000000   0.00000000   0.00000000   0.00000000   0.00000000   0.00000000   0.00000000   0.00000000   0.00000000   0.00000000   0.00000000   0.00000000   0.00000000   0.00000000   0.00000000   0.00000000   0.00000000   0.00000000   0.00000000   0.00000000   0.00000000   0.00000000   0.00000000   0.00000000   0.00000000   0.00000000   0.00000000   0.00000000   0.00000000   0.00000000   0.00000000   0.00000000   0.00000000   0.00000000   0.00000000   0.00000000   0.00000000   0.00000000   0.00000000   0.00000000   0.00000000   0.00000000   0.00000000   0.00000000   0.00000000 
  0.00000000   0.00000000   0.00000000   0.00000000   0.00000000   0.00000000   0.00000000   0.00000000   0.00000000   0.00000000   0.00000000   0.00000000   0.00000000   0.00000000   0.00000000   0.00000000   0.00000000   0.00000000   0.00000000   0.00000000   0.00000000   0.00000000   0.00000000   0.00000000   0.00000000   0.00000000   0.00000000   0.00000000   0.00000000   0.00000000   0.00000000   0.00000000   0.00000000   0.00000000   0.00000000   0.00000000   0.00000000   0.00000000   0.00000000   0.00000000   0.00000000   0.00000000   0.00000000   0.00000000   0.00000000   0.00000000   0.00000000   0.00000000   0.00000000   0.00000000   0.00000000 
  0.00000000   0.00000000   0.00000000   0.00000000   0.00000000   0.00000000   0.00000000   0.00000000   0.00000000   0.00000000   0.00000000   0.00000000   0.00000000   0.00000000   0.00000000   0.00000000   0.00000000   0.00000000   0.00000000   0.00000000   0.00000000   0.00000000   0.00000000   0.00000000   0.00000000   0.00000000   0.00000000   0.00000000   0.00000000   0.00000000   0.00000000   0.00000000   0.00000000   0.00000000   0.00000000   0.00000000   0.00000000   0.00000000   0.00000000   0.00000000   0.00000000   0.00000000   0.00000000   0.00000000   0.00000000   0.00000000   0.00000000   0.00000000   0.00000000   0.00000000   0.00000000 
  0.00000000   0.00000000   0.00000000   0.00000000   0.00000000   0.00000000   0.00000000   0.00000000   0.00000000   0.00000000   0.00000000   0.00000000   0.00000000   0.00000000   0.00000000   0.00000000   0.00000000   0.00000000   0.00000000   0.00000000   0.00000000   0.00000000   0.00000000   0.00000000   0.00000000   0.00000000   0.00000000   0.00000000   0.00000000   0.00000000   0.00000000   0.00000000   0.00000000   0.00000000   0.00000000   0.00000000   0.00000000   0.00000000   0.00000000   0.00000000   0.00000000   0.00000000   0.00000000   0.00000000   0.00000000   0.00000000   0.00000000   0.00000000   0.00000000   0.00000000   0.00000000 
  0.00000000   0.00000000   0.00000000   0.00000000   0.00000000   0.00000000   0.00000000   0.00000000   0.00000000   0.00000000   0.00000000   0.00000000   0.00000000   0.00000000   0.00000000   0.00000000   0.00000000   0.00000000   0.00000000   0.00000000   0.00000000   0.00000000   0.00000000   0.00000000   0.00000000   0.00000000   0.00000000   0.00000000   0.00000000   0.00000000   0.00000000   0.00000000   0.00000000   0.00000000   0.00000000   0.00000000   0.00000000   0.00000000   0.00000000   0.00000000   0.00000000   0.00000000   0.00000000   0.00000000   0.00000000   0.00000000   0.00000000   0.00000000   0.00000000   0.00000000   0.00000000 
  0.00000000   0.00000000   0.00000000   0.00000000   0.00000000   0.00000000   0.00000000   0.00000000   0.00000000   0.00000000   0.00000000   0.00000000   0.00000000   0.00000000   0.00000000   0.00000000   0.00000000   0.00000000   0.00000000   0.00000000   0.00000000   0.00000000   0.00000000   0.00000000   0.00000000   0.00000000   0.00000000   0.00000000   0.00000000   0.00000000   0.00000000   0.00000000   0.00000000   0.00000000   0.00000000   0.00000000   0.00000000   0.00000000   0.00000000   0.00000000   0.00000000   0.00000000   0.00000000   0.00000000   0.00000000   0.00000000   0.00000000   0.00000000   0.00000000   0.00000000   0.00000000 
  0.00000000   0.00000000   0.00000000   0.00000000   0.00000000   0.00000000   0.00000000   0.00000000   0.00000000   0.00000000   0.00000000   0.00000000   0.00000000   0.00000000   0.00000000   0.00000000   0.00000000   0.00000000   0.00000000   0.00000000   0.00000000   0.00000000   0.00000000   0.00000000   0.00000000   0.00000000   0.00000000   0.00000000   0.00000000   0.00000000   0.00000000   0.00000000   0.00000000   0.00000000   0.00000000   0.00000000   0.00000000   0.00000000   0.00000000   0.00000000   0.00000000   0.00000000   0.00000000   0.00000000   0.00000000   0.00000000   0.00000000   0.00000000   0.00000000   0.00000000   0.00000000 
  0.00000000   0.00000000   0.00000000   0.00000000   0.00000000   0.00000000   0.00000000   0.00000000   0.00000000   0.00000000   0.00000000   0.00000000   0.00000000   0.00000000   0.00000000   0.00000000   0.00000000   0.00000000   0.00000000   0.00000000   0.00000000   0.00000000   0.00000000   0.00000000   0.00000000   0.00000000   0.00000000   0.00000000   0.00000000   0.00000000   0.00000000   0.00000000   0.00000000   0.00000000   0.00000000   0.00000000   0.00000000   0.00000000   0.00000000   0.00000000   0.00000000   0.00000000   0.00000000   0.00000000   0.00000000   0.00000000   0.00000000   0.00000000   0.00000000   0.00000000   0.00000000 
  0.00000000   0.00000000   0.00000000   0.00000000   0.00000000   0.00000000   0.00000000   0.00000000   0.00000000   0.00000000   0.00000000   0.00000000   0.00000000   0.00000000   0.00000000   0.00000000   0.00000000   0.00000000   0.00000000   0.00000000   0.00000000   0.00000000   0.00000000   0.00000000   0.00000000   0.00000000   0.00000000   0.00000000   0.00000000   0.00000000   0.00000000   0.00000000   0.00000000   0.00000000   0.00000000   0.00000000   0.00000000   0.00000000   0.00000000   0.00000000   0.00000000   0.00000000   0.00000000   0.00000000   0.00000000   0.00000000   0.00000000   0.00000000   0.00000000   0.00000000   0.00000000 
  0.00000000   0.00000000   0.00000000   0.00000000   0.00000000   0.00000000   0.00000000   0.00000000   0.00000000   0.00000000   0.00000000   0.00000000   0.00000000   0.00000000   0.00000000   0.00000000   0.00000000   0.00000000   0.00000000   0.00000000   0.00000000   0.00000000   0.00000000   0.00000000   0.00000000   0.00000000   0.00000000   0.00000000   0.00000000   0.00000000   0.00000000   0.00000000   0.00000000   0.00000000   0.00000000   0.00000000   0.00000000   0.00000000   0.00000000   0.00000000   0.00000000   0.00000000   0.00000000   0.00000000   0.00000000   0.00000000   0.00000000   0.00000000   0.00000000   0.00000000   0.00000000 
  0.00000000   0.00000000   0.00000000   0.00000000   0.00000000   0.00000000   0.00000000   0.00000000   0.00000000   0.00000000   0.00000000   0.00000000   0.00000000   0.00000000   0.00000000   0.00000000   0.00000000   0.00000000   0.00000000   0.00000000   0.00000000   0.00000000   0.00000000   0.00000000   0.00000000   0.00000000   0.00000000   0.00000000   0.00000000   0.00000000   0.00000000   0.00000000   0.00000000   0.00000000   0.00000000   0.00000000   0.00000000   0.00000000   0.00000000   0.00000000   0.00000000   0.00000000   0.00000000   0.00000000   0.00000000   0.00000000   0.00000000   0.00000000   0.00000000   0.00000000   0.00000000 
  0.00000000   0.00000000   0.00000000   0.00000000   0.00000000   0.00000000   0.00000000   0.00000000   0.00000000   0.00000000   0.00000000   0.00000000   0.00000000   0.00000000   0.00000000   0.00000000   0.00000000   0.00000000   0.00000000   0.00000000   0.00000000   0.00000000   0.00000000   0.00000000   0.00000000   0.00000000   0.00000000   0.00000000   0.00000000   0.00000000   0.00000000   0.00000000   0.00000000   0.00000000   0.00000000   0.00000000   0.00000000   0.00000000   0.00000000   0.00000000   0.00000000   0.00000000   0.00000000   0.00000000   0.00000000   0.00000000   0.00000000   0.00000000   0.00000000   0.00000000   0.00000000 
  0.00000000   0.00000000   0.00000000   0.00000000   0.00000000   0.00000000   0.00000000   0.00000000   0.00000000   0.00000000   0.00000000   0.00000000   0.00000000   0.00000000   0.00000000   0.00000000   0.00000000   0.00000000   0.00000000   0.00000000   0.00000000   0.00000000   0.00000000   0.00000000   0.00000000   0.00000000   0.00000000   0.00000000   0.00000000   0.00000000   0.00000000   0.00000000   0.00000000   0.00000000   0.00000000   0.00000000   0.00000000   0.00000000   0.00000000   0.00000000   0.00000000   0.00000000   0.00000000   0.00000000   0.00000000   0.00000000   0.00000000   0.00000000   0.00000000   0.00000000   0.00000000 
  0.00000000   0.00000000   0.00000000   0.00000000   0.00000000   0.00000000   0.00000000   0.00000000   0.00000000   0.00000000   0.00000000   0.00000000   0.00000000   0.00000000   0.00000000   0.00000000   0.00000000   0.00000000   0.00000000   0.00000000   0.00000000   0.00000000   0.00000000   0.00000000   0.00000000   0.00000000   0.00000000   0.00000000   0.00000000   0.00000000   0.00000000   0.00000000   0.00000000   0.00000000   0.00000000   0.00000000   0.00000000   0.00000000   0.00000000   0.00000000   0.00000000   0.00000000   0.00000000   0.00000000   0.00000000   0.00000000   0.00000000   0.00000000   0.00000000   0.00000000   0.00000000 
  0.00000000   0.00000000   0.00000000   0.00000000   0.00000000   0.00000000   0.00000000   0.00000000   0.00000000   0.00000000   0.00000000   0.00000000   0.00000000   0.00000000   0.00000000   0.00000000   0.00000000   0.00000000   0.00000000   0.00000000   0.00000000   0.00000000   0.00000000   0.00000000   0.00000000   0.00000000   0.00000000   0.00000000   0.00000000   0.00000000   0.00000000   0.00000000   0.00000000   0.00000000   0.00000000   0.00000000   0.00000000   0.00000000   0.00000000   0.00000000   0.00000000   0.00000000   0.00000000   0.00000000   0.00000000   0.00000000   0.00000000   0.00000000   0.00000000   0.00000000   0.00000000 
  0.00000000   0.00000000   0.00000000   0.00000000   0.00000000   0.00000000   0.00000000   0.00000000   0.00000000   0.00000000   0.00000000   0.00000000   0.00000000   0.00000000   0.00000000   0.00000000   0.00000000   0.00000000   0.00000000   0.00000000   0.00000000   0.00000000   0.00000000   0.00000000   0.00000000   0.00000000   0.00000000   0.00000000   0.00000000   0.00000000   0.00000000   0.00000000   0.00000000   0.00000000   0.00000000   0.00000000   0.00000000   0.00000000   0.00000000   0.00000000   0.00000000   0.00000000   0.00000000   0.00000000   0.00000000   0.00000000   0.00000000   0.00000000   0.00000000   0.00000000   0.00000000 
  0.00000000   0.00000000   0.00000000   0.00000000   0.00000000   0.00000000   0.00000000   0.00000000   0.00000000   0.00000000   0.00000000   0.00000000   0.00000000   0.00000000   0.00000000   0.00000000   0.00000000   0.00000000   0.00000000   0.00000000   0.00000000   0.00000000   0.00000000   0.00000000   0.00000000   0.00000000   0.00000000   0.00000000   0.00000000   0.00000000   0.00000000   0.00000000   0.00000000   0.00000000   0.00000000   0.00000000   0.00000000   0.00000000   0.00000000   0.00000000   0.00000000   0.00000000   0.00000000   0.00000000   0.00000000   0.00000000   0.00000000   0.00000000   0.00000000   0.00000000   0.00000000 
  0.00000000   0.00000000   0.00000000   0.00000000   0.00000000   0.00000000   0.00000000   0.00000000   0.00000000   0.00000000   0.00000000   0.00000000   0.00000000   0.00000000   0.00000000   0.00000000   0.00000000   0.00000000   0.00000000   0.00000000   0.00000000   0.00000000   0.00000000   0.00000000   0.00000000   0.00000000   0.00000000   0.00000000   0.00000000   0.00000000   0.00000000   0.00000000   0.00000000   0.00000000   0.00000000   0.00000000   0.00000000   0.00000000   0.00000000   0.00000000   0.00000000   0.00000000   0.00000000   0.00000000   0.00000000   0.00000000   0.00000000   0.00000000   0.00000000   0.00000000   0.00000000 
  0.00000000   0.00000000   0.00000000   0.00000000   0.00000000   0.00000000   0.00000000   0.00000000   0.00000000   0.00000000   0.00000000   0.00000000   0.00000000   0.00000000   0.00000000   0.00000000   0.00000000   0.00000000   0.00000000   0.00000000   0.00000000   0.00000000   0.00000000   0.00000000   0.00000000   0.00000000   0.00000000   0.00000000   0.00000000   0.00000000   0.00000000   0.00000000   0.00000000   0.00000000   0.00000000   0.00000000   0.00000000   0.00000000   0.00000000   0.00000000   0.00000000   0.00000000   0.00000000   0.00000000   0.00000000   0.00000000   0.00000000   0.00000000   0.00000000   0.00000000   0.00000000 
  0.00000000   0.00000000   0.00000000   0.00000000   0.00000000   0.00000000   0.00000000   0.00000000   0.00000000   0.00000000   0.00000000   0.00000000   0.00000000   0.00000000   0.00000000   0.00000000   0.00000000   0.00000000   0.00000000   0.00000000   0.00000000   0.00000000   0.00000000   0.00000000   0.00000000   0.00000000   0.00000000   0.00000000   0.00000000   0.00000000   0.00000000   0.00000000   0.00000000   0.00000000   0.00000000   0.00000000   0.00000000   0.00000000   0.00000000   0.00000000   0.00000000   0.00000000   0.00000000   0.00000000   0.00000000   0.00000000   0.00000000   0.00000000   0.00000000   0.00000000   0.00000000 
  0.00000000   0.00000000   0.00000000   0.00000000   0.00000000   0.00000000   0.00000000   0.00000000   0.00000000   0.00000000   0.00000000   0.00000000   0.00000000   0.00000000   0.00000000   0.00000000   0.00000000   0.00000000   0.00000000   0.00000000   0.00000000   0.00000000   0.00000000   0.00000000   0.00000000   0.00000000   0.00000000   0.00000000   0.00000000   0.00000000   0.00000000   0.00000000   0.00000000   0.00000000   0.00000000   0.00000000   0.00000000   0.00000000   0.00000000   0.00000000   0.00000000   0.00000000   0.00000000   0.00000000   0.00000000   0.00000000   0.00000000   0.00000000   0.00000000   0.00000000   0.00000000 
  0.00000000   0.00000000   0.00000000   0.00000000   0.00000000   0.00000000   0.00000000   0.00000000   0.00000000   0.00000000   0.00000000   0.00000000   0.00000000   0.00000000   0.00000000   0.00000000   0.00000000   0.00000000   0.00000000   0.00000000   0.00000000   0.00000000   0.00000000   0.00000000   0.00000000   0.00000000   0.00000000   0.00000000   0.00000000   0.00000000   0.00000000   0.00000000   0.00000000   0.00000000   0.00000000   0.00000000   0.00000000   0.00000000   0.00000000   0.00000000   0.00000000   0.00000000   0.00000000   0.00000000   0.00000000   0.00000000   0.00000000   0.00000000   0.00000000   0.00000000   0.00000000 
#
