# coconut-me2b/v0.99.21 
# 
# momentum space matrix elements 
# partial wave J=0, L=0/0, S=0, T=1, MT=1 
# 
# momentum grid [fm^-1]
0.000000 0.200000 0.400000 0.600000 0.800000 1.000000 1.200000 1.400000 1.600000 1.800000 2.000000 2.200000 2.400000 2.600000 2.800000 3.000000 3.200000 3.400000 3.600000 3.800000 4.000000 4.200000 4.400000 4.600000 4.800000 5.000000 5.200000 5.400000 5.600000 5.800000 6.000000 6.200000 6.400000 6.600000 6.800000 7.000000 7.200000 7.400000 7.600000 7.800000 8.000000 8.200000 8.400000 8.600000 8.800000 9.000000 9.200000 9.400000 9.600000 9.800000 10.000000 
#
# matrix elements [MeV fm^3] 
 57.03957430   1.67725085 -38.42183634 -27.32415337 -25.33084675 -17.40684821 -12.42126990  -5.70870898  -0.25601822   5.50794551  10.29862645  14.13895982  16.27428729  16.36870162  14.97857830  12.33260161   9.14364611   5.61901025   3.06826737   1.31192792   0.59906669   0.15102284   0.13228158   0.00776106   0.07942888   0.00300545   0.06299516   0.00702114   0.04911018   0.01172456   0.03687398   0.01627783   0.02641876   0.02020674   0.01781110   0.02321631   0.01104314   0.02515334   0.00603859   0.02597792   0.00266160   0.02573944   0.00072775   0.02455515   0.00001669   0.02259054   0.00028540   0.02004107   0.00128169   0.01711564   0.00275700 
  1.67725085 -14.20028379 -30.82562625 -28.90828061 -23.62254503 -17.82909540 -11.83259923  -5.91711306  -0.11971274   5.33822230  10.22439303  14.00000347  16.13218329  16.28931191  14.85050741  12.32128364   9.05281396   5.65341763   3.00331686   1.36194729   0.54601896   0.19937568   0.08711880   0.04887360   0.04261731   0.03544067   0.03505891   0.03056363   0.02990997   0.02680153   0.02574556   0.02375372   0.02233924   0.02123228   0.01953575   0.01910423   0.01721915   0.01727445   0.01530005   0.01567490   0.01370744   0.01425713   0.01238345   0.01298701   0.01127984   0.01184085   0.01035583   0.01080247   0.00957663   0.00986093   0.00891257 
-38.42183634 -30.82562625 -25.28424685 -26.16185327 -22.23200277 -16.91975184 -11.37202994  -5.72484080  -0.19786250   5.11487461   9.86628131  13.61967263  15.73735744  15.96498922  14.57880466  12.14571090   8.92888940   5.59738665   2.96605981   1.35596593   0.53619425   0.20332307   0.08248492   0.05276602   0.03937920   0.03826191   0.03285446   0.03238409   0.02861507   0.02775595   0.02522683   0.02398746   0.02245361   0.02089502   0.02013696   0.01834436   0.01816392   0.01623367   0.01645363   0.01448333   0.01494829   0.01302930   0.01360695   0.01181881   0.01240091   0.01080757   0.01131037   0.00995794   0.01032189   0.00923783   0.00942636 
-27.32415337 -28.90828061 -26.16185327 -21.47702577 -19.56980700 -15.44630413 -10.51577842  -5.42527575  -0.26582722   4.72388225   9.31324578  12.95742786  15.10447926  15.38830788  14.14056752  11.81886911   8.73605432   5.47824209   2.91936743   1.32774170   0.53434784   0.19627093   0.08655456   0.04896259   0.04276834   0.03560512   0.03518888   0.03068050   0.03001273   0.02688284   0.02583001   0.02380941   0.02241081   0.02126948   0.01959765   0.01912827   0.01727321   0.01728940   0.01534727   0.01568391   0.01374837   0.01426264   0.01241838   0.01299087   0.01130898   0.01184441   0.01037942   0.01080667   0.00959497   0.00986634   0.00892605 
-25.33084675 -23.62254503 -22.23200277 -19.56980700 -15.61680574 -13.11998713  -9.30184482  -4.89762548  -0.33995307   4.25782719   8.54358436  12.07639219  14.19454767  14.59515204  13.48702501  11.36406153   8.43104933   5.31896551   2.83144718   1.30035231   0.51713738   0.19805458   0.08157346   0.05282114   0.03964411   0.03848371   0.03306548   0.03255801   0.02876276   0.02789588   0.02532894   0.02410416   0.02252284   0.02099490   0.02018260   0.01843116   0.01819298   0.01630949   0.01647149   0.01454932   0.01495912   0.01308608   0.01361395   0.01186677   0.01240647   0.01084702   0.01131620   0.00998930   0.01032912   0.00926161   0.00943560 
-17.40684821 -17.82909540 -16.91975184 -15.44630413 -13.11998713  -9.88063667  -7.47861525  -4.13340044  -0.27572114   3.73546589   7.66912880  10.97465815  13.07649817  13.55337525  12.65193984  10.73607835   8.03580349   5.08162556   2.72487662   1.24659692   0.50597097   0.18844214   0.08501653   0.04906500   0.04306644   0.03593972   0.03545458   0.03091908   0.03022175   0.02704890   0.02600092   0.02392336   0.02255503   0.02134593   0.01972194   0.01917803   0.01738145   0.01732071   0.01544163   0.01570311   0.01383004   0.01427462   0.01248803   0.01299934   0.01136710   0.01185210   0.01042649   0.01081545   0.00963162   0.00987738   0.00895307 
-12.42126990 -11.83259923 -11.37202994 -10.51577842  -9.30184482  -7.47861525  -4.94856307  -2.87656833  -0.01193317   3.33565119   6.74739537   9.78515948  11.76726752  12.33643894  11.60975831   9.96795828   7.51132582   4.78919854   2.56828444   1.18878181   0.47781761   0.18682659   0.07942976   0.05280072   0.04008010   0.03886384   0.03342706   0.03285562   0.02901578   0.02813366   0.02550411   0.02430122   0.02264206   0.02116266   0.02026176   0.01857632   0.01824397   0.01643588   0.01650339   0.01465907   0.01497894   0.01318039   0.01362704   0.01194637   0.01241684   0.01091256   0.01132672   0.01004147   0.01034167   0.00930130   0.00945125 
 -5.70870898  -5.91711306  -5.72484080  -5.42527575  -4.89762548  -4.13340044  -2.87656833  -0.98845880   0.72912851   3.16993454   5.98844803   8.59575043  10.41166740  10.97191231  10.43334201   9.03886132   6.89050092   4.41002799   2.38580531   1.10123470   0.45377952   0.17353732   0.08190258   0.04907308   0.04351142   0.03645765   0.03586839   0.03128964   0.03054450   0.02730686   0.02626260   0.02410089   0.02277424   0.02146578   0.01990969   0.01925690   0.01754417   0.01737119   0.01558300   0.01573484   0.01395211   0.01429499   0.01259202   0.01301395   0.01145387   0.01186506   0.01049687   0.01082961   0.00968657   0.00989451   0.00899381 
 -0.25601822  -0.11971274  -0.19786250  -0.26582722  -0.33995307  -0.27572114  -0.01193317   0.72912851   2.11059955   3.52406998   5.52848991   7.62244423   9.10433569   9.59946713   9.15034247   8.01560323   6.15560508   3.97678917   2.15214565   1.00766352   0.41231301   0.16761527   0.07552525   0.05261900   0.04069369   0.03942144   0.03395554   0.03328965   0.02938515   0.02847675   0.02576020   0.02458285   0.02281724   0.02140048   0.02037919   0.01878075   0.01832077   0.01661299   0.01655255   0.01481233   0.01501040   0.01331180   0.01364835   0.01205722   0.01243366   0.01100387   0.01134311   0.01011432   0.01036031   0.00935699   0.00947370 
  5.50794551   5.33822230   5.11487461   4.72388225   4.25782719   3.73546589   3.33565119   3.16993454   3.52406998   4.52984628   5.60912369   6.97445982   8.02845789   8.29601869   7.88205197   6.91823726   5.36440436   3.47411571   1.89829575   0.88686591   0.37505480   0.15049203   0.07693118   0.04895288   0.04412612   0.03718395   0.03645134   0.03180913   0.03099339   0.02766829   0.02662225   0.02435043   0.02307238   0.02163555   0.02016285   0.01937010   0.01776211   0.01744511   0.01577138   0.01578260   0.01411424   0.01432659   0.01272989   0.01303694   0.01156889   0.01188498   0.01059030   0.01085031   0.00975981   0.00991842   0.00904851 
 10.29862645  10.22439303   9.86628131   9.31324578   8.54358436   7.66912880   6.74739537   5.98844803   5.52848991   5.60912369   6.24550520   6.78286879   7.22171468   7.19215243   6.67979739   5.84411199   4.52662613   2.95062400   1.60971669   0.76604017   0.32313940   0.14100723   0.06999817   0.05233955   0.04152774   0.04019126   0.03467742   0.03388044   0.02988805   0.02893700   0.02610915   0.02495582   0.02305722   0.02171197   0.02054176   0.01904613   0.01842894   0.01684133   0.01662352   0.01500895   0.01505720   0.01347989   0.01368086   0.01219883   0.01245924   0.01112061   0.01136703   0.01020774   0.01038613   0.00942883   0.00950350 
 14.13895982  14.00000347  13.61967263  12.95742786  12.07639219  10.97465815   9.78515948   8.59575043   7.62244423   6.97445982   6.78286879   6.90958807   6.69931413   6.26728237   5.63538638   4.82196179   3.71647353   2.40743576   1.32556353   0.62979910   0.27911551   0.12207705   0.07082573   0.04889360   0.04498589   0.03816303   0.03723681   0.03250367   0.03158768   0.02815037   0.02709099   0.02468412   0.02345571   0.02186433   0.02048466   0.01952477   0.01803665   0.01754824   0.01600710   0.01585110   0.01431618   0.01437323   0.01290120   0.01307131   0.01171176   0.01191411   0.01070658   0.01087911   0.00985138   0.00995003   0.00911751 
 16.27428729  16.13218329  15.73735744  15.10447926  14.19454767  13.07649817  11.76726752  10.41166740   9.10433569   8.02845789   7.22171468   6.69931413   6.27681789   5.50820230   4.71776234   3.92101421   2.94618377   1.90039336   1.03936539   0.50781418   0.22676924   0.11216898   0.06421288   0.05230615   0.04269038   0.04123287   0.03563410   0.03465928   0.03055002   0.02953247   0.02656808   0.02543046   0.02337429   0.02210283   0.02075880   0.01937531   0.01857582   0.01712205   0.01672219   0.01524914   0.01512411   0.01368439   0.01372837   0.01237083   0.01249649   0.01126249   0.01140063   0.01032166   0.01042053   0.00951706   0.00954140 
 16.36870162  16.28931191  15.96498922  15.38830788  14.59515204  13.55337525  12.33643894  10.97191231   9.59946713   8.29601869   7.19215243   6.26728237   5.50820230   4.82014075   3.94070315   3.11626920   2.27204388   1.43081205   0.79089037   0.38743820   0.18827682   0.09547089   0.06553499   0.04937544   0.04624120   0.03946894   0.03827708   0.03341276   0.03235664   0.02877810   0.02768565   0.02511899   0.02393376   0.02216449   0.02088030   0.01973035   0.01837032   0.01768802   0.01629113   0.01594629   0.01455807   0.01443966   0.01310570   0.01312078   0.01188217   0.01195523   0.01084554   0.01091796   0.00996141   0.00999057   0.00920125 
 14.97857830  14.85050741  14.57880466  14.14056752  13.48702501  12.65193984  11.60975831  10.43334201   9.15034247   7.88205197   6.67979739   5.63538638   4.71776234   3.94070315   3.26020951   2.43679230   1.68015180   1.04361724   0.57107408   0.29570260   0.14816018   0.08934732   0.06044778   0.05310933   0.04436525   0.04264272   0.03689028   0.03567447   0.03140906   0.03029044   0.02716140   0.02602239   0.02378525   0.02258185   0.02104261   0.01977300   0.01877082   0.01745741   0.01685599   0.01553374   0.01521703   0.01392542   0.01379551   0.01257303   0.01254899   0.01142935   0.01144649   0.01045613   0.01046524   0.00962202   0.00958838 
 12.33260161  12.32128364  12.14571090  11.81886911  11.36406153  10.73607835   9.96795828   9.03886132   8.01560323   6.91823726   5.84411199   4.82196179   3.92101421   3.11626920   2.43679230   1.86155931   1.21559413   0.72593355   0.41019554   0.21701096   0.12588196   0.07854335   0.06334015   0.05102075   0.04811686   0.04121980   0.03965526   0.03459724   0.03334525   0.02958803   0.02843163   0.02567876   0.02452101   0.02255254   0.02135783   0.01999899   0.01876740   0.01787377   0.01662551   0.01607548   0.01484069   0.01453164   0.01334356   0.01318980   0.01208009   0.01201171   0.01100724   0.01096923   0.01009017   0.01004152   0.00930032 
  9.14364611   9.05281396   8.92888940   8.73605432   8.43104933   8.03580349   7.51132582   6.89050092   6.15560508   5.36440436   4.52662613   3.71647353   2.94618377   2.27204388   1.68015180   1.21559413   0.87906535   0.51552329   0.28874077   0.17191607   0.10473446   0.07870101   0.06059668   0.05536742   0.04680689   0.04457576   0.03855024   0.03700273   0.03252297   0.03125284   0.02792423   0.02675524   0.02431317   0.02316243   0.02140936   0.02024664   0.01902590   0.01785135   0.01703406   0.01586463   0.01534308   0.01420376   0.01388782   0.01280572   0.01262095   0.01162133   0.01150771   0.01061140   0.01052237   0.00974421   0.00964568 
  5.61901025   5.65341763   5.59738665   5.47824209   5.31896551   5.08162556   4.78919854   4.41002799   3.97678917   3.47411571   2.95062400   2.40743576   1.90039336   1.43081205   1.04361724   0.72593355   0.51552329   0.40278596   0.23303364   0.13990039   0.10125147   0.07480746   0.06561084   0.05439708   0.05093037   0.04361059   0.04150997   0.03615482   0.03462495   0.03063515   0.02936801   0.02639724   0.02523948   0.02305085   0.02192974   0.02034646   0.01923484   0.01811715   0.01701392   0.01624755   0.01516586   0.01465601   0.01361563   0.01328364   0.01230593   0.01208747   0.01119200   0.01103573   0.01023813   0.01010470   0.00941545 
  3.06826737   3.00331686   2.96605981   2.91936743   2.83144718   2.72487662   2.56828444   2.38580531   2.15214565   1.89829575   1.60971669   1.32556353   1.03936539   0.79089037   0.57107408   0.41019554   0.28874077   0.23303364   0.23067111   0.14385929   0.09793825   0.08157440   0.06552977   0.05971587   0.05040894   0.04730446   0.04079350   0.03877278   0.03398391   0.03248629   0.02890897   0.02766552   0.02499050   0.02386516   0.02188068   0.02080792   0.01935634   0.01831038   0.01726769   0.01624536   0.01551082   0.01452124   0.01401185   0.01306984   0.01271732   0.01183904   0.01158791   0.01078804   0.01059442   0.00988434   0.00971484 
  1.31192792   1.36194729   1.35596593   1.32774170   1.30035231   1.24659692   1.18878181   1.10123470   1.00766352   0.88686591   0.76604017   0.62979910   0.50781418   0.38743820   0.29570260   0.21701096   0.17191607   0.13990039   0.14385929   0.17600017   0.11689348   0.08471487   0.07348963   0.06032061   0.05527649   0.04700880   0.04409430   0.03825366   0.03631567   0.03200655   0.03055705   0.02732433   0.02612334   0.02369056   0.02261534   0.02079360   0.01978360   0.01843290   0.01746256   0.01647337   0.01553702   0.01482095   0.01392378   0.01340848   0.01256082   0.01218712   0.01140064   0.01112074   0.01040610   0.01018230   0.00954759 
  0.59906669   0.54601896   0.53619425   0.53434784   0.51713738   0.50597097   0.47781761   0.45377952   0.41231301   0.37505480   0.32313940   0.27911551   0.22676924   0.18827682   0.14816018   0.12588196   0.10473446   0.10125147   0.09793825   0.11689348   0.15445021   0.10494232   0.07751099   0.06775310   0.05604929   0.05139999   0.04396486   0.04122023   0.03594972   0.03410278   0.03019799   0.02881153   0.02586482   0.02472211   0.02248640   0.02147500   0.01978217   0.01884492   0.01757104   0.01668187   0.01573061   0.01488126   0.01417534   0.01336740   0.01284387   0.01208376   0.01169132   0.01098706   0.01068434   0.01004344   0.00979776 
  0.15102284   0.19937568   0.20332307   0.19627093   0.19805458   0.18844214   0.18682659   0.17353732   0.16761527   0.15049203   0.14100723   0.12207705   0.11216898   0.09547089   0.08934732   0.07854335   0.07870101   0.07480746   0.08157440   0.08471487   0.10494232   0.14067093   0.09630832   0.07171352   0.06281258   0.05225842   0.04794187   0.04121593   0.03863708   0.03385062   0.03210356   0.02853801   0.02722731   0.02451696   0.02344480   0.02136893   0.02043089   0.01884019   0.01798136   0.01676644   0.01595995   0.01503631   0.01427145   0.01357161   0.01284686   0.01231602   0.01163464   0.01122813   0.01059529   0.01027697   0.00969794 
  0.13228158   0.08711880   0.08248492   0.08655456   0.08157346   0.08501653   0.07942976   0.08190258   0.07552525   0.07693118   0.06999817   0.07082573   0.06421288   0.06553499   0.06044778   0.06334015   0.06059668   0.06561084   0.06552977   0.07348963   0.07751099   0.09630832   0.12926370   0.08889948   0.06660786   0.05842486   0.04885203   0.04484165   0.03872178   0.03630758   0.03193103   0.03029156   0.02700996   0.02578477   0.02326961   0.02227641   0.02033059   0.01947131   0.01796238   0.01718372   0.01601532   0.01528952   0.01438759   0.01370186   0.01300743   0.01235776   0.01182291   0.01121013   0.01079564   0.01022293   0.00989678 
  0.00776106   0.04887360   0.05276602   0.04896259   0.05282114   0.04906500   0.05280072   0.04907308   0.05261900   0.04895288   0.05233955   0.04889360   0.05230615   0.04937544   0.05310933   0.05102075   0.05536742   0.05439708   0.05971587   0.06032061   0.06775310   0.07171352   0.08889948   0.11927147   0.08235351   0.06204628   0.05450392   0.04577543   0.04205212   0.03644988   0.03419976   0.03017005   0.02864380   0.02560004   0.02446675   0.02211345   0.02120378   0.01936493   0.01858598   0.01714417   0.01644393   0.01531427   0.01466427   0.01378176   0.01316762   0.01248052   0.01189640   0.01136246   0.01080755   0.01039189   0.00986810 
  0.07942888   0.04261731   0.03937920   0.04276834   0.03964411   0.04306644   0.04008010   0.04351142   0.04069369   0.04412612   0.04152774   0.04498589   0.04269038   0.04624120   0.04436525   0.04811686   0.04680689   0.05093037   0.05040894   0.05527649   0.05604929   0.06281258   0.06660786   0.08235351   0.11042058   0.07653134   0.05794839   0.05098607   0.04298511   0.03953329   0.03437338   0.03228606   0.02855034   0.02714026   0.02429668   0.02325820   0.02104057   0.02021535   0.01846636   0.01776595   0.01638145   0.01575503   0.01466011   0.01407884   0.01321620   0.01266468   0.01198856   0.01145980   0.01093253   0.01042478   0.01001479 
  0.00300545   0.03544067   0.03826191   0.03560512   0.03848371   0.03593972   0.03886384   0.03645765   0.03942144   0.03718395   0.04019126   0.03816303   0.04123287   0.03946894   0.04264272   0.04121980   0.04457576   0.04361059   0.04730446   0.04700880   0.05139999   0.05225842   0.05842486   0.06204628   0.07653134   0.10253670   0.07132990   0.05425073   0.04781796   0.04044519   0.03725088   0.03247000   0.03054260   0.02705736   0.02576350   0.02309008   0.02214599   0.02004414   0.01930107   0.01762995   0.01700347   0.01567046   0.01511108   0.01404980   0.01352871   0.01268831   0.01218967   0.01152922   0.01104555   0.01053091   0.01006016 
  0.06299516   0.03505891   0.03285446   0.03518888   0.03306548   0.03545458   0.03342706   0.03586839   0.03395554   0.03645134   0.03467742   0.03723681   0.03563410   0.03827708   0.03689028   0.03965526   0.03855024   0.04150997   0.04079350   0.04409430   0.04396486   0.04794187   0.04885203   0.05450392   0.05794839   0.07132990   0.09548060   0.06666387   0.05090111   0.04495433   0.03812587   0.03517545   0.03072105   0.02894868   0.02567879   0.02449833   0.02197178   0.02111868   0.01911812   0.01845222   0.01685118   0.01629188   0.01500766   0.01450702   0.01348040   0.01301012   0.01219549   0.01173987   0.01110010   0.01065175   0.01015538 
  0.00702114   0.03056363   0.03238409   0.03068050   0.03255801   0.03091908   0.03285562   0.03128964   0.03328965   0.03180913   0.03388044   0.03250367   0.03465928   0.03341276   0.03567447   0.03459724   0.03700273   0.03615482   0.03877278   0.03825366   0.04122023   0.04121593   0.04484165   0.04577543   0.05098607   0.05425073   0.06666387   0.08913807   0.06246168   0.04785623   0.04235657   0.03600220   0.03328160   0.02911071   0.02748635   0.02440404   0.02333155   0.02093439   0.02016639   0.01825710   0.01766132   0.01612590   0.01562554   0.01438967   0.01393865   0.01294899   0.01252000   0.01173515   0.01131310   0.01069883   0.01027693 
  0.04911018   0.02990997   0.02861507   0.03001273   0.02876276   0.03022175   0.02901578   0.03054450   0.02938515   0.03099339   0.02988805   0.03158768   0.03055002   0.03235664   0.03140906   0.03334525   0.03252297   0.03462495   0.03398391   0.03631567   0.03594972   0.03863708   0.03872178   0.04205212   0.04298511   0.04781796   0.05090111   0.06246168   0.08341463   0.05866291   0.04507987   0.03999160   0.03405309   0.03154741   0.02762543   0.02614006   0.02322390   0.02225174   0.01997133   0.01928058   0.01745614   0.01692199   0.01545018   0.01499969   0.01381320   0.01340247   0.01245274   0.01205586   0.01130470   0.01090766   0.01032302 
  0.01172456   0.02680153   0.02775595   0.02688284   0.02789588   0.02704890   0.02813366   0.02730686   0.02847675   0.02766829   0.02893700   0.02815037   0.02953247   0.02877810   0.03029044   0.02958803   0.03125284   0.03063515   0.03248629   0.03200655   0.03410278   0.03385062   0.03630758   0.03644988   0.03953329   0.04044519   0.04495433   0.04785623   0.05866291   0.07823155   0.05521629   0.04254151   0.03783105   0.03226054   0.02995395   0.02625348   0.02489635   0.02213022   0.02124907   0.01907660   0.01845397   0.01671061   0.01622883   0.01482026   0.01441037   0.01327506   0.01289564   0.01198881   0.01161569   0.01090162   0.01052219 
  0.03687398   0.02574556   0.02522683   0.02583001   0.02532894   0.02600092   0.02550411   0.02626260   0.02576020   0.02662225   0.02610915   0.02709099   0.02656808   0.02768565   0.02716140   0.02843163   0.02792423   0.02936801   0.02890897   0.03055705   0.03019799   0.03210356   0.03193103   0.03419976   0.03437338   0.03725088   0.03812587   0.04235657   0.04507987   0.05521629   0.07352273   0.05207814   0.04021519   0.03585050   0.03060903   0.02848489   0.02498455   0.02374367   0.02111568   0.02031513   0.01824473   0.01768038   0.01601616   0.01557730   0.01423255   0.01385429   0.01277216   0.01241582   0.01155446   0.01119789   0.01052343 
  0.01627783   0.02375372   0.02398746   0.02380941   0.02410416   0.02392336   0.02430122   0.02410089   0.02458285   0.02435043   0.02495582   0.02468412   0.02543046   0.02511899   0.02602239   0.02567876   0.02675524   0.02639724   0.02766552   0.02732433   0.02881153   0.02853801   0.03029156   0.03017005   0.03228606   0.03247000   0.03517545   0.03600220   0.03999160   0.04254151   0.05207814   0.06923229   0.04921115   0.03807865   0.03402897   0.02908502   0.02712617   0.02380947   0.02267206   0.02017362   0.01944271   0.01747060   0.01695459   0.01536869   0.01496362   0.01368357   0.01332877   0.01230148   0.01196113   0.01114705   0.01080118 
  0.02641876   0.02233924   0.02245361   0.02241081   0.02252284   0.02255503   0.02264206   0.02277424   0.02281724   0.02307238   0.02305722   0.02345571   0.02337429   0.02393376   0.02378525   0.02452101   0.02431317   0.02523948   0.02499050   0.02612334   0.02586482   0.02722731   0.02700996   0.02864380   0.02855034   0.03054260   0.03072105   0.03328160   0.03405309   0.03783105   0.04021519   0.04921115   0.06531260   0.04658333   0.03611258   0.03234840   0.02767655   0.02586573   0.02271998   0.02167304   0.01929794   0.01862573   0.01674942   0.01627219   0.01476427   0.01438466   0.01317002   0.01283157   0.01186016   0.01153003   0.01076403 
  0.02020674   0.02123228   0.02089502   0.02126948   0.02099490   0.02134593   0.02116266   0.02146578   0.02140048   0.02163555   0.02171197   0.02186433   0.02210283   0.02216449   0.02258185   0.02255254   0.02316243   0.02305085   0.02386516   0.02369056   0.02472211   0.02451696   0.02578477   0.02560004   0.02714026   0.02705736   0.02894868   0.02911071   0.03154741   0.03226054   0.03585050   0.03807865   0.04658333   0.06172281   0.04416727   0.03430012   0.03079329   0.02637299   0.02469321   0.02170859   0.02073936   0.01848297   0.01785904   0.01607671   0.01562952   0.01419917   0.01383779   0.01268872   0.01236086   0.01144545   0.01112124 
  0.01781110   0.01953575   0.02013696   0.01959765   0.02018260   0.01972194   0.02026176   0.01990969   0.02037919   0.02016285   0.02054176   0.02048466   0.02075880   0.02088030   0.02104261   0.02135783   0.02140936   0.02192974   0.02188068   0.02261534   0.02248640   0.02344480   0.02326961   0.02446675   0.02429668   0.02576350   0.02567879   0.02748635   0.02762543   0.02995395   0.03060903   0.03402897   0.03611258   0.04416727   0.05842758   0.04193940   0.03262637   0.02935031   0.02516477   0.02359977   0.02076842   0.01986486   0.01772345   0.01713827   0.01544821   0.01502348   0.01366989   0.01332084   0.01223670   0.01191510   0.01105481 
  0.02321631   0.01910423   0.01834436   0.01912827   0.01843116   0.01917803   0.01857632   0.01925690   0.01878075   0.01937010   0.01904613   0.01952477   0.01937531   0.01973035   0.01977300   0.01999899   0.02024664   0.02034646   0.02080792   0.02079360   0.02147500   0.02136893   0.02227641   0.02211345   0.02325820   0.02309008   0.02449833   0.02440404   0.02614006   0.02625348   0.02848489   0.02908502   0.03234840   0.03430012   0.04193940   0.05539618   0.03987949   0.03107809   0.02800804   0.02404321   0.02257782   0.01989315   0.01904432   0.01701446   0.01645975   0.01485998   0.01445146   0.01317313   0.01283193   0.01181118   0.01149296 
  0.01104314   0.01721915   0.01816392   0.01727321   0.01819298   0.01738145   0.01824397   0.01754417   0.01832077   0.01776211   0.01842894   0.01803665   0.01857582   0.01837032   0.01877082   0.01876740   0.01902590   0.01923484   0.01935634   0.01978360   0.01978217   0.02043089   0.02033059   0.02120378   0.02104057   0.02214599   0.02197178   0.02333155   0.02322390   0.02489635   0.02498455   0.02712617   0.02767655   0.03079329   0.03262637   0.03987949   0.05260168   0.03797009   0.02964344   0.02675667   0.02300042   0.02162092   0.01907695   0.01827326   0.01635145   0.01582034   0.01430831   0.01391123   0.01270583   0.01236948   0.01140961 
  0.02515334   0.01727445   0.01623367   0.01728940   0.01630949   0.01732071   0.01643588   0.01737119   0.01661299   0.01744511   0.01684133   0.01754824   0.01712205   0.01768802   0.01745741   0.01787377   0.01785135   0.01811715   0.01831038   0.01843290   0.01884492   0.01884019   0.01947131   0.01936493   0.02021535   0.02004414   0.02111868   0.02093439   0.02225174   0.02213022   0.02374367   0.02380947   0.02586573   0.02637299   0.02935031   0.03107809   0.03797009   0.05002036   0.03619617   0.02831174   0.02558776   0.02202919   0.02072351   0.01831445   0.01754787   0.01573021   0.01521733   0.01378978   0.01340085   0.01226519   0.01193203 
  0.00603859   0.01530005   0.01645363   0.01534727   0.01647149   0.01544163   0.01650339   0.01558300   0.01655255   0.01577138   0.01662352   0.01600710   0.01672219   0.01629113   0.01685599   0.01662551   0.01703406   0.01701392   0.01726769   0.01746256   0.01757104   0.01798136   0.01796238   0.01858598   0.01846636   0.01930107   0.01911812   0.02016639   0.01997133   0.02124907   0.02111568   0.02267206   0.02271998   0.02469321   0.02516477   0.02800804   0.02964344   0.03619617   0.04763123   0.03454477   0.02707337   0.02449406   0.02112294   0.01988083   0.01760071   0.01686485   0.01514684   0.01464838   0.01330129   0.01291859   0.01184868 
  0.02597792   0.01567490   0.01448333   0.01568391   0.01454932   0.01570311   0.01465907   0.01573484   0.01481233   0.01578260   0.01500895   0.01585110   0.01524914   0.01594629   0.01553374   0.01607548   0.01586463   0.01624755   0.01624536   0.01647337   0.01668187   0.01676644   0.01718372   0.01714417   0.01776595   0.01762995   0.01845222   0.01825710   0.01928058   0.01907660   0.02031513   0.02017362   0.02167304   0.02170859   0.02359977   0.02404321   0.02675667   0.02831174   0.03454477   0.04541563   0.03300462   0.02591962   0.02346928   0.02027568   0.01908871   0.01693120   0.01622129   0.01459781   0.01411138   0.01284001   0.01246286 
  0.00266160   0.01370744   0.01494829   0.01374837   0.01495912   0.01383004   0.01497894   0.01395211   0.01501040   0.01411424   0.01505720   0.01431618   0.01512411   0.01455807   0.01521703   0.01484069   0.01534308   0.01516586   0.01551082   0.01553702   0.01573061   0.01595995   0.01601532   0.01644393   0.01638145   0.01700347   0.01685118   0.01766132   0.01745614   0.01845397   0.01824473   0.01944271   0.01929794   0.02073936   0.02076842   0.02257782   0.02300042   0.02558776   0.02707337   0.03300462   0.04335695   0.03156594   0.02484259   0.02250792   0.01948192   0.01834352   0.01630184   0.01561463   0.01407994   0.01360442   0.01240341 
  0.02573944   0.01425713   0.01302930   0.01426264   0.01308608   0.01427462   0.01318039   0.01429499   0.01331180   0.01432659   0.01347989   0.01437323   0.01368439   0.01443966   0.01392542   0.01453164   0.01420376   0.01465601   0.01452124   0.01482095   0.01488126   0.01503631   0.01528952   0.01531427   0.01575503   0.01567046   0.01629188   0.01612590   0.01692199   0.01671061   0.01768038   0.01747060   0.01862573   0.01848297   0.01986486   0.01989315   0.02162092   0.02202919   0.02449406   0.02591962   0.03156594   0.04144033   0.03022015   0.02383519   0.02160518   0.01873675   0.01764201   0.01570891   0.01504251   0.01359038   0.01312571 
  0.00072775   0.01238345   0.01360695   0.01241838   0.01361395   0.01248803   0.01362704   0.01259202   0.01364835   0.01272989   0.01368086   0.01290120   0.01372837   0.01310570   0.01379551   0.01334356   0.01388782   0.01361563   0.01401185   0.01392378   0.01417534   0.01427145   0.01438759   0.01466427   0.01466011   0.01511108   0.01500766   0.01562554   0.01545018   0.01622883   0.01601616   0.01695459   0.01674942   0.01785904   0.01772345   0.01904432   0.01907695   0.02072351   0.02112294   0.02346928   0.02484259   0.03022015   0.03965254   0.02895969   0.02289099   0.02075674   0.01803572   0.01698125   0.01514913   0.01450277   0.01312660 
  0.02455515   0.01298701   0.01181881   0.01299087   0.01186677   0.01299934   0.01194637   0.01301395   0.01205722   0.01303694   0.01219883   0.01307131   0.01237083   0.01312078   0.01257303   0.01318980   0.01280572   0.01328364   0.01306984   0.01340848   0.01336740   0.01357161   0.01370186   0.01378176   0.01407884   0.01404980   0.01450702   0.01438967   0.01499969   0.01482026   0.01557730   0.01536869   0.01627219   0.01607671   0.01713827   0.01701446   0.01827326   0.01831445   0.01988083   0.02027568   0.02250792   0.02383519   0.02895969   0.03798172   0.02777786   0.02200426   0.01995874   0.01737485   0.01635854   0.01461958   0.01399336 
  0.00001669   0.01127984   0.01240091   0.01130898   0.01240647   0.01136710   0.01241684   0.01145387   0.01243366   0.01156889   0.01245924   0.01171176   0.01249649   0.01188217   0.01254899   0.01208009   0.01262095   0.01230593   0.01271732   0.01256082   0.01284387   0.01284686   0.01300743   0.01316762   0.01321620   0.01352871   0.01348040   0.01393865   0.01381320   0.01441037   0.01423255   0.01496362   0.01476427   0.01562952   0.01544821   0.01645975   0.01635145   0.01754787   0.01760071   0.01908871   0.01948192   0.02160518   0.02289099   0.02777786   0.03641730   0.02666862   0.02116988   0.01920766   0.01675065   0.01577137   0.01411769 
  0.02259054   0.01184085   0.01080757   0.01184441   0.01084702   0.01185210   0.01091256   0.01186506   0.01100387   0.01188498   0.01112061   0.01191411   0.01126249   0.01195523   0.01142935   0.01201171   0.01162133   0.01208747   0.01183904   0.01218712   0.01208376   0.01231602   0.01235776   0.01248052   0.01266468   0.01268831   0.01301012   0.01294899   0.01340247   0.01327506   0.01385429   0.01368357   0.01438466   0.01419917   0.01502348   0.01485998   0.01582034   0.01573021   0.01686485   0.01693120   0.01834352   0.01873675   0.02075674   0.02200426   0.02666862   0.03494986   0.02562652   0.02038328   0.01850022   0.01616002   0.01521736 
  0.00028540   0.01035583   0.01131037   0.01037942   0.01131620   0.01042649   0.01132672   0.01049687   0.01134311   0.01059030   0.01136703   0.01070658   0.01140063   0.01084554   0.01144649   0.01100724   0.01150771   0.01119200   0.01158791   0.01140064   0.01169132   0.01163464   0.01182291   0.01189640   0.01198856   0.01218967   0.01219549   0.01252000   0.01245274   0.01289564   0.01277216   0.01332877   0.01317002   0.01383779   0.01366989   0.01445146   0.01430831   0.01521733   0.01514684   0.01622129   0.01630184   0.01764201   0.01803572   0.01995874   0.02116988   0.02562652   0.03357102   0.02464659   0.01964044   0.01783339   0.01560026 
  0.02004107   0.01080247   0.00995794   0.01080667   0.00998930   0.01081545   0.01004147   0.01082961   0.01011432   0.01085031   0.01020774   0.01087911   0.01032166   0.01091796   0.01045613   0.01096923   0.01061140   0.01103573   0.01078804   0.01112074   0.01098706   0.01122813   0.01121013   0.01136246   0.01145980   0.01152922   0.01173987   0.01173515   0.01205586   0.01198881   0.01241582   0.01230148   0.01283157   0.01268872   0.01332084   0.01317313   0.01391123   0.01378978   0.01464838   0.01459781   0.01561463   0.01570891   0.01698125   0.01737485   0.01920766   0.02038328   0.02464659   0.03227331   0.02372425   0.01893784   0.01720430 
  0.00128169   0.00957663   0.01032189   0.00959497   0.01032912   0.00963162   0.01034167   0.00968657   0.01036031   0.00975981   0.01038613   0.00985138   0.01042053   0.00996141   0.01046524   0.01009017   0.01052237   0.01023813   0.01059442   0.01040610   0.01068434   0.01059529   0.01079564   0.01080755   0.01093253   0.01104555   0.01110010   0.01131310   0.01130470   0.01161569   0.01155446   0.01196113   0.01186016   0.01236086   0.01223670   0.01283193   0.01270583   0.01340085   0.01330129   0.01411138   0.01407994   0.01504251   0.01514913   0.01635854   0.01675065   0.01850022   0.01964044   0.02372425   0.03105013   0.02285526   0.01827238 
  0.01711564   0.00986093   0.00923783   0.00986634   0.00926161   0.00987738   0.00930130   0.00989451   0.00935699   0.00991842   0.00942883   0.00995003   0.00951706   0.00999057   0.00962202   0.01004152   0.00974421   0.01010470   0.00988434   0.01018230   0.01004344   0.01027697   0.01022293   0.01039189   0.01042478   0.01053091   0.01065175   0.01069883   0.01090766   0.01090162   0.01119789   0.01114705   0.01153003   0.01144545   0.01191510   0.01181118   0.01236948   0.01226519   0.01291859   0.01284001   0.01360442   0.01359038   0.01450277   0.01461958   0.01577137   0.01616002   0.01783339   0.01893784   0.02285526   0.02989561   0.02203567 
  0.00275700   0.00891257   0.00942636   0.00892605   0.00943560   0.00895307   0.00945125   0.00899381   0.00947370   0.00904851   0.00950350   0.00911751   0.00954140   0.00920125   0.00958838   0.00930032   0.00964568   0.00941545   0.00971484   0.00954759   0.00979776   0.00969794   0.00989678   0.00986810   0.01001479   0.01006016   0.01015538   0.01027693   0.01032302   0.01052219   0.01052343   0.01080118   0.01076403   0.01112124   0.01105481   0.01149296   0.01140961   0.01193203   0.01184868   0.01246286   0.01240341   0.01312571   0.01312660   0.01399336   0.01411769   0.01521736   0.01560026   0.01720430   0.01827238   0.02203567   0.02880454 
#
