# coconut-me2b/v0.99.21 
# 
# momentum space matrix elements 
# partial wave J=2, L=2/2, S=1, T=0, MT=0 
# 
# momentum grid [fm^-1]
0.000000 0.200000 0.400000 0.600000 0.800000 1.000000 1.200000 1.400000 1.600000 1.800000 2.000000 2.200000 2.400000 2.600000 2.800000 3.000000 3.200000 3.400000 3.600000 3.800000 4.000000 4.200000 4.400000 4.600000 4.800000 5.000000 5.200000 5.400000 5.600000 5.800000 6.000000 6.200000 6.400000 6.600000 6.800000 7.000000 7.200000 7.400000 7.600000 7.800000 8.000000 8.200000 8.400000 8.600000 8.800000 9.000000 9.200000 9.400000 9.600000 9.800000 10.000000 
#
# matrix elements [MeV fm^3] 
  0.00179174  -0.00000000  -0.00000000  -0.00000000  -0.00000000  -0.00000000   0.00000000   0.00000000  -0.00000000   0.00000000   0.00000000   0.00000000  -0.00000000  -0.00000000   0.00000000   0.00000000   0.00000000   0.00000000   0.00000000   0.00000000   0.00000000   0.00000000   0.00000000   0.00000000   0.00000000   0.00000000   0.00000000   0.00000000   0.00000000   0.00000000   0.00000000   0.00000000   0.00000000   0.00000000   0.00000000   0.00000000   0.00000000   0.00000000   0.00000000  -0.00000000   0.00000000   0.00000000   0.00000000   0.00000000   0.00000000   0.00000000   0.00000000  -0.00000000  -0.00000000   0.00000000   0.00000000 
 -0.00000000  -0.20814460  -0.51681856  -0.61247714  -0.54856045  -0.44095866  -0.34085546  -0.25958734  -0.19558594  -0.14419844  -0.09982407  -0.05682723  -0.01231230   0.02970696   0.05832443   0.06487177   0.05249314   0.03301671   0.01671321   0.00698706   0.00243179   0.00069766   0.00016214   0.00002994   0.00000430   0.00000047   0.00000004   0.00000000   0.00000000   0.00000000   0.00000000   0.00000000   0.00000000   0.00000000   0.00000000   0.00000000   0.00000000   0.00000000   0.00000000   0.00000000   0.00000000   0.00000000   0.00000000   0.00000000   0.00000000   0.00000000   0.00000000   0.00000000   0.00000000   0.00000000   0.00000000 
 -0.00000000  -0.51681856  -1.47233514  -1.99086482  -1.94615371  -1.64218703  -1.30202075  -1.00503986  -0.76302881  -0.56517921  -0.39236332  -0.22344911  -0.04746615   0.11928674   0.23307306   0.25906244   0.20960551   0.13183201   0.06673215   0.02789706   0.00970913   0.00278545   0.00064735   0.00011953   0.00001718   0.00000188   0.00000015   0.00000001   0.00000000   0.00000000   0.00000000   0.00000000   0.00000000   0.00000000   0.00000000   0.00000000   0.00000000   0.00000000   0.00000000   0.00000000   0.00000000   0.00000000   0.00000000   0.00000000   0.00000000   0.00000000   0.00000000   0.00000000   0.00000000   0.00000000   0.00000000 
 -0.00000000  -0.61247714  -1.99086482  -3.16151937  -3.52989840  -3.24241350  -2.69566371  -2.13521735  -1.64519585  -1.23001047  -0.85926876  -0.49091804  -0.10265742   0.26786933   0.52176568   0.57998902   0.46939279   0.29526621   0.14946362   0.06248070   0.02174472   0.00623818   0.00144976   0.00026769   0.00003847   0.00000421   0.00000034   0.00000002   0.00000000   0.00000000   0.00000000   0.00000000   0.00000000   0.00000000   0.00000000   0.00000000   0.00000000   0.00000000   0.00000000   0.00000000   0.00000000   0.00000000   0.00000000   0.00000000   0.00000000   0.00000000   0.00000000   0.00000000   0.00000000   0.00000000   0.00000000 
 -0.00000000  -0.54856045  -1.94615371  -3.52989840  -4.55096230  -4.69315057  -4.20387737  -3.47730032  -2.74844027  -2.08903113  -1.47700743  -0.85203318  -0.18077254   0.46721311   0.91468552   1.01920396   0.82589505   0.51980335   0.26316205   0.11000874   0.03828394   0.01098263   0.00255232   0.00047125   0.00006773   0.00000742   0.00000060   0.00000004   0.00000000   0.00000000   0.00000000   0.00000000   0.00000000   0.00000000   0.00000000   0.00000000   0.00000000   0.00000000   0.00000000   0.00000000   0.00000000   0.00000000   0.00000000   0.00000000   0.00000000   0.00000000   0.00000000   0.00000000   0.00000000   0.00000000   0.00000000 
 -0.00000000  -0.44095866  -1.64218703  -3.24241350  -4.69315057  -5.46969297  -5.41141911  -4.78347620  -3.94110195  -3.07915157  -2.22299868  -1.30875574  -0.29815502   0.69420956   1.38821144   1.55707507   1.26545448   0.79743078   0.40386285   0.16882876   0.05875085   0.01685331   0.00391652   0.00072312   0.00010392   0.00001138   0.00000093   0.00000006   0.00000000   0.00000000   0.00000000   0.00000000   0.00000000   0.00000000   0.00000000   0.00000000   0.00000000   0.00000000   0.00000000   0.00000000   0.00000000   0.00000000   0.00000000   0.00000000   0.00000000   0.00000000   0.00000000   0.00000000   0.00000000   0.00000000   0.00000000 
  0.00000000  -0.34085546  -1.30202075  -2.69566371  -4.20387737  -5.41141911  -5.95264910  -5.75097010  -5.04680860  -4.11843247  -3.07384503  -1.87296930  -0.48729280   0.90654246   1.89944591   2.15751066   1.76260874   1.11309053   0.56409907   0.23582991   0.08206205   0.02353913   0.00547002   0.00100993   0.00014514   0.00001589   0.00000130   0.00000008   0.00000000   0.00000000   0.00000000   0.00000000   0.00000000   0.00000000   0.00000000   0.00000000   0.00000000   0.00000000   0.00000000   0.00000000   0.00000000   0.00000000   0.00000000   0.00000000   0.00000000   0.00000000   0.00000000   0.00000000   0.00000000   0.00000000   0.00000000 
 -0.00000000  -0.25958734  -1.00503986  -2.13521735  -3.47730032  -4.78347620  -5.75097010  -6.12132756  -5.84523129  -5.08426793  -3.98396360  -2.54926195  -0.78481477   1.04875306   2.38695268   2.76557146   2.27709203   1.44251231   0.73175833   0.30596173   0.10645941   0.03053548   0.00709551   0.00131000   0.00018826   0.00002061   0.00000168   0.00000010   0.00000000   0.00000000   0.00000000   0.00000000   0.00000000   0.00000000   0.00000000   0.00000000   0.00000000   0.00000000   0.00000000   0.00000000   0.00000000   0.00000000   0.00000000   0.00000000   0.00000000   0.00000000   0.00000000   0.00000000   0.00000000   0.00000000   0.00000000 
 -0.00000000  -0.19558594  -0.76302881  -1.64519585  -2.74844027  -3.94110195  -5.04680860  -5.84523129  -6.12402920  -5.78324005  -4.83572684  -3.28779780  -1.19402921   1.07709554   2.78347124   3.31175622   2.75421263   1.75166112   0.88967140   0.37205141   0.12944647   0.03712609   0.00862651   0.00159260   0.00022886   0.00002506   0.00000204   0.00000012   0.00000001   0.00000000   0.00000000   0.00000000   0.00000000   0.00000000   0.00000000   0.00000000   0.00000000   0.00000000   0.00000000   0.00000000   0.00000000   0.00000000   0.00000000   0.00000000   0.00000000   0.00000000   0.00000000   0.00000000   0.00000000   0.00000000   0.00000000 
  0.00000000  -0.14419844  -0.56517921  -1.23001047  -2.08903113  -3.07915157  -4.11843247  -5.08426793  -5.78324005  -5.95956697  -5.37845599  -3.90944413  -1.62006206   1.00611070   3.04377025   3.72595625   3.13097242   1.99928992   1.01668748   0.42523481   0.14793821   0.04242608   0.00985741   0.00181976   0.00026150   0.00002863   0.00000233   0.00000014   0.00000001   0.00000000   0.00000000   0.00000000   0.00000000   0.00000000   0.00000000   0.00000000   0.00000000   0.00000000   0.00000000   0.00000000   0.00000000   0.00000000   0.00000000   0.00000000   0.00000000   0.00000000   0.00000000   0.00000000   0.00000000   0.00000000   0.00000000 
  0.00000000  -0.09982407  -0.39236332  -0.85926876  -1.47700743  -2.22299868  -3.07384503  -3.98396360  -4.83572684  -5.37845599  -5.23296640  -4.05325111  -1.80797925   0.95931490   3.17961222   3.95919407   3.34865196   2.14364137   1.09086482   0.45627273   0.15871883   0.04551344   0.01057401   0.00195196   0.00028049   0.00003071   0.00000250   0.00000015   0.00000001   0.00000000   0.00000000   0.00000000   0.00000000   0.00000000   0.00000000   0.00000000   0.00000000   0.00000000   0.00000000   0.00000000   0.00000000   0.00000000   0.00000000   0.00000000   0.00000000   0.00000000   0.00000000   0.00000000   0.00000000   0.00000000   0.00000000 
  0.00000000  -0.05682723  -0.22344911  -0.49091804  -0.85203318  -1.30875574  -1.87296930  -2.54926195  -3.28779780  -3.90944413  -4.05325111  -3.27213692  -1.37642411   1.16674235   3.27227607   4.00131939   3.36850103   2.15272935   1.09474820   0.45776376   0.15921209   0.04564996   0.01060491   0.00195756   0.00028128   0.00003079   0.00000251   0.00000015   0.00000001   0.00000000   0.00000000   0.00000000   0.00000000   0.00000000   0.00000000   0.00000000   0.00000000   0.00000000   0.00000000   0.00000000   0.00000000   0.00000000   0.00000000   0.00000000   0.00000000   0.00000000   0.00000000   0.00000000   0.00000000   0.00000000   0.00000000 
 -0.00000000  -0.01231230  -0.04746615  -0.10265742  -0.18077254  -0.29815502  -0.48729280  -0.78481477  -1.19402921  -1.62006206  -1.80797925  -1.37642411  -0.07163984   1.82337540   3.41673850   3.87430419   3.18248695   2.01511048   1.02149712   0.42676629   0.14839558   0.04254344   0.00988240   0.00182408   0.00026209   0.00002869   0.00000234   0.00000014   0.00000001   0.00000000   0.00000000   0.00000000   0.00000000   0.00000000   0.00000000   0.00000000   0.00000000   0.00000000   0.00000000   0.00000000   0.00000000   0.00000000   0.00000000   0.00000000   0.00000000   0.00000000   0.00000000   0.00000000   0.00000000   0.00000000   0.00000000 
 -0.00000000   0.02970696   0.11928674   0.26786933   0.46721311   0.69420956   0.90654246   1.04875306   1.07709554   1.00611070   0.95931490   1.16674235   1.82337540   2.81289251   3.59062988   3.59307119   2.81196962   1.74634494   0.87937208   0.36678205   0.12749398   0.03654621   0.00848853   0.00156669   0.00022510   0.00002464   0.00000201   0.00000012   0.00000001   0.00000000   0.00000000   0.00000000   0.00000000   0.00000000   0.00000000   0.00000000   0.00000000   0.00000000   0.00000000   0.00000000   0.00000000   0.00000000   0.00000000   0.00000000   0.00000000   0.00000000   0.00000000   0.00000000   0.00000000   0.00000000   0.00000000 
  0.00000000   0.05832443   0.23307306   0.52176568   0.91468552   1.38821144   1.89944591   2.38695268   2.78347124   3.04377025   3.17961222   3.27227607   3.41673850   3.59062988   3.57631744   3.13339281   2.29903403   1.38776127   0.69180453   0.28784423   0.10001036   0.02866375   0.00665702   0.00122857   0.00017651   0.00001932   0.00000158   0.00000009   0.00000000   0.00000000   0.00000000   0.00000000   0.00000000   0.00000000   0.00000000   0.00000000   0.00000000   0.00000000   0.00000000   0.00000000   0.00000000   0.00000000   0.00000000   0.00000000   0.00000000   0.00000000   0.00000000   0.00000000   0.00000000   0.00000000   0.00000000 
  0.00000000   0.06487177   0.25906244   0.57998902   1.01920396   1.55707507   2.15751066   2.76557146   3.31175622   3.72595625   3.95919407   4.00131939   3.87430419   3.59307119   3.13339281   2.47685629   1.70608122   0.99799250   0.49174899   0.20402623   0.07085267   0.02030373   0.00471494   0.00087009   0.00012500   0.00001368   0.00000112   0.00000007   0.00000000   0.00000000   0.00000000   0.00000000   0.00000000   0.00000000   0.00000000   0.00000000   0.00000000   0.00000000   0.00000000   0.00000000   0.00000000   0.00000000   0.00000000   0.00000000   0.00000000   0.00000000   0.00000000   0.00000000   0.00000000   0.00000000   0.00000000 
  0.00000000   0.05249314   0.20960551   0.46939279   0.82589505   1.26545448   1.76260874   2.27709203   2.75421263   3.13097242   3.34865196   3.36850103   3.18248695   2.81196962   2.29903403   1.70608122   1.12141324   0.63914239   0.31176548   0.12902639   0.04478654   0.01283210   0.00297955   0.00054980   0.00007898   0.00000864   0.00000070   0.00000004   0.00000000   0.00000000   0.00000000   0.00000000   0.00000000   0.00000000   0.00000000   0.00000000   0.00000000   0.00000000   0.00000000   0.00000000   0.00000000   0.00000000   0.00000000   0.00000000   0.00000000   0.00000000   0.00000000   0.00000000   0.00000000   0.00000000   0.00000000 
  0.00000000   0.03301671   0.13183201   0.29526621   0.51980335   0.79743078   1.11309053   1.44251231   1.75166112   1.99928992   2.14364137   2.15272935   2.01511048   1.74634494   1.38776127   0.99799250   0.63914239   0.35865457   0.17385115   0.07183187   0.02492482   0.00714028   0.00165775   0.00030587   0.00004394   0.00000481   0.00000039   0.00000002   0.00000000   0.00000000   0.00000000   0.00000000   0.00000000   0.00000000   0.00000000   0.00000000   0.00000000   0.00000000   0.00000000   0.00000000   0.00000000   0.00000000   0.00000000   0.00000000   0.00000000   0.00000000   0.00000000   0.00000000   0.00000000   0.00000000   0.00000000 
  0.00000000   0.01671321   0.06673215   0.14946362   0.26316205   0.40386285   0.56409907   0.73175833   0.88967140   1.01668748   1.09086482   1.09474820   1.02149712   0.87937208   0.69180453   0.49174899   0.31176548   0.17385115   0.08404783   0.03469993   0.01203754   0.00344792   0.00080041   0.00014767   0.00002121   0.00000232   0.00000019   0.00000001   0.00000000   0.00000000   0.00000000   0.00000000   0.00000000   0.00000000   0.00000000   0.00000000   0.00000000   0.00000000   0.00000000   0.00000000   0.00000000   0.00000000   0.00000000   0.00000000   0.00000000   0.00000000   0.00000000   0.00000000   0.00000000   0.00000000   0.00000000 
  0.00000000   0.00698706   0.02789706   0.06248070   0.11000874   0.16882876   0.23582991   0.30596173   0.37205141   0.42523481   0.45627273   0.45776376   0.42676629   0.36678205   0.28784423   0.20402623   0.12902639   0.07183187   0.03469993   0.01432160   0.00496733   0.00142260   0.00033021   0.00006091   0.00000875   0.00000096   0.00000008   0.00000000   0.00000000   0.00000000   0.00000000   0.00000000   0.00000000   0.00000000   0.00000000   0.00000000   0.00000000   0.00000000   0.00000000   0.00000000   0.00000000   0.00000000   0.00000000   0.00000000   0.00000000   0.00000000   0.00000000   0.00000000   0.00000000   0.00000000   0.00000000 
  0.00000000   0.00243179   0.00970913   0.02174472   0.03828394   0.05875085   0.08206205   0.10645941   0.12944647   0.14793821   0.15871883   0.15921209   0.14839558   0.12749398   0.10001036   0.07085267   0.04478654   0.02492482   0.01203754   0.00496733   0.00172263   0.00049328   0.00011449   0.00002112   0.00000303   0.00000033   0.00000003   0.00000000   0.00000000   0.00000000   0.00000000   0.00000000   0.00000000   0.00000000   0.00000000   0.00000000   0.00000000   0.00000000   0.00000000   0.00000000   0.00000000   0.00000000   0.00000000   0.00000000   0.00000000   0.00000000   0.00000000   0.00000000   0.00000000   0.00000000   0.00000000 
  0.00000000   0.00069766   0.00278545   0.00623818   0.01098263   0.01685331   0.02353913   0.03053548   0.03712609   0.04242608   0.04551344   0.04564996   0.04254344   0.03654621   0.02866375   0.02030373   0.01283210   0.00714028   0.00344792   0.00142260   0.00049328   0.00014124   0.00003278   0.00000605   0.00000087   0.00000009   0.00000001   0.00000000   0.00000000   0.00000000   0.00000000   0.00000000   0.00000000   0.00000000   0.00000000   0.00000000   0.00000000   0.00000000   0.00000000   0.00000000   0.00000000   0.00000000   0.00000000   0.00000000   0.00000000   0.00000000   0.00000000   0.00000000   0.00000000   0.00000000   0.00000000 
  0.00000000   0.00016214   0.00064735   0.00144976   0.00255232   0.00391652   0.00547002   0.00709551   0.00862651   0.00985741   0.01057401   0.01060491   0.00988240   0.00848853   0.00665702   0.00471494   0.00297955   0.00165775   0.00080041   0.00033021   0.00011449   0.00003278   0.00000761   0.00000140   0.00000020   0.00000002   0.00000000   0.00000000   0.00000000   0.00000000   0.00000000   0.00000000   0.00000000   0.00000000   0.00000000   0.00000000   0.00000000   0.00000000   0.00000000   0.00000000   0.00000000   0.00000000   0.00000000   0.00000000   0.00000000   0.00000000   0.00000000   0.00000000   0.00000000   0.00000000   0.00000000 
  0.00000000   0.00002994   0.00011953   0.00026769   0.00047125   0.00072312   0.00100993   0.00131000   0.00159260   0.00181976   0.00195196   0.00195756   0.00182408   0.00156669   0.00122857   0.00087009   0.00054980   0.00030587   0.00014767   0.00006091   0.00002112   0.00000605   0.00000140   0.00000026   0.00000004   0.00000000   0.00000000   0.00000000   0.00000000   0.00000000   0.00000000   0.00000000   0.00000000   0.00000000   0.00000000   0.00000000   0.00000000   0.00000000   0.00000000   0.00000000   0.00000000   0.00000000   0.00000000   0.00000000   0.00000000   0.00000000   0.00000000   0.00000000   0.00000000   0.00000000   0.00000000 
  0.00000000   0.00000430   0.00001718   0.00003847   0.00006773   0.00010392   0.00014514   0.00018826   0.00022886   0.00026150   0.00028049   0.00028128   0.00026209   0.00022510   0.00017651   0.00012500   0.00007898   0.00004394   0.00002121   0.00000875   0.00000303   0.00000087   0.00000020   0.00000004   0.00000001   0.00000000   0.00000000   0.00000000   0.00000000   0.00000000   0.00000000   0.00000000   0.00000000   0.00000000   0.00000000   0.00000000   0.00000000   0.00000000   0.00000000   0.00000000   0.00000000   0.00000000   0.00000000   0.00000000   0.00000000   0.00000000   0.00000000   0.00000000   0.00000000   0.00000000   0.00000000 
  0.00000000   0.00000047   0.00000188   0.00000421   0.00000742   0.00001138   0.00001589   0.00002061   0.00002506   0.00002863   0.00003071   0.00003079   0.00002869   0.00002464   0.00001932   0.00001368   0.00000864   0.00000481   0.00000232   0.00000096   0.00000033   0.00000009   0.00000002   0.00000000   0.00000000   0.00000000   0.00000000   0.00000000   0.00000000   0.00000000   0.00000000   0.00000000   0.00000000   0.00000000   0.00000000   0.00000000   0.00000000   0.00000000   0.00000000   0.00000000   0.00000000   0.00000000   0.00000000   0.00000000   0.00000000   0.00000000   0.00000000   0.00000000   0.00000000   0.00000000   0.00000000 
  0.00000000   0.00000004   0.00000015   0.00000034   0.00000060   0.00000093   0.00000130   0.00000168   0.00000204   0.00000233   0.00000250   0.00000251   0.00000234   0.00000201   0.00000158   0.00000112   0.00000070   0.00000039   0.00000019   0.00000008   0.00000003   0.00000001   0.00000000   0.00000000   0.00000000   0.00000000   0.00000000   0.00000000   0.00000000   0.00000000   0.00000000   0.00000000   0.00000000   0.00000000   0.00000000   0.00000000   0.00000000   0.00000000   0.00000000   0.00000000   0.00000000   0.00000000   0.00000000   0.00000000   0.00000000   0.00000000   0.00000000   0.00000000   0.00000000   0.00000000   0.00000000 
  0.00000000   0.00000000   0.00000001   0.00000002   0.00000004   0.00000006   0.00000008   0.00000010   0.00000012   0.00000014   0.00000015   0.00000015   0.00000014   0.00000012   0.00000009   0.00000007   0.00000004   0.00000002   0.00000001   0.00000000   0.00000000   0.00000000   0.00000000   0.00000000   0.00000000   0.00000000   0.00000000   0.00000000   0.00000000   0.00000000   0.00000000   0.00000000   0.00000000   0.00000000   0.00000000   0.00000000   0.00000000   0.00000000   0.00000000   0.00000000   0.00000000   0.00000000   0.00000000   0.00000000   0.00000000   0.00000000   0.00000000   0.00000000   0.00000000   0.00000000   0.00000000 
  0.00000000   0.00000000   0.00000000   0.00000000   0.00000000   0.00000000   0.00000000   0.00000000   0.00000001   0.00000001   0.00000001   0.00000001   0.00000001   0.00000001   0.00000000   0.00000000   0.00000000   0.00000000   0.00000000   0.00000000   0.00000000   0.00000000   0.00000000   0.00000000   0.00000000   0.00000000   0.00000000   0.00000000   0.00000000   0.00000000   0.00000000   0.00000000   0.00000000   0.00000000   0.00000000   0.00000000   0.00000000   0.00000000   0.00000000   0.00000000   0.00000000   0.00000000   0.00000000   0.00000000   0.00000000   0.00000000   0.00000000   0.00000000   0.00000000   0.00000000   0.00000000 
  0.00000000   0.00000000   0.00000000   0.00000000   0.00000000   0.00000000   0.00000000   0.00000000   0.00000000   0.00000000   0.00000000   0.00000000   0.00000000   0.00000000   0.00000000   0.00000000   0.00000000   0.00000000   0.00000000   0.00000000   0.00000000   0.00000000   0.00000000   0.00000000   0.00000000   0.00000000   0.00000000   0.00000000   0.00000000   0.00000000   0.00000000   0.00000000   0.00000000   0.00000000   0.00000000   0.00000000   0.00000000   0.00000000   0.00000000   0.00000000   0.00000000   0.00000000   0.00000000   0.00000000   0.00000000   0.00000000   0.00000000   0.00000000   0.00000000   0.00000000   0.00000000 
  0.00000000   0.00000000   0.00000000   0.00000000   0.00000000   0.00000000   0.00000000   0.00000000   0.00000000   0.00000000   0.00000000   0.00000000   0.00000000   0.00000000   0.00000000   0.00000000   0.00000000   0.00000000   0.00000000   0.00000000   0.00000000   0.00000000   0.00000000   0.00000000   0.00000000   0.00000000   0.00000000   0.00000000   0.00000000   0.00000000   0.00000000   0.00000000   0.00000000   0.00000000   0.00000000   0.00000000   0.00000000   0.00000000   0.00000000   0.00000000   0.00000000   0.00000000   0.00000000   0.00000000   0.00000000   0.00000000   0.00000000   0.00000000   0.00000000   0.00000000   0.00000000 
  0.00000000   0.00000000   0.00000000   0.00000000   0.00000000   0.00000000   0.00000000   0.00000000   0.00000000   0.00000000   0.00000000   0.00000000   0.00000000   0.00000000   0.00000000   0.00000000   0.00000000   0.00000000   0.00000000   0.00000000   0.00000000   0.00000000   0.00000000   0.00000000   0.00000000   0.00000000   0.00000000   0.00000000   0.00000000   0.00000000   0.00000000   0.00000000   0.00000000   0.00000000   0.00000000   0.00000000   0.00000000   0.00000000   0.00000000   0.00000000   0.00000000   0.00000000   0.00000000   0.00000000   0.00000000   0.00000000   0.00000000   0.00000000   0.00000000   0.00000000   0.00000000 
  0.00000000   0.00000000   0.00000000   0.00000000   0.00000000   0.00000000   0.00000000   0.00000000   0.00000000   0.00000000   0.00000000   0.00000000   0.00000000   0.00000000   0.00000000   0.00000000   0.00000000   0.00000000   0.00000000   0.00000000   0.00000000   0.00000000   0.00000000   0.00000000   0.00000000   0.00000000   0.00000000   0.00000000   0.00000000   0.00000000   0.00000000   0.00000000   0.00000000   0.00000000   0.00000000   0.00000000   0.00000000   0.00000000   0.00000000   0.00000000   0.00000000   0.00000000   0.00000000   0.00000000   0.00000000   0.00000000   0.00000000   0.00000000   0.00000000   0.00000000   0.00000000 
  0.00000000   0.00000000   0.00000000   0.00000000   0.00000000   0.00000000   0.00000000   0.00000000   0.00000000   0.00000000   0.00000000   0.00000000   0.00000000   0.00000000   0.00000000   0.00000000   0.00000000   0.00000000   0.00000000   0.00000000   0.00000000   0.00000000   0.00000000   0.00000000   0.00000000   0.00000000   0.00000000   0.00000000   0.00000000   0.00000000   0.00000000   0.00000000   0.00000000   0.00000000   0.00000000   0.00000000   0.00000000   0.00000000   0.00000000   0.00000000   0.00000000   0.00000000   0.00000000   0.00000000   0.00000000   0.00000000   0.00000000   0.00000000   0.00000000   0.00000000   0.00000000 
  0.00000000   0.00000000   0.00000000   0.00000000   0.00000000   0.00000000   0.00000000   0.00000000   0.00000000   0.00000000   0.00000000   0.00000000   0.00000000   0.00000000   0.00000000   0.00000000   0.00000000   0.00000000   0.00000000   0.00000000   0.00000000   0.00000000   0.00000000   0.00000000   0.00000000   0.00000000   0.00000000   0.00000000   0.00000000   0.00000000   0.00000000   0.00000000   0.00000000   0.00000000   0.00000000   0.00000000   0.00000000   0.00000000   0.00000000   0.00000000   0.00000000   0.00000000   0.00000000   0.00000000   0.00000000   0.00000000   0.00000000   0.00000000   0.00000000   0.00000000   0.00000000 
  0.00000000   0.00000000   0.00000000   0.00000000   0.00000000   0.00000000   0.00000000   0.00000000   0.00000000   0.00000000   0.00000000   0.00000000   0.00000000   0.00000000   0.00000000   0.00000000   0.00000000   0.00000000   0.00000000   0.00000000   0.00000000   0.00000000   0.00000000   0.00000000   0.00000000   0.00000000   0.00000000   0.00000000   0.00000000   0.00000000   0.00000000   0.00000000   0.00000000   0.00000000   0.00000000   0.00000000   0.00000000   0.00000000   0.00000000   0.00000000   0.00000000   0.00000000   0.00000000   0.00000000   0.00000000   0.00000000   0.00000000   0.00000000   0.00000000   0.00000000   0.00000000 
  0.00000000   0.00000000   0.00000000   0.00000000   0.00000000   0.00000000   0.00000000   0.00000000   0.00000000   0.00000000   0.00000000   0.00000000   0.00000000   0.00000000   0.00000000   0.00000000   0.00000000   0.00000000   0.00000000   0.00000000   0.00000000   0.00000000   0.00000000   0.00000000   0.00000000   0.00000000   0.00000000   0.00000000   0.00000000   0.00000000   0.00000000   0.00000000   0.00000000   0.00000000   0.00000000   0.00000000   0.00000000   0.00000000   0.00000000   0.00000000   0.00000000   0.00000000   0.00000000   0.00000000   0.00000000   0.00000000   0.00000000   0.00000000   0.00000000   0.00000000   0.00000000 
  0.00000000   0.00000000   0.00000000   0.00000000   0.00000000   0.00000000   0.00000000   0.00000000   0.00000000   0.00000000   0.00000000   0.00000000   0.00000000   0.00000000   0.00000000   0.00000000   0.00000000   0.00000000   0.00000000   0.00000000   0.00000000   0.00000000   0.00000000   0.00000000   0.00000000   0.00000000   0.00000000   0.00000000   0.00000000   0.00000000   0.00000000   0.00000000   0.00000000   0.00000000   0.00000000   0.00000000   0.00000000   0.00000000   0.00000000   0.00000000   0.00000000   0.00000000   0.00000000   0.00000000   0.00000000   0.00000000   0.00000000   0.00000000   0.00000000   0.00000000   0.00000000 
  0.00000000   0.00000000   0.00000000   0.00000000   0.00000000   0.00000000   0.00000000   0.00000000   0.00000000   0.00000000   0.00000000   0.00000000   0.00000000   0.00000000   0.00000000   0.00000000   0.00000000   0.00000000   0.00000000   0.00000000   0.00000000   0.00000000   0.00000000   0.00000000   0.00000000   0.00000000   0.00000000   0.00000000   0.00000000   0.00000000   0.00000000   0.00000000   0.00000000   0.00000000   0.00000000   0.00000000   0.00000000   0.00000000   0.00000000   0.00000000   0.00000000   0.00000000   0.00000000   0.00000000   0.00000000   0.00000000   0.00000000   0.00000000   0.00000000   0.00000000   0.00000000 
 -0.00000000   0.00000000   0.00000000   0.00000000   0.00000000   0.00000000   0.00000000   0.00000000   0.00000000   0.00000000   0.00000000   0.00000000   0.00000000   0.00000000   0.00000000   0.00000000   0.00000000   0.00000000   0.00000000   0.00000000   0.00000000   0.00000000   0.00000000   0.00000000   0.00000000   0.00000000   0.00000000   0.00000000   0.00000000   0.00000000   0.00000000   0.00000000   0.00000000   0.00000000   0.00000000   0.00000000   0.00000000   0.00000000   0.00000000   0.00000000   0.00000000   0.00000000   0.00000000   0.00000000   0.00000000   0.00000000   0.00000000   0.00000000   0.00000000   0.00000000   0.00000000 
  0.00000000   0.00000000   0.00000000   0.00000000   0.00000000   0.00000000   0.00000000   0.00000000   0.00000000   0.00000000   0.00000000   0.00000000   0.00000000   0.00000000   0.00000000   0.00000000   0.00000000   0.00000000   0.00000000   0.00000000   0.00000000   0.00000000   0.00000000   0.00000000   0.00000000   0.00000000   0.00000000   0.00000000   0.00000000   0.00000000   0.00000000   0.00000000   0.00000000   0.00000000   0.00000000   0.00000000   0.00000000   0.00000000   0.00000000   0.00000000   0.00000000   0.00000000   0.00000000   0.00000000   0.00000000   0.00000000   0.00000000   0.00000000   0.00000000   0.00000000   0.00000000 
  0.00000000   0.00000000   0.00000000   0.00000000   0.00000000   0.00000000   0.00000000   0.00000000   0.00000000   0.00000000   0.00000000   0.00000000   0.00000000   0.00000000   0.00000000   0.00000000   0.00000000   0.00000000   0.00000000   0.00000000   0.00000000   0.00000000   0.00000000   0.00000000   0.00000000   0.00000000   0.00000000   0.00000000   0.00000000   0.00000000   0.00000000   0.00000000   0.00000000   0.00000000   0.00000000   0.00000000   0.00000000   0.00000000   0.00000000   0.00000000   0.00000000   0.00000000   0.00000000   0.00000000   0.00000000   0.00000000   0.00000000   0.00000000   0.00000000   0.00000000   0.00000000 
  0.00000000   0.00000000   0.00000000   0.00000000   0.00000000   0.00000000   0.00000000   0.00000000   0.00000000   0.00000000   0.00000000   0.00000000   0.00000000   0.00000000   0.00000000   0.00000000   0.00000000   0.00000000   0.00000000   0.00000000   0.00000000   0.00000000   0.00000000   0.00000000   0.00000000   0.00000000   0.00000000   0.00000000   0.00000000   0.00000000   0.00000000   0.00000000   0.00000000   0.00000000   0.00000000   0.00000000   0.00000000   0.00000000   0.00000000   0.00000000   0.00000000   0.00000000   0.00000000   0.00000000   0.00000000   0.00000000   0.00000000   0.00000000   0.00000000   0.00000000   0.00000000 
  0.00000000   0.00000000   0.00000000   0.00000000   0.00000000   0.00000000   0.00000000   0.00000000   0.00000000   0.00000000   0.00000000   0.00000000   0.00000000   0.00000000   0.00000000   0.00000000   0.00000000   0.00000000   0.00000000   0.00000000   0.00000000   0.00000000   0.00000000   0.00000000   0.00000000   0.00000000   0.00000000   0.00000000   0.00000000   0.00000000   0.00000000   0.00000000   0.00000000   0.00000000   0.00000000   0.00000000   0.00000000   0.00000000   0.00000000   0.00000000   0.00000000   0.00000000   0.00000000   0.00000000   0.00000000   0.00000000   0.00000000   0.00000000   0.00000000   0.00000000   0.00000000 
  0.00000000   0.00000000   0.00000000   0.00000000   0.00000000   0.00000000   0.00000000   0.00000000   0.00000000   0.00000000   0.00000000   0.00000000   0.00000000   0.00000000   0.00000000   0.00000000   0.00000000   0.00000000   0.00000000   0.00000000   0.00000000   0.00000000   0.00000000   0.00000000   0.00000000   0.00000000   0.00000000   0.00000000   0.00000000   0.00000000   0.00000000   0.00000000   0.00000000   0.00000000   0.00000000   0.00000000   0.00000000   0.00000000   0.00000000   0.00000000   0.00000000   0.00000000   0.00000000   0.00000000   0.00000000   0.00000000   0.00000000   0.00000000   0.00000000   0.00000000   0.00000000 
  0.00000000   0.00000000   0.00000000   0.00000000   0.00000000   0.00000000   0.00000000   0.00000000   0.00000000   0.00000000   0.00000000   0.00000000   0.00000000   0.00000000   0.00000000   0.00000000   0.00000000   0.00000000   0.00000000   0.00000000   0.00000000   0.00000000   0.00000000   0.00000000   0.00000000   0.00000000   0.00000000   0.00000000   0.00000000   0.00000000   0.00000000   0.00000000   0.00000000   0.00000000   0.00000000   0.00000000   0.00000000   0.00000000   0.00000000   0.00000000   0.00000000   0.00000000   0.00000000   0.00000000   0.00000000   0.00000000   0.00000000   0.00000000   0.00000000   0.00000000   0.00000000 
  0.00000000   0.00000000   0.00000000   0.00000000   0.00000000   0.00000000   0.00000000   0.00000000   0.00000000   0.00000000   0.00000000   0.00000000   0.00000000   0.00000000   0.00000000   0.00000000   0.00000000   0.00000000   0.00000000   0.00000000   0.00000000   0.00000000   0.00000000   0.00000000   0.00000000   0.00000000   0.00000000   0.00000000   0.00000000   0.00000000   0.00000000   0.00000000   0.00000000   0.00000000   0.00000000   0.00000000   0.00000000   0.00000000   0.00000000   0.00000000   0.00000000   0.00000000   0.00000000   0.00000000   0.00000000   0.00000000   0.00000000   0.00000000   0.00000000   0.00000000   0.00000000 
 -0.00000000   0.00000000   0.00000000   0.00000000   0.00000000   0.00000000   0.00000000   0.00000000   0.00000000   0.00000000   0.00000000   0.00000000   0.00000000   0.00000000   0.00000000   0.00000000   0.00000000   0.00000000   0.00000000   0.00000000   0.00000000   0.00000000   0.00000000   0.00000000   0.00000000   0.00000000   0.00000000   0.00000000   0.00000000   0.00000000   0.00000000   0.00000000   0.00000000   0.00000000   0.00000000   0.00000000   0.00000000   0.00000000   0.00000000   0.00000000   0.00000000   0.00000000   0.00000000   0.00000000   0.00000000   0.00000000   0.00000000   0.00000000   0.00000000   0.00000000   0.00000000 
 -0.00000000   0.00000000   0.00000000   0.00000000   0.00000000   0.00000000   0.00000000   0.00000000   0.00000000   0.00000000   0.00000000   0.00000000   0.00000000   0.00000000   0.00000000   0.00000000   0.00000000   0.00000000   0.00000000   0.00000000   0.00000000   0.00000000   0.00000000   0.00000000   0.00000000   0.00000000   0.00000000   0.00000000   0.00000000   0.00000000   0.00000000   0.00000000   0.00000000   0.00000000   0.00000000   0.00000000   0.00000000   0.00000000   0.00000000   0.00000000   0.00000000   0.00000000   0.00000000   0.00000000   0.00000000   0.00000000   0.00000000   0.00000000   0.00000000   0.00000000   0.00000000 
  0.00000000   0.00000000   0.00000000   0.00000000   0.00000000   0.00000000   0.00000000   0.00000000   0.00000000   0.00000000   0.00000000   0.00000000   0.00000000   0.00000000   0.00000000   0.00000000   0.00000000   0.00000000   0.00000000   0.00000000   0.00000000   0.00000000   0.00000000   0.00000000   0.00000000   0.00000000   0.00000000   0.00000000   0.00000000   0.00000000   0.00000000   0.00000000   0.00000000   0.00000000   0.00000000   0.00000000   0.00000000   0.00000000   0.00000000   0.00000000   0.00000000   0.00000000   0.00000000   0.00000000   0.00000000   0.00000000   0.00000000   0.00000000   0.00000000   0.00000000   0.00000000 
  0.00000000   0.00000000   0.00000000   0.00000000   0.00000000   0.00000000   0.00000000   0.00000000   0.00000000   0.00000000   0.00000000   0.00000000   0.00000000   0.00000000   0.00000000   0.00000000   0.00000000   0.00000000   0.00000000   0.00000000   0.00000000   0.00000000   0.00000000   0.00000000   0.00000000   0.00000000   0.00000000   0.00000000   0.00000000   0.00000000   0.00000000   0.00000000   0.00000000   0.00000000   0.00000000   0.00000000   0.00000000   0.00000000   0.00000000   0.00000000   0.00000000   0.00000000   0.00000000   0.00000000   0.00000000   0.00000000   0.00000000   0.00000000   0.00000000   0.00000000   0.00000000 
#
