# coconut-me2b/v0.99.21 
# 
# momentum space matrix elements 
# partial wave J=0, L=1/1, S=1, T=1, MT=0 
# 
# momentum grid [fm^-1]
0.000000 0.066667 0.133333 0.200000 0.266667 0.333333 0.400000 0.466667 0.533333 0.600000 0.666667 0.733333 0.800000 0.866667 0.933333 1.000000 1.066667 1.133333 1.200000 1.266667 1.333333 1.400000 1.466667 1.533333 1.600000 1.666667 1.733333 1.800000 1.866667 1.933333 2.000000 2.066667 2.133333 2.200000 2.266667 2.333333 2.400000 2.466667 2.533333 2.600000 2.666667 2.733333 2.800000 2.866667 2.933333 3.000000 3.066667 3.133333 3.200000 3.266667 3.333333 3.400000 3.466667 3.533333 3.600000 3.666667 3.733333 3.800000 3.866667 3.933333 4.000000 4.066667 4.133333 4.200000 4.266667 4.333333 4.400000 4.466667 4.533333 4.600000 4.666667 4.733333 4.800000 4.866667 4.933333 5.000000 5.066667 5.133333 5.200000 5.266667 5.333333 5.400000 5.466667 5.533333 5.600000 5.666667 5.733333 5.800000 5.866667 5.933333 6.000000 6.066667 6.133333 6.200000 6.266667 6.333333 6.400000 6.466667 6.533333 6.600000 6.666667 6.733333 6.800000 6.866667 6.933333 7.000000 7.066667 7.133333 7.200000 7.266667 7.333333 7.400000 7.466667 7.533333 7.600000 7.666667 7.733333 7.800000 7.866667 7.933333 8.000000 8.066667 8.133333 8.200000 8.266667 8.333333 8.400000 8.466667 8.533333 8.600000 8.666667 8.733333 8.800000 8.866667 8.933333 9.000000 9.066667 9.133333 9.200000 9.266667 9.333333 9.400000 9.466667 9.533333 9.600000 9.666667 9.733333 9.800000 9.866667 9.933333 10.000000 
#
# matrix elements [MeV fm^3] 
 -0.00000060  -0.00039452  -0.00075955  -0.00107112  -0.00131428  -0.00148395  -0.00158322  -0.00162057  -0.00160702  -0.00155392  -0.00147164  -0.00136894  -0.00125290  -0.00112896  -0.00100126  -0.00087287  -0.00074604  -0.00062238  -0.00050305  -0.00038888  -0.00028041  -0.00017802  -0.00008195   0.00000768   0.00009082   0.00016750   0.00023777   0.00030176   0.00035959   0.00041143   0.00045748   0.00049795   0.00053306   0.00056305   0.00058816   0.00060865   0.00062479   0.00063683   0.00064506   0.00064974   0.00065114   0.00064951   0.00064514   0.00063826   0.00062913   0.00061800   0.00060509   0.00059063   0.00057484   0.00055791   0.00054005   0.00052142   0.00050220   0.00048256   0.00046262   0.00044253   0.00042241   0.00040237   0.00038251   0.00036291   0.00034366   0.00032483   0.00030647   0.00028863   0.00027135   0.00025467   0.00023862   0.00022321   0.00020846   0.00019437   0.00018096   0.00016821   0.00015612   0.00014468   0.00013388   0.00012370   0.00011414   0.00010515   0.00009674   0.00008887   0.00008153   0.00007468   0.00006831   0.00006239   0.00005690   0.00005181   0.00004711   0.00004276   0.00003876   0.00003506   0.00003167   0.00002855   0.00002569   0.00002307   0.00002067   0.00001847   0.00001647   0.00001464   0.00001298   0.00001147   0.00001009   0.00000885   0.00000772   0.00000669   0.00000577   0.00000494   0.00000419   0.00000351   0.00000291   0.00000237   0.00000188   0.00000145   0.00000107   0.00000073   0.00000043   0.00000016  -0.00000007  -0.00000027  -0.00000044  -0.00000059  -0.00000072  -0.00000083  -0.00000092  -0.00000099  -0.00000105  -0.00000110  -0.00000113  -0.00000115  -0.00000117  -0.00000118  -0.00000118  -0.00000117  -0.00000116  -0.00000114  -0.00000112  -0.00000110  -0.00000107  -0.00000104  -0.00000101  -0.00000098  -0.00000094  -0.00000091  -0.00000087  -0.00000083  -0.00000080  -0.00000076  -0.00000073  -0.00000069  -0.00000066  -0.00000062  -0.00000059 
 -0.00039452  -0.25969762  -0.50026357  -0.70605780  -0.86723043  -0.98026125  -1.04697725  -1.07277304  -1.06477520  -1.03040893  -0.97650500  -0.90887643  -0.83221701  -0.75018030  -0.66553669  -0.58034719  -0.49612285  -0.41395801  -0.33463565  -0.25870784  -0.18655566  -0.11843328  -0.05450001   0.00515645   0.06050322   0.11155007   0.15834043   0.20094483   0.23945589   0.27398447   0.30465658   0.33161094   0.35499679   0.37497205   0.39170170   0.40535619   0.41611010   0.42414079   0.42962714   0.43274844   0.43368325   0.43260840   0.42969803   0.42512275   0.41904880   0.41163739   0.40304403   0.39341799   0.38290185   0.37163112   0.35973387   0.34733058   0.33453394   0.32144876   0.30817198   0.29479265   0.28139210   0.26804401   0.25481468   0.24176318   0.22894170   0.21639579   0.20416468   0.19228168   0.18077448   0.16966552   0.15897242   0.14870827   0.13888208   0.12949910   0.12056122   0.11206729   0.10401346   0.09639353   0.08919925   0.08242060   0.07604607   0.07006293   0.06445745   0.05921512   0.05432087   0.04975923   0.04551450   0.04157087   0.03791262   0.03452414   0.03139009   0.02849546   0.02582566   0.02336654   0.02110445   0.01902630   0.01711956   0.01537228   0.01377310   0.01231128   0.01097664   0.00975962   0.00865122   0.00764300   0.00672709   0.00589611   0.00514320   0.00446200   0.00384657   0.00329142   0.00279148   0.00234205   0.00193880   0.00157772   0.00125515   0.00096767   0.00071220   0.00048584   0.00028599   0.00011022  -0.00004368  -0.00017774  -0.00029383  -0.00039365  -0.00047876  -0.00055060  -0.00061048  -0.00065960  -0.00069907  -0.00072988  -0.00075296  -0.00076915  -0.00077923  -0.00078389  -0.00078379  -0.00077951  -0.00077158  -0.00076050  -0.00074670  -0.00073059  -0.00071254  -0.00069289  -0.00067192  -0.00064992  -0.00062712  -0.00060375  -0.00057999  -0.00055603  -0.00053203  -0.00050810  -0.00048439  -0.00046098  -0.00043797  -0.00041544  -0.00039346 
 -0.00075955  -0.50026357  -0.96519546  -1.36552644  -1.68218663  -1.90752495  -2.04386878  -2.10053245  -2.09052658  -2.02783894  -1.92563123  -1.79530229  -1.64618597  -1.48563009  -1.31925802  -1.15128539  -0.98482326  -0.82213801  -0.66486037  -0.51414690  -0.37080163  -0.23536602  -0.10818486   0.01054583   0.12074394   0.22241593   0.31563817   0.40054320   0.47730923   0.54615216   0.60731915   0.66108343   0.70773990   0.74760127   0.78099470   0.80825866   0.82974006   0.84579158   0.85676920   0.86302976   0.86492886   0.86281871   0.85704629   0.84795156   0.83586589   0.82111065   0.80399588   0.78481925   0.76386512   0.74140371   0.71769054   0.69296593   0.66745471   0.64136601   0.61489325   0.58821418   0.56149107   0.53487105   0.50848642   0.48245516   0.45688144   0.43185622   0.40745792   0.38375303   0.36079689   0.33863439   0.31730073   0.29682215   0.27721668   0.25849489   0.24066060   0.22371159   0.20764026   0.19243429   0.17807727   0.16454926   0.15182737   0.13988621   0.12869844   0.11823516   0.10846631   0.09936107   0.09088811   0.08301597   0.07571323   0.06894882   0.06269212   0.05691322   0.05158298   0.04667319   0.04215664   0.03800721   0.03419988   0.03071084   0.02751741   0.02459815   0.02193278   0.01950220   0.01728846   0.01527472   0.01344526   0.01178537   0.01028137   0.00892052   0.00769100   0.00658186   0.00558296   0.00468493   0.00387911   0.00315753   0.00251283   0.00193826   0.00142758   0.00097509   0.00057553   0.00022408  -0.00008367  -0.00035180  -0.00058400  -0.00078370  -0.00095401  -0.00109780  -0.00121768  -0.00131606  -0.00139513  -0.00145690  -0.00150322  -0.00153577  -0.00155609  -0.00156558  -0.00156553  -0.00155712  -0.00154142  -0.00151940  -0.00149195  -0.00145987  -0.00142391  -0.00138472  -0.00134291  -0.00129902  -0.00125352  -0.00120688  -0.00115946  -0.00111163  -0.00106369  -0.00101592  -0.00096855  -0.00092180  -0.00087584  -0.00083083  -0.00078691 
 -0.00107112  -0.70605780  -1.36552644  -1.93903159  -2.39961172  -2.73472169  -2.94508040  -3.04138028  -3.04023665  -2.96051984  -2.82068140  -2.63718213  -2.42382278  -2.19167657  -1.94935049  -1.70338022  -1.45864169  -1.21872118  -0.98622241  -0.76300920  -0.55039111  -0.34926266  -0.16020613   0.01643287   0.18049024   0.33194297   0.47087933   0.59747671   0.71198492   0.81471319   0.90602001   0.98630479   1.05600086   1.11556944   1.16549432   1.20627703   1.23843238   1.26248436   1.27896232   1.28839735   1.29131893   1.28825181   1.27971316   1.26620986   1.24823614   1.22627142   1.20077839   1.17220132   1.14096469   1.10747200   1.07210483   1.03522214   0.99715977   0.95823021   0.91872245   0.87890218   0.83901196   0.79927174   0.75987936   0.72101127   0.68282331   0.64545159   0.60901345   0.57360848   0.53931957   0.50621400   0.47434457   0.44375067   0.41445946   0.38648690   0.35983890   0.33451230   0.31049590   0.28777147   0.26631463   0.24609570   0.22708060   0.20923153   0.19250773   0.17686612   0.16226187   0.14864899   0.13598076   0.12421022   0.11329049   0.10317516   0.09381857   0.08517602   0.07720402   0.06986043   0.06310464   0.05689760   0.05120198   0.04598217   0.04120433   0.03683639   0.03284808   0.02921084   0.02589786   0.02288398   0.02014569   0.01766102   0.01540951   0.01337212   0.01153120   0.00987037   0.00837447   0.00702948   0.00582247   0.00474151   0.00377562   0.00291467   0.00214936   0.00147115   0.00087217   0.00034523  -0.00011630  -0.00051847  -0.00086686  -0.00116656  -0.00142224  -0.00163818  -0.00181831  -0.00196621  -0.00208518  -0.00217823  -0.00224810  -0.00229732  -0.00232820  -0.00234284  -0.00234317  -0.00233095  -0.00230778  -0.00227512  -0.00223430  -0.00218654  -0.00213292  -0.00207445  -0.00201203  -0.00194647  -0.00187850  -0.00180877  -0.00173788  -0.00166635  -0.00159464  -0.00152316  -0.00145227  -0.00138229  -0.00131350  -0.00124611  -0.00118033 
 -0.00131428  -0.86723043  -1.68218663  -2.39961172  -2.98666542  -3.42560411  -3.71348435  -3.85947706  -3.88090496  -3.79916877  -3.63639870  -3.41319371  -3.14741569  -2.85379102  -2.54402181  -2.22715678  -1.91005015  -1.59781006  -1.29419002  -1.00190918  -0.72290350  -0.45851764  -0.20964894   0.02314578   0.23957126   0.43953566   0.62310741   0.79048301   0.94196263   1.07793128   1.19884398   1.30521372   1.39760142   1.47660737   1.54286365   1.59702743   1.63977474   1.67179485   1.69378498   1.70644539   1.71047483   1.70656631   1.69540321   1.67765569   1.65397745   1.62500285   1.59134431   1.55359007   1.51230233   1.46801561   1.42123553   1.37243784   1.32206779   1.27053968   1.21823683   1.16551165   1.11268601   1.06005181   1.00787167   0.95637991   0.90578351   0.85626334   0.80797537   0.76105205   0.71560367   0.67171986   0.62947098   0.58890968   0.55007231   0.51298040   0.47764211   0.44405357   0.41220025   0.38205824   0.35359546   0.32677285   0.30154541   0.27786324   0.25567248   0.23491618   0.21553505   0.19746824   0.18065394   0.16502996   0.15053427   0.13710541   0.12468288   0.11320749   0.10262162   0.09286944   0.08389711   0.07565291   0.06808733   0.06115319   0.05480561   0.04900209   0.04370246   0.03886888   0.03446577   0.03045978   0.02681970   0.02351640   0.02052275   0.01781348   0.01536517   0.01315607   0.01116607   0.00937659   0.00777044   0.00633180   0.00504608   0.00389984   0.00288075   0.00197743   0.00117948   0.00047731  -0.00013786  -0.00067408  -0.00113875  -0.00153863  -0.00187993  -0.00216835  -0.00240909  -0.00260693  -0.00276623  -0.00289100  -0.00298489  -0.00305127  -0.00309319  -0.00311347  -0.00311465  -0.00309909  -0.00306891  -0.00302605  -0.00297230  -0.00290926  -0.00283839  -0.00276101  -0.00267834  -0.00259145  -0.00250131  -0.00240881  -0.00231472  -0.00221974  -0.00212449  -0.00202953  -0.00193532  -0.00184230  -0.00175083  -0.00166121  -0.00157372 
 -0.00148395  -0.98026125  -1.90752495  -2.73472169  -3.42560411  -3.95776852  -4.32336206  -4.52757087  -4.58550152  -4.51836665  -4.34986088  -4.10332533  -3.79992182  -3.45773421  -3.09155715  -2.71310636  -2.33143325  -1.95339759  -1.58411575  -1.22734707  -0.88580845  -0.56142100  -0.25549896   0.03110785   0.29790754   0.54468683   0.77145178   0.97838340   1.16580379   1.33415012   1.48395412   1.61582546   1.73043817   1.82851892   1.91083699   1.97819525   2.03142208   2.07136396   2.09887865   2.11482888   2.12007649   2.11547705   2.10187492   2.08009865   2.05095693   2.01523492   1.97369094   1.92705369   1.87601982   1.82125195   1.76337706   1.70298525   1.64062894   1.57682234   1.51204131   1.44672347   1.38126863   1.31603948   1.25136246   1.18752889   1.12479626   1.06338961   1.00350317   0.94530193   0.88892342   0.83447949   0.78205809   0.73172517   0.68352642   0.63748914   0.59362397   0.55192664   0.51237958   0.47495358   0.43960925   0.40629849   0.37496582   0.34554964   0.31798342   0.29219672   0.26811624   0.24566666   0.22477146   0.20535365   0.18733637   0.17064349   0.15520003   0.14093262   0.12776983   0.11564244   0.10448368   0.09422939   0.08481817   0.07619146   0.06829359   0.06107182   0.05447628   0.04846001   0.04297885   0.03799137   0.03345885   0.02934509   0.02561639   0.02224140   0.01919099   0.01643817   0.01395795   0.01172722   0.00972465   0.00793057   0.00632683   0.00489675   0.00362497   0.00249738   0.00150102   0.00062398  -0.00014466  -0.00081492  -0.00139600  -0.00189631  -0.00232359  -0.00268490  -0.00298674  -0.00323505  -0.00343526  -0.00359236  -0.00371091  -0.00379508  -0.00384869  -0.00387524  -0.00387792  -0.00385963  -0.00382305  -0.00377060  -0.00370448  -0.00362671  -0.00353911  -0.00344334  -0.00334089  -0.00323312  -0.00312124  -0.00300634  -0.00288942  -0.00277134  -0.00265288  -0.00253472  -0.00241746  -0.00230164  -0.00218772  -0.00207607  -0.00196704 
 -0.00158322  -1.04697725  -2.04386878  -2.94508040  -3.71348435  -4.32336206  -4.76186913  -5.02878922  -5.13469226  -5.09797998  -4.94152288  -4.68957087  -4.36539195  -3.98979303  -3.58043495  -3.15172979  -2.71509076  -2.27934828  -1.85120731  -1.43567561  -1.03643172  -0.65612465  -0.29660993   0.04086870   0.35554112   0.64700668   0.91515571   1.16011011   1.38217811   1.58181928   1.75961702   1.91625652   2.05250661   2.16920451   2.26724270   2.34755737   2.41111813   2.45891862   2.49196798   2.51128305   2.51788107   2.51277309   2.49695788   2.47141637   2.43710666   2.39495950   2.34587440   2.29071612   2.23031177   2.16544838   2.09687094   2.02528088   1.95133508   1.87564519   1.79877743   1.72125273   1.64354715   1.56609272   1.48927847   1.41345171   1.33891954   1.26595056   1.19477668   1.12559510   1.05857033   0.99383632   0.93149862   0.87163652   0.81430525   0.75953808   0.70734847   0.65773206   0.61066869   0.56612423   0.52405247   0.48439675   0.44709161   0.41206425   0.37923597   0.34852339   0.31983966   0.29309553   0.26820025   0.24506248   0.22359103   0.20369552   0.18528693   0.16827813   0.15258425   0.13812305   0.12481517   0.11258437   0.10135764   0.09106536   0.08164132   0.07302279   0.06515046   0.05796843   0.05142418   0.04546840   0.04005499   0.03514089   0.03068597   0.02665287   0.02300695   0.01971603   0.01675037   0.01408243   0.01168680   0.00954003   0.00762052   0.00590837   0.00438528   0.00303444   0.00184038   0.00078891  -0.00013300  -0.00093730  -0.00163495  -0.00223601  -0.00274969  -0.00318443  -0.00354798  -0.00384743  -0.00408927  -0.00427946  -0.00442344  -0.00452620  -0.00459231  -0.00462594  -0.00463090  -0.00461068  -0.00456846  -0.00450714  -0.00442938  -0.00433757  -0.00423389  -0.00412034  -0.00399871  -0.00387062  -0.00373752  -0.00360074  -0.00346144  -0.00332069  -0.00317940  -0.00303841  -0.00289844  -0.00276013  -0.00262402  -0.00249060  -0.00236026 
 -0.00162057  -1.07277304  -2.10053245  -3.04138028  -3.85947706  -4.52757087  -5.02878922  -5.35736057  -5.51806391  -5.52447159  -5.39635155  -5.15678529  -4.82955082  -4.43713917  -3.99952815  -3.53363607  -3.05327387  -2.56939887  -2.09050946  -1.62307277  -1.17192403  -0.74061031  -0.33167185   0.05313506   0.41266513   0.74625136   1.05360394   1.33473301   1.58988951   1.81951934   2.02422735   2.20474852   2.36192444   2.49668373   2.61002526   2.70300362   2.77671628   2.83229198   2.87088032   2.89364221   2.90174111   2.89633508   2.87856952   2.84957051   2.81043887   2.76224485   2.70602342   2.64277022   2.57343802   2.49893389   2.42011684   2.33779602   2.25272950   2.16562346   2.07713189   1.98785671   1.89834826   1.80910617   1.72058057   1.63317350   1.54724070   1.46309347   1.38100082   1.30119167   1.22385723   1.14915340   1.07720328   1.00809962   0.94190735   0.87866602   0.81839221   0.76108193   0.70671284   0.65524646   0.60663027   0.56079962   0.51767966   0.47718700   0.43923137   0.40371704   0.37054425   0.33961035   0.31081100   0.28404106   0.25919554   0.23617035   0.21486294   0.19517289   0.17700237   0.16025655   0.14484391   0.13067650   0.11767008   0.10574430   0.09482276   0.08483300   0.07570657   0.06737891   0.05978934   0.05288093   0.04660038   0.04089795   0.03572725   0.03104512   0.02681148   0.02298915   0.01954372   0.01644335   0.01365865   0.01116248   0.00892986   0.00693775   0.00516498   0.00359208   0.00220115   0.00097576  -0.00009919  -0.00103752  -0.00185196  -0.00255413  -0.00315472  -0.00366353  -0.00408952  -0.00444092  -0.00472526  -0.00494944  -0.00511980  -0.00524210  -0.00532166  -0.00536333  -0.00537152  -0.00535029  -0.00530335  -0.00523406  -0.00514550  -0.00504047  -0.00492151  -0.00479094  -0.00465083  -0.00450309  -0.00434941  -0.00419132  -0.00403021  -0.00386729  -0.00370366  -0.00354028  -0.00337799  -0.00321755  -0.00305960  -0.00290470  -0.00275331 
 -0.00160702  -1.06477520  -2.09052658  -3.04023665  -3.88090496  -4.58550152  -5.13469226  -5.51806391  -5.73454882  -5.79185206  -5.70490719  -5.49364514  -5.18053164  -4.78833197  -4.33841695  -3.84971838  -3.33827138  -2.81718950  -2.29690349  -1.78552427  -1.28923531  -0.81266025  -0.35918093   0.06880061   0.46965287   0.84235096   1.18634969   1.50148561   1.78790128   2.04598640   2.27633158   2.47969132   2.65695404   2.80911724   2.93726649   3.04255732   3.12619945   3.18944269   3.23356432   3.25985769   3.26962180   3.26415192   3.24473100   3.21262192   3.16906053   3.11524943   3.05235251   2.98149022   2.90373547   2.82011029   2.73158310   2.63906658   2.54341623   2.44542937   2.34584474   2.24534259   2.14454520   2.04401781   1.94426990   1.84575683   1.74888176   1.65399775   1.56141015   1.47137910   1.38412213   1.29981691   1.21860405   1.14058985   1.06584914   0.99442804   0.92634669   0.86160188   0.80016966   0.74200777   0.68705797   0.63524832   0.58649522   0.54070538   0.49777766   0.45760469   0.42007444   0.38507162   0.35247888   0.32217798   0.29405076   0.26798001   0.24385025   0.22154831   0.20096394   0.18199024   0.16452400   0.14846598   0.13372117   0.12019889   0.10781288   0.09648136   0.08612700   0.07667691   0.06806253   0.06021952   0.05308769   0.04661078   0.04073636   0.03541563   0.03060327   0.02625723   0.02233857   0.01881128   0.01564209   0.01280030   0.01025762   0.00798798   0.00596739   0.00417381   0.00258696   0.00118823  -0.00003949  -0.00111188  -0.00204334  -0.00284707  -0.00353519  -0.00411880  -0.00460809  -0.00501237  -0.00534022  -0.00559945  -0.00579727  -0.00594023  -0.00603436  -0.00608517  -0.00609770  -0.00607655  -0.00602594  -0.00594971  -0.00585135  -0.00573406  -0.00560073  -0.00545400  -0.00529625  -0.00512964  -0.00495611  -0.00477742  -0.00459513  -0.00441065  -0.00422523  -0.00403996  -0.00385583  -0.00367370  -0.00349429  -0.00331826  -0.00314615 
 -0.00155392  -1.03040893  -2.02783894  -2.96051984  -3.79916877  -4.51836665  -5.09797998  -5.52447159  -5.79185206  -5.90199792  -5.86414839  -5.69358386  -5.40971484  -5.03396369  -4.58783236  -4.09143077  -3.56256550  -3.01633975  -2.46513415  -1.91882214  -1.38509798  -0.86983307  -0.37741205   0.08897430   0.52708576   0.93543667   1.31314089   1.65979038   1.97536046   2.26013554   2.51465070   2.73964501   2.93602378   3.10482746   3.24720564   3.36439479   3.45769903   3.52847316   3.57810759   3.60801485   3.61961736   3.61433643   3.59358229   3.55874515   3.51118712   3.45223509   3.38317444   3.30524359   3.21962930   3.12746283   3.02981677   2.92770260   2.82206896   2.71380045   2.60371717   2.49257467   2.38106453   2.26981527   2.15939380   2.05030712   1.94300444   1.83787952   1.73527318   1.63547615   1.53873187   1.44523956   1.35515726   1.26860491   1.18566746   1.10639793   1.03082042   0.95893308   0.89071090   0.82610846   0.76506255   0.70749461   0.65331307   0.60241551   0.55469067   0.51002034   0.46828101   0.42934546   0.39308413   0.35936639   0.32806161   0.29904017   0.27217427   0.24733867   0.22441127   0.20327367   0.18381150   0.16591478   0.14947816   0.13440109   0.12058788   0.10794780   0.09639503   0.08584867   0.07623258   0.06747535   0.05951008   0.05227430   0.04570975   0.03976219   0.03438124   0.02952015   0.02513563   0.02118762   0.01763911   0.01445595   0.01160664   0.00906218   0.00679587   0.00478315   0.00300144   0.00143001   0.00004980  -0.00115667  -0.00220544  -0.00311125  -0.00388759  -0.00454685  -0.00510040  -0.00555865  -0.00593114  -0.00622663  -0.00645314  -0.00661802  -0.00672799  -0.00678922  -0.00680734  -0.00678751  -0.00673445  -0.00665244  -0.00654541  -0.00641695  -0.00627029  -0.00610840  -0.00593395  -0.00574937  -0.00555683  -0.00535832  -0.00515559  -0.00495023  -0.00474365  -0.00453709  -0.00433165  -0.00412831  -0.00392790  -0.00373115  -0.00353868 
 -0.00147164  -0.97650500  -1.92563123  -2.82068140  -3.63639870  -4.34986088  -4.94152288  -5.39635155  -5.70490719  -5.86414839  -5.87771341  -5.75550314  -5.51255615  -5.16740347  -4.74022970  -4.25118306  -3.71907847  -3.16058737  -2.58987693  -2.01858802  -1.45602469  -0.90944759  -0.38439597   0.11500597   0.58577974   1.02586689   1.43394540   1.80928304   2.15162122   2.46108331   2.73810192   2.98336086   3.19774826   3.38231812   3.53825835   3.66686373   3.76951260   3.84764670   3.90275323   3.93634904   3.94996637   3.94514010   3.92339629   3.88624187   3.83515548   3.77157931   3.69691193   3.61250210   3.51964345   3.41957009   3.31345294   3.20239700   3.08743924   2.96954730   2.84961880   2.72848122   2.60689244   2.48554175   2.36505123   2.24597771   2.12881491   2.01399600   1.90189637   1.79283657   1.68708551   1.58486367   1.48634641   1.39166740   1.30092193   1.21417027   1.13144097   1.05273404   0.97802407   0.90726321   0.84038399   0.77730205   0.71791866   0.66212312   0.60979493   0.56080584   0.51502174   0.47230433   0.43251266   0.39550450   0.36113754   0.32927050   0.29976402   0.27248143   0.24728949   0.22405888   0.20266471   0.18298679   0.16490999   0.14832435   0.13312524   0.11921340   0.10649494   0.09488129   0.08428911   0.07464019   0.06586128   0.05788392   0.05064427   0.04408291   0.03814458   0.03277804   0.02793580   0.02357393   0.01965181   0.01613197   0.01297983   0.01016356   0.00765382   0.00542365   0.00344824   0.00170481   0.00017241  -0.00116818  -0.00233460  -0.00334306  -0.00420840  -0.00494428  -0.00556319  -0.00607659  -0.00649502  -0.00682812  -0.00708471  -0.00727292  -0.00740016  -0.00747323  -0.00749835  -0.00748122  -0.00742704  -0.00734058  -0.00722616  -0.00708774  -0.00692893  -0.00675299  -0.00656290  -0.00636135  -0.00615075  -0.00593330  -0.00571096  -0.00548549  -0.00525846  -0.00503126  -0.00480513  -0.00458113  -0.00436022  -0.00414321  -0.00393079 
 -0.00136894  -0.90887643  -1.79530229  -2.63718213  -3.41319371  -4.10332533  -4.68957087  -5.15678529  -5.49364514  -5.69358386  -5.75550314  -5.68403993  -5.48922842  -5.18553956  -4.79045452  -4.32285418  -3.80152623  -3.24400926  -2.66586239  -2.08033308  -1.49832862  -0.92858025  -0.37790426   0.14850759   0.64680902   1.11425157   1.54897509   1.94983576   2.31626714   2.64816913   2.94581914   3.20980098   3.44094729   3.64029256   3.80903427   3.94850014   4.06012032   4.14540336   4.20591512   4.24326029   4.25906592   4.25496669   4.23259183   4.19355338   4.13943575   4.07178654   3.99210840   3.90185208   3.80241039   3.69511322   3.58122344   3.46193375   3.33836422   3.21156079   3.08249438   2.95206070   2.82108066   2.69030145   2.56039791   2.43197461   2.30556809   2.18164955   2.06062783   1.94285256   1.82861750   1.71816406   1.61168484   1.50932727   1.41119720   1.31736252   1.22785669   1.14268222   1.06181394   0.98520232   0.91277646   0.84444704   0.78010907   0.71964446   0.66292439   0.60981154   0.56016208   0.51382755   0.47065652   0.43049601   0.39319292   0.35859510   0.32655240   0.29691753   0.26954678   0.24430065   0.22104432   0.19964805   0.17998746   0.16194377   0.14540389   0.13026050   0.11641207   0.10376279   0.09222249   0.08170651   0.07213556   0.06343551   0.05553720   0.04837625   0.04189279   0.03603127   0.03074020   0.02597194   0.02168243   0.01783102   0.01438018   0.01129535   0.00854469   0.00609890   0.00393104   0.00201635   0.00033207  -0.00114271  -0.00242716  -0.00353892  -0.00449416  -0.00530770  -0.00599318  -0.00656308  -0.00702887  -0.00740105  -0.00768927  -0.00790237  -0.00804845  -0.00813493  -0.00816860  -0.00815570  -0.00810191  -0.00801244  -0.00789203  -0.00774501  -0.00757534  -0.00738659  -0.00718204  -0.00696462  -0.00673700  -0.00650160  -0.00626056  -0.00601584  -0.00576916  -0.00552206  -0.00527590  -0.00503187  -0.00479102  -0.00455425  -0.00432235 
 -0.00125290  -0.83221701  -1.64618597  -2.42382278  -3.14741569  -3.79992182  -4.36539195  -4.82955082  -5.18053164  -5.40971484  -5.51255615  -5.48922842  -5.34488020  -5.08936418  -4.73641270  -4.30239194  -3.80488048  -3.26133978  -2.68807496  -2.09956989  -1.50817731  -0.92408298  -0.35544640   0.19136731   0.71152556   1.20147388   1.65870797   2.08157902   2.46913225   2.82097539   3.13717223   3.41815675   3.66466347   3.87767064   4.05835328   4.20804404   4.32820005   4.42037445   4.48619185   4.52732674   4.54548449   4.54238457   4.51974558   4.47927194   4.42264219   4.35149856   4.26743788   4.17200377   4.06667987   3.95288422   3.83196470   3.70519532   3.57377359   3.43881859   3.30136997   3.16238756   3.02275178   2.88326456   2.74465089   2.60756076   2.47257166   2.34019130   2.21086076   2.08495782   1.96280048   1.84465069   1.73071811   1.62116397   1.51610490   1.41561677   1.31973847   1.22847556   1.14180390   1.05967302   0.98200946   0.90871985   0.83969390   0.77480708   0.71392324   0.65689695   0.60357570   0.55380184   0.50741437   0.46425057   0.42414739   0.38694274   0.35247652   0.32059161   0.29113464   0.26395664   0.23891358   0.21586681   0.19468335   0.17523616   0.15740423   0.14107272   0.12613291   0.11248219   0.10002397   0.08866753   0.07832786   0.06892549   0.06038624   0.05264104   0.04562565   0.03928044   0.03355012   0.02838352   0.02373333   0.01955585   0.01581074   0.01246086   0.00947195   0.00681250   0.00445352   0.00236835   0.00053250  -0.00107655  -0.00247948  -0.00369527  -0.00474135  -0.00563374  -0.00638711  -0.00701497  -0.00752967  -0.00794257  -0.00826410  -0.00850380  -0.00867044  -0.00877204  -0.00881597  -0.00880897  -0.00875720  -0.00866631  -0.00854145  -0.00838732  -0.00820820  -0.00800800  -0.00779026  -0.00755819  -0.00731471  -0.00706243  -0.00680371  -0.00654068  -0.00627523  -0.00600903  -0.00574358  -0.00548020  -0.00522003  -0.00496408  -0.00471320 
 -0.00112896  -0.75018030  -1.48563009  -2.19167657  -2.85379102  -3.45773421  -3.98979303  -4.43713917  -4.78833197  -5.03396369  -5.16740347  -5.18553956  -5.08936418  -4.88422472  -4.57960654  -4.18842120  -3.72591151  -3.20838876  -2.65204094  -2.07199229  -1.48169381  -0.89263198  -0.31428608   0.24575199   0.78157178   1.28870790   1.76390779   2.20492151   2.61032056   2.97934625   3.31178487   3.60786581   3.86817844   4.09360417   4.28526033   4.44445364   4.57264089   4.67139561   4.74237934   4.78731670   4.80797356   4.80613786   4.78360262   4.74215096   4.68354290   4.60950370   4.52171372   4.42179963   4.31132691   4.19179352   4.06462482   3.93116936   3.79269587   3.65039108   3.50535837   3.35861734   3.21110402   3.06367175   2.91709269   2.77205985   2.62918958   2.48902443   2.35203638   2.21863034   2.08914785   1.96387094   1.84302613   1.72678843   1.61528545   1.50860139   1.40678108   1.30983380   1.21773711   1.13044048   1.04786876   0.96992549   0.89649604   0.82745050   0.76264641   0.70193132   0.64514501   0.59212170   0.54269188   0.49668403   0.45392616   0.41424714   0.37747786   0.34345222   0.31200801   0.28298757   0.25623843   0.23161371   0.20897252   0.18818014   0.16910828   0.15163506   0.13564512   0.12102951   0.10768566   0.09551717   0.08443372   0.07435081   0.06518956   0.05687650   0.04934328   0.04252642   0.03636708   0.03081074   0.02580701   0.02130931   0.01727466   0.01366344   0.01043912   0.00756808   0.00501938   0.00276455   0.00077744  -0.00096601  -0.00248790  -0.00380852  -0.00494651  -0.00591902  -0.00674174  -0.00742913  -0.00799444  -0.00844983  -0.00880648  -0.00907464  -0.00926370  -0.00938229  -0.00943832  -0.00943903  -0.00939106  -0.00930048  -0.00917283  -0.00901318  -0.00882616  -0.00861598  -0.00838646  -0.00814107  -0.00788297  -0.00761499  -0.00733969  -0.00705937  -0.00677609  -0.00649168  -0.00620776  -0.00592577  -0.00564697  -0.00537245  -0.00510316 
 -0.00100126  -0.66553669  -1.31925802  -1.94935049  -2.54402181  -3.09155715  -3.58043495  -3.99952815  -4.33841695  -4.58783236  -4.74022970  -4.79045452  -4.73641270  -4.57960654  -4.32537832  -3.98273743  -3.56374276  -3.08253490  -2.55420828  -1.99373722  -1.41512047  -0.83081995  -0.25148580   0.31409214   0.85888258   1.37742975   1.86563963   2.32056748   2.74022365   3.12340476   3.46955098   3.77862765   4.05102761   4.28749095   4.48903874   4.65691795   4.79255531   4.89751832   4.97348182   5.02219928   5.04547778   5.04515616   5.02308582   4.98111387   4.92106830   4.84474499   4.75389639   4.65022174   4.53535873   4.41087650   4.27826980   4.13895448   3.99426391   3.84544647   3.69366403   3.53999122   3.38541551   3.23083802   3.07707497   2.92485972   2.77484522   2.62760704   2.48364661   2.34339485   2.20721601   2.07541169   1.94822498   1.82584468   1.70840951   1.59601237   1.48870451   1.38649956   1.28937756   1.19728875   1.11015721   1.02788439   0.95035234   0.87742684   0.80896020   0.74479402   0.68476152   0.62868983   0.57640200   0.52771877   0.48246023   0.44044721   0.40150250   0.36545196   0.33212540   0.30135733   0.27298759   0.24686185   0.22283195   0.20075622   0.18049965   0.16193394   0.14493760   0.12939585   0.11520058   0.10225017   0.09044935   0.07970896   0.06994578   0.06108222   0.05304610   0.04577035   0.03919280   0.03325581   0.02790608   0.02309435   0.01877515   0.01490651   0.01144976   0.00836930   0.00563232   0.00320867   0.00107060  -0.00080741  -0.00244880  -0.00387512  -0.00510619  -0.00616018  -0.00705382  -0.00780245  -0.00842019  -0.00891998  -0.00931371  -0.00961231  -0.00982580  -0.00996338  -0.01003349  -0.01004387  -0.01000160  -0.00991318  -0.00978454  -0.00962111  -0.00942785  -0.00920927  -0.00896947  -0.00871220  -0.00844082  -0.00815841  -0.00786772  -0.00757123  -0.00727116  -0.00696949  -0.00666799  -0.00636820  -0.00607151  -0.00577911  -0.00549201 
 -0.00087287  -0.58034719  -1.15128539  -1.70338022  -2.22715678  -2.71310636  -3.15172979  -3.53363607  -3.84971838  -4.09143077  -4.25118306  -4.32285418  -4.30239194  -4.18842120  -3.98273743  -3.69054223  -3.32030684  -2.88323372  -2.39239719  -1.86173132  -1.30505805  -0.73530593  -0.16399154   0.39904057   0.94567085   1.46941870   1.96527937   2.42953016   2.85953568   3.25356810   3.61064954   3.93041770   4.21301342   4.45898726   4.66922194   4.84486799   4.98728975   5.09802004   5.17872151   5.23115353   5.25714368   5.25856289   5.23730380   5.19526180   5.13431846   5.05632706   4.96310001   4.85639799   4.73792072   4.60929911   4.47208887   4.32776536   4.17771957   4.02325528   3.86558717   3.70583985   3.54504781   3.38415610   3.22402162   3.06541519   2.90902400   2.75545462   2.60523632   2.45882483   2.31660619   2.17890099   2.04596854   1.91801133   1.79517935   1.67757451   1.56525496   1.45823934   1.35651090   1.26002151   1.16869545   1.08243305   1.00111413   0.92460124   0.85274260   0.78537498   0.72232617   0.66341735   0.60846523   0.55728391   0.50968662   0.46548715   0.42450124   0.38654762   0.35144905   0.31903306   0.28913265   0.26158678   0.23624082   0.21294680   0.19156363   0.17195721   0.15400048   0.13757335   0.12256267   0.10886202   0.09637160   0.08499801   0.07465399   0.06525817   0.05673483   0.04901361   0.04202920   0.03572109   0.03003329   0.02491402   0.02031547   0.01619351   0.01250745   0.00921981   0.00629607   0.00370444   0.00141570  -0.00059706  -0.00235857  -0.00389155  -0.00521693  -0.00635389  -0.00732012  -0.00813183  -0.00880394  -0.00935016  -0.00978307  -0.01011424  -0.01035431  -0.01051302  -0.01059933  -0.01062145  -0.01058693  -0.01050265  -0.01037494  -0.01020959  -0.01001186  -0.00978658  -0.00953813  -0.00927050  -0.00898731  -0.00869183  -0.00838702  -0.00807555  -0.00775980  -0.00744191  -0.00712377  -0.00680707  -0.00649330  -0.00618373  -0.00587950 
 -0.00074604  -0.49612285  -0.98482326  -1.45864169  -1.91005015  -2.33143325  -2.71509076  -3.05327387  -3.33827138  -3.56256550  -3.71907847  -3.80152623  -3.80488048  -3.72591151  -3.56374276  -3.32030684  -3.00057294  -2.61244030  -2.16626713  -1.67410426  -1.14878349  -0.60303481  -0.04877078   0.50339397   1.04438875   1.56674301   2.06451369   2.53313945   2.96926462   3.37056022   3.73555732   4.06349968   4.35421713   4.60801882   4.82560380   5.00798638   5.15643359   5.27241268   5.35754661   5.41357607   5.44232697   5.44568226   5.42555755   5.38387986   5.32256907   5.24352189   5.14859786   5.03960735   4.91830130   4.78636258   4.64539885   4.49693681   4.34241768   4.18319396   4.02052715   3.85558656   3.68944897   3.52309921   3.35743132   3.19325050   3.03127559   2.87214202   2.71640519   2.56454425   2.41696607   2.27400949   2.13594970   2.00300270   1.87532985   1.75304234   1.63620571   1.52484421   1.41894507   1.31846265   1.22332236   1.13342446   1.04864761   0.96885224   0.89388365   0.82357491   0.75774957   0.69622402   0.63880978   0.58531543   0.53554842   0.48931660   0.44642965   0.40670021   0.36994489   0.33598518   0.30464806   0.27576664   0.24918053   0.22473620   0.20228717   0.18169417   0.16282514   0.14555523   0.12976675   0.11534897   0.10219800   0.09021656   0.07931372   0.06940470   0.06041054   0.05225781   0.04487840   0.03820913   0.03219150   0.02677144   0.02189896   0.01752793   0.01361578   0.01012330   0.00701432   0.00425557   0.00181642  -0.00033133  -0.00221361  -0.00385429  -0.00527530  -0.00649683  -0.00753744  -0.00841417  -0.00914273  -0.00973753  -0.01021185  -0.01057786  -0.01084678  -0.01102889  -0.01113364  -0.01116973  -0.01114512  -0.01106710  -0.01094237  -0.01077706  -0.01057676  -0.01034659  -0.01009121  -0.00981486  -0.00952139  -0.00921431  -0.00889676  -0.00857159  -0.00824135  -0.00790834  -0.00757460  -0.00724193  -0.00691193  -0.00658600  -0.00626535 
 -0.00062238  -0.41395801  -0.82213801  -1.21872118  -1.59781006  -1.95339759  -2.27934828  -2.56939887  -2.81718950  -3.01633975  -3.16058737  -3.24400926  -3.26133978  -3.20838876  -3.08253490  -2.88323372  -2.61244030  -2.27482866  -1.87771009  -1.43061969  -0.94463063  -0.43153009   0.09698500   0.62996518   1.15765449   1.67172310   2.16532583   2.63304061   3.07073802   3.47542084   3.84505924   4.17843604   4.47500874   4.73479022   4.95824733   5.14621545   5.29982673   5.42044962   5.50963791   5.56908730   5.60059836   5.60604475   5.58734567   5.54644211   5.48527620   5.40577333   5.30982666   5.19928389   5.07593586   4.94150705   4.79764764   4.64592708   4.48782908   4.32474779   4.15798528   3.98874991   3.81815584   3.64722327   3.47687959   3.30796115   3.14121564   2.97730508   2.81680912   2.66022887   2.50799090   2.36045155   2.21790138   2.08056971   1.94862928   1.82220084   1.70135773   1.58613042   1.47651085   1.37245671   1.27389551   1.18072845   1.09283414   1.01007201   0.93228559   0.85930549   0.79095214   0.72703837   0.66737166   0.61175623   0.55999489   0.51189065   0.46724817   0.42587500   0.38758264   0.35218740   0.31951118   0.28938204   0.26163465   0.23611066   0.21265889   0.19113553   0.17140416   0.15333575   0.13680856   0.12170805   0.10792668   0.09536372   0.08392496   0.07352252   0.06407453   0.05550482   0.04774270   0.04072256   0.03438367   0.02866980   0.02352901   0.01891329   0.01477837   0.01108341   0.00779077   0.00486576   0.00227645  -0.00000658  -0.00201037  -0.00375985  -0.00527793  -0.00658571  -0.00770258  -0.00864640  -0.00943360  -0.01007928  -0.01059735  -0.01100059  -0.01130076  -0.01150867  -0.01163426  -0.01168666  -0.01167424  -0.01160472  -0.01148513  -0.01132195  -0.01112108  -0.01088794  -0.01062746  -0.01034413  -0.01004204  -0.00972490  -0.00939606  -0.00905855  -0.00871511  -0.00836816  -0.00801991  -0.00767227  -0.00732697  -0.00698552  -0.00664923 
 -0.00050305  -0.33463565  -0.66486037  -0.98622241  -1.29419002  -1.58411575  -1.85120731  -2.09050946  -2.29690349  -2.46513415  -2.58987693  -2.66586239  -2.68807496  -2.65204094  -2.55420828  -2.39239719  -2.16626713  -1.87771009  -1.53106207  -1.13304231  -0.69238940  -0.21924572   0.27558961   0.78139539   1.28813337   1.78686274   2.26996021   2.73117970   3.16560034   3.56950928   3.94025514   4.27609595   4.57605522   4.83979270   5.06749190   5.25976385   5.41756559   5.54213124   5.63491388   5.69753609   5.73174800   5.73939127   5.72236824   5.68261528   5.62207979   5.54270037   5.44638967   5.33501975   5.21040952   5.07431426   4.92841676   4.77432028   4.61354285   4.44751300   4.27756672   4.10494556   3.93079580   3.75616847   3.58202027   3.40921525   3.23852704   3.07064177   2.90616134   2.74560721   2.58942443   2.43798598   2.29159719   2.15050047   2.01487988   1.88486591   1.76054012   1.64193974   1.52906213   1.42186915   1.32029135   1.22423189   1.13357040   1.04816648   0.96786304   0.89248941   0.82186416   0.75579770   0.69409470   0.63655619   0.58298148   0.53316984   0.48692203   0.44404154   0.40433572   0.36761671   0.33370222   0.30241611   0.27358894   0.24705827   0.22266899   0.20027340   0.17973134   0.16091016   0.14368467   0.12793699   0.11355640   0.10043912   0.08848808   0.07761266   0.06772840   0.05875670   0.05062455   0.04326419   0.03661283   0.03061236   0.02520901   0.02035311   0.01599882   0.01210382   0.00862909   0.00553867   0.00279940   0.00038078  -0.00174532  -0.00360478  -0.00522144  -0.00661724  -0.00781239  -0.00882547  -0.00967362  -0.01037258  -0.01093688  -0.01137986  -0.01171382  -0.01195005  -0.01209897  -0.01217014  -0.01217235  -0.01211366  -0.01200150  -0.01184265  -0.01164333  -0.01140925  -0.01114560  -0.01085713  -0.01054815  -0.01022260  -0.00988401  -0.00953562  -0.00918031  -0.00882069  -0.00845909  -0.00809757  -0.00773797  -0.00738190  -0.00703080 
