# coconut-me2b/v0.99.21 
# 
# momentum space matrix elements 
# partial wave J=2, L=2/2, S=1, T=0, MT=0 
# 
# momentum grid [fm^-1]
0.000000 0.066667 0.133333 0.200000 0.266667 0.333333 0.400000 0.466667 0.533333 0.600000 0.666667 0.733333 0.800000 0.866667 0.933333 1.000000 1.066667 1.133333 1.200000 1.266667 1.333333 1.400000 1.466667 1.533333 1.600000 1.666667 1.733333 1.800000 1.866667 1.933333 2.000000 2.066667 2.133333 2.200000 2.266667 2.333333 2.400000 2.466667 2.533333 2.600000 2.666667 2.733333 2.800000 2.866667 2.933333 3.000000 3.066667 3.133333 3.200000 3.266667 3.333333 3.400000 3.466667 3.533333 3.600000 3.666667 3.733333 3.800000 3.866667 3.933333 4.000000 4.066667 4.133333 4.200000 4.266667 4.333333 4.400000 4.466667 4.533333 4.600000 4.666667 4.733333 4.800000 4.866667 4.933333 5.000000 5.066667 5.133333 5.200000 5.266667 5.333333 5.400000 5.466667 5.533333 5.600000 5.666667 5.733333 5.800000 5.866667 5.933333 6.000000 6.066667 6.133333 6.200000 6.266667 6.333333 6.400000 6.466667 6.533333 6.600000 6.666667 6.733333 6.800000 6.866667 6.933333 7.000000 7.066667 7.133333 7.200000 7.266667 7.333333 7.400000 7.466667 7.533333 7.600000 7.666667 7.733333 7.800000 7.866667 7.933333 8.000000 8.066667 8.133333 8.200000 8.266667 8.333333 8.400000 8.466667 8.533333 8.600000 8.666667 8.733333 8.800000 8.866667 8.933333 9.000000 9.066667 9.133333 9.200000 9.266667 9.333333 9.400000 9.466667 9.533333 9.600000 9.666667 9.733333 9.800000 9.866667 9.933333 10.000000 
#
# matrix elements [MeV fm^3] 
  0.00000000  -0.00000001  -0.00000003  -0.00000006  -0.00000009  -0.00000012  -0.00000015  -0.00000016  -0.00000016  -0.00000016  -0.00000016  -0.00000015  -0.00000014  -0.00000013  -0.00000012  -0.00000011  -0.00000010  -0.00000010  -0.00000009  -0.00000008  -0.00000007  -0.00000007  -0.00000006  -0.00000006  -0.00000005  -0.00000005  -0.00000004  -0.00000004  -0.00000004  -0.00000003  -0.00000003  -0.00000003  -0.00000002  -0.00000002  -0.00000002  -0.00000002  -0.00000002  -0.00000001  -0.00000001  -0.00000001  -0.00000001  -0.00000001  -0.00000001  -0.00000001  -0.00000000  -0.00000000  -0.00000000  -0.00000000  -0.00000000  -0.00000000   0.00000000   0.00000000   0.00000000   0.00000000   0.00000000   0.00000000   0.00000000   0.00000000   0.00000000   0.00000000   0.00000000   0.00000000   0.00000000   0.00000000   0.00000000   0.00000000   0.00000000   0.00000000   0.00000000   0.00000000   0.00000000   0.00000000   0.00000000   0.00000000   0.00000000   0.00000000   0.00000000   0.00000000   0.00000000   0.00000000   0.00000000   0.00000000   0.00000000   0.00000000   0.00000000   0.00000000   0.00000000   0.00000000   0.00000000   0.00000000   0.00000000   0.00000000   0.00000000   0.00000000   0.00000000   0.00000000   0.00000000   0.00000000   0.00000000   0.00000000   0.00000000   0.00000000   0.00000000   0.00000000   0.00000000   0.00000000   0.00000000   0.00000000   0.00000000   0.00000000   0.00000000   0.00000000   0.00000000   0.00000000   0.00000000   0.00000000   0.00000000   0.00000000   0.00000000   0.00000000   0.00000000   0.00000000   0.00000000   0.00000000   0.00000000   0.00000000   0.00000000   0.00000000  -0.00000000  -0.00000000  -0.00000000  -0.00000000  -0.00000000  -0.00000000  -0.00000000  -0.00000000  -0.00000000  -0.00000000  -0.00000000  -0.00000000  -0.00000000  -0.00000000  -0.00000000  -0.00000000  -0.00000000  -0.00000000  -0.00000000  -0.00000000  -0.00000000  -0.00000000  -0.00000000 
 -0.00000001  -0.00359922  -0.01342691  -0.02700806  -0.04137722  -0.05406429  -0.06361218  -0.06957992  -0.07224622  -0.07225440  -0.07033806  -0.06716213  -0.06325735  -0.05901207  -0.05469116  -0.05046360  -0.04642891  -0.04263902  -0.03911469  -0.03585726  -0.03285673  -0.03009700  -0.02755932  -0.02522436  -0.02307342  -0.02108911  -0.01925564  -0.01755891  -0.01598644  -0.01452731  -0.01317196  -0.01191206  -0.01074030  -0.00965034  -0.00863656  -0.00769401  -0.00681830  -0.00600546  -0.00525194  -0.00455445  -0.00390998  -0.00331573  -0.00276907  -0.00226750  -0.00180863  -0.00139019  -0.00100998  -0.00066587  -0.00035579  -0.00007773   0.00017024   0.00039004   0.00058349   0.00075240   0.00089848   0.00102342   0.00112884   0.00121628   0.00128725   0.00134318   0.00138542   0.00141527   0.00143397   0.00144268   0.00144249   0.00143442   0.00141943   0.00139842   0.00137222   0.00134158   0.00130721   0.00126976   0.00122982   0.00118791   0.00114451   0.00110007   0.00105496   0.00100953   0.00096409   0.00091889   0.00087417   0.00083012   0.00078692   0.00074470   0.00070359   0.00066368   0.00062504   0.00058774   0.00055181   0.00051729   0.00048418   0.00045251   0.00042226   0.00039342   0.00036597   0.00033989   0.00031515   0.00029172   0.00026955   0.00024862   0.00022889   0.00021030   0.00019283   0.00017642   0.00016103   0.00014662   0.00013315   0.00012057   0.00010885   0.00009793   0.00008779   0.00007839   0.00006967   0.00006162   0.00005419   0.00004735   0.00004106   0.00003529   0.00003002   0.00002521   0.00002083   0.00001686   0.00001327   0.00001003   0.00000712   0.00000452   0.00000221   0.00000016  -0.00000164  -0.00000322  -0.00000459  -0.00000577  -0.00000678  -0.00000762  -0.00000832  -0.00000888  -0.00000933  -0.00000967  -0.00000991  -0.00001006  -0.00001014  -0.00001015  -0.00001010  -0.00000999  -0.00000984  -0.00000965  -0.00000943  -0.00000918  -0.00000891  -0.00000862  -0.00000831 
 -0.00000003  -0.01342691  -0.05027703  -0.10170222  -0.15687073  -0.20645136  -0.24462374  -0.26930456  -0.28121259  -0.28260148  -0.27620779  -0.26459836  -0.24987254  -0.23359694  -0.21685958  -0.20036769  -0.18454792  -0.16963162  -0.15572051  -0.14283431  -0.13094366  -0.11999221  -0.10991087  -0.10062666  -0.09206804  -0.08416784  -0.07686468  -0.07010348  -0.06383542  -0.05801752  -0.05261213  -0.04758635  -0.04291142  -0.03856211  -0.03451623  -0.03075418  -0.02725848  -0.02401343  -0.02100484  -0.01821971  -0.01564607  -0.01327275  -0.01108926  -0.00908568  -0.00725251  -0.00558067  -0.00406139  -0.00268620  -0.00144685  -0.00033536   0.00065604   0.00153493   0.00230865   0.00298432   0.00356886   0.00406896   0.00449107   0.00484139   0.00512589   0.00535027   0.00551998   0.00564019   0.00571581   0.00575148   0.00575156   0.00572015   0.00566109   0.00557792   0.00547396   0.00535225   0.00521562   0.00506663   0.00490763   0.00474074   0.00456790   0.00439083   0.00421107   0.00403000   0.00384883   0.00366861   0.00349027   0.00331460   0.00314228   0.00297387   0.00280986   0.00265061   0.00249644   0.00234758   0.00220420   0.00206641   0.00193428   0.00180784   0.00168707   0.00157193   0.00146234   0.00135820   0.00125941   0.00116583   0.00107733   0.00099374   0.00091491   0.00084067   0.00077086   0.00070530   0.00064383   0.00058626   0.00053243   0.00048218   0.00043532   0.00039171   0.00035119   0.00031359   0.00027876   0.00024657   0.00021686   0.00018950   0.00016436   0.00014131   0.00012023   0.00010099   0.00008348   0.00006759   0.00005323   0.00004027   0.00002864   0.00001824   0.00000898   0.00000078  -0.00000644  -0.00001276  -0.00001825  -0.00002297  -0.00002699  -0.00003038  -0.00003317  -0.00003544  -0.00003723  -0.00003859  -0.00003956  -0.00004018  -0.00004049  -0.00004053  -0.00004033  -0.00003992  -0.00003932  -0.00003857  -0.00003769  -0.00003669  -0.00003560  -0.00003444  -0.00003323 
 -0.00000006  -0.02700806  -0.10170222  -0.20749076  -0.32339675  -0.43041725  -0.51570635  -0.57364965  -0.60455733  -0.61236701  -0.60248796  -0.58031372  -0.55044344  -0.51642417  -0.48079231  -0.44524556  -0.41084457  -0.37819528  -0.34759490  -0.31914053  -0.29280604  -0.26849449  -0.24607252  -0.22539238  -0.20630526  -0.18866907  -0.17235245  -0.15723654  -0.14321528  -0.13019487  -0.11809284  -0.10683687  -0.09636355  -0.08661717  -0.07754866  -0.06911452  -0.06127599  -0.05399821  -0.04724957  -0.04100117  -0.03522631  -0.02990009  -0.02499911  -0.02050119  -0.01638517  -0.01263073  -0.00921826  -0.00612882  -0.00334398  -0.00084586   0.00138294   0.00335935   0.00509980   0.00662028   0.00793626   0.00906271   0.01001410   0.01080433   0.01144676   0.01195418   0.01233879   0.01261220   0.01278541   0.01286883   0.01287224   0.01280483   0.01267519   0.01249131   0.01226061   0.01198995   0.01168563   0.01135342   0.01099860   0.01062595   0.01023979   0.00984401   0.00944207   0.00903707   0.00863171   0.00822839   0.00782918   0.00743587   0.00704997   0.00667278   0.00630535   0.00594856   0.00560308   0.00526946   0.00494807   0.00463918   0.00434294   0.00405942   0.00378858   0.00353033   0.00328450   0.00305089   0.00282924   0.00261926   0.00242065   0.00223305   0.00205612   0.00188948   0.00173275   0.00158556   0.00144752   0.00131825   0.00119736   0.00108448   0.00097923   0.00088126   0.00079020   0.00070571   0.00062746   0.00055510   0.00048833   0.00042683   0.00037031   0.00031848   0.00027106   0.00022779   0.00018841   0.00015267   0.00012034   0.00009120   0.00006502   0.00004161   0.00002076   0.00000229  -0.00001399  -0.00002822  -0.00004059  -0.00005124  -0.00006031  -0.00006795  -0.00007427  -0.00007940  -0.00008345  -0.00008652  -0.00008873  -0.00009015  -0.00009087  -0.00009098  -0.00009054  -0.00008963  -0.00008831  -0.00008664  -0.00008466  -0.00008244  -0.00008001  -0.00007741  -0.00007468 
 -0.00000009  -0.04137722  -0.15687073  -0.32339675  -0.51061621  -0.68933968  -0.83791962  -0.94491044  -1.00823685  -1.03235811  -1.02505342  -0.99486767  -0.94955148  -0.89536953  -0.83698371  -0.77763534  -0.71943636  -0.66366336  -0.61100787  -0.56177052  -0.51600274  -0.47360582  -0.43439775  -0.39815673  -0.36464864  -0.33364348  -0.30492465  -0.27829354  -0.25357116  -0.23059804  -0.20923314  -0.18935215  -0.17084567  -0.15361732  -0.13758190  -0.12266377  -0.10879533  -0.09591570  -0.08396963  -0.07290648  -0.06267944  -0.05324482  -0.04456150  -0.03659049  -0.02929454  -0.02263789  -0.01658602  -0.01110551  -0.00616389  -0.00172962   0.00222800   0.00573884   0.00883193   0.01153548   0.01387684   0.01588245   0.01757785   0.01898765   0.02013545   0.02104386   0.02173446   0.02222778   0.02254330   0.02269941   0.02271345   0.02260166   0.02237927   0.02206042   0.02165826   0.02118493   0.02065159   0.02006850   0.01944499   0.01878954   0.01810983   0.01741273   0.01670442   0.01599036   0.01527540   0.01456377   0.01385917   0.01316476   0.01248326   0.01181696   0.01116775   0.01053719   0.00992651   0.00933665   0.00876832   0.00822200   0.00769796   0.00719632   0.00671704   0.00625996   0.00582481   0.00541122   0.00501875   0.00464689   0.00429510   0.00396278   0.00364930   0.00335401   0.00307626   0.00281537   0.00257066   0.00234146   0.00212710   0.00192691   0.00174024   0.00156644   0.00140489   0.00125497   0.00111608   0.00098765   0.00086911   0.00075992   0.00065955   0.00056749   0.00048326   0.00040637   0.00033639   0.00027287   0.00021540   0.00016357   0.00011701   0.00007536   0.00003826   0.00000538  -0.00002360  -0.00004896  -0.00007100  -0.00008999  -0.00010618  -0.00011981  -0.00013111  -0.00014028  -0.00014754  -0.00015307  -0.00015704  -0.00015961  -0.00016095  -0.00016119  -0.00016046  -0.00015889  -0.00015658  -0.00015365  -0.00015018  -0.00014626  -0.00014197  -0.00013739  -0.00013257 
 -0.00000012  -0.05406429  -0.20645136  -0.43041725  -0.68933968  -0.94567192  -1.16880293  -1.33960311  -1.45103796  -1.50578058  -1.51249833  -1.48230868  -1.42621986  -1.35370719  -1.27219060  -1.18707135  -1.10203716  -1.01944566  -0.94068532  -0.86647309  -0.79708135  -0.73250208  -0.67256088  -0.61699345  -0.56549534  -0.51775302  -0.47346231  -0.43233865  -0.39412180  -0.35857739  -0.32549632  -0.29469309  -0.26600353  -0.23928233  -0.21440059  -0.19124346  -0.16970803  -0.14970142  -0.13113912  -0.11394357  -0.09804292  -0.08337005  -0.06986170  -0.05745781  -0.04610099  -0.03573602  -0.02630963  -0.01777017  -0.01006748  -0.00315276   0.00302149   0.00850150   0.01333223   0.01755738   0.02121930   0.02435901   0.02701610   0.02922870   0.03103345   0.03246543   0.03355812   0.03434341   0.03485151   0.03511102   0.03514885   0.03499027   0.03465890   0.03417677   0.03356431   0.03284039   0.03202240   0.03112629   0.03016660   0.02915653   0.02810803   0.02703185   0.02593759   0.02483379   0.02372801   0.02262686   0.02153610   0.02046072   0.01940496   0.01837239   0.01736601   0.01638825   0.01544104   0.01452591   0.01364395   0.01279594   0.01198234   0.01120334   0.01045890   0.00974880   0.00907262   0.00842982   0.00781973   0.00724157   0.00669451   0.00617762   0.00568995   0.00523051   0.00479827   0.00439219   0.00401123   0.00365436   0.00332052   0.00300870   0.00271788   0.00244707   0.00219530   0.00196161   0.00174508   0.00154481   0.00135993   0.00118960   0.00103299   0.00088932   0.00075783   0.00063779   0.00052850   0.00042928   0.00033947   0.00025848   0.00018569   0.00012054   0.00006249   0.00001103  -0.00003433  -0.00007407  -0.00010862  -0.00013840  -0.00016381  -0.00018522  -0.00020299  -0.00021745  -0.00022890  -0.00023765  -0.00024396  -0.00024809  -0.00025029  -0.00025076  -0.00024972  -0.00024735  -0.00024384  -0.00023934  -0.00023399  -0.00022794  -0.00022131  -0.00021420  -0.00020673 
 -0.00000015  -0.06361218  -0.24462374  -0.51570635  -0.83791962  -1.16880293  -1.47048833  -1.71568966  -1.89024941  -1.99223199  -2.02868987  -2.01166723  -1.95470817  -1.87048470  -1.76957523  -1.66010982  -1.54793058  -1.43698362  -1.32976234  -1.22770960  -1.13154380  -1.04150565  -0.95753590  -0.87939861  -0.80676388  -0.73926150  -0.67651449  -0.61815893  -0.56385481  -0.51329100  -0.46618656  -0.42228990  -0.38137670  -0.34324716  -0.30772314  -0.27464522  -0.24387005  -0.21526782  -0.18872010  -0.16411793  -0.14136019  -0.12035220  -0.10100463  -0.08323253  -0.06695461  -0.05209262  -0.03857095  -0.02631627  -0.01525730  -0.00532464   0.00354927   0.01143025   0.01838234   0.02446777   0.02974693   0.03427828   0.03811830   0.04132141   0.04393987   0.04602379   0.04762097   0.04877697   0.04953497   0.04993583   0.05001804   0.04981773   0.04936872   0.04870250   0.04784833   0.04683326   0.04568218   0.04441795   0.04306141   0.04163151   0.04014539   0.03861848   0.03706457   0.03549594   0.03392346   0.03235664   0.03080380   0.02927211   0.02776769   0.02629574   0.02486056   0.02346569   0.02211396   0.02080757   0.01954817   0.01833688   0.01717441   0.01606108   0.01499687   0.01398148   0.01301436   0.01209475   0.01122172   0.01039420   0.00961100   0.00887083   0.00817235   0.00751415   0.00689477   0.00631277   0.00576665   0.00525493   0.00477615   0.00432884   0.00391157   0.00352292   0.00316151   0.00282598   0.00251502   0.00222734   0.00196171   0.00171691   0.00149179   0.00128521   0.00109610   0.00092340   0.00076611   0.00062328   0.00049396   0.00037729   0.00027239   0.00017848   0.00009476   0.00002051  -0.00004498  -0.00010238  -0.00015232  -0.00019541  -0.00023220  -0.00026324  -0.00028903  -0.00031005  -0.00032675  -0.00033954  -0.00034883  -0.00035497  -0.00035831  -0.00035916  -0.00035783  -0.00035459  -0.00034968  -0.00034334  -0.00033578  -0.00032719  -0.00031776  -0.00030764  -0.00029698 
 -0.00000016  -0.06957992  -0.26930456  -0.57364965  -0.94491044  -1.33960311  -1.71568966  -2.03902996  -2.28756443  -2.45241416  -2.53611951  -2.54910830  -2.50576832  -2.42118385  -2.30900752  -2.18043349  -2.04397592  -1.90571360  -1.76973327  -1.63860472  -1.51380333  -1.39605017  -1.28556857  -1.18226896  -1.08587737  -0.99602175  -0.91228828  -0.83425652  -0.76152036  -0.69369941  -0.63044429  -0.57143797  -0.51639482  -0.46505835  -0.41719827  -0.37260735  -0.33109829  -0.29250084  -0.25665909  -0.22342916  -0.19267718  -0.16427752  -0.13811139  -0.11406564  -0.09203183  -0.07190547  -0.05358542  -0.03697355  -0.02197435  -0.00849479   0.00355580   0.01426576   0.02372111   0.03200550   0.03920012   0.04538361   0.05063199   0.05501849   0.05861354   0.06148461   0.06369616   0.06530959   0.06638315   0.06697197   0.06712798   0.06690000   0.06633367   0.06547157   0.06435323   0.06301524   0.06149127   0.05981224   0.05800640   0.05609940   0.05411448   0.05207256   0.04999237   0.04789058   0.04578196   0.04367945   0.04159437   0.03953651   0.03751422   0.03553459   0.03360355   0.03172594   0.02990567   0.02814578   0.02644856   0.02481561   0.02324795   0.02174607   0.02031000   0.01893939   0.01763354   0.01639149   0.01521202   0.01409371   0.01303501   0.01203422   0.01108953   0.01019907   0.00936093   0.00857315   0.00783375   0.00714076   0.00649219   0.00588610   0.00532057   0.00479368   0.00430359   0.00384848   0.00342658   0.00303616   0.00267556   0.00234314   0.00203735   0.00175666   0.00149962   0.00126482   0.00105090   0.00085656   0.00068055   0.00052168   0.00037879   0.00025079   0.00013664   0.00003533  -0.00005407  -0.00013249  -0.00020077  -0.00025972  -0.00031012  -0.00035270  -0.00038813  -0.00041707  -0.00044012  -0.00045786  -0.00047081  -0.00047947  -0.00048431  -0.00048576  -0.00048421  -0.00048005  -0.00047361  -0.00046521  -0.00045514  -0.00044366  -0.00043101  -0.00041742  -0.00040307 
 -0.00000016  -0.07224622  -0.28121259  -0.60455733  -1.00823685  -1.45103796  -1.89024941  -2.28756443  -2.61402217  -2.85287044  -2.99978607  -3.06073542  -3.04846030  -2.97878204  -2.86761982  -2.72909919  -2.57468638  -2.41306120  -2.25041060  -2.09089529  -1.93713534  -1.79063810  -1.65214170  -1.52187442  -1.39974211  -1.28545897  -1.17863590  -1.07883837  -0.98562286  -0.89855876  -0.81724038  -0.74129267  -0.67037284  -0.60416956  -0.54240072  -0.48481054  -0.43116641  -0.38125572  -0.33488289  -0.29186676  -0.25203815  -0.21523789  -0.18131507  -0.15012566  -0.12153133  -0.09539861  -0.07159813  -0.05000419  -0.03049434  -0.01294921   0.00274768   0.01670986   0.02904798   0.03986968   0.04927952   0.05737882   0.06426555   0.07003418   0.07477555   0.07857676   0.08152105   0.08368773   0.08515208   0.08598538   0.08625482   0.08602352   0.08535061   0.08429120   0.08289654   0.08121402   0.07928734   0.07715662   0.07485850   0.07242634   0.06989034   0.06727769   0.06461278   0.06191733   0.05921058   0.05650945   0.05382872   0.05118118   0.04857779   0.04602787   0.04353919   0.04111817   0.03876997   0.03649865   0.03430728   0.03219804   0.03017233   0.02823088   0.02637382   0.02460079   0.02291095   0.02130311   0.01977578   0.01832720   0.01695537   0.01565817   0.01443332   0.01327843   0.01219106   0.01116871   0.01020886   0.00930898   0.00846654   0.00767904   0.00694401   0.00625900   0.00562164   0.00502958   0.00448055   0.00397234   0.00350277   0.00306977   0.00267131   0.00230544   0.00197027   0.00166398   0.00138481   0.00113110   0.00090122   0.00069361   0.00050681   0.00033938   0.00018998   0.00005730  -0.00005987  -0.00016272  -0.00025235  -0.00032983  -0.00039615  -0.00045225  -0.00049902  -0.00053731  -0.00056791  -0.00059155  -0.00060893  -0.00062070  -0.00062746  -0.00062977  -0.00062816  -0.00062311  -0.00061507  -0.00060444  -0.00059161  -0.00057693  -0.00056070  -0.00054321  -0.00052473 
 -0.00000016  -0.07225440  -0.28260148  -0.61236701  -1.03235811  -1.50578058  -1.99223199  -2.45241416  -2.85287044  -3.16979874  -3.39104305  -3.51582953  -3.55252696  -3.51530319  -3.42071629  -3.28501150  -3.12243671  -2.94450181  -2.75991289  -2.57488815  -2.39362732  -2.21879316  -2.05193423  -1.89382453  -1.74472087  -1.60454969  -1.47303812  -1.34980316  -1.23441053  -1.12641214  -1.02536878  -0.93086297  -0.84250522  -0.75993616  -0.68282606  -0.61087297  -0.54379996  -0.48135216  -0.42329378  -0.36940530  -0.31948084  -0.27332603  -0.23075600  -0.19159384  -0.15566928  -0.12281767  -0.09287918  -0.06569828  -0.04112327  -0.01900608   0.00079785   0.01842963   0.03402683   0.04772342   0.05964958   0.06993157   0.07869152   0.08604728   0.09211222   0.09699508   0.10079987   0.10362570   0.10556672   0.10671208   0.10714588   0.10694718   0.10619003   0.10494355   0.10327195   0.10123474   0.09888676   0.09627841   0.09345575   0.09046073   0.08733136   0.08410189   0.08080307   0.07746231   0.07410390   0.07074924   0.06741704   0.06412352   0.06088261   0.05770616   0.05460409   0.05158460   0.04865436   0.04581859   0.04308129   0.04044535   0.03791266   0.03548427   0.03316047   0.03094089   0.02882463   0.02681029   0.02489608   0.02307989   0.02135932   0.01973175   0.01819441   0.01674438   0.01537865   0.01409414   0.01288775   0.01175634   0.01069678   0.00970599   0.00878089   0.00791846   0.00711573   0.00636980   0.00567783   0.00503707   0.00444482   0.00389849   0.00339554   0.00293354   0.00251013   0.00212304   0.00177008   0.00144915   0.00115821   0.00089534   0.00065866   0.00044642   0.00025689   0.00008847  -0.00006039  -0.00019117  -0.00030526  -0.00040399  -0.00048861  -0.00056032  -0.00062022  -0.00066939  -0.00070881  -0.00073941  -0.00076207  -0.00077762  -0.00078680  -0.00079033  -0.00078887  -0.00078303  -0.00077338  -0.00076043  -0.00074466  -0.00072651  -0.00070638  -0.00068463  -0.00066160 
 -0.00000016  -0.07033806  -0.27620779  -0.60248796  -1.02505342  -1.51249833  -2.02868987  -2.53611951  -2.99978607  -3.39104305  -3.69061664  -3.89003954  -3.99114243  -4.00385947  -3.94311649  -3.82571315  -3.66787410  -3.48373841  -3.28471324  -3.07944470  -2.87413718  -2.67301215  -2.47877572  -2.29302930  -2.11660068  -1.94979598  -1.79258378  -1.64472503  -1.50586225  -1.37557888  -1.25343754  -1.13900365  -1.03185901  -0.93160889  -0.83788477  -0.75034447  -0.66867070  -0.59256876  -0.52176397  -0.45599893  -0.39503101  -0.33863004  -0.28657631  -0.23865885  -0.19467408  -0.15442463  -0.11771858  -0.08436878  -0.05419247  -0.02701101  -0.00264977   0.01906185   0.03829036   0.05519800   0.06994258   0.08267725   0.09355025   0.10270470   0.11027839   0.11640354   0.12120668   0.12480845   0.12732353   0.12886055   0.12952204   0.12940445   0.12859815   0.12718753   0.12525109   0.12286155   0.12008603   0.11698620   0.11361850   0.11003436   0.10628039   0.10239867   0.09842698   0.09439903   0.09034476   0.08629054   0.08225949   0.07827166   0.07434432   0.07049218   0.06672762   0.06306087   0.05950030   0.05605251   0.05272259   0.04951427   0.04643006   0.04347139   0.04063881   0.03793204   0.03535009   0.03289143   0.03055398   0.02833530   0.02623256   0.02424269   0.02236237   0.02058814   0.01891641   0.01734349   0.01586565   0.01447913   0.01318018   0.01196506   0.01083006   0.00977155   0.00878593   0.00786969   0.00701939   0.00623170   0.00550334   0.00483117   0.00421211   0.00364320   0.00312158   0.00264447   0.00220920   0.00181323   0.00145407   0.00112937   0.00083685   0.00057434   0.00033977   0.00013115  -0.00005340  -0.00021570  -0.00035743  -0.00048024  -0.00058566  -0.00067514  -0.00075007  -0.00081173  -0.00086135  -0.00090007  -0.00092897  -0.00094904  -0.00096124  -0.00096643  -0.00096543  -0.00095898  -0.00094778  -0.00093248  -0.00091366  -0.00089186  -0.00086757  -0.00084125  -0.00081331 
 -0.00000015  -0.06716213  -0.26459836  -0.58031372  -0.99486767  -1.48230868  -2.01166723  -2.54910830  -3.06073542  -3.51582953  -3.89003954  -4.16784146  -4.34361396  -4.42102169  -4.41093482  -4.32856348  -4.19061364  -4.01306276  -3.80979403  -3.59202071  -3.36827618  -3.14472463  -2.92560050  -2.71365603  -2.51055551  -2.31719461  -2.13394491  -1.96083361  -1.79767149  -1.64414140  -1.49985786  -1.36440591  -1.23736558  -1.11832638  -1.00689522  -0.90269997  -0.80539029  -0.71463682  -0.63012948  -0.55157535  -0.47869640  -0.41122741  -0.34891396  -0.29151081  -0.23878047  -0.19049208  -0.14642057  -0.10634601  -0.07005326  -0.03733170  -0.00797517   0.01821800   0.04144483   0.06189748   0.07976303   0.09522316   0.10845389   0.11962526   0.12890108   0.13643867   0.14238862   0.14689465   0.15009344   0.15211452   0.15308023   0.15310574   0.15229902   0.15076094   0.14858540   0.14585944   0.14266345   0.13907136   0.13515087   0.13096371   0.12656590   0.12200803   0.11733560   0.11258922   0.10780503   0.10301489   0.09824678   0.09352500   0.08887053   0.08430130   0.07983240   0.07547641   0.07124360   0.06714218   0.06317850   0.05935728   0.05568176   0.05215394   0.04877465   0.04554378   0.04246037   0.03952275   0.03672863   0.03407524   0.03155935   0.02917743   0.02692566   0.02480000   0.02279626   0.02091015   0.01913729   0.01747328   0.01591369   0.01445413   0.01309024   0.01181771   0.01063230   0.00952985   0.00850630   0.00755768   0.00668013   0.00586989   0.00512332   0.00443689   0.00380719   0.00323093   0.00270493   0.00222613   0.00179159   0.00139848   0.00104410   0.00072585   0.00044124   0.00018790  -0.00003643  -0.00023391  -0.00040659  -0.00055641  -0.00068522  -0.00079477  -0.00088671  -0.00096260  -0.00102390  -0.00107200  -0.00110819  -0.00113367  -0.00114957  -0.00115696  -0.00115680  -0.00115001  -0.00113743  -0.00111982  -0.00109790  -0.00107234  -0.00104371  -0.00101257  -0.00097942 
 -0.00000014  -0.06325735  -0.24987254  -0.55044344  -0.94955148  -1.42621986  -1.95470817  -2.50576832  -3.04846030  -3.55252696  -3.99114243  -4.34361396  -4.59743961  -4.74914884  -4.80365301  -4.77230682  -4.67028221  -4.51397312  -4.31896752  -4.09880252  -3.86444216  -3.62427506  -3.38440892  -3.14908563  -2.92110527  -2.70220147  -2.49334708  -2.29498982  -2.10722672  -1.92992927  -1.76283087  -1.60558626  -1.45781098  -1.31910652  -1.18907582  -1.06733206  -0.95350316  -0.84723341  -0.74818341  -0.65602910  -0.57046019  -0.49117851  -0.41789635  -0.35033497  -0.28822333  -0.23129703  -0.17929754  -0.13197164  -0.08907106  -0.05035232  -0.01557672   0.01548957   0.04307526   0.06740367   0.08869245   0.10715313   0.12299083   0.13640388   0.14758346   0.15671331   0.16396947   0.16952002   0.17352490   0.17613584   0.17749621   0.17774104   0.17699703   0.17538265   0.17300822   0.16997611   0.16638090   0.16230967   0.15784221   0.15305134   0.14800323   0.14275768   0.13736850   0.13188385   0.12634655   0.12079449   0.11526094   0.10977490   0.10436143   0.09904200   0.09383475   0.08875487   0.08381480   0.07902454   0.07439194   0.06992286   0.06562145   0.06149035   0.05753084   0.05374307   0.05012617   0.04667841   0.04339735   0.04027991   0.03732254   0.03452125   0.03187171   0.02936935   0.02700939   0.02478691   0.02269689   0.02073427   0.01889396   0.01717088   0.01555998   0.01405627   0.01265486   0.01135090   0.01013967   0.00901657   0.00797709   0.00701685   0.00613162   0.00531726   0.00456979   0.00388536   0.00326025   0.00269089   0.00217381   0.00170572   0.00128343   0.00090389   0.00056418   0.00026151  -0.00000677  -0.00024321  -0.00045022  -0.00063009  -0.00078501  -0.00091703  -0.00102811  -0.00112008  -0.00119467  -0.00125353  -0.00129817  -0.00133003  -0.00135045  -0.00136067  -0.00136186  -0.00135509  -0.00134136  -0.00132159  -0.00129663  -0.00126726  -0.00123418  -0.00119804  -0.00115944 
 -0.00000013  -0.05901207  -0.23359694  -0.51642417  -0.89536953  -1.35370719  -1.87048470  -2.42118385  -2.97878204  -3.51530319  -4.00385947  -4.42102169  -4.74914884  -4.97814836  -5.10615813  -5.13890476  -5.08791371  -4.96810645  -4.79542864  -4.58499377  -4.34994034  -4.10095072  -3.84624908  -3.59187552  -3.34207425  -3.09969247  -2.86653541  -2.64365744  -2.43158797  -2.23049995  -2.04033174  -1.86087312  -1.69182445  -1.53283639  -1.38353593  -1.24354267  -1.11247869  -0.98997390  -0.87566864  -0.76921448  -0.67027394  -0.57851967  -0.49363341  -0.41530490  -0.34323087  -0.27711426  -0.21666356  -0.16159237  -0.11161921  -0.06646744  -0.02586531   0.01045374   0.04275088   0.07128143   0.09629445   0.11803232   0.13673027   0.15261595   0.16590898   0.17682062   0.18555340   0.19230085   0.19724730   0.20056769   0.20242747   0.20298257   0.20237942   0.20075500   0.19823702   0.19494403   0.19098570   0.18646304   0.18146871   0.17608737   0.17039598   0.16446423   0.15835485   0.15212408   0.14582200   0.13949299   0.13317608   0.12690536   0.12071037   0.11461647   0.10864519   0.10281457   0.09713951   0.09163207   0.08630175   0.08115579   0.07619941   0.07143603   0.06686753   0.06249441   0.05831600   0.05433062   0.05053572   0.04692802   0.04350365   0.04025822   0.03718695   0.03428474   0.03154625   0.02896595   0.02653819   0.02425724   0.02211734   0.02011273   0.01823767   0.01648649   0.01485359   0.01333346   0.01192070   0.01061003   0.00939628   0.00827445   0.00723965   0.00628716   0.00541238   0.00461089   0.00387839   0.00321076   0.00260403   0.00205435   0.00155807   0.00111165   0.00071171   0.00035503   0.00003853  -0.00024075  -0.00048561  -0.00069870  -0.00088256  -0.00103959  -0.00117204  -0.00128207  -0.00137170  -0.00144281  -0.00149721  -0.00153654  -0.00156239  -0.00157621  -0.00157935  -0.00157307  -0.00155855  -0.00153686  -0.00150898  -0.00147585  -0.00143828  -0.00139704  -0.00135283 
 -0.00000012  -0.05469116  -0.21685958  -0.48079231  -0.83698371  -1.27219060  -1.76957523  -2.30900752  -2.86761982  -3.42071629  -3.94311649  -4.41093482  -4.80365301  -5.10615813  -5.31027544  -5.41533993  -5.42758324  -5.35848873  -5.22259290  -5.03531298  -4.81124126  -4.56308953  -4.30124040  -4.03374117  -3.76655548  -3.50392396  -3.24873723  -3.00287046  -2.76745938  -2.54311602  -2.33009085  -2.12839113  -1.93786510  -1.75826072  -1.58926560  -1.43053368  -1.28170244  -1.14240367  -1.01226988  -0.89093780  -0.77805006  -0.67325576  -0.57621036  -0.48657534  -0.40401769  -0.32820949  -0.25882756  -0.19555326  -0.13807247  -0.08607568  -0.03925821   0.00267939   0.04003095   0.07308416   0.10212004   0.12741237   0.14922715   0.16782203   0.18344586   0.19633820   0.20672890   0.21483780   0.22087443   0.22503783   0.22751638   0.22848775   0.22811894   0.22656630   0.22397568   0.22048264   0.21621265   0.21128140   0.20579513   0.19985099   0.19353741   0.18693451   0.18011458   0.17314244   0.16607596   0.15896646   0.15185920   0.14479377   0.13780457   0.13092122   0.12416893   0.11756895   0.11113890   0.10489312   0.09884304   0.09299745   0.08736283   0.08194358   0.07674229   0.07176000   0.06699633   0.06244975   0.05811771   0.05399680   0.05008291   0.04637132   0.04285685   0.03953390   0.03639661   0.03343887   0.03065441   0.02803688   0.02557985   0.02327688   0.02112155   0.01910751   0.01722844   0.01547817   0.01385059   0.01233976   0.01093985   0.00964518   0.00845022   0.00734963   0.00633818   0.00541085   0.00456277   0.00378924   0.00308573   0.00244787   0.00187149   0.00135254   0.00088718   0.00047171   0.00010260  -0.00022351  -0.00050984  -0.00075944  -0.00097521  -0.00115990  -0.00131612  -0.00144633  -0.00155285  -0.00163787  -0.00170344  -0.00175148  -0.00178381  -0.00180210  -0.00180791  -0.00180271  -0.00178785  -0.00176457  -0.00173402  -0.00169726  -0.00165526  -0.00160890  -0.00155899 
 -0.00000011  -0.05046360  -0.20036769  -0.44524556  -0.77763534  -1.18707135  -1.66010982  -2.18043349  -2.72909919  -3.28501150  -3.82571315  -4.32856348  -4.77230682  -5.13890476  -5.41533993  -5.59496980  -5.67801869  -5.67100315  -5.58522365  -5.43475075  -5.23443073  -4.99831296  -4.73867012  -4.46557585  -4.18689219  -3.90849843  -3.63462422  -3.36819735  -3.11115777  -2.86471859  -2.62957153  -2.40604253  -2.19420625  -1.99396842  -1.80512382  -1.62739643  -1.46046661  -1.30398921  -1.15760523  -1.02094928  -0.89365396  -0.77535250  -0.66568012  -0.56427478  -0.47077740  -0.38483211  -0.30608631  -0.23419085  -0.16880028  -0.10957319  -0.05617266  -0.00826681   0.03447062   0.07235962   0.10571319   0.13483669   0.16002716   0.18157265   0.19975165   0.21483250   0.22707295   0.23671971   0.24400816   0.24916204   0.25239335   0.25390217   0.25387674   0.25249343   0.24991696   0.24630052   0.24178605   0.23650459   0.23057654   0.22411216   0.21721191   0.20996696   0.20245962   0.19476388   0.18694583   0.17906423   0.17117098   0.16331161   0.15552574   0.14784761   0.14030648   0.13292709   0.12573007   0.11873233   0.11194746   0.10538605   0.09905603   0.09296297   0.08711037   0.08149991   0.07613169   0.07100445   0.06611574   0.06146214   0.05703938   0.05284250   0.04886595   0.04510375   0.04154953   0.03819667   0.03503833   0.03206753   0.02927721   0.02666029   0.02420968   0.02191833   0.01977927   0.01778561   0.01593058   0.01420755   0.01261002   0.01113165   0.00976625   0.00850784   0.00735056   0.00628878   0.00531702   0.00443001   0.00362264   0.00289000   0.00222736   0.00163019   0.00109413   0.00061500   0.00018882  -0.00018824  -0.00051979  -0.00080932  -0.00106010  -0.00127526  -0.00145777  -0.00161042  -0.00173585  -0.00183655  -0.00191486  -0.00197298  -0.00201297  -0.00203673  -0.00204608  -0.00204266  -0.00202802  -0.00200360  -0.00197071  -0.00193057  -0.00188428  -0.00183287  -0.00177726 
 -0.00000010  -0.04642891  -0.18454792  -0.41084457  -0.71943636  -1.10203716  -1.54793058  -2.04397592  -2.57468638  -3.12243671  -3.66787410  -4.19061364  -4.67028221  -5.08791371  -5.42758324  -5.67801869  -5.83380975  -5.89584092  -5.87075909  -5.76959122  -5.60589724  -5.39393469  -5.14720439  -4.87753729  -4.59469423  -4.30634592  -4.01827942  -3.73470482  -3.45857844  -3.19189710  -2.93594432  -2.69148554  -2.45891717  -2.23837712  -2.02982511  -1.83309991  -1.64795938  -1.47410828  -1.31121701  -1.15893433  -1.01689563  -0.88472835  -0.76205547  -0.64849774  -0.54367512  -0.44720786  -0.35871720  -0.27782610  -0.20415988  -0.13734692  -0.07701939  -0.02281399   0.02562717   0.06865577   0.10661643   0.13984585   0.16867197   0.19341325   0.21437790   0.23186327   0.24615521   0.25752766   0.26624218   0.27254768   0.27668018   0.27886269   0.27930517   0.27820457   0.27574498   0.27209777   0.26742192   0.26186431   0.25556010   0.24863317   0.24119655   0.23335295   0.22519522   0.21680695   0.20826298   0.19962991   0.19096673   0.18232527   0.17375082   0.16528257   0.15695417   0.14879417   0.14082653   0.13307102   0.12554363   0.11825700   0.11122075   0.10444183   0.09792482   0.09167226   0.08568486   0.07996178   0.07450082   0.06929866   0.06435098   0.05965267   0.05519794   0.05098045   0.04699345   0.04322983   0.03968222   0.03634311   0.03320483   0.03025967   0.02749991   0.02491785   0.02250585   0.02025634   0.01816190   0.01621520   0.01440909   0.01273656   0.01119078   0.00976510   0.00845304   0.00724835   0.00614494   0.00513693   0.00421865   0.00338462   0.00262957   0.00194842   0.00133631   0.00078857   0.00030073  -0.00013148  -0.00051215  -0.00084515  -0.00113420  -0.00138279  -0.00159426  -0.00177176  -0.00191826  -0.00203658  -0.00212935  -0.00219905  -0.00224801  -0.00227840  -0.00229225  -0.00229144  -0.00227773  -0.00225274  -0.00221796  -0.00217477  -0.00212445  -0.00206814  -0.00200691 
 -0.00000010  -0.04263902  -0.16963162  -0.37819528  -0.66366336  -1.01944566  -1.43698362  -1.90571360  -2.41306120  -2.94450181  -3.48373841  -4.01306276  -4.51397312  -4.96810645  -5.35848873  -5.67100315  -5.89584092  -6.02859074  -6.07062654  -6.02861763  -5.91326156  -5.73758694  -5.51526074  -5.25923961  -4.98091609  -4.68973757  -4.39317855  -4.09692586  -3.80516025  -3.52085635  -3.24605782  -2.98210937  -2.72984194  -2.48971523  -2.26192424  -2.04647747  -1.84325315  -1.65203933  -1.47256195  -1.30450440  -1.14752098  -1.00124617  -0.86530089  -0.73929689  -0.62283978  -0.51553127  -0.41697084  -0.32675716  -0.24448927  -0.16976779  -0.10219594  -0.04138071   0.01306610   0.06152679   0.10437669   0.14198314   0.17470450   0.20288924   0.22687505   0.24698810   0.26354236   0.27683899   0.28716588   0.29479727   0.29999344   0.30300061   0.30405081   0.30336191   0.30113775   0.29756833   0.29283008   0.28708619   0.28048699   0.27317046   0.26526266   0.25687827   0.24812118   0.23908502   0.22985375   0.22050232   0.21109715   0.20169683   0.19235265   0.18310914   0.17400467   0.16507198   0.15633863   0.14782753   0.13955741   0.13154318   0.12379640   0.11632563   0.10913676   0.10223337   0.09561697   0.08928731   0.08324261   0.07747975   0.07199454   0.06678181   0.06183563   0.05714944   0.05271613   0.04852823   0.04457792   0.04085716   0.03735777   0.03407146   0.03098991   0.02810480   0.02540785   0.02289086   0.02054574   0.01836453   0.01633940   0.01446269   0.01272693   0.01112483   0.00964928   0.00829339   0.00705047   0.00591404   0.00487785   0.00393583   0.00308217   0.00231125   0.00161768   0.00099628   0.00044210  -0.00004963  -0.00048342  -0.00086360  -0.00119429  -0.00147941  -0.00172267  -0.00192759  -0.00209749  -0.00223551  -0.00234460  -0.00242755  -0.00248696  -0.00252527  -0.00254474  -0.00254751  -0.00253555  -0.00251067  -0.00247457  -0.00242879  -0.00237478  -0.00231384  -0.00224717 
 -0.00000009  -0.03911469  -0.15572051  -0.34759490  -0.61100787  -0.94068532  -1.32976234  -1.76973327  -2.25041060  -2.75991289  -3.28471324  -3.80979403  -4.31896752  -4.79542864  -5.22259290  -5.58522365  -5.87075909  -6.07062654  -6.18123139  -6.20430919  -6.14647678  -6.01806983  -5.83158068  -5.60009372  -5.33603180  -5.05035588  -4.75220100  -4.44884120  -4.14585490  -3.84738304  -3.55640707  -3.27500613  -3.00457535  -2.74600142  -2.49979869  -2.26621174  -2.04529134  -1.83694976  -1.64100058  -1.45718712  -1.28520262  -1.12470446  -0.97532424  -0.83667498  -0.70835625  -0.58995805  -0.48106369  -0.38125219  -0.29010021  -0.20718381  -0.13208006  -0.06436849  -0.00363253   0.05053907   0.09855101   0.14080013   0.17767425   0.20955107   0.23679716   0.25976704   0.27880242   0.29423145   0.30636818   0.31551212   0.32194786   0.32594486   0.32775739   0.32762441   0.32576980   0.32240242   0.31771646   0.31189176   0.30509422   0.29747625   0.28917734   0.28032457   0.27103322   0.26140739   0.25154060   0.24151647   0.23140932   0.22128485   0.21120071   0.20120717   0.19134767   0.18165943   0.17217398   0.16291768   0.15391226   0.14517521   0.13672029   0.12855792   0.12069552   0.11313793   0.10588768   0.09894528   0.09230952   0.08597772   0.07994590   0.07420900   0.06876107   0.06359542   0.05870474   0.05408124   0.04971675   0.04560281   0.04173077   0.03809182   0.03467711   0.03147773   0.02848482   0.02568957   0.02308327   0.02065732   0.01840327   0.01631284   0.01437790   0.01259053   0.01094302   0.00942784   0.00803769   0.00676551   0.00560445   0.00454787   0.00358939   0.00272286   0.00194234   0.00124215   0.00061682   0.00006113  -0.00042993  -0.00086113  -0.00123702  -0.00156192  -0.00183996  -0.00207502  -0.00227079  -0.00243076  -0.00255821  -0.00265623  -0.00272771  -0.00277536  -0.00280174  -0.00280919  -0.00279993  -0.00277598  -0.00273925  -0.00269146  -0.00263423  -0.00256902  -0.00249717 
