# coconut-me2b/v0.99.21 
# 
# momentum space matrix elements 
# partial wave J=1, L=1/1, S=1, T=1, MT=-1 
# 
# momentum grid [fm^-1]
0.000000 0.066667 0.133333 0.200000 0.266667 0.333333 0.400000 0.466667 0.533333 0.600000 0.666667 0.733333 0.800000 0.866667 0.933333 1.000000 1.066667 1.133333 1.200000 1.266667 1.333333 1.400000 1.466667 1.533333 1.600000 1.666667 1.733333 1.800000 1.866667 1.933333 2.000000 2.066667 2.133333 2.200000 2.266667 2.333333 2.400000 2.466667 2.533333 2.600000 2.666667 2.733333 2.800000 2.866667 2.933333 3.000000 3.066667 3.133333 3.200000 3.266667 3.333333 3.400000 3.466667 3.533333 3.600000 3.666667 3.733333 3.800000 3.866667 3.933333 4.000000 4.066667 4.133333 4.200000 4.266667 4.333333 4.400000 4.466667 4.533333 4.600000 4.666667 4.733333 4.800000 4.866667 4.933333 5.000000 5.066667 5.133333 5.200000 5.266667 5.333333 5.400000 5.466667 5.533333 5.600000 5.666667 5.733333 5.800000 5.866667 5.933333 6.000000 6.066667 6.133333 6.200000 6.266667 6.333333 6.400000 6.466667 6.533333 6.600000 6.666667 6.733333 6.800000 6.866667 6.933333 7.000000 7.066667 7.133333 7.200000 7.266667 7.333333 7.400000 7.466667 7.533333 7.600000 7.666667 7.733333 7.800000 7.866667 7.933333 8.000000 8.066667 8.133333 8.200000 8.266667 8.333333 8.400000 8.466667 8.533333 8.600000 8.666667 8.733333 8.800000 8.866667 8.933333 9.000000 9.066667 9.133333 9.200000 9.266667 9.333333 9.400000 9.466667 9.533333 9.600000 9.666667 9.733333 9.800000 9.866667 9.933333 10.000000 
#
# matrix elements [MeV fm^3] 
  0.00000052   0.00033926   0.00064999   0.00091033   0.00110887   0.00124468   0.00132451   0.00135913   0.00136021   0.00133833   0.00130215   0.00125820   0.00121110   0.00116397   0.00111876   0.00107658   0.00103796   0.00100307   0.00097178   0.00094385   0.00091891   0.00089659   0.00087646   0.00085815   0.00084127   0.00082549   0.00081048   0.00079599   0.00078177   0.00076762   0.00075338   0.00073891   0.00072411   0.00070890   0.00069323   0.00067708   0.00066043   0.00064329   0.00062569   0.00060766   0.00058925   0.00057051   0.00055149   0.00053227   0.00051291   0.00049347   0.00047403   0.00045466   0.00043541   0.00041635   0.00039755   0.00037904   0.00036090   0.00034315   0.00032584   0.00030901   0.00029269   0.00027690   0.00026166   0.00024699   0.00023290   0.00021939   0.00020648   0.00019414   0.00018239   0.00017122   0.00016061   0.00015055   0.00014103   0.00013203   0.00012353   0.00011552   0.00010797   0.00010086   0.00009418   0.00008790   0.00008201   0.00007647   0.00007128   0.00006641   0.00006184   0.00005755   0.00005354   0.00004977   0.00004624   0.00004293   0.00003983   0.00003691   0.00003418   0.00003162   0.00002921   0.00002695   0.00002483   0.00002284   0.00002097   0.00001922   0.00001757   0.00001603   0.00001458   0.00001323   0.00001196   0.00001077   0.00000966   0.00000862   0.00000765   0.00000675   0.00000591   0.00000513   0.00000440   0.00000373   0.00000312   0.00000255   0.00000202   0.00000154   0.00000111   0.00000071   0.00000035   0.00000002  -0.00000027  -0.00000053  -0.00000077  -0.00000097  -0.00000115  -0.00000130  -0.00000144  -0.00000155  -0.00000164  -0.00000172  -0.00000177  -0.00000182  -0.00000185  -0.00000187  -0.00000187  -0.00000187  -0.00000186  -0.00000184  -0.00000181  -0.00000178  -0.00000174  -0.00000170  -0.00000165  -0.00000160  -0.00000155  -0.00000150  -0.00000144  -0.00000139  -0.00000133  -0.00000127  -0.00000121  -0.00000116  -0.00000110 
  0.00033926   0.22295382   0.42752993   0.59953082   0.73139256   0.82226721   0.87633090   0.90046443   0.90223799   0.88860434   0.86528143   0.83661743   0.80571820   0.77467779   0.74482022   0.71691092   0.69132502   0.66817413   0.64739840   0.62883172   0.61224711   0.59738778   0.58398804   0.57178718   0.56053833   0.55001396   0.54000897   0.53034218   0.52085661   0.51141911   0.50191934   0.49226849   0.48239775   0.47225662   0.46181121   0.45104246   0.43994440   0.42852249   0.41679193   0.40477615   0.39250532   0.38001497   0.36734474   0.35453718   0.34163671   0.32868867   0.31573844   0.30283074   0.29000894   0.27731457   0.26478680   0.25246211   0.24037404   0.22855289   0.21702568   0.20581600   0.19494406   0.18442665   0.17427727   0.16450622   0.15512077   0.14612529   0.13752148   0.12930858   0.12148355   0.11404134   0.10697510   0.10027638   0.09393541   0.08794126   0.08228209   0.07694532   0.07191781   0.06718605   0.06273631   0.05855478   0.05462769   0.05094142   0.04748261   0.04423825   0.04119572   0.03834285   0.03566800   0.03316006   0.03080847   0.02860326   0.02653504   0.02459497   0.02277481   0.02106687   0.01946398   0.01795950   0.01654727   0.01522160   0.01397723   0.01280931   0.01171335   0.01068524   0.00972114   0.00881754   0.00797117   0.00717900   0.00643822   0.00574620   0.00510049   0.00449879   0.00393891   0.00341881   0.00293653   0.00249023   0.00207812   0.00169851   0.00134975   0.00103027   0.00073854   0.00047309   0.00023248   0.00001533  -0.00017970  -0.00035393  -0.00050861  -0.00064498  -0.00076424  -0.00086751  -0.00095594  -0.00103057  -0.00109245  -0.00114258  -0.00118190  -0.00121133  -0.00123174  -0.00124395  -0.00124877  -0.00124693  -0.00123915  -0.00122608  -0.00120836  -0.00118657  -0.00116126  -0.00113294  -0.00110208  -0.00106912  -0.00103447  -0.00099849  -0.00096151  -0.00092386  -0.00088580  -0.00084758  -0.00080943  -0.00077154  -0.00073409 
  0.00064999   0.42752993   0.82181559   1.15663931   1.41717917   1.60057011   1.71336764   1.76764447   1.77732668   1.75562493   1.71368123   1.66014728   1.60131711   1.54150920   1.48350728   1.42896369   1.37872972   1.33310911   1.29204491   1.25525313   1.22231665   1.19274995   1.16604305   1.14169082   1.11921201   1.09816109   1.07813517   1.05877744   1.03977821   1.02087438   1.00184766   0.98252222   0.96276166   0.94246588   0.92156760   0.90002901   0.87783827   0.85500621   0.83156305   0.80755539   0.78304319   0.75809712   0.73279601   0.70722450   0.68147095   0.65562555   0.62977861   0.60401909   0.57843328   0.55310379   0.52810858   0.50352022   0.47940540   0.45582443   0.43283102   0.41047210   0.38878780   0.36781151   0.34757003   0.32808380   0.30936719   0.29142884   0.27427207   0.25789524   0.24229224   0.22745293   0.21336356   0.20000725   0.18736444   0.17541331   0.16413019   0.15348994   0.14346634   0.13403242   0.12516078   0.11682383   0.10899411   0.10164445   0.09474820   0.08827938   0.08221282   0.07652429   0.07119053   0.06618941   0.06149988   0.05710205   0.05297718   0.04910770   0.04547717   0.04207024   0.03887265   0.03587115   0.03305349   0.03040833   0.02792518   0.02559439   0.02340704   0.02135489   0.01943036   0.01762643   0.01593658   0.01435481   0.01287550   0.01149344   0.01020372   0.00900178   0.00788327   0.00684412   0.00588045   0.00498855   0.00416490   0.00340610   0.00270889   0.00207013   0.00148679   0.00095591   0.00047465   0.00004024  -0.00034999  -0.00069866  -0.00100829  -0.00128132  -0.00152014  -0.00172704  -0.00190424  -0.00205388  -0.00217802  -0.00227865  -0.00235768  -0.00241692  -0.00245811  -0.00248292  -0.00249291  -0.00248959  -0.00247436  -0.00244856  -0.00241343  -0.00237016  -0.00231983  -0.00226346  -0.00220200  -0.00213633  -0.00206725  -0.00199550  -0.00192176  -0.00184663  -0.00177068  -0.00169440  -0.00161824  -0.00154259  -0.00146782 
  0.00091033   0.59953082   1.15663931   1.63684024   2.01895109   2.29651833   2.47561924   2.57057711   2.59938369   2.58007824   2.52853620   2.45752241   2.37660767   2.29254628   2.20982374   2.13120615   2.05821454   1.99150188   1.93113782   1.87681638   1.82800390   1.78404244   1.74422072   1.70782207   1.67415599   1.64257821   1.61250278   1.58340855   1.55484172   1.52641569   1.49780914   1.46876273   1.43907510   1.40859823   1.37723263   1.34492230   1.31164975   1.27743107   1.24231116   1.20635919   1.16966427   1.13233139   1.09447768   1.05622897   1.01771662   0.97907471   0.94043753   0.90193734   0.86370249   0.82585580   0.78851318   0.75178256   0.71576304   0.68054429   0.64620611   0.61281820   0.58044015   0.54912149   0.51890192   0.48981170   0.46187203   0.43509556   0.40948702   0.38504377   0.36175650   0.33960988   0.31858323   0.29865123   0.27978452   0.26195041   0.24511346   0.22923605   0.21427895   0.20020183   0.18696370   0.17452336   0.16283974   0.15187226   0.14158110   0.13192747   0.12287379   0.11438385   0.10642297   0.09895808   0.09195779   0.08539242   0.07923402   0.07345637   0.06803495   0.06294688   0.05817091   0.05368730   0.04947777   0.04552542   0.04181466   0.03833108   0.03506141   0.03199340   0.02911574   0.02641798   0.02389046   0.02152419   0.01931086   0.01724267   0.01531237   0.01351311   0.01183848   0.01028239   0.00883906   0.00750299   0.00626892   0.00513180   0.00408677   0.00312914   0.00225440   0.00145815   0.00073614   0.00008426  -0.00050151  -0.00102504  -0.00149012  -0.00190039  -0.00225941  -0.00257060  -0.00283728  -0.00306266  -0.00324982  -0.00340172  -0.00352122  -0.00361103  -0.00367376  -0.00371190  -0.00372780  -0.00372370  -0.00370171  -0.00366384  -0.00361194  -0.00354778  -0.00347301  -0.00338915  -0.00329761  -0.00319971  -0.00309667  -0.00298957  -0.00287945  -0.00276723  -0.00265372  -0.00253969  -0.00242581  -0.00231267  -0.00220081 
  0.00110887   0.73139256   1.41717917   2.01895109   2.51085473   2.88187563   3.13483348   3.28291371   3.34516041   3.34229859   3.29371335   3.21577917   3.12129926   3.01965933   2.91733492   2.81850354   2.72562379   2.63992224   2.56177570   2.49099811   2.42704934   2.36918372   2.31655372   2.26828098   2.22350397   2.18140899   2.14124954   2.10235732   2.06414750   2.02612002   1.98785789   1.94902383   1.90935540   1.86865945   1.82680596   1.78372176   1.73938406   1.69381409   1.64707092   1.59924555   1.55045517   1.50083795   1.45054806   1.39975114   1.34862015   1.29733166   1.24606253   1.19498697   1.14427404   1.09408549   1.04457400   0.99588168   0.94813903   0.90146405   0.85596174   0.81172378   0.76882844   0.72734076   0.68731279   0.64878407   0.61178220   0.57632351   0.54241384   0.51004932   0.47921726   0.44989702   0.42206093   0.39567516   0.37070061   0.34709373   0.32480738   0.30379157   0.28399420   0.26536169   0.24783965   0.23137341   0.21590850   0.20139110   0.18776844   0.17498909   0.16300326   0.15176299   0.14122236   0.13133756   0.12206705   0.11337154   0.10521406   0.09755992   0.09037669   0.08363414   0.07730415   0.07136064   0.06577948   0.06053834   0.05561661   0.05099531   0.04665690   0.04258522   0.03876534   0.03518350   0.03182694   0.02868384   0.02574320   0.02299478   0.02042898   0.01803682   0.01580981   0.01373994   0.01181957   0.01004146   0.00839866   0.00688451   0.00549260   0.00421673   0.00305093   0.00198940   0.00102652   0.00015684  -0.00062495  -0.00132399  -0.00194527  -0.00249363  -0.00297379  -0.00339028  -0.00374751  -0.00404972  -0.00430101  -0.00450532  -0.00466643  -0.00478795  -0.00487335  -0.00492593  -0.00494882  -0.00494500  -0.00491728  -0.00486831  -0.00480059  -0.00471647  -0.00461811  -0.00450757  -0.00438673  -0.00425733  -0.00412100  -0.00397921  -0.00383331  -0.00368454  -0.00353399  -0.00338268  -0.00323151  -0.00308127  -0.00293267 
  0.00124468   0.82226721   1.60057011   2.29651833   2.88187563   3.34128302   3.67261386   3.88504065   3.99553071   4.02485332   3.99409655   3.92226550   3.82504717   3.71450289   3.59934088   3.48546257   3.37657441   3.27475167   3.18090768   3.09516083   3.01710989   2.94603464   2.88103877   2.82114963   2.76538654   2.71280628   2.66253243   2.61377304   2.56583025   2.51810409   2.47009223   2.42138695   2.37167024   2.32070757   2.26834094   2.21448138   2.15910140   2.10222731   2.04393178   1.98432662   1.92355587   1.86178935   1.79921661   1.73604134   1.67247629   1.60873866   1.54504605   1.48161282   1.41864699   1.35634759   1.29490242   1.23448634   1.17525979   1.11736785   1.06093951   1.00608734   0.95290736   0.90147922   0.85186656   0.80411755   0.75826565   0.71433037   0.67231827   0.63222395   0.59403110   0.55771363   0.52323677   0.49055814   0.45962889   0.43039469   0.40279680   0.37677298   0.35225840   0.32918646   0.30748955   0.28709975   0.26794945   0.24997183   0.23310142   0.21727443   0.20242912   0.18850603   0.17544825   0.16320152   0.15171439   0.14093821   0.13082722   0.12133851   0.11243196   0.10407018   0.09621841   0.08884444   0.08191844   0.07541286   0.06930225   0.06356317   0.05817401   0.05311482   0.04836721   0.04391421   0.03974010   0.03583031   0.03217131   0.02875046   0.02555597   0.02257675   0.01980235   0.01722289   0.01482898   0.01261168   0.01056242   0.00867298   0.00693545   0.00534218   0.00388579   0.00255911   0.00135520   0.00026730  -0.00071115  -0.00158652  -0.00236499  -0.00305257  -0.00365510  -0.00417822  -0.00462739  -0.00500789  -0.00532480  -0.00558302  -0.00578725  -0.00594199  -0.00605155  -0.00612004  -0.00615136  -0.00614922  -0.00611713  -0.00605838  -0.00597610  -0.00587321  -0.00575242  -0.00561629  -0.00546717  -0.00530726  -0.00513855  -0.00496292  -0.00478203  -0.00459744  -0.00441054  -0.00422258  -0.00403469  -0.00384788  -0.00366302 
  0.00132451   0.87633090   1.71336764   2.47561924   3.13483348   3.67261386   4.08172151   4.36571615   4.53698114   4.61365653   4.61629849   4.56503073   4.47762440   4.36855833   4.24885217   4.12637851   4.00639586   3.89212670   3.78528490   3.68651377   3.59572904   3.51237682   3.43562217   3.36448375   3.29792792   3.23493305   3.17453216   3.11583994   3.05806865   3.00053607   2.94266776   2.88399551   2.82415286   2.76286898   2.69996114   2.63532660   2.56893407   2.50081500   2.43105505   2.35978575   2.28717649   2.21342696   2.13876007   2.06341543   1.98764337   1.91169948   1.83583986   1.76031682   1.68537518   1.61124919   1.53815986   1.46631290   1.39589700   1.32708272   1.26002157   1.19484569   1.13166764   1.07058062   1.01165892   0.95495854   0.90051807   0.84835963   0.79849004   0.75090196   0.70557521   0.66247803   0.62156840   0.58279538   0.54610035   0.51141828   0.47867894   0.44780800   0.41872811   0.39135985   0.36562267   0.34143569   0.31871842   0.29739137   0.27737668   0.25859851   0.24098349   0.22446101   0.20896348   0.19442652   0.18078904   0.16799338   0.15598528   0.14471386   0.13413161   0.12419425   0.11486064   0.10609266   0.09785504   0.09011519   0.08284307   0.07601097   0.06959336   0.06356673   0.05790938   0.05260127   0.04762387   0.04296003   0.03859378   0.03451024   0.03069550   0.02713650   0.02382093   0.02073714   0.01787405   0.01522112   0.01276823   0.01050569   0.00842414   0.00651455   0.00476817   0.00317654   0.00173141   0.00042480  -0.00075108  -0.00180378  -0.00274066  -0.00356885  -0.00429528  -0.00492667  -0.00546950  -0.00593008  -0.00631444  -0.00662843  -0.00687766  -0.00706749  -0.00720307  -0.00728929  -0.00733083  -0.00733211  -0.00729733  -0.00723044  -0.00713517  -0.00701500  -0.00687321  -0.00671285  -0.00653675  -0.00634752  -0.00614758  -0.00593915  -0.00572428  -0.00550479  -0.00528238  -0.00505856  -0.00483467  -0.00461194  -0.00439143 
  0.00135913   0.90046443   1.76764447   2.57057711   3.28291371   3.88504065   4.36571615   4.72280976   4.96282039   5.09915940   5.14958464   5.13343150   5.06926157   4.97328958   4.85863416   4.73522072   4.61008975   4.48789128   4.37141510   4.26207395   4.16030562   4.06588912   3.97818337   3.89630240   3.81924083   3.74596163   3.67545603   3.60678296   3.53909367   3.47164574   3.40380933   3.33506812   3.26501635   3.19335328   3.11987584   3.04447018   2.96710253   2.88780980   2.80669012   2.72389355   2.63961319   2.55407656   2.46753770   2.38026967   2.29255778   2.20469345   2.11696864   2.02967101   1.94307973   1.85746182   1.77306922   1.69013629   1.60887799   1.52948842   1.45213996   1.37698270   1.30414433   1.23373036   1.16582460   1.10048993   1.03776924   0.97768658   0.92024843   0.86544510   0.81325216   0.76363195   0.71653508   0.67190194   0.62966418   0.58974615   0.55206624   0.51653823   0.48307246   0.45157700   0.42195863   0.39412384   0.36797959   0.34343411   0.32039749   0.29878224   0.27850375   0.25948062   0.24163497   0.22489264   0.20918332   0.19444066   0.18060225   0.16760961   0.15540812   0.14394695   0.13317888   0.12306015   0.11355033   0.10461207   0.09621094   0.08831524   0.08089574   0.07392554   0.06737983   0.06123572   0.05547205   0.05006920   0.04500895   0.04027433   0.03584945   0.03171939   0.02787009   0.02428826   0.02096123   0.01787696   0.01502387   0.01239086   0.00996723   0.00774263   0.00570702   0.00385069   0.00216418   0.00063830  -0.00073591  -0.00196713  -0.00306384  -0.00403426  -0.00488639  -0.00562797  -0.00626651  -0.00680928  -0.00726328  -0.00763525  -0.00793170  -0.00815884  -0.00832263  -0.00842876  -0.00848265  -0.00848943  -0.00845397  -0.00838088  -0.00827448  -0.00813884  -0.00797776  -0.00779479  -0.00759322  -0.00737613  -0.00714631  -0.00690638  -0.00665869  -0.00640542  -0.00614852  -0.00588977  -0.00563075  -0.00537289  -0.00511743 
  0.00136021   0.90223799   1.77732668   2.59938369   3.34516041   3.99553071   4.53698114   4.96282039   5.27373144   5.47736031   5.58689581   5.61893782   5.59118283   5.52044887   5.42135159   5.30567870   5.18232298   5.05756602   4.93552460   4.81862933   4.70806217   4.60412254   4.50651631   4.41457533   4.32741907   4.24407075   4.16353868   4.08487164   4.00719503   3.92973315   3.85182121   3.77291015   3.69256621   3.61046683   3.52639417   3.44022676   3.35193029   3.26154778   3.16918945   3.07502283   2.97926293   2.88216300   2.78400565   2.68509470   2.58574761   2.48628864   2.38704270   2.28832990   2.19046088   2.09373274   1.99842569   1.90480033   1.81309552   1.72352682   1.63628543   1.55153765   1.46942468   1.39006288   1.31354434   1.23993768   1.16928915   1.10162393   1.03694753   0.97524738   0.91649440   0.86064476   0.80764151   0.75741631   0.70989108   0.66497961   0.62258909   0.58262160   0.54497547   0.50954650   0.47622919   0.44491774   0.41550699   0.38789325   0.36197502   0.33765357   0.31483349   0.29342301   0.27333440   0.25448417   0.23679318   0.22018680   0.20459486   0.18995167   0.17619590   0.16327049   0.15112248   0.13970282   0.12896622   0.11887085   0.10937821   0.10045283   0.09206206   0.08417585   0.07676652   0.06980851   0.06327822   0.05715380   0.05141493   0.04604268   0.04101937   0.03632837   0.03195401   0.02788146   0.02409661   0.02058600   0.01733672   0.01433636   0.01157295   0.00903490   0.00671100   0.00459031   0.00266226   0.00091649  -0.00065703  -0.00206810  -0.00332625  -0.00444076  -0.00542063  -0.00627463  -0.00701122  -0.00763861  -0.00816474  -0.00859724  -0.00894347  -0.00921048  -0.00940503  -0.00953358  -0.00960226  -0.00961694  -0.00958314  -0.00950609  -0.00939073  -0.00924168  -0.00906329  -0.00885959  -0.00863436  -0.00839108  -0.00813297  -0.00786300  -0.00758389  -0.00729811  -0.00700792  -0.00671533  -0.00642219  -0.00613011  -0.00584055 
  0.00133833   0.88860434   1.75562493   2.58007824   3.34229859   4.02485332   4.61365653   5.09915940   5.47736031   5.75029717   5.92574224   6.01603987   6.03632378   6.00255743   5.92984602   5.83129616   5.71747373   5.59634633   5.47353433   5.35270779   5.23601449   5.12447391   5.01830864   4.91720772   4.82052745   4.72744003   4.63704050   4.54842177   4.46072548   4.37317505   4.28509545   4.19592353   4.10521134   4.01262459   3.91793758   3.82102586   3.72185723   3.62048194   3.51702229   3.41166224   3.30463709   3.19622351   3.08673008   2.97648846   2.86584514   2.75515405   2.64476980   2.53504177   2.42630894   2.31889544   2.21310686   2.10922730   2.00751696   1.90821044   1.81151562   1.71761298   1.62665541   1.53876855   1.45405129   1.37257678   1.29439358   1.21952710   1.14798115   1.07973966   1.01476851   0.95301734   0.89442145   0.83890369   0.78637623   0.73674240   0.68989837   0.64573474   0.60413809   0.56499233   0.52818002   0.49358349   0.46108589   0.43057207   0.40192941   0.37504843   0.34982335   0.32615257   0.30393897   0.28309017   0.26351871   0.24514211   0.22788290   0.21166858   0.19643154   0.18210888   0.16864227   0.15597776   0.14406552   0.13285960   0.12231771   0.11240093   0.10307346   0.09430238   0.08605735   0.07831043   0.07103579   0.06420952   0.05780944   0.05181486   0.04620643   0.04096600   0.03607644   0.03152153   0.02728585   0.02335464   0.01971378   0.01634965   0.01324913   0.01039949   0.00778838   0.00540381   0.00323408   0.00126780  -0.00050611  -0.00209848  -0.00351986  -0.00478051  -0.00589041  -0.00685929  -0.00769654  -0.00841129  -0.00901236  -0.00950825  -0.00990714  -0.01021691  -0.01044508  -0.01059887  -0.01068515  -0.01071043  -0.01068092  -0.01060247  -0.01048060  -0.01032050  -0.01012704  -0.00990475  -0.00965787  -0.00939032  -0.00910572  -0.00880740  -0.00849844  -0.00818162  -0.00785948  -0.00753432  -0.00720820  -0.00688297  -0.00656027 
  0.00130215   0.86528143   1.71368123   2.52853620   3.29371335   3.99409655   4.61629849   5.14958464   5.58689581   5.92574224   6.16867133   6.32305708   6.40014588   6.41355042   6.37756936   6.30572344   6.20975544   6.09914708   5.98106115   5.86055808   5.74094566   5.62416011   5.51111940   5.40202259   5.29658902   5.19424166   5.09424321   4.99579438   4.89810271   4.80042916   4.70211801   4.60261441   4.50147300   4.39836000   4.29305060   4.18542319   4.07545129   3.96319420   3.84878670   3.73242849   3.61437354   3.49491977   3.37439903   3.25316775   3.13159823   3.01007064   2.88896586   2.76865908   2.64951422   2.53187918   2.41608181   2.30242667   2.19119254   2.08263048   1.97696260   1.87438138   1.77504946   1.67909992   1.58663696   1.49773687   1.41244936   1.33079906   1.25278729   1.17839385   1.10757904   1.04028565   0.97644102   0.91595903   0.85874214   0.80468331   0.75366782   0.70557508   0.66028022   0.61765561   0.57757228   0.53990114   0.50451412   0.47128511   0.44009086   0.41081164   0.38333190   0.35754066   0.33333196   0.31060506   0.28926465   0.26922092   0.25038958   0.23269178   0.21605406   0.20040814   0.18569075   0.17184339   0.15881210   0.14654716   0.13500283   0.12413708   0.11391126   0.10428985   0.09524018   0.08673212   0.07873789   0.07123177   0.06418989   0.05759001   0.05141135   0.04563437   0.04024066   0.03521278   0.03053411   0.02618878   0.02216155   0.01843775   0.01500317   0.01184407   0.00894708   0.00629920   0.00388773   0.00170032  -0.00027511  -0.00205034  -0.00363687  -0.00504590  -0.00628833  -0.00737480  -0.00831559  -0.00912071  -0.00979981  -0.01036224  -0.01081699  -0.01117271  -0.01143768  -0.01161986  -0.01172680  -0.01176570  -0.01174341  -0.01166639  -0.01154075  -0.01137223  -0.01116621  -0.01092772  -0.01066146  -0.01037177  -0.01006269  -0.00973792  -0.00940087  -0.00905465  -0.00870209  -0.00834576  -0.00798796  -0.00763076  -0.00727600 
  0.00125820   0.83661743   1.66014728   2.45752241   3.21577917   3.92226550   4.56503073   5.13343150   5.61893782   6.01603987   6.32305708   6.54258814   6.68137480   6.74951264   6.75916563   6.72310933   6.65344622   6.56071666   6.45346019   6.33815271   6.21939033   6.10019577   5.98235650   5.86674117   5.75356948   5.64262906   5.53344251   5.42539182   5.31780832   5.21003568   5.10147234   4.99159846   4.87999140   4.76633277   4.65040939   4.53210988   4.41141827   4.28840556   4.16322000   4.03607675   3.90724719   3.77704837   3.64583276   3.51397850   3.38188032   3.24994113   3.11856443   2.98814759   2.85907592   2.73171757   2.60641929   2.48350297   2.36326292   2.24596385   2.13183957   2.02109218   1.91389193   1.81037746   1.71065657   1.61480722   1.52287899   1.43489471   1.35085227   1.27072666   1.19447208   1.12202406   1.05330171   0.98820986   0.92664122   0.86847845   0.81359618   0.76186284   0.71314244   0.66729622   0.62418411   0.58366605   0.54560326   0.50985920   0.47630053   0.44479785   0.41522635   0.38746629   0.36140339   0.33692911   0.31394084   0.29234196   0.27204186   0.25295589   0.23500519   0.21811656   0.20222223   0.18725960   0.17317097   0.15990324   0.14740760   0.13563925   0.12455701   0.11412310   0.10430277   0.09506403   0.08637739   0.07821557   0.07055324   0.06336685   0.05663435   0.05033505   0.04444942   0.03895897   0.03384605   0.02909381   0.02468606   0.02060715   0.01684199   0.01337588   0.01019455   0.00728410   0.00463092   0.00222177   0.00004366  -0.00191606  -0.00366979  -0.00522958  -0.00660723  -0.00781421  -0.00886165  -0.00976038  -0.01052089  -0.01115329  -0.01166737  -0.01207253  -0.01237778  -0.01259177  -0.01272276  -0.01277859  -0.01276674  -0.01269427  -0.01256786  -0.01239379  -0.01217797  -0.01192592  -0.01164277  -0.01133331  -0.01100197  -0.01065284  -0.01028965  -0.00991586  -0.00953457  -0.00914863  -0.00876060  -0.00837275  -0.00798713 
  0.00121110   0.80571820   1.60131711   2.37660767   3.12129926   3.82504717   4.47762440   5.06926157   5.59118283   6.03632378   6.40014588   6.68137480   6.88243191   7.00935463   7.07113799   7.07862740   7.04324376   6.97584534   6.88592917   6.78122739   6.66763815   6.54937951   6.42925688   6.30896269   6.18935941   6.07072264   5.95293752   5.83565072   5.71838391   5.60061594   5.48184029   5.36160363   5.23953000   5.11533435   4.98882820   4.85991970   4.72860955   4.59498421   4.45920721   4.32150946   4.18217881   4.04154966   3.89999259   3.75790445   3.61569903   3.47379836   3.33262488   3.19259438   3.05410981   2.91755594   2.78329491   2.65166257   2.52296559   2.39747942   2.27544678   2.15707694   2.04254546   1.93199453   1.82553373   1.72324113   1.62516485   1.53132472   1.44171431   1.35630303   1.27503836   1.19784819   1.12464309   1.05531871   0.98975800   0.92783342   0.86940909   0.81434275   0.76248766   0.71369429   0.66781191   0.62469005   0.58417969   0.54613444   0.51041145   0.47687222   0.44538328   0.41581670   0.38805049   0.36196890   0.33746258   0.31442867   0.29277079   0.27239897   0.25322951   0.23518478   0.21819297   0.20218783   0.18710836   0.17289847   0.15950670   0.14688581   0.13499248   0.12378698   0.11323282   0.10329642   0.09394687   0.08515557   0.07689603   0.06914357   0.06187512   0.05506904   0.04870489   0.04276327   0.03722571   0.03207453   0.02729271   0.02286382   0.01877195   0.01500163   0.01153777   0.00836566   0.00547091   0.00283946   0.00045752  -0.00168838  -0.00361142  -0.00532451  -0.00684021  -0.00817079  -0.00932820  -0.01032404  -0.01116955  -0.01187563  -0.01245278  -0.01291113  -0.01326040  -0.01350992  -0.01366861  -0.01374495  -0.01374702  -0.01368248  -0.01355857  -0.01338211  -0.01315950  -0.01289674  -0.01259943  -0.01227279  -0.01192162  -0.01155041  -0.01116323  -0.01076385  -0.01035570  -0.00994187  -0.00952517  -0.00910813  -0.00869299 
  0.00116397   0.77467779   1.54150920   2.29254628   3.01965933   3.71450289   4.36855833   4.97328958   5.52044887   6.00255743   6.41355042   6.74951264   7.00935463   7.19522422   7.31246894   7.36908241   7.37474256   7.33968718   7.27369770   7.18537605   7.08176989   6.96829729   6.84887395   6.72614601   6.60175545   6.47659301   6.35101712   6.22503162   6.09842383   5.97086797   5.84199999   5.71146997   5.57897698   5.44429071   5.30726331   5.16783387   5.02602766   4.88195167   4.73578755   4.58778296   4.43824195   4.28751481   4.13598802   3.98407427   3.83220314   3.68081225   3.53033922   3.38121444   3.23385469   3.08865761   2.94599710   2.80621947   2.66964052   2.53654329   2.40717660   2.28175423   2.16045472   2.04342165   1.93076448   1.82255977   1.71885269   1.61965892   1.52496667   1.43473896   1.34891595   1.26741740   1.19014509   1.11698528   1.04781115   0.98248504   0.92086075   0.86278561   0.80810244   0.75665138   0.70827154   0.66280248   0.62008556   0.57996507   0.54228926   0.50691113   0.47368918   0.44248791   0.41317822   0.38563776   0.35975104   0.33540955   0.31251169   0.29096277   0.27067473   0.25156604   0.23356135   0.21659123   0.20059181   0.18550448   0.17127550   0.15785561   0.14519970   0.13326644   0.12201792   0.11141931   0.10143855   0.09204601   0.08321428   0.07491782   0.06713278   0.05983675   0.05300858   0.04662821   0.04067650   0.03513509   0.02998632   0.02521311   0.02079887   0.01672747   0.01298316   0.00955053   0.00641450   0.00356028   0.00097339  -0.00136038  -0.00345494  -0.00532392  -0.00698064  -0.00843810  -0.00970897  -0.01080559  -0.01173994  -0.01252361  -0.01316781  -0.01368336  -0.01408066  -0.01436968  -0.01455998  -0.01466067  -0.01468042  -0.01462745  -0.01450956  -0.01433408  -0.01410792  -0.01383756  -0.01352904  -0.01318799  -0.01281964  -0.01242882  -0.01201997  -0.01159718  -0.01116417  -0.01072432  -0.01028070  -0.00983605  -0.00939284 
  0.00111876   0.74482022   1.48350728   2.20982374   2.91733492   3.59934088   4.24885217   4.85863416   5.42135159   5.92984602   6.37756936   6.75916563   7.07113799   7.31246894   7.48501094   7.59347995   7.64498642   7.64819373   7.61231959   7.54622262   7.45774351   7.35335482   7.23808006   7.11559754   6.98844272   6.85824295   6.72594370   6.59200546   6.45656460   6.31955869   6.18082057   6.04014653   5.89734389   5.75226256   5.60481438   5.45498342   5.30282942   5.14848658   4.99215873   4.83411233   4.67466797   4.51419103   4.35308200   4.19176693   4.03068808   3.87029519   3.71103740   3.55335590   3.39767746   3.24440882   3.09393191   2.94659997   2.80273452   2.66262306   2.52651753   2.39463355   2.26715012   2.14421002   2.02592064   1.91235526   1.80355464   1.69952901   1.60026020   1.50570397   1.41579251   1.33043695   1.24952995   1.17294824   1.10055514   1.03220296   0.96773537   0.90698955   0.84979824   0.79599167   0.74539925   0.69785113   0.65317957   0.61122016   0.57181285   0.53480277   0.50004102   0.46738516   0.43669964   0.40785610   0.38073355   0.35521840   0.33120448   0.30859287   0.28729177   0.26721625   0.24828792   0.23043466   0.21359023   0.19769392   0.18269011   0.16852796   0.15516094   0.14254647   0.13064558   0.11942248   0.10884429   0.09888067   0.08950350   0.08068668   0.07240578   0.06463790   0.05736137   0.05055566   0.04420113   0.03827897   0.03277102   0.02765969   0.02292790   0.01855896   0.01453659   0.01084481   0.00746795   0.00439063   0.00159773  -0.00092558  -0.00319387  -0.00522142  -0.00702221  -0.00860993  -0.00999792  -0.01119918  -0.01222637  -0.01309176  -0.01380721  -0.01438420  -0.01483375  -0.01516649  -0.01539257  -0.01552169  -0.01556309  -0.01552558  -0.01541745  -0.01524658  -0.01502034  -0.01474569  -0.01442912  -0.01407667  -0.01369397  -0.01328621  -0.01285820  -0.01241434  -0.01195866  -0.01149481  -0.01102613  -0.01055559  -0.01008589 
  0.00107658   0.71691092   1.42896369   2.13120615   2.81850354   3.48546257   4.12637851   4.73522072   5.30567870   5.83129616   6.30572344   6.72310933   7.07862740   7.36908241   7.59347995   7.75339580   7.85299233   7.89861829   7.89806755   7.85968680   7.79155010   7.70085523   7.59359517   7.47447245   7.34698268   7.21359009   7.07593527   6.93503729   6.79147108   6.64551278   6.49725352   6.34668494   6.19376129   6.03844258   5.88072314   5.72064898   5.55832667   5.39392617   5.22767907   5.05987385   4.89084899   4.72098477   4.55069449   4.38041535   4.21059957   4.04170578   3.87419110   3.70850381   3.54507692   3.38432243   3.22662665   3.07234614   2.92180473   2.77529112   2.63305743   2.49531829   2.36225068   2.23399427   2.11065236   1.99229316   1.87895149   1.77063080   1.66730544   1.56892304   1.47540710   1.38665964   1.30256382   1.22298665   1.14778155   1.07679085   1.00984826   0.94678108   0.88741233   0.83156275   0.77905251   0.72970289   0.68333763   0.63978422   0.59887490   0.56044761   0.52434666   0.49042332   0.45853624   0.42855170   0.40034382   0.37379458   0.34879378   0.32523891   0.30303495   0.28209412   0.26233553   0.24368486   0.22607397   0.20944049   0.19372741   0.17888266   0.16485870   0.15161210   0.13910314   0.12729544   0.11615560   0.10565282   0.09575863   0.08644657   0.07769194   0.06947151   0.06176338   0.05454671   0.04780160   0.04150893   0.03565023   0.03020758   0.02516353   0.02050101   0.01620332   0.01225403   0.00863702   0.00533640   0.00233654  -0.00037794  -0.00282216  -0.00501097  -0.00695896  -0.00868041  -0.01018927  -0.01149917  -0.01262338  -0.01357479  -0.01436588  -0.01500874  -0.01551501  -0.01589589  -0.01616212  -0.01632398  -0.01639126  -0.01637330  -0.01627892  -0.01611648  -0.01589386  -0.01561846  -0.01529720  -0.01493654  -0.01454251  -0.01412068  -0.01367618  -0.01321376  -0.01273774  -0.01225207  -0.01176034  -0.01126577  -0.01077128 
  0.00103796   0.69132502   1.37872972   2.05821454   2.72562379   3.37657441   4.00639586   4.61008975   5.18232298   5.71747373   6.20975544   6.65344622   7.04324376   7.37474256   7.64498642   7.85299233   8.00009872   8.08999833   8.12839443   8.12234388   8.07945552   8.00714045   7.91205660   7.79979945   7.67481267   7.54045415   7.39914795   7.25256821   7.10181985   6.94759824   6.79032072   6.63022984   6.46747115   6.30214965   6.13436911   5.96425786   5.79198441   5.61776528   5.44186725   5.26460545   5.08633871   4.90746303   4.72840393   4.54960821   4.37153569   4.19465102   4.01941599   3.84628249   3.67568604   3.50804029   3.34373220   3.18311814   3.02652079   2.87422689   2.72648562   2.58350788   2.44546604   2.31249437   2.18468999   2.06211422   1.94479436   1.83272575   1.72587410   1.62417798   1.52755152   1.43588704   1.34905789   1.26692110   1.18932012   1.11608738   1.04704675   0.98201594   0.92080858   0.86323633   0.80911063   0.75824439   0.71045341   0.66555766   0.62338233   0.58375877   0.54652518   0.51152718   0.47861825   0.44765999   0.41852224   0.39108315   0.36522913   0.34085466   0.31786207   0.29616127   0.27566940   0.25631045   0.23801484   0.22071904   0.20436504   0.18890001   0.17427577   0.16044841   0.14737784   0.13502742   0.12336352   0.11235524   0.10197400   0.09219328   0.08298833   0.07433588   0.06621397   0.05860170   0.05147911   0.04482695   0.03862662   0.03286004   0.02750954   0.02255784   0.01798793   0.01378309   0.00992684   0.00640292   0.00319529   0.00028812  -0.00233417  -0.00468694  -0.00678527  -0.00864397  -0.01027756  -0.01170020  -0.01292573  -0.01396761  -0.01483889  -0.01555224  -0.01611985  -0.01655349  -0.01686446  -0.01706357  -0.01716116  -0.01716706  -0.01709062  -0.01694067  -0.01672555  -0.01645312  -0.01613074  -0.01576527  -0.01536312  -0.01493023  -0.01447210  -0.01399379  -0.01349993  -0.01299477  -0.01248214  -0.01196554  -0.01144809 
  0.00100307   0.66817413   1.33310911   1.99150188   2.63992224   3.27475167   3.89212670   4.48789128   5.05756602   5.59634633   6.09914708   6.56071666   6.97584534   7.33968718   7.64819373   7.89861829   8.08999833   8.22348303   8.30237781   8.33184715   8.31832898   8.26881106   8.19014696   8.08854314   7.96926698   7.83655474   7.69366243   7.54299732   7.38628059   7.22470912   7.05909925   6.89000584   6.71781602   6.54282000   6.36526244   6.18537829   6.00341627   5.81965292   5.63439969   5.44800474   5.26085115   5.07335251   4.88594690   4.69908989   4.51324710   4.32888675   4.14647241   3.96645627   3.78927297   3.61533422   3.44502411   3.27869534   3.11666610   2.95921791   2.80659407   2.65899890   2.51659762   2.37951676   2.24784517   2.12163546   2.00090578   1.88564198   1.77579998   1.67130838   1.57207113   1.47797036   1.38886916   1.30461440   1.22503943   1.14996682   1.07921077   1.01257961   0.94987795   0.89090875   0.83547521   0.78338239   0.73443869   0.68845717   0.64525660   0.60466235   0.56650717   0.53063168   0.49688485   0.46512419   0.43521594   0.40703506   0.38046512   0.35539819   0.33173453   0.30938230   0.28825718   0.26828197   0.24938617   0.23150550   0.21458146   0.19856081   0.18339517   0.16904052   0.15545676   0.14260731   0.13045870   0.11898016   0.10814333   0.09792189   0.08829129   0.07922849   0.07071169   0.06272016   0.05523404   0.04823419   0.04170206   0.03561955   0.02996898   0.02473294   0.01989433   0.01543624   0.01134196   0.00759497   0.00417893   0.00107768  -0.00172475  -0.00424410  -0.00649590  -0.00849541  -0.01025761  -0.01179716  -0.01312841  -0.01426533  -0.01522149  -0.01601008  -0.01664383  -0.01713503  -0.01749550  -0.01773657  -0.01786907  -0.01790335  -0.01784922  -0.01771599  -0.01751247  -0.01724694  -0.01692718  -0.01656046  -0.01615359  -0.01571286  -0.01524411  -0.01475275  -0.01424370  -0.01372151  -0.01319028  -0.01265376  -0.01211531 
  0.00097178   0.64739840   1.29204491   1.93113782   2.56177570   3.18090768   3.78528490   4.37141510   4.93552460   5.47353433   5.98106115   6.45346019   6.88592917   7.27369770   7.61231959   7.89806755   8.12839443   8.30237781   8.42102749   8.48733811   8.50603042   8.48302670   8.42479437   8.33771961   8.22763207   8.09952868   7.95747978   7.80466712   7.64349739   7.47574627   7.30270326   7.12530139   6.94422503   6.75999511   6.57303368   6.38371080   6.19237729   5.99938614   5.80510546   5.60992485   5.41425714   5.21853677   5.02321580   4.82875857   4.63563550   4.44431648   4.25526439   4.06892884   3.88574045   3.70610568   3.53040240   3.35897627   3.19213775   3.03016003   2.87327756   2.72168534   2.57553888   2.43495466   2.30001120   2.17075052   2.04718001   1.92927464   1.81697941   1.71021194   1.60886530   1.51281080   1.42190087   1.33597196   1.25484725   1.17833942   1.10625317   1.03838766   0.97453880   0.91450126   0.85807042   0.80504401   0.75522361   0.70841593   0.66443390   0.62309759   0.58423489   0.54768209   0.51328426   0.48089548   0.45037901   0.42160719   0.39446142   0.36883191   0.34461739   0.32172483   0.30006898   0.27957197   0.26016282   0.24177700   0.22435591   0.20784637   0.19220017   0.17737356   0.16332681   0.15002373   0.13743130   0.12551924   0.11425966   0.10362674   0.09359640   0.08414603   0.07525426   0.06690074   0.05906593   0.05173098   0.04487757   0.03848779   0.03254406   0.02702907   0.02192571   0.01721704   0.01288625   0.00891670   0.00529183   0.00199527  -0.00098922  -0.00367770  -0.00608605  -0.00822988  -0.01012459  -0.01178527  -0.01322670  -0.01446330  -0.01550913  -0.01637784  -0.01708266  -0.01763636  -0.01805124  -0.01833912  -0.01851133  -0.01857866  -0.01855140  -0.01843932  -0.01825166  -0.01799713  -0.01768392  -0.01731970  -0.01691166  -0.01646646  -0.01599029  -0.01548886  -0.01496743  -0.01443082  -0.01388343  -0.01332925  -0.01277187 
