# coconut-me2b/v0.99.21 
# 
# momentum space matrix elements 
# partial wave J=2, L=1/1, S=1, T=1, MT=0 
# 
# momentum grid [fm^-1]
0.000000 0.066667 0.133333 0.200000 0.266667 0.333333 0.400000 0.466667 0.533333 0.600000 0.666667 0.733333 0.800000 0.866667 0.933333 1.000000 1.066667 1.133333 1.200000 1.266667 1.333333 1.400000 1.466667 1.533333 1.600000 1.666667 1.733333 1.800000 1.866667 1.933333 2.000000 2.066667 2.133333 2.200000 2.266667 2.333333 2.400000 2.466667 2.533333 2.600000 2.666667 2.733333 2.800000 2.866667 2.933333 3.000000 3.066667 3.133333 3.200000 3.266667 3.333333 3.400000 3.466667 3.533333 3.600000 3.666667 3.733333 3.800000 3.866667 3.933333 4.000000 4.066667 4.133333 4.200000 4.266667 4.333333 4.400000 4.466667 4.533333 4.600000 4.666667 4.733333 4.800000 4.866667 4.933333 5.000000 5.066667 5.133333 5.200000 5.266667 5.333333 5.400000 5.466667 5.533333 5.600000 5.666667 5.733333 5.800000 5.866667 5.933333 6.000000 6.066667 6.133333 6.200000 6.266667 6.333333 6.400000 6.466667 6.533333 6.600000 6.666667 6.733333 6.800000 6.866667 6.933333 7.000000 7.066667 7.133333 7.200000 7.266667 7.333333 7.400000 7.466667 7.533333 7.600000 7.666667 7.733333 7.800000 7.866667 7.933333 8.000000 8.066667 8.133333 8.200000 8.266667 8.333333 8.400000 8.466667 8.533333 8.600000 8.666667 8.733333 8.800000 8.866667 8.933333 9.000000 9.066667 9.133333 9.200000 9.266667 9.333333 9.400000 9.466667 9.533333 9.600000 9.666667 9.733333 9.800000 9.866667 9.933333 10.000000 
#
# matrix elements [MeV fm^3] 
 -0.00000006  -0.00004019  -0.00008118  -0.00012338  -0.00016657  -0.00020996  -0.00025239  -0.00029260  -0.00032949  -0.00036225  -0.00039035  -0.00041356  -0.00043187  -0.00044545  -0.00045455  -0.00045954  -0.00046079  -0.00045870  -0.00045366  -0.00044607  -0.00043629  -0.00042468  -0.00041154  -0.00039719  -0.00038189  -0.00036590  -0.00034942  -0.00033266  -0.00031579  -0.00029896  -0.00028230  -0.00026592  -0.00024991  -0.00023435  -0.00021930  -0.00020479  -0.00019088  -0.00017757  -0.00016489  -0.00015283  -0.00014140  -0.00013059  -0.00012038  -0.00011075  -0.00010170  -0.00009319  -0.00008519  -0.00007769  -0.00007066  -0.00006407  -0.00005789  -0.00005211  -0.00004670  -0.00004163  -0.00003688  -0.00003244  -0.00002828  -0.00002439  -0.00002075  -0.00001735  -0.00001417  -0.00001120  -0.00000844  -0.00000587  -0.00000349  -0.00000128   0.00000077   0.00000264   0.00000436   0.00000594   0.00000736   0.00000864   0.00000979   0.00001081   0.00001170   0.00001247   0.00001313   0.00001367   0.00001411   0.00001445   0.00001469   0.00001484   0.00001490   0.00001489   0.00001480   0.00001465   0.00001443   0.00001416   0.00001383   0.00001346   0.00001305   0.00001260   0.00001212   0.00001162   0.00001109   0.00001055   0.00001000   0.00000944   0.00000888   0.00000832   0.00000776   0.00000720   0.00000666   0.00000612   0.00000560   0.00000509   0.00000460   0.00000413   0.00000368   0.00000325   0.00000283   0.00000245   0.00000208   0.00000173   0.00000141   0.00000111   0.00000083   0.00000057   0.00000033   0.00000011  -0.00000008  -0.00000026  -0.00000042  -0.00000056  -0.00000069  -0.00000080  -0.00000090  -0.00000098  -0.00000105  -0.00000110  -0.00000115  -0.00000119  -0.00000121  -0.00000123  -0.00000124  -0.00000124  -0.00000123  -0.00000122  -0.00000121  -0.00000119  -0.00000116  -0.00000114  -0.00000111  -0.00000108  -0.00000104  -0.00000101  -0.00000097  -0.00000093  -0.00000089  -0.00000085  -0.00000082 
 -0.00004019  -0.02688270  -0.05426410  -0.08239153  -0.11112205  -0.13994056  -0.16809714  -0.19478387  -0.21928182  -0.24104616  -0.25973192  -0.27517927  -0.28737908  -0.29643388  -0.30252238  -0.30587096  -0.30673212  -0.30536924  -0.30204599  -0.29701923  -0.29053446  -0.28282288  -0.27409970  -0.26456324  -0.25439459  -0.24375768  -0.23279955  -0.22165099  -0.21042714  -0.19922834  -0.18814093  -0.17723827  -0.16658161  -0.15622109  -0.14619673  -0.13653940  -0.12727171  -0.11840903  -0.10996028  -0.10192882  -0.09431328  -0.08710822  -0.08030492  -0.07389197  -0.06785583  -0.06218142  -0.05685257  -0.05185237  -0.04716364  -0.04276916  -0.03865194  -0.03479547  -0.03118386  -0.02780199  -0.02463559  -0.02167132  -0.01889678  -0.01630057  -0.01387220  -0.01160216  -0.00948179  -0.00750328  -0.00565956  -0.00394427  -0.00235168  -0.00087660   0.00048570   0.00173954   0.00288892   0.00393758   0.00488905   0.00574673   0.00651392   0.00719386   0.00778978   0.00830492   0.00874254   0.00910597   0.00939860   0.00962387   0.00978531   0.00988650   0.00993109   0.00992276   0.00986524   0.00976228   0.00961761   0.00943498   0.00921808   0.00897056   0.00869601   0.00839792   0.00807970   0.00774462   0.00739583   0.00703633   0.00666900   0.00629651   0.00592139   0.00554599   0.00517249   0.00480287   0.00443894   0.00408233   0.00373449   0.00339670   0.00307007   0.00275554   0.00245389   0.00216576   0.00189165   0.00163191   0.00138679   0.00115640   0.00094075   0.00073977   0.00055328   0.00038104   0.00022272   0.00007796  -0.00005368  -0.00017267  -0.00027953  -0.00037480  -0.00045903  -0.00053281  -0.00059674  -0.00065140  -0.00069739  -0.00073531  -0.00076574  -0.00078926  -0.00080643  -0.00081778  -0.00082386  -0.00082516  -0.00082216  -0.00081533  -0.00080511  -0.00079190  -0.00077610  -0.00075807  -0.00073814  -0.00071663  -0.00069384  -0.00067002  -0.00064542  -0.00062027  -0.00059477  -0.00056910  -0.00054341 
 -0.00008118  -0.05426410  -0.10931438  -0.16552117  -0.22259804  -0.27961325  -0.33520576  -0.38788468  -0.43629470  -0.47938354  -0.51646464  -0.54720210  -0.57155345  -0.58969874  -0.60197322  -0.60881137  -0.61070400  -0.60816698  -0.60171952  -0.59186929  -0.57910282  -0.56387921  -0.54662647  -0.52773949  -0.50757921  -0.48647260  -0.46471323  -0.44256232  -0.42025006  -0.39797711  -0.37591637  -0.35421474  -0.33299506  -0.31235802  -0.29238409  -0.27313543  -0.25465783  -0.23698248  -0.22012776  -0.20410094  -0.18889974  -0.17451385  -0.16092630  -0.14811474  -0.13605259  -0.12471014  -0.11405541  -0.10405507  -0.09467507  -0.08588133  -0.07764022  -0.06991900  -0.06268619  -0.05591178  -0.04956746  -0.04362674  -0.03806504  -0.03285968  -0.02798988  -0.02343669  -0.01918292  -0.01521302  -0.01151296  -0.00807008  -0.00487295  -0.00191124   0.00082447   0.00334282   0.00565177   0.00775880   0.00967099   0.01139511   0.01293777   0.01430546   0.01550466   0.01654185   0.01742359   0.01815654   0.01874749   0.01920336   0.01953121   0.01973823   0.01983171   0.01981906   0.01970773   0.01950524   0.01921909   0.01885676   0.01842567   0.01793313   0.01738632   0.01679224   0.01615771   0.01548928   0.01479327   0.01407571   0.01334231   0.01259847   0.01184925   0.01109934   0.01035311   0.00961453   0.00888724   0.00817449   0.00747920   0.00680393   0.00615089   0.00552197   0.00491876   0.00434254   0.00379428   0.00327473   0.00278435   0.00232339   0.00189189   0.00148969   0.00111645   0.00077167   0.00045473   0.00016488  -0.00009874  -0.00033709  -0.00055117  -0.00074207  -0.00091092  -0.00105886  -0.00118708  -0.00129677  -0.00138912  -0.00146532  -0.00152654  -0.00157392  -0.00160858  -0.00163161  -0.00164407  -0.00164697  -0.00164126  -0.00162788  -0.00160769  -0.00158152  -0.00155014  -0.00151429  -0.00147464  -0.00143181  -0.00138640  -0.00133893  -0.00128989  -0.00123973  -0.00118885  -0.00113762  -0.00108637 
 -0.00012338  -0.08239153  -0.16552117  -0.24967452  -0.33440316  -0.41850289  -0.50022559  -0.57761410  -0.64883195  -0.71239904  -0.76730433  -0.81301335  -0.84940906  -0.87670346  -0.89534623  -0.90594459  -0.90919940  -0.90585733  -0.89667665  -0.88240359  -0.86375654  -0.84141577  -0.81601713  -0.78814847  -0.75834800  -0.72710393  -0.69485521  -0.66199283  -0.62886170  -0.59576286  -0.56295598  -0.53066204  -0.49906608  -0.46832007  -0.43854577  -0.40983762  -0.38226548  -0.35587743  -0.33070232  -0.30675235  -0.28402541  -0.26250727  -0.24217375  -0.22299250  -0.20492484  -0.18792729  -0.17195296  -0.15695281  -0.14287675  -0.12967450  -0.11729644  -0.10569423  -0.09482129  -0.08463325  -0.07508823  -0.06614700  -0.05777314  -0.04993303  -0.04259586  -0.03573352  -0.02932050  -0.02333368  -0.01775223  -0.01255730  -0.00773190  -0.00326061   0.00087061   0.00467465   0.00816345   0.01134817   0.01423942   0.01684739   0.01918199   0.02125300   0.02307013   0.02464315   0.02598194   0.02709654   0.02799716   0.02869423   0.02919839   0.02952045   0.02967141   0.02966241   0.02950469   0.02920953   0.02878825   0.02825210   0.02761222   0.02687963   0.02606513   0.02517924   0.02423221   0.02323391   0.02219384   0.02112105   0.02002414   0.01891124   0.01778993   0.01666729   0.01554988   0.01444369   0.01335417   0.01228623   0.01124425   0.01023210   0.00925310   0.00831011   0.00740552   0.00654124   0.00571879   0.00493926   0.00420338   0.00351153   0.00286377   0.00225987   0.00169935   0.00118146   0.00070527   0.00026967  -0.00012662  -0.00048503  -0.00080706  -0.00109434  -0.00134854  -0.00157138  -0.00176465  -0.00193011  -0.00206955  -0.00218474  -0.00227744  -0.00234936  -0.00240218  -0.00243754  -0.00245700  -0.00246208  -0.00245423  -0.00243483  -0.00240519  -0.00236655  -0.00232006  -0.00226682  -0.00220785  -0.00214409  -0.00207641  -0.00200562  -0.00193244  -0.00185755  -0.00178156  -0.00170501  -0.00162840 
 -0.00016657  -0.11112205  -0.22259804  -0.33440316  -0.44587617  -0.55566007  -0.66184683  -0.76226272  -0.85479329  -0.93765437  -1.00955595  -1.06975295  -1.11800893  -1.15451049  -1.17976473  -1.19450137  -1.19959006  -1.19597571  -1.18463068  -1.16652087  -1.14258241  -1.11370620  -1.08072818  -1.04442348  -1.00550349  -0.96461485  -0.92233997  -0.87919849  -0.83564952  -0.79209442  -0.74887999  -0.70630190  -0.66460829  -0.62400349  -0.58465183  -0.54668131  -0.51018736  -0.47523638  -0.44186925  -0.41010461  -0.37994202  -0.35136490  -0.32434326  -0.29883624  -0.27479439  -0.25216180  -0.23087791  -0.21087920  -0.19210057  -0.17447666  -0.15794278  -0.14243588  -0.12789513  -0.11426255  -0.10148333  -0.08950613  -0.07828323  -0.06777056  -0.05792771  -0.04871777  -0.04010722  -0.03206569  -0.02456573  -0.01758252  -0.01109365  -0.00507874   0.00048077   0.00560197   0.01030069   0.01459180   0.01848941   0.02200711   0.02515814   0.02795558   0.03041244   0.03254180   0.03435690   0.03587119   0.03709839   0.03805247   0.03874768   0.03919854   0.03941978   0.03942634   0.03923327   0.03885571   0.03830878   0.03760756   0.03676699   0.03580179   0.03472642   0.03355498   0.03230117   0.03097820   0.02959878   0.02817503   0.02671844   0.02523989   0.02374953   0.02225685   0.02077059   0.01929879   0.01784875   0.01642705   0.01503956   0.01369143   0.01238716   0.01113058   0.00992488   0.00877265   0.00767592   0.00663619   0.00565445   0.00473122   0.00386661   0.00306032   0.00231173   0.00161987   0.00098351   0.00040118  -0.00012881  -0.00060833  -0.00103939  -0.00142414  -0.00176480  -0.00206367  -0.00232309  -0.00254542  -0.00273303  -0.00288829  -0.00301352  -0.00311100  -0.00318298  -0.00323161  -0.00325900  -0.00326715  -0.00325801  -0.00323340  -0.00319508  -0.00314469  -0.00308378  -0.00301381  -0.00293613  -0.00285200  -0.00276259  -0.00266896  -0.00257210  -0.00247291  -0.00237219  -0.00227068  -0.00216903 
 -0.00020996  -0.13994056  -0.27961325  -0.41850289  -0.55566007  -0.68962495  -0.81848775  -0.94007363  -1.05220016  -1.15293549  -1.24079362  -1.31483443  -1.37467057  -1.42040679  -1.45254363  -1.47187256  -1.47937948  -1.47616474  -1.46338115  -1.44218837  -1.41372066  -1.37906487  -1.33924607  -1.29521862  -1.24786126  -1.19797497  -1.14628284  -1.09343142  -1.03999316  -0.98646952  -0.93329476  -0.88083997  -0.82941749  -0.77928539  -0.73065211  -0.68368097  -0.63849480  -0.59518027  -0.55379225  -0.51435782  -0.47688022  -0.44134246  -0.40771070  -0.37593741  -0.34596422  -0.31772450  -0.29114567  -0.26615128  -0.24266275  -0.22060093  -0.19988740  -0.18044553  -0.16220137  -0.14508427  -0.12902743  -0.11396818  -0.09984823  -0.08661371  -0.07421516  -0.06260738  -0.05174925  -0.04160351  -0.03213641  -0.02331743  -0.01511891  -0.00751571  -0.00048485   0.00599485   0.01194305   0.01737828   0.02231814   0.02677964   0.03077936   0.03433370   0.03745901   0.04017175   0.04248856   0.04442638   0.04600247   0.04723442   0.04814018   0.04873802   0.04904649   0.04908437   0.04887059   0.04842418   0.04776417   0.04690951   0.04587896   0.04469103   0.04336387   0.04191520   0.04036220   0.03872149   0.03700900   0.03523996   0.03342880   0.03158917   0.02973382   0.02787466   0.02602268   0.02418798   0.02237972   0.02060618   0.01887473   0.01719189   0.01556328   0.01399375   0.01248733   0.01104730   0.00967623   0.00837602   0.00714795   0.00599271   0.00491046   0.00390088   0.00296319   0.00209623   0.00129849   0.00056815  -0.00009688  -0.00069890  -0.00124043  -0.00172411  -0.00215270  -0.00252906  -0.00285609  -0.00313675  -0.00337399  -0.00357072  -0.00372987  -0.00385427  -0.00394671  -0.00400989  -0.00404643  -0.00405883  -0.00404952  -0.00402079  -0.00397480  -0.00391364  -0.00383922  -0.00375338  -0.00365780  -0.00355406  -0.00344362  -0.00332782  -0.00320789  -0.00308496  -0.00296002  -0.00283402  -0.00270777 
 -0.00025239  -0.16809714  -0.33520576  -0.50022559  -0.66184683  -0.81848775  -0.96829429  -1.10922041  -1.23918430  -1.35626658  -1.45889940  -1.54600042  -1.61702872  -1.67196636  -1.71124723  -1.73565984  -1.74624612  -1.74421017  -1.73084317  -1.70746538  -1.67538363  -1.63586130  -1.59009799  -1.53921652  -1.48425506  -1.42616326  -1.36580101  -1.30393931  -1.24126254  -1.17837177  -1.11578888  -1.05396118  -0.99326641  -0.93401794  -0.87647016  -0.82082380  -0.76723126  -0.71580185  -0.66660678  -0.61968403  -0.57504295  -0.53266851  -0.49252543  -0.45456179  -0.41871250  -0.38490237  -0.35304883  -0.32306440  -0.29485883  -0.26834090  -0.24342001  -0.22000744  -0.19801740  -0.17736785  -0.15798107  -0.13978409  -0.12270893  -0.10669272  -0.09167764  -0.07761082  -0.06444409  -0.05213372  -0.04064008  -0.02992723  -0.01996256  -0.01071635  -0.00216138   0.00572750   0.01297373   0.01959941   0.02562565   0.03107282   0.03596091   0.04030965   0.04413879   0.04746821   0.05031805   0.05270879   0.05466132   0.05619693   0.05733733   0.05810464   0.05852129   0.05860998   0.05839362   0.05789519   0.05713769   0.05614401   0.05493680   0.05353841   0.05197074   0.05025518   0.04841247   0.04646264   0.04442492   0.04231768   0.04015833   0.03796332   0.03574807   0.03352692   0.03131315   0.02911893   0.02695535   0.02483240   0.02275900   0.02074301   0.01879128   0.01690965   0.01510303   0.01337541   0.01172994   0.01016894   0.00869400   0.00730600   0.00600517   0.00479119   0.00366315   0.00261972   0.00165911   0.00077917  -0.00002255  -0.00074880  -0.00140255  -0.00198694  -0.00250528  -0.00296095  -0.00335743  -0.00369822  -0.00398686  -0.00422683  -0.00442161  -0.00457461  -0.00468914  -0.00476845  -0.00481566  -0.00483378  -0.00482570  -0.00479418  -0.00474181  -0.00467107  -0.00458430  -0.00448366  -0.00437119  -0.00424879  -0.00411821  -0.00398105  -0.00383881  -0.00369283  -0.00354433  -0.00339443  -0.00324412 
 -0.00029260  -0.19478387  -0.38788468  -0.57761410  -0.76226272  -0.94007363  -1.10922041  -1.26781492  -1.41396624  -1.54589314  -1.66206737  -1.76134899  -1.84307746  -1.90709993  -1.95373976  -1.98372302  -1.99808525  -1.99807660  -1.98507714  -1.96052745  -1.92587506  -1.88253525  -1.83186345  -1.77513682  -1.71354261  -1.64817161  -1.58001527  -1.50996553  -1.43881662  -1.36726825  -1.29592988  -1.22532567  -1.15589998  -1.08802318  -1.02199765  -0.95806382  -0.89640623  -0.83715944  -0.78041380  -0.72622099  -0.67459926  -0.62553841  -0.57900441  -0.53494370  -0.49328705  -0.45395321  -0.41685200  -0.38188721  -0.34895902  -0.31796616  -0.28880769  -0.26138454  -0.23560067  -0.21136407  -0.18858743  -0.16718866  -0.14709118  -0.12822403  -0.11052190  -0.09392496  -0.07837862  -0.06383325  -0.05024377  -0.03756922  -0.02577234  -0.01481909  -0.00467821   0.00467928   0.01328047   0.02115101   0.02831543   0.03479752   0.04062064   0.04580794   0.05038260   0.05436799   0.05778780   0.06066616   0.06302767   0.06489741   0.06630096   0.06726436   0.06781401   0.06797665   0.06777921   0.06724875   0.06641230   0.06529675   0.06392874   0.06233450   0.06053979   0.05856969   0.05644857   0.05419994   0.05184637   0.04940942   0.04690954   0.04436603   0.04179698   0.03921925   0.03664841   0.03409879   0.03158340   0.02911400   0.02670108   0.02435390   0.02208052   0.01988786   0.01778172   0.01576683   0.01384693   0.01202481   0.01030240   0.00868078   0.00716030   0.00574063   0.00442079   0.00319927   0.00207404   0.00104266   0.00010230  -0.00075020  -0.00151825  -0.00220548  -0.00281570  -0.00335284  -0.00382092  -0.00422399  -0.00456614  -0.00485144  -0.00508391  -0.00526749  -0.00540606  -0.00550337  -0.00556307  -0.00558865  -0.00558348  -0.00555076  -0.00549353  -0.00541467  -0.00531689  -0.00520274  -0.00507459  -0.00493466  -0.00478499  -0.00462747  -0.00446382  -0.00429564  -0.00412436  -0.00395127  -0.00377754 
 -0.00032949  -0.21928182  -0.43629470  -0.64883195  -0.85479329  -1.05220016  -1.23918430  -1.41396624  -1.57484929  -1.72025110  -1.84877844  -1.95932858  -2.05118638  -2.12408647  -2.17822479  -2.21422122  -2.23304794  -2.23594214  -2.22431843  -2.19969105  -2.16361015  -2.11761269  -2.06318652  -2.00174537  -1.93461222  -1.86300924  -1.78805245  -1.71074997  -1.63200288  -1.55260790  -1.47326157  -1.39456533  -1.31703128  -1.24108846  -1.16708939  -1.09531668  -1.02598975  -0.95927136  -0.89527407  -0.83406639  -0.77567865  -0.72010863  -0.66732669  -0.61728063  -0.56990009  -0.52510057  -0.48278704  -0.44285709  -0.40520381  -0.36971814  -0.33629095  -0.30481477  -0.27518516  -0.24730177  -0.22106925  -0.19639773  -0.17320325  -0.15140788  -0.13093976  -0.11173296  -0.09372722  -0.07686761  -0.06110413  -0.04639129  -0.03268752  -0.01995478  -0.00815797   0.00273552   0.01275633   0.02193354   0.03029509   0.03786816   0.04467950   0.05075571   0.05612346   0.06080968   0.06484171   0.06824741   0.07105517   0.07329398   0.07499338   0.07618343   0.07689463   0.07715782   0.07700409   0.07646462   0.07557059   0.07435298   0.07284249   0.07106934   0.06906315   0.06685284   0.06446643   0.06193099   0.05927249   0.05651573   0.05368424   0.05080024   0.04788455   0.04495657   0.04203424   0.03913405   0.03627100   0.03345865   0.03070911   0.02803307   0.02543986   0.02293748   0.02053267   0.01823093   0.01603665   0.01395310   0.01198257   0.01012641   0.00838508   0.00675829   0.00524501   0.00384358   0.00255176   0.00136682   0.00028559  -0.00069546  -0.00158019  -0.00237268  -0.00307725  -0.00369834  -0.00424049  -0.00470830  -0.00510642  -0.00543945  -0.00571195  -0.00592843  -0.00609327  -0.00621076  -0.00628505  -0.00632011  -0.00631978  -0.00628771  -0.00622738  -0.00614206  -0.00603487  -0.00590870  -0.00576628  -0.00561013  -0.00544261  -0.00526586  -0.00508188  -0.00489248  -0.00469931  -0.00450386  -0.00430748 
 -0.00036225  -0.24104616  -0.47938354  -0.71239904  -0.93765437  -1.15293549  -1.35626658  -1.54589314  -1.72025110  -1.87794570  -2.01776099  -2.13870659  -2.24008907  -2.32158202  -2.38326892  -2.42564436  -2.44957484  -2.45623091  -2.44700648  -2.42343861  -2.38713636  -2.33972261  -2.28278925  -2.21786453  -2.14639045  -2.06970806  -1.98904888  -1.90553086  -1.82015771  -1.73382069  -1.64730233  -1.56128128  -1.47633829  -1.39296263  -1.31155909  -1.23245502  -1.15590760  -1.08211095  -1.01120310  -0.94327280  -0.87836596  -0.81649175  -0.75762838  -0.70172838  -0.64872350  -0.59852919  -0.55104854  -0.50617587  -0.46379986  -0.42380623  -0.38608004  -0.35050762  -0.31697815  -0.28538487  -0.25562602  -0.22760552  -0.20123342  -0.17642603  -0.15310606  -0.13120242  -0.11064999  -0.09138930  -0.07336606  -0.05653068  -0.04083778  -0.02624562  -0.01271556  -0.00021154   0.01130045   0.02185284   0.03147691   0.04020322   0.04806192   0.05508308   0.06129691   0.06673401   0.07142542   0.07540283   0.07869854   0.08134555   0.08337746   0.08482847   0.08573327   0.08612693   0.08604478   0.08552225   0.08459475   0.08329746   0.08166520   0.07973228   0.07753229   0.07509801   0.07246122   0.06965261   0.06670161   0.06363632   0.06048344   0.05726813   0.05401399   0.05074304   0.04747563   0.04423045   0.04102455   0.03787333   0.03479055   0.03178840   0.02887750   0.02606699   0.02336457   0.02077657   0.01830804   0.01596279   0.01374351   0.01165182   0.00968836   0.00785290   0.00614438   0.00456103   0.00310043   0.00175960   0.00053504  -0.00057714  -0.00158120  -0.00248168  -0.00328336  -0.00399117  -0.00461017  -0.00514550  -0.00560233  -0.00598579  -0.00630099  -0.00655296  -0.00674662  -0.00688675  -0.00697799  -0.00702482  -0.00703152  -0.00700221  -0.00694077  -0.00685090  -0.00673609  -0.00659961  -0.00644451  -0.00627364  -0.00608966  -0.00589499  -0.00569188  -0.00548238  -0.00526836  -0.00505150  -0.00483334 
 -0.00039035  -0.25973192  -0.51646464  -0.76730433  -1.00955595  -1.24079362  -1.45889940  -1.66206737  -1.84877844  -2.01776099  -2.16795872  -2.29852464  -2.40884798  -2.49860407  -2.56780539  -2.61683102  -2.64642179  -2.65764119  -2.65181217  -2.63044310  -2.59515461  -2.54761474  -2.48948597  -2.42238452  -2.34785077  -2.26732905  -2.18215482  -2.09354754  -2.00260784  -1.91031791  -1.81754427  -1.72504223  -1.63346158  -1.54335318  -1.45517604  -1.36930480  -1.28603732  -1.20560230  -1.12816673  -1.05384319  -0.98269682  -0.91475193  -0.84999824  -0.78839665  -0.72988459  -0.67438084  -0.62178993  -0.57200604  -0.52491641  -0.48040432  -0.43835165  -0.39864097  -0.36115731  -0.32578952  -0.29243136  -0.26098224  -0.23134769  -0.20343970  -0.17717670  -0.15248354  -0.12929119  -0.10753640  -0.08716127  -0.06811275  -0.05034207  -0.03380420  -0.01845728  -0.00426204   0.00881874   0.02082071   0.03177841   0.04172573   0.05069623   0.05872350   0.06584134   0.07208404   0.07748648   0.08208426   0.08591370   0.08901190   0.09141665   0.09316641   0.09430017   0.09485734   0.09487760   0.09440075   0.09346651   0.09211436   0.09038337   0.08831198   0.08593787   0.08329776   0.08042725   0.07736073   0.07413116   0.07077003   0.06730722   0.06377093   0.06018762   0.05658193   0.05297670   0.04939289   0.04584964   0.04236422   0.03895212   0.03562704   0.03240097   0.02928421   0.02628549   0.02341200   0.02066949   0.01806235   0.01559370   0.01326548   0.01107856   0.00903278   0.00712711   0.00535969   0.00372795   0.00222867   0.00085809  -0.00038804  -0.00151434  -0.00252579  -0.00342760  -0.00422519  -0.00492412  -0.00553003  -0.00604860  -0.00648550  -0.00684635  -0.00713670  -0.00736197  -0.00752747  -0.00763831  -0.00769944  -0.00771563  -0.00769141  -0.00763110  -0.00753880  -0.00741838  -0.00727347  -0.00710749  -0.00692358  -0.00672471  -0.00651359  -0.00629271  -0.00606437  -0.00583066  -0.00559346  -0.00535449 
 -0.00041356  -0.27517927  -0.54720210  -0.81301335  -1.06975295  -1.31483443  -1.54600042  -1.76134899  -1.95932858  -2.13870659  -2.29852464  -2.43805960  -2.55680711  -2.65449466  -2.73111604  -2.78696855  -2.82267325  -2.83916634  -2.83766149  -2.81959149  -2.78654058  -2.74017794  -2.68219870  -2.61427589  -2.53802350  -2.45496997  -2.36654020  -2.27404450  -2.17867287  -2.08149339  -1.98345353  -1.88538381  -1.78800295  -1.69192423  -1.59766263  -1.50564243  -1.41620503  -1.32961694  -1.24607763  -1.16572725  -1.08865398  -1.01490116  -0.94447392  -0.87734538  -0.81346239  -0.75275075  -0.69511994  -0.64046735  -0.58868200  -0.53964773  -0.49324604  -0.44935837  -0.40786803  -0.36866174  -0.33163079  -0.29667191  -0.26368784  -0.23258768  -0.20328697  -0.17570762  -0.14977772  -0.12543115  -0.10260716  -0.08124985  -0.06130762  -0.04273260  -0.02548003  -0.00950772   0.00522454   0.01875546   0.03112278   0.04236366   0.05251506   0.06161407   0.06969817   0.07680540   0.08297455   0.08824522   0.09265786   0.09625378   0.09907509   0.10116462   0.10256576   0.10332240   0.10347867   0.10307885   0.10216709   0.10078726   0.09898277   0.09679631   0.09426971   0.09144373   0.08835788   0.08505030   0.08155758   0.07791465   0.07415466   0.07030891   0.06640674   0.06247554   0.05854064   0.05462535   0.05075093   0.04693663   0.04319967   0.03955534   0.03601702   0.03259625   0.02930281   0.02614481   0.02312875   0.02025963   0.01754107   0.01497536   0.01256361   0.01030582   0.00820099   0.00624722   0.00444182   0.00278139   0.00126190  -0.00012119  -0.00137288  -0.00249851  -0.00350374  -0.00439443  -0.00517662  -0.00585644  -0.00644007  -0.00693367  -0.00734339  -0.00767527  -0.00793525  -0.00812910  -0.00826243  -0.00834067  -0.00836902  -0.00835246  -0.00829574  -0.00820335  -0.00807954  -0.00792831  -0.00775341  -0.00755832  -0.00734630  -0.00712033  -0.00688320  -0.00663742  -0.00638531  -0.00612896  -0.00587026 
 -0.00043187  -0.28737908  -0.57155345  -0.84940906  -1.11800893  -1.37467057  -1.61702872  -1.84307746  -2.05118638  -2.24008907  -2.40884798  -2.55680711  -2.68354916  -2.78887243  -2.87279417  -2.93557380  -2.97774017  -3.00010520  -3.00375314  -2.99000503  -2.96036501  -2.91645883  -2.85997338  -2.79260322  -2.71600701  -2.63177427  -2.54140153  -2.44627657  -2.34766904  -2.24672608  -2.14447174  -2.04180921  -1.93952519  -1.83829571  -1.73869297  -1.64119291  -1.54618318  -1.45397125  -1.36479254  -1.27881848  -1.19616425  -1.11689618  -1.04103885  -0.96858160  -0.89948464  -0.83368463  -0.77109971  -0.71163404  -0.65518177  -0.60163053  -0.55086444  -0.50276659  -0.45722120  -0.41411520  -0.37333963  -0.33479052  -0.29836962  -0.26398476  -0.23155000  -0.20098561  -0.17221791  -0.14517886  -0.11980569  -0.09604037  -0.07382908  -0.05312156  -0.03387058  -0.01603133   0.00043914   0.01558245   0.02943940   0.04205035   0.05345563   0.06369585   0.07281218   0.08084648   0.08784153   0.09384101   0.09888962   0.10303299   0.10631763   0.10879087   0.11050064   0.11149540   0.11182387   0.11153488   0.11067715   0.10929905   0.10744841   0.10517227   0.10251670   0.09952658   0.09624543   0.09271523   0.08897624   0.08506692   0.08102377   0.07688122   0.07267161   0.06842509   0.06416958   0.05993078   0.05573215   0.05159492   0.04753815   0.04357875   0.03973155   0.03600938   0.03242314   0.02898187   0.02569290   0.02256188   0.01959297   0.01678886   0.01415095   0.01167943   0.00937337   0.00723090   0.00524922   0.00342477   0.00175333   0.00023006  -0.00115034  -0.00239359  -0.00350574  -0.00449309  -0.00536213  -0.00611943  -0.00677168  -0.00732552  -0.00778758  -0.00816440  -0.00846241  -0.00868785  -0.00884682  -0.00894519  -0.00898863  -0.00898253  -0.00893206  -0.00884212  -0.00871734  -0.00856208  -0.00838042  -0.00817618  -0.00795290  -0.00771388  -0.00746214  -0.00720045  -0.00693136  -0.00665717  -0.00637995 
 -0.00044545  -0.29643388  -0.58969874  -0.87670346  -1.15451049  -1.42040679  -1.67196636  -1.90709993  -2.12408647  -2.32158202  -2.49860407  -2.65449466  -2.78887243  -2.90158806  -2.99269713  -3.06245668  -3.11134042  -3.14005852  -3.14956664  -3.14105428  -3.11591146  -3.07567977  -3.02199649  -2.95653975  -2.88098016  -2.79694138  -2.70597026  -2.60951558  -2.50891434  -2.40538385  -2.30001865  -2.19379081  -2.08755304  -1.98204357  -1.87789249  -1.77562905  -1.67568943  -1.57842498  -1.48411046  -1.39295225  -1.30509638  -1.22063624  -1.13961991  -1.06205708  -0.98792537  -0.91717626  -0.84974041  -0.78553245  -0.72445520  -0.66640343  -0.61126703  -0.55893370  -0.50929127  -0.46222946  -0.41764135  -0.37542441  -0.33548129  -0.29772027  -0.26205549  -0.22840695  -0.19670036  -0.16686683  -0.13884248  -0.11256793  -0.08798774  -0.06504985  -0.04370498  -0.02390608  -0.00560769   0.01123450   0.02666416   0.04072480   0.05346006   0.06491406   0.07513166   0.08415862   0.09204174   0.09882890   0.10456911   0.10931242   0.11310988   0.11601341   0.11807560   0.11934959   0.11988879   0.11974673   0.11897677   0.11763189   0.11576444   0.11342591   0.11066671   0.10753592   0.10408114   0.10034827   0.09638135   0.09222241   0.08791136   0.08348588   0.07898133   0.07443070   0.06986456   0.06531106   0.06079592   0.05634242   0.05197151   0.04770178   0.04354957   0.03952904   0.03565225   0.03192927   0.02836826   0.02497563   0.02175607   0.01871275   0.01584741   0.01316046   0.01065112   0.00831752   0.00615686   0.00416545   0.00233888   0.00067209  -0.00084053  -0.00220502  -0.00342780  -0.00451558  -0.00547524  -0.00631385  -0.00703850  -0.00765634  -0.00817445  -0.00859986  -0.00893946  -0.00919997  -0.00938794  -0.00950971  -0.00957136  -0.00957874  -0.00953741  -0.00945268  -0.00932953  -0.00917271  -0.00898663  -0.00877544  -0.00854298  -0.00829283  -0.00802828  -0.00775236  -0.00746783  -0.00717721  -0.00688279 
 -0.00045455  -0.30252238  -0.60197322  -0.89534623  -1.17976473  -1.45254363  -1.71124723  -1.95373976  -2.17822479  -2.38326892  -2.56780539  -2.73111604  -2.87279417  -2.99269713  -3.09090161  -3.16767427  -3.22346369  -3.25890976  -3.27485809  -3.27236578  -3.25268952  -3.21725482  -3.16761142  -3.10538264  -3.03221578  -2.94973835  -2.85952253  -2.76305837  -2.66173499  -2.55682862  -2.44949619  -2.34077329  -2.23157532  -2.12270122  -2.01483884  -1.90857168  -1.80438639  -1.70268072  -1.60377186  -1.50790465  -1.41525975  -1.32596159  -1.24008585  -1.15766666  -1.07870318  -1.00316575  -0.93100151  -0.86213934  -0.79649441  -0.73397208  -0.67447128  -0.61788742  -0.56411479  -0.51304854  -0.46458622  -0.41862897  -0.37508238  -0.33385700  -0.29486866  -0.25803854  -0.22329305  -0.19056357  -0.15978606  -0.13090060  -0.10385089  -0.07858364  -0.05504802  -0.03319509  -0.01297727   0.00565223   0.02273982   0.03833198   0.05247561   0.06521831   0.07660863   0.08669625   0.09553205   0.10316816   0.10965800   0.11505614   0.11941826   0.12280096   0.12526163   0.12685816   0.12764880   0.12769184   0.12704541   0.12576719   0.12391417   0.12154236   0.11870658   0.11546024   0.11185508   0.10794100   0.10376588   0.09937542   0.09481301   0.09011964   0.08533375   0.08049124   0.07562541   0.07076690   0.06594376   0.06118139   0.05650267   0.05192793   0.04747509   0.04315970   0.03899504   0.03499224   0.03116040   0.02750665   0.02403635   0.02075318   0.01765924   0.01475523   0.01204055   0.00951343   0.00717104   0.00500965   0.00302469   0.00121090  -0.00043757  -0.00192706  -0.00326435  -0.00445648  -0.00551077  -0.00643467  -0.00723574  -0.00792154  -0.00849964  -0.00897750  -0.00936247  -0.00966175  -0.00988231  -0.01003095  -0.01011417  -0.01013824  -0.01010914  -0.01003254  -0.00991385  -0.00975812  -0.00957013  -0.00935435  -0.00911493  -0.00885573  -0.00858031  -0.00829196  -0.00799367  -0.00768818  -0.00737796 
 -0.00045954  -0.30587096  -0.60881137  -0.90594459  -1.19450137  -1.47187256  -1.73565984  -1.98372302  -2.21422122  -2.42564436  -2.61683102  -2.78696855  -2.93557380  -3.06245668  -3.16767427  -3.25148683  -3.31432760  -3.35679181  -3.37964181  -3.38381764  -3.37044062  -3.34080165  -3.29633302  -3.23856799  -3.16909497  -3.08951259  -3.00139028  -2.90623624  -2.80547342  -2.70042295  -2.59229386  -2.48217789  -2.37104839  -2.25976219  -2.14906380  -2.03959116  -1.93188258  -1.82638436  -1.72345878  -1.62339236  -1.52640400  -1.43265296  -1.34224654  -1.25524737  -1.17168027  -1.09153850  -1.01478964  -0.94138072  -0.87124298  -0.80429589  -0.74045083  -0.67961404  -0.62168926  -0.56657980  -0.51419024  -0.46442770  -0.41720280  -0.37243029  -0.33002940  -0.28992404  -0.25204266  -0.21631808  -0.18268718  -0.15109040  -0.12147131  -0.09377604  -0.06795277  -0.04395112  -0.02172169  -0.00121554   0.01761628   0.03482309   0.05045492   0.06456281   0.07719899   0.08841703   0.09827195   0.10682019   0.11411963   0.12022944   0.12521002   0.12912277   0.13202991   0.13399426   0.13507895   0.13534716   0.13486188   0.13368558   0.13187996   0.12950567   0.12662205   0.12328686   0.11955608   0.11548371   0.11112153   0.10651898   0.10172302   0.09677796   0.09172544   0.08660435   0.08145072   0.07629780   0.07117599   0.06611291   0.06113340   0.05625963   0.05151112   0.04690488   0.04245548   0.03817516   0.03407399   0.03015994   0.02643906   0.02291556   0.01959200   0.01646942   0.01354744   0.01082442   0.00829758   0.00596316   0.00381650   0.00185218   0.00006413  -0.00155427  -0.00301005  -0.00431064  -0.00546370  -0.00647708  -0.00735874  -0.00811668  -0.00875888  -0.00929325  -0.00972759  -0.01006952  -0.01032647  -0.01050564  -0.01061398  -0.01065816  -0.01064456  -0.01057924  -0.01046796  -0.01031616  -0.01012895  -0.00991111  -0.00966710  -0.00940108  -0.00911688  -0.00881803  -0.00850778  -0.00818908  -0.00786461 
 -0.00046079  -0.30673212  -0.61070400  -0.90919940  -1.19959006  -1.47937948  -1.74624612  -1.99808525  -2.23304794  -2.44957484  -2.64642179  -2.82267325  -2.97774017  -3.11134042  -3.22346369  -3.31432760  -3.38433536  -3.43404549  -3.46415917  -3.47552240  -3.46913383  -3.44614689  -3.40785876  -3.35568467  -3.29112132  -3.21570550  -3.13097358  -3.03842581  -2.93949761  -2.83553810  -2.72779548  -2.61740820  -2.50540090  -2.39268409  -2.28005656  -2.16820990  -2.05773454  -1.94912670  -1.84279603  -1.73907351  -1.63821953  -1.54043179  -1.44585301  -1.35457832  -1.26666216  -1.18212478  -1.10095814  -1.02313131  -0.94859532  -0.87728741  -0.80913475  -0.74405771  -0.68197247  -0.62279334  -0.56643452  -0.51281151  -0.46184216  -0.41344740  -0.36755169  -0.32408323  -0.28297395  -0.24415940  -0.20757843  -0.17317282  -0.14088684  -0.11066676  -0.08246030  -0.05621616  -0.03188354  -0.00941162   0.01125081   0.03015572   0.04735616   0.06290651   0.07686262   0.08928198   0.10022370   0.10974860   0.11791904   0.12479889   0.13045331   0.13494858   0.13835188   0.14073099   0.14215402   0.14268916   0.14240431   0.14136685   0.13964326   0.13729890   0.13439769   0.13100187   0.12717173   0.12296540   0.11843867   0.11364477   0.10863428   0.10345495   0.09815165   0.09276629   0.08733777   0.08190196   0.07649171   0.07113687   0.06586435   0.06069818   0.05565958   0.05076706   0.04603654   0.04148145   0.03711287   0.03293967   0.02896863   0.02520459   0.02165061   0.01830810   0.01517697   0.01225575   0.00954178   0.00703131   0.00471962   0.00260119   0.00066976  -0.00108149  -0.00265989  -0.00407315  -0.00532926  -0.00643644  -0.00740303  -0.00823743  -0.00894803  -0.00954315  -0.01003102  -0.01041968  -0.01071699  -0.01093056  -0.01106775  -0.01113564  -0.01114099  -0.01109026  -0.01098956  -0.01084469  -0.01066109  -0.01044387  -0.01019781  -0.00992734  -0.00963658  -0.00932931  -0.00900902  -0.00867888  -0.00834181 
 -0.00045870  -0.30536924  -0.60816698  -0.90585733  -1.19597571  -1.47616474  -1.74421017  -1.99807660  -2.23594214  -2.45623091  -2.65764119  -2.83916634  -3.00010520  -3.14005852  -3.25890976  -3.35679181  -3.43404549  -3.49117929  -3.52883978  -3.54779807  -3.54895012  -3.53332257  -3.50207404  -3.45648492  -3.39793416  -3.32786624  -3.24775381  -3.15906114  -3.06321193  -2.96156347  -2.85538748  -2.74585721  -2.63403995  -2.52089384  -2.40726817  -2.29390620  -2.18144993  -2.07044615  -1.96135341  -1.85454945  -1.75033898  -1.64896139  -1.55059840  -1.45538134  -1.36339819  -1.27470006  -1.18930720  -1.10721456  -1.02839669  -0.95281216  -0.88040744  -0.81112021  -0.74488221  -0.68162160  -0.62126487  -0.56373837  -0.50896944  -0.45688722  -0.40742326  -0.36051172  -0.31608952  -0.27409624  -0.23447388  -0.19716657  -0.16212016  -0.12928178  -0.09859939  -0.07002128  -0.04349567  -0.01897024   0.00360819   0.02429403   0.04314318   0.06021321   0.07556355   0.08925552   0.10135237   0.11191924   0.12102305   0.12873236   0.13511719   0.14024874   0.14419921   0.14704141   0.14884854   0.14969382   0.14965018   0.14878995   0.14718450   0.14490397   0.14201693   0.13859015   0.13468830   0.13037373   0.12570628   0.12074306   0.11553832   0.11014331   0.10460620   0.09897200   0.09328251   0.08757629   0.08188870   0.07625190   0.07069492   0.06524372   0.05992127   0.05474765   0.04974019   0.04491355   0.04027993   0.03584911   0.03162870   0.02762420   0.02383923   0.02027564   0.01693367   0.01381211   0.01090842   0.00821894   0.00573893   0.00346281   0.00138419  -0.00050393  -0.00220911  -0.00373933  -0.00510288  -0.00630830  -0.00736429  -0.00827961  -0.00906305  -0.00972333  -0.01026906  -0.01070870  -0.01105051  -0.01130251  -0.01147246  -0.01156782  -0.01159575  -0.01156307  -0.01147627  -0.01134149  -0.01116450  -0.01095075  -0.01070531  -0.01043291  -0.01013794  -0.00982445  -0.00949617  -0.00915651  -0.00880857 
 -0.00045366  -0.30204599  -0.60171952  -0.89667665  -1.18463068  -1.46338115  -1.73084317  -1.98507714  -2.22431843  -2.44700648  -2.65181217  -2.83766149  -3.00375314  -3.14956664  -3.27485809  -3.37964181  -3.46415917  -3.52883978  -3.57426351  -3.60113220  -3.61025589  -3.60255185  -3.57904924  -3.54088987  -3.48931904  -3.42566459  -3.35130723  -3.26764678  -3.17606917  -3.07791746  -2.97446850  -2.86691588  -2.75635851  -2.64379419  -2.53011725  -2.41611920  -2.30249193  -2.18983245  -2.07864896  -1.96936758  -1.86233964  -1.75784903  -1.65611964  -1.55732249  -1.46158272  -1.36898602  -1.27958472  -1.19340335  -1.11044365  -1.03068909  -0.95410883  -0.88066114  -0.81029639  -0.74295948  -0.67859191  -0.61713334  -0.55852291  -0.50270012  -0.44960546  -0.39918082  -0.35136963  -0.30611689  -0.26336897  -0.22307341  -0.18517859  -0.14963331  -0.11638643  -0.08538644  -0.05658107  -0.02991692  -0.00533914   0.01720885   0.03778556   0.05645166   0.07326997   0.08830562   0.10162591   0.11330030   0.12340028   0.13199911   0.13917167   0.14499416   0.14954381   0.15289856   0.15513671   0.15633661   0.15657627   0.15593302   0.15448319   0.15230174   0.14946199   0.14603528   0.14209073   0.13769497   0.13291194   0.12780269   0.12242521   0.11683431   0.11108151   0.10521497   0.09927946   0.09331630   0.08736342   0.08145535   0.07562328   0.06989518   0.06429582   0.05884694   0.05356730   0.04847291   0.04357709   0.03889064   0.03442203   0.03017750   0.02616128   0.02237572   0.01882145   0.01549756   0.01240171   0.00953036   0.00687882   0.00444148   0.00221188   0.00018287  -0.00165330  -0.00330481  -0.00478025  -0.00608844  -0.00723839  -0.00823922  -0.00910007  -0.00983002  -0.01043808  -0.01093309  -0.01132370  -0.01161831  -0.01182508  -0.01195185  -0.01200614  -0.01199515  -0.01192573  -0.01180434  -0.01163712  -0.01142982  -0.01118782  -0.01091614  -0.01061945  -0.01030206  -0.00996796  -0.00962079  -0.00926386 
