# coconut-me2b/v0.99.21 
# 
# momentum space matrix elements 
# partial wave J=1, L=2/2, S=1, T=0, MT=0 
# 
# momentum grid [fm^-1]
0.000000 0.066667 0.133333 0.200000 0.266667 0.333333 0.400000 0.466667 0.533333 0.600000 0.666667 0.733333 0.800000 0.866667 0.933333 1.000000 1.066667 1.133333 1.200000 1.266667 1.333333 1.400000 1.466667 1.533333 1.600000 1.666667 1.733333 1.800000 1.866667 1.933333 2.000000 2.066667 2.133333 2.200000 2.266667 2.333333 2.400000 2.466667 2.533333 2.600000 2.666667 2.733333 2.800000 2.866667 2.933333 3.000000 3.066667 3.133333 3.200000 3.266667 3.333333 3.400000 3.466667 3.533333 3.600000 3.666667 3.733333 3.800000 3.866667 3.933333 4.000000 4.066667 4.133333 4.200000 4.266667 4.333333 4.400000 4.466667 4.533333 4.600000 4.666667 4.733333 4.800000 4.866667 4.933333 5.000000 5.066667 5.133333 5.200000 5.266667 5.333333 5.400000 5.466667 5.533333 5.600000 5.666667 5.733333 5.800000 5.866667 5.933333 6.000000 6.066667 6.133333 6.200000 6.266667 6.333333 6.400000 6.466667 6.533333 6.600000 6.666667 6.733333 6.800000 6.866667 6.933333 7.000000 7.066667 7.133333 7.200000 7.266667 7.333333 7.400000 7.466667 7.533333 7.600000 7.666667 7.733333 7.800000 7.866667 7.933333 8.000000 8.066667 8.133333 8.200000 8.266667 8.333333 8.400000 8.466667 8.533333 8.600000 8.666667 8.733333 8.800000 8.866667 8.933333 9.000000 9.066667 9.133333 9.200000 9.266667 9.333333 9.400000 9.466667 9.533333 9.600000 9.666667 9.733333 9.800000 9.866667 9.933333 10.000000 
#
# matrix elements [MeV fm^3] 
  0.00000000   0.00000000   0.00000002   0.00000003   0.00000005   0.00000007   0.00000008   0.00000009   0.00000010   0.00000010   0.00000010   0.00000010   0.00000009   0.00000008   0.00000008   0.00000007   0.00000007   0.00000006   0.00000006   0.00000005   0.00000005   0.00000004   0.00000004   0.00000003   0.00000003   0.00000003   0.00000003   0.00000002   0.00000002   0.00000002   0.00000002   0.00000002   0.00000001   0.00000001   0.00000001   0.00000001   0.00000001   0.00000001   0.00000001   0.00000001   0.00000001   0.00000001   0.00000001   0.00000001   0.00000001   0.00000001   0.00000001   0.00000001   0.00000001   0.00000000   0.00000000   0.00000000   0.00000000   0.00000000   0.00000000   0.00000000   0.00000000   0.00000000   0.00000000   0.00000000   0.00000000   0.00000000   0.00000000   0.00000000   0.00000000   0.00000000   0.00000000   0.00000000   0.00000000   0.00000000   0.00000000   0.00000000   0.00000000   0.00000000   0.00000000   0.00000000   0.00000000   0.00000000   0.00000000   0.00000000   0.00000000   0.00000000   0.00000000   0.00000000   0.00000000   0.00000000   0.00000000   0.00000000   0.00000000   0.00000000   0.00000000   0.00000000   0.00000000   0.00000000   0.00000000   0.00000000   0.00000000   0.00000000   0.00000000   0.00000000   0.00000000   0.00000000   0.00000000   0.00000000   0.00000000   0.00000000   0.00000000   0.00000000   0.00000000   0.00000000   0.00000000   0.00000000   0.00000000   0.00000000   0.00000000   0.00000000   0.00000000   0.00000000   0.00000000   0.00000000   0.00000000   0.00000000   0.00000000   0.00000000   0.00000000   0.00000000   0.00000000   0.00000000   0.00000000  -0.00000000  -0.00000000  -0.00000000  -0.00000000  -0.00000000  -0.00000000  -0.00000000  -0.00000000  -0.00000000  -0.00000000  -0.00000000  -0.00000000  -0.00000000  -0.00000000  -0.00000000  -0.00000000  -0.00000000  -0.00000000  -0.00000000  -0.00000000  -0.00000000  -0.00000000 
  0.00000000   0.00197370   0.00740671   0.01504035   0.02333052   0.03093415   0.03698674   0.04113603   0.04342107   0.04410707   0.04354628   0.04208836   0.04003541   0.03762713   0.03504272   0.03240997   0.02981613   0.02731806   0.02495062   0.02273313   0.02067424   0.01877543   0.01703347   0.01544218   0.01399364   0.01267897   0.01148892   0.01041419   0.00944570   0.00857471   0.00779292   0.00709251   0.00646616   0.00590704   0.00540881   0.00496561   0.00457203   0.00422308   0.00391418   0.00364114   0.00340009   0.00318753   0.00300026   0.00283535   0.00269017   0.00256231   0.00244961   0.00235011   0.00226207   0.00218391   0.00211423   0.00205177   0.00199544   0.00194424   0.00189732   0.00185393   0.00181339   0.00177515   0.00173871   0.00170365   0.00166961   0.00163630   0.00160345   0.00157087   0.00153838   0.00150586   0.00147321   0.00144034   0.00140722   0.00137379   0.00134005   0.00130600   0.00127164   0.00123700   0.00120210   0.00116699   0.00113170   0.00109628   0.00106078   0.00102525   0.00098975   0.00095432   0.00091903   0.00088394   0.00084908   0.00081453   0.00078033   0.00074654   0.00071319   0.00068035   0.00064806   0.00061636   0.00058529   0.00055489   0.00052519   0.00049623   0.00046803   0.00044063   0.00041404   0.00038829   0.00036340   0.00033937   0.00031623   0.00029397   0.00027260   0.00025214   0.00023256   0.00021388   0.00019609   0.00017918   0.00016313   0.00014795   0.00013360   0.00012008   0.00010737   0.00009544   0.00008428   0.00007386   0.00006416   0.00005516   0.00004682   0.00003913   0.00003205   0.00002556   0.00001963   0.00001423   0.00000934   0.00000493   0.00000098  -0.00000256  -0.00000569  -0.00000845  -0.00001086  -0.00001295  -0.00001474  -0.00001625  -0.00001750  -0.00001852  -0.00001933  -0.00001994  -0.00002037  -0.00002064  -0.00002077  -0.00002077  -0.00002065  -0.00002044  -0.00002014  -0.00001976  -0.00001932  -0.00001882  -0.00001828 
  0.00000002   0.00740671   0.02788681   0.05690834   0.08880275   0.11849144   0.14255431   0.15945249   0.16915895   0.17257414   0.17099814   0.16577008   0.15807435   0.14886717   0.13887341   0.12861628   0.11845741   0.10863564   0.09930000   0.09053561   0.08238326   0.07485370   0.06793780   0.06161379   0.05585223   0.05061941   0.04587966   0.04159692   0.03773569   0.03426170   0.03114228   0.02834657   0.02584563   0.02361243   0.02162186   0.01985065   0.01827730   0.01688201   0.01564653   0.01455416   0.01358958   0.01273879   0.01198901   0.01132864   0.01074712   0.01023488   0.00978328   0.00938454   0.00903166   0.00871835   0.00843902   0.00818867   0.00796287   0.00775770   0.00756972   0.00739591   0.00723362   0.00708058   0.00693482   0.00679464   0.00665862   0.00652554   0.00639441   0.00626438   0.00613480   0.00600513   0.00587495   0.00574396   0.00561195   0.00547877   0.00534437   0.00520873   0.00507188   0.00493391   0.00479493   0.00465508   0.00451453   0.00437345   0.00423205   0.00409052   0.00394909   0.00380796   0.00366736   0.00352751   0.00338863   0.00325093   0.00311462   0.00297991   0.00284700   0.00271608   0.00258733   0.00246091   0.00233701   0.00221576   0.00209730   0.00198178   0.00186930   0.00175997   0.00165389   0.00155114   0.00145179   0.00135590   0.00126351   0.00117466   0.00108937   0.00100765   0.00092950   0.00085491   0.00078385   0.00071631   0.00065223   0.00059156   0.00053425   0.00048024   0.00042944   0.00038179   0.00033719   0.00029555   0.00025679   0.00022080   0.00018747   0.00015672   0.00012842   0.00010247   0.00007876   0.00005718   0.00003763   0.00001998   0.00000415  -0.00000999  -0.00002253  -0.00003358  -0.00004324  -0.00005160  -0.00005876  -0.00006480  -0.00006983  -0.00007392  -0.00007714  -0.00007959  -0.00008133  -0.00008242  -0.00008295  -0.00008296  -0.00008251  -0.00008166  -0.00008047  -0.00007897  -0.00007720  -0.00007522  -0.00007306 
  0.00000003   0.01504035   0.05690834   0.11700556   0.18425874   0.24829735   0.30165851   0.34051574   0.36420859   0.37419990   0.37301000   0.36341664   0.34797968   0.32882784   0.30761302   0.28555183   0.26350138   0.24203960   0.22153661   0.20221253   0.18418201   0.16748720   0.15212167   0.13804737   0.12520655   0.11352999   0.10294263   0.09336737   0.08472756   0.07694862   0.06995907   0.06369109   0.05808085   0.05306861   0.04859872   0.04461952   0.04108322   0.03794572   0.03516639   0.03270795   0.03053618   0.02861983   0.02693035   0.02544173   0.02413037   0.02297486   0.02195582   0.02105582   0.02025915   0.01955174   0.01892099   0.01835571   0.01784594   0.01738288   0.01695878   0.01656684   0.01620113   0.01585650   0.01552851   0.01521335   0.01490779   0.01460909   0.01431497   0.01402356   0.01373332   0.01344303   0.01315176   0.01285880   0.01256365   0.01226599   0.01196564   0.01166257   0.01135684   0.01104863   0.01073817   0.01042577   0.01011179   0.00979661   0.00948069   0.00916445   0.00884839   0.00853299   0.00821872   0.00790609   0.00759557   0.00728766   0.00698281   0.00668150   0.00638415   0.00609121   0.00580307   0.00552013   0.00524275   0.00497127   0.00470602   0.00444728   0.00419533   0.00395040   0.00371271   0.00348244   0.00325976   0.00304480   0.00283767   0.00263844   0.00244716   0.00226386   0.00208855   0.00192120   0.00176177   0.00161018   0.00146636   0.00133018   0.00120152   0.00108024   0.00096617   0.00085914   0.00075896   0.00066542   0.00057832   0.00049744   0.00042255   0.00035341   0.00028979   0.00023144   0.00017812   0.00012959   0.00008560   0.00004590   0.00001026  -0.00002156  -0.00004980  -0.00007469  -0.00009644  -0.00011529  -0.00013143  -0.00014507  -0.00015642  -0.00016565  -0.00017295  -0.00017850  -0.00018244  -0.00018495  -0.00018616  -0.00018622  -0.00018525  -0.00018338  -0.00018072  -0.00017737  -0.00017344  -0.00016901  -0.00016417 
  0.00000005   0.02333052   0.08880275   0.18425874   0.29348258   0.40045589   0.49271666   0.56293608   0.60875169   0.63151616   0.63473564   0.62273305   0.59974967   0.56946889   0.53484623   0.49812016   0.46090855   0.42433128   0.38912811   0.35575881   0.32448260   0.29541844   0.26858949   0.24395512   0.22143377   0.20091885   0.18228980   0.16541968   0.15018020   0.13644511   0.12409238   0.11300548   0.10307419   0.09419495   0.08627095   0.07921213   0.07293495   0.06736217   0.06242258   0.05805067   0.05418631   0.05077446   0.04776485   0.04511163   0.04277313   0.04071155   0.03889269   0.03728568   0.03586275   0.03459899   0.03347210   0.03246223   0.03155171   0.03072493   0.02996812   0.02926921   0.02861764   0.02800424   0.02742109   0.02686139   0.02631937   0.02579011   0.02526953   0.02475425   0.02424152   0.02372912   0.02321533   0.02269887   0.02217880   0.02165450   0.02112563   0.02059209   0.02005397   0.01951152   0.01896514   0.01841534   0.01786274   0.01730800   0.01675187   0.01619514   0.01563863   0.01508318   0.01452965   0.01397888   0.01343173   0.01288905   0.01235167   0.01182039   0.01129600   0.01077926   0.01027088   0.00977156   0.00928194   0.00880263   0.00833421   0.00787720   0.00743206   0.00699925   0.00657914   0.00617207   0.00577833   0.00539816   0.00503175   0.00467925   0.00434076   0.00401633   0.00370597   0.00340966   0.00312730   0.00285879   0.00260398   0.00236267   0.00213465   0.00191966   0.00171742   0.00152763   0.00134994   0.00118402   0.00102948   0.00088595   0.00075301   0.00063027   0.00051729   0.00041366   0.00031894   0.00023270   0.00015451   0.00008393   0.00002055  -0.00003606  -0.00008631  -0.00013062  -0.00016937  -0.00020295  -0.00023173  -0.00025608  -0.00027634  -0.00029285  -0.00030593  -0.00031588  -0.00032299  -0.00032754  -0.00032979  -0.00032998  -0.00032835  -0.00032511  -0.00032046  -0.00031459  -0.00030767  -0.00029986  -0.00029132 
  0.00000007   0.03093415   0.11849144   0.24829735   0.40045589   0.55417108   0.69189575   0.80188008   0.87875728   0.92256027   0.93695491   0.92743121   0.89989671   0.85980030   0.81171441   0.75923001   0.70502623   0.65101538   0.59850399   0.54834014   0.50103587   0.45686314   0.41592641   0.37821593   0.34364636   0.31208412   0.28336672   0.25731617   0.23374811   0.21247804   0.19332545   0.17611645   0.16068537   0.14687572   0.13454059   0.12354276   0.11375462   0.10505786   0.09734320   0.09050989   0.08446535   0.07912469   0.07441028   0.07025128   0.06658319   0.06334748   0.06049113   0.05796627   0.05572978   0.05374293   0.05197108   0.05038330   0.04895210   0.04765314   0.04646493   0.04536859   0.04434764   0.04338770   0.04247637   0.04160297   0.04075838   0.03993490   0.03912604   0.03832645   0.03753174   0.03673838   0.03594359   0.03514527   0.03434187   0.03353237   0.03271614   0.03189294   0.03106285   0.03022619   0.02938352   0.02853558   0.02768327   0.02682759   0.02596966   0.02511066   0.02425183   0.02339446   0.02253983   0.02168928   0.02084410   0.02000560   0.01917506   0.01835371   0.01754279   0.01674345   0.01595683   0.01518400   0.01442597   0.01368369   0.01295806   0.01224989   0.01155995   0.01088891   0.01023739   0.00960592   0.00899496   0.00840490   0.00783605   0.00728866   0.00676289   0.00625883   0.00577652   0.00531591   0.00487689   0.00445931   0.00406293   0.00368747   0.00333260   0.00299793   0.00268303   0.00238744   0.00211065   0.00185211   0.00161125   0.00138749   0.00118020   0.00098875   0.00081249   0.00065076   0.00050290   0.00036823   0.00024609   0.00013581   0.00003673  -0.00005180  -0.00013042  -0.00019977  -0.00026046  -0.00031309  -0.00035823  -0.00039646  -0.00042830  -0.00045429  -0.00047492  -0.00049065  -0.00050196  -0.00050926  -0.00051296  -0.00051344  -0.00051106  -0.00050616  -0.00049906  -0.00049004  -0.00047938  -0.00046733  -0.00045411 
  0.00000008   0.03698674   0.14255431   0.30165851   0.49271666   0.69189575   0.87745237   1.03302517   1.14919109   1.22323862   1.25767749   1.25824373   1.23204746   1.18621376   1.12708304   1.05986765   0.98860859   0.91629315   0.84503632   0.77626918   0.71090705   0.64948743   0.59227790   0.53935746   0.49067657   0.44610067   0.40544126   0.36847789   0.33497346   0.30468489   0.27737023   0.25279352   0.23072784   0.21095725   0.19327789   0.17749842   0.16344022   0.15093717   0.13983536   0.12999264   0.12127807   0.11357141   0.10676250   0.10075069   0.09544426   0.09075983   0.08662181   0.08296189   0.07971845   0.07683613   0.07426533   0.07196175   0.06988595   0.06800297   0.06628193   0.06469566   0.06322039   0.06183538   0.06052269   0.05926684   0.05805461   0.05687476   0.05571785   0.05457600   0.05344276   0.05231290   0.05118228   0.05004771   0.04890684   0.04775803   0.04660026   0.04543305   0.04425637   0.04307058   0.04187638   0.04067472   0.03946679   0.03825395   0.03703773   0.03581975   0.03460174   0.03338546   0.03217275   0.03096544   0.02976539   0.02857442   0.02739434   0.02622694   0.02507394   0.02393702   0.02281777   0.02171776   0.02063842   0.01958114   0.01854721   0.01753781   0.01655404   0.01559690   0.01466728   0.01376597   0.01289366   0.01205090   0.01123819   0.01045588   0.00970423   0.00898340   0.00829346   0.00763437   0.00700599   0.00640811   0.00584042   0.00530254   0.00479400   0.00431427   0.00386276   0.00343880   0.00304168   0.00267065   0.00232489   0.00200357   0.00170581   0.00143072   0.00117737   0.00094482   0.00073214   0.00053837   0.00036255   0.00020374   0.00006100  -0.00006661  -0.00018001  -0.00028009  -0.00036773  -0.00044379  -0.00050910  -0.00056445  -0.00061064  -0.00064839  -0.00067843  -0.00070143  -0.00071805  -0.00072889  -0.00073454  -0.00073555  -0.00073244  -0.00072568  -0.00071574  -0.00070302  -0.00068793  -0.00067082  -0.00065202 
  0.00000009   0.04113603   0.15945249   0.34051574   0.56293608   0.80188008   1.03302517   1.23611218   1.39732139   1.51004790   1.57416559   1.59430335   1.57781539   1.53299659   1.46782121   1.38923281   1.30286965   1.21307022   1.12302478   1.03498060   0.95044779   0.87038036   0.79532435   0.72553349   0.66105675   0.60180318   0.54758916   0.49817233   0.45327580   0.41260514   0.37586019   0.34274313   0.31296398   0.28624410   0.26231842   0.24093668   0.22186408   0.20488139   0.18978478   0.17638543   0.16450904   0.15399514   0.14469649   0.13647829   0.12921753   0.12280223   0.11713074   0.11211106   0.10766014   0.10370327   0.10017340   0.09701061   0.09416148   0.09157859   0.08921999   0.08704876   0.08503247   0.08314286   0.08135536   0.07964878   0.07800493   0.07640835   0.07484595   0.07330681   0.07178191   0.07026390   0.06874693   0.06722641   0.06569892   0.06416199   0.06261403   0.06105418   0.05948219   0.05789837   0.05630348   0.05469866   0.05308536   0.05146530   0.04984042   0.04821281   0.04658469   0.04495841   0.04333633   0.04172090   0.04011456   0.03851976   0.03693890   0.03537437   0.03382849   0.03230352   0.03080162   0.02932489   0.02787531   0.02645475   0.02506497   0.02370761   0.02238416   0.02109602   0.01984441   0.01863042   0.01745503   0.01631903   0.01522311   0.01416778   0.01315345   0.01218036   0.01124862   0.01035822   0.00950901   0.00870074   0.00793302   0.00720535   0.00651714   0.00586771   0.00525625   0.00468192   0.00414376   0.00364077   0.00317188   0.00273598   0.00233189   0.00195841   0.00161432   0.00129837   0.00100927   0.00074577   0.00050657   0.00029040   0.00009600  -0.00007790  -0.00023252  -0.00036908  -0.00048877  -0.00059273  -0.00068209  -0.00075794  -0.00082133  -0.00087325  -0.00091467  -0.00094652  -0.00096967  -0.00098496  -0.00099318  -0.00099506  -0.00099132  -0.00098260  -0.00096952  -0.00095265  -0.00093252  -0.00090962  -0.00088440 
  0.00000010   0.04342107   0.16915895   0.36420859   0.60875169   0.87875728   1.14919109   1.39732139   1.60548795   1.76276013   1.86519802   1.91485063   1.91797519   1.88307668   1.81923884   1.73497330   1.63759318   1.53299435   1.42569549   1.31901061   1.21526763   1.11602339   1.02225172   0.93449720   0.85299563   0.77776552   0.70867633   0.64549843   0.58793933   0.53566964   0.48834149   0.44560140   0.40709926   0.37249436   0.34145937   0.31368290   0.28887092   0.26674753   0.24705512   0.22955422   0.21402306   0.20025696   0.18806766   0.17728249   0.16774355   0.15930688   0.15184160   0.14522906   0.13936203   0.13414387   0.12948779   0.12531606   0.12155932   0.11815590   0.11505118   0.11219694   0.10955084   0.10707582   0.10473966   0.10251445   0.10037620   0.09830441   0.09628170   0.09429348   0.09232762   0.09037420   0.08842521   0.08647433   0.08451674   0.08254890   0.08056840   0.07857381   0.07656450   0.07454061   0.07250284   0.07045244   0.06839108   0.06632078   0.06424387   0.06216291   0.06008064   0.05799996   0.05592385   0.05385537   0.05179762   0.04975370   0.04772670   0.04571966   0.04373557   0.04177734   0.03984779   0.03794962   0.03608542   0.03425764   0.03246858   0.03072041   0.02901510   0.02735448   0.02574021   0.02417374   0.02265638   0.02118921   0.01977318   0.01840900   0.01709725   0.01583830   0.01463234   0.01347942   0.01237938   0.01133194   0.01033665   0.00939291   0.00849999   0.00765704   0.00686307   0.00611701   0.00541766   0.00476375   0.00415392   0.00358676   0.00306076   0.00257441   0.00212613   0.00171430   0.00133731   0.00099351   0.00068126   0.00039891   0.00014484  -0.00008259  -0.00028496  -0.00046383  -0.00062074  -0.00075719  -0.00087461  -0.00097443  -0.00105799  -0.00112660  -0.00118152  -0.00122393  -0.00125497  -0.00127574  -0.00128725  -0.00129048  -0.00128633  -0.00127565  -0.00125925  -0.00123787  -0.00121220  -0.00118288  -0.00115050 
  0.00000010   0.04410707   0.17257414   0.37419990   0.63151616   0.92256027   1.22323862   1.51004790   1.76276013   1.96657083   2.11325615   2.20112560   2.23391121   2.21902722   2.16572616   2.08355915   1.98133082   1.86654485   1.74522743   1.62198952   1.50021011   1.38226005   1.26972006   1.16357125   1.06435121   0.97227684   0.88733818   0.80936881   0.73809786   0.67318791   0.61426243   0.56092537   0.51277507   0.46941395   0.43045511   0.39552684   0.36427539   0.33636669   0.31148721   0.28934418   0.26966552   0.25219930   0.23671313   0.22299338   0.21084425   0.20008689   0.19055836   0.18211073   0.17461007   0.16793549   0.16197824   0.15664078   0.15183593   0.14748604   0.14352220   0.13988349   0.13651627   0.13337352   0.13041423   0.12760280   0.12490852   0.12230504   0.11976995   0.11728432   0.11483236   0.11240100   0.10997963   0.10755978   0.10513486   0.10269992   0.10025147   0.09778723   0.09530602   0.09280760   0.09029248   0.08776190   0.08521761   0.08266190   0.08009741   0.07752713   0.07495430   0.07238236   0.06981492   0.06725568   0.06470841   0.06217692   0.05966501   0.05717646   0.05471497   0.05228418   0.04988761   0.04752867   0.04521063   0.04293658   0.04070946   0.03853201   0.03640679   0.03433614   0.03232219   0.03036685   0.02847181   0.02663853   0.02486824   0.02316194   0.02152040   0.01994416   0.01843356   0.01698871   0.01560949   0.01429561   0.01304658   0.01186170   0.01074012   0.00968082   0.00868264   0.00774425   0.00686422   0.00604099   0.00527290   0.00455821   0.00389509   0.00328164   0.00271592   0.00219594   0.00171968   0.00128510   0.00089017   0.00053282   0.00021104  -0.00007721  -0.00033390  -0.00056100  -0.00076043  -0.00093404  -0.00108366  -0.00121105  -0.00131792  -0.00140589  -0.00147653  -0.00153136  -0.00157181  -0.00159922  -0.00161491  -0.00162008  -0.00161588  -0.00160339  -0.00158361  -0.00155749  -0.00152589  -0.00148963  -0.00144944 
  0.00000010   0.04354628   0.17099814   0.37301000   0.63473564   0.93695491   1.25767749   1.57416559   1.86519802   2.11325615   2.30621661   2.43817338   2.50921764   2.52430865   2.49162174   2.42083686   2.32172570   2.20320195   2.07282615   1.93666002   1.79934130   1.66427015   1.53383239   1.40961604   1.29260093   1.18331464   1.08195584   0.98848927   0.90271732   0.82433336   0.75296103   0.68818273   0.62956032   0.57664982   0.52901180   0.48621858   0.44785910   0.41354204   0.38289777   0.35557930   0.33126268   0.30964682   0.29045309   0.27342456   0.25832518   0.24493879   0.23306807   0.22253352   0.21317228   0.20483713   0.19739533   0.19072767   0.18472738   0.17929916   0.17435830   0.16982973   0.16564722   0.16175256   0.15809484   0.15462974   0.15131887   0.14812919   0.14503247   0.14200474   0.13902586   0.13607906   0.13315058   0.13022932   0.12730648   0.12437535   0.12143097   0.11846996   0.11549028   0.11249108   0.10947251   0.10643557   0.10338202   0.10031423   0.09723510   0.09414795   0.09105648   0.08796464   0.08487663   0.08179679   0.07872958   0.07567953   0.07265120   0.06964912   0.06667779   0.06374161   0.06084489   0.05799180   0.05518636   0.05243238   0.04973352   0.04709319   0.04451458   0.04200063   0.03955404   0.03717723   0.03487236   0.03264132   0.03048570   0.02840683   0.02640575   0.02448324   0.02263980   0.02087564   0.01919075   0.01758484   0.01605741   0.01460769   0.01323472   0.01193735   0.01071420   0.00956374   0.00848428   0.00747398   0.00653087   0.00565285   0.00483775   0.00408330   0.00338715   0.00274692   0.00216016   0.00162443   0.00113723   0.00069609   0.00029854  -0.00005786  -0.00037554  -0.00065688  -0.00090420  -0.00111980  -0.00130588  -0.00146460  -0.00159804  -0.00170819  -0.00179698  -0.00186625  -0.00191775  -0.00195316  -0.00197405  -0.00198192  -0.00197818  -0.00196416  -0.00194109  -0.00191012  -0.00187234  -0.00182873  -0.00178021 
  0.00000010   0.04208836   0.16577008   0.36341664   0.62273305   0.92743121   1.25824373   1.59430335   1.91485063   2.20112560   2.43817338   2.61620880   2.73121651   2.78464134   2.78229006   2.73278740   2.64599762   2.53172951   2.39887025   2.25493883   2.10596222   1.95655594   1.81010830   1.66899887   1.53481051   1.40851560   1.29063005   1.18133583   1.08057590   0.98812641   0.90365081   0.82673997   0.75694166   0.69378204   0.63678109   0.58546362   0.53936698   0.49804631   0.46107797   0.42806168   0.39862169   0.37240715   0.34909210   0.32837493   0.30997770   0.29364520   0.27914388   0.26626077   0.25480226   0.24459293   0.23547432   0.22730380   0.21995338   0.21330858   0.20726740   0.20173927   0.19664403   0.19191110   0.18747852   0.18329220   0.17930510   0.17547660   0.17177179   0.16816089   0.16461870   0.16112411   0.15765961   0.15421092   0.15076655   0.14731754   0.14385710   0.14038035   0.13688409   0.13336655   0.12982725   0.12626677   0.12268665   0.11908919   0.11547740   0.11185485   0.10822556   0.10459395   0.10096476   0.09734293   0.09373361   0.09014205   0.08657357   0.08303351   0.07952716   0.07605977   0.07263647   0.06926227   0.06594200   0.06268029   0.05948157   0.05635000   0.05328949   0.05030367   0.04739587   0.04456913   0.04182613   0.03916928   0.03660061   0.03412184   0.03173436   0.02943923   0.02723716   0.02512857   0.02311354   0.02119187   0.01936305   0.01762631   0.01598059   0.01442460   0.01295681   0.01157549   0.01027868   0.00906427   0.00792997   0.00687335   0.00589187   0.00498287   0.00414359   0.00337123   0.00266292   0.00201574   0.00142676   0.00089305   0.00041168  -0.00002027  -0.00040566  -0.00074734  -0.00104808  -0.00131061  -0.00153757  -0.00173153  -0.00189497  -0.00203030  -0.00213981  -0.00222572  -0.00229012  -0.00233503  -0.00236233  -0.00237384  -0.00237124  -0.00235613  -0.00233000  -0.00229424  -0.00225015  -0.00219893  -0.00214169 
  0.00000009   0.04003541   0.15807435   0.34797968   0.59974967   0.89989671   1.23204746   1.57781539   1.91797519   2.23391121   2.50921764   2.73121651   2.89208424   2.98930365   3.02531464   3.00647139   2.94161148   2.84060389   2.71316088   2.56804477   2.41266112   2.25295024   2.09346863   1.93756751   1.78760381   1.64514553   1.51115299   1.38612949   1.27024203   1.16341550   1.06540470   0.97584886   0.89431232   0.82031466   0.75335282   0.69291715   0.63850297   0.58961866   0.54579132   0.50657047   0.47153038   0.44027136   0.41242026   0.38763043   0.36558128   0.34597749   0.32854803   0.31304507   0.29924279   0.28693606   0.27593918   0.26608460   0.25722162   0.24921517   0.24194457   0.23530240   0.22919335   0.22353323   0.21824791   0.21327245   0.20855018   0.20403191   0.19967519   0.19544360   0.19130612   0.18723656   0.18321301   0.17921738   0.17523496   0.17125401   0.16726543   0.16326240   0.15924018   0.15519574   0.15112765   0.14703580   0.14292123   0.13878600   0.13463303   0.13046596   0.12628903   0.12210703   0.11792513   0.11374885   0.10958396   0.10543643   0.10131232   0.09721779   0.09315897   0.08914198   0.08517282   0.08125740   0.07740143   0.07361041   0.06988963   0.06624409   0.06267849   0.05919725   0.05580441   0.05250370   0.04929844   0.04619160   0.04318577   0.04028313   0.03748549   0.03479425   0.03221043   0.02973467   0.02736726   0.02510810   0.02295674   0.02091242   0.01897405   0.01714024   0.01540932   0.01377936   0.01224819   0.01081341   0.00947245   0.00822253   0.00706074   0.00598404   0.00498926   0.00407315   0.00323239   0.00246361   0.00176342   0.00112839   0.00055512   0.00004021  -0.00041970  -0.00082793  -0.00118772  -0.00150226  -0.00177466  -0.00200794  -0.00220501  -0.00236869  -0.00250170  -0.00260663  -0.00268597  -0.00274207  -0.00277719  -0.00279344  -0.00279284  -0.00277727  -0.00274848  -0.00270815  -0.00265779  -0.00259883  -0.00253261 
  0.00000008   0.03762713   0.14886717   0.32882784   0.56946889   0.85980030   1.18621376   1.53299659   1.88307668   2.21902722   2.52430865   2.78464134   2.98930365   3.13208240   3.21162476   3.23107831   3.19711456   3.11860857   3.00530398   2.86672100   2.71142678   2.54666156   2.37824081   2.21063439   2.04713703   1.89007021   1.74097947   1.60080945   1.47005037   1.34885613   1.23713701   1.13463125   1.04095938   0.95566525   0.87824654   0.80817736   0.74492482   0.68796093   0.63677117   0.59086037   0.54975673   0.51301424   0.48021418   0.45096567   0.42490563   0.40169841   0.38103492   0.36263167   0.34622956   0.33159264   0.31850676   0.30677818   0.29623222   0.28671189   0.27807658   0.27020076   0.26297276   0.25629359   0.25007585   0.24424263   0.23872660   0.23346903   0.22841898   0.22353252   0.21877198   0.21410531   0.20950548   0.20494992   0.20042002   0.19590071   0.19138002   0.18684874   0.18230007   0.17772936   0.17313382   0.16851232   0.16386513   0.15919377   0.15450085   0.14978989   0.14506519   0.14033173   0.13559504   0.13086111   0.12613626   0.12142713   0.11674053   0.11208340   0.10746274   0.10288554   0.09835875   0.09388919   0.08948351   0.08514817   0.08088939   0.07671308   0.07262484   0.06862993   0.06473323   0.06093921   0.05725196   0.05367511   0.05021185   0.04686494   0.04363667   0.04052890   0.03754301   0.03467997   0.03194029   0.02932406   0.02683097   0.02446030   0.02221098   0.02008157   0.01807028   0.01617505   0.01439348   0.01272295   0.01116058   0.00970329   0.00834781   0.00709070   0.00592838   0.00485717   0.00387330   0.00297294   0.00215218   0.00140714   0.00073389   0.00012855  -0.00041275  -0.00089383  -0.00131842  -0.00169022  -0.00201279  -0.00228964  -0.00252414  -0.00271955  -0.00287903  -0.00300557  -0.00310208  -0.00317128  -0.00321581  -0.00323813  -0.00324057  -0.00322534  -0.00319449  -0.00314996  -0.00309354  -0.00302690  -0.00295158 
  0.00000008   0.03504272   0.13887341   0.30761302   0.53484623   0.81171441   1.12708304   1.46782121   1.81923884   2.16572616   2.49162174   2.78229006   3.02531464   3.21162476   3.33631277   3.39891708   3.40306826   3.35558206   3.26524335   3.14157816   2.99384781   2.83037511   2.65819814   2.48297985   2.30908284   2.13973061   1.97719923   1.82300576   1.67807642   1.54288820   1.41758374   1.30206215   1.19604954   1.09915307   1.01090184   0.93077770   0.85823812   0.79273309   0.73371744   0.68065958   0.63304776   0.59039418   0.55223767   0.51814523   0.48771265   0.46056459   0.43635408   0.41476176   0.39549479   0.37828569   0.36289096   0.34908970   0.33668217   0.32548836   0.31534658   0.30611203   0.29765552   0.28986214   0.28263006   0.27586936   0.26950096   0.26345559   0.25767287   0.25210039   0.24669296   0.24141184   0.23622407   0.23110185   0.22602200   0.22096544   0.21591674   0.21086369   0.20579698   0.20070980   0.19559761   0.19045783   0.18528961   0.18009365   0.17487193   0.16962761   0.16436486   0.15908866   0.15380475   0.14851945   0.14323957   0.13797233   0.13272523   0.12750599   0.12232245   0.11718251   0.11209406   0.10706489   0.10210266   0.09721483   0.09240862   0.08769094   0.08306837   0.07854711   0.07413296   0.06983126   0.06564692   0.06158435   0.05764745   0.05383964   0.05016380   0.04662232   0.04321704   0.03994933   0.03682001   0.03382944   0.03097751   0.02826362   0.02568676   0.02324548   0.02093797   0.01876202   0.01671509   0.01479434   0.01299664   0.01131860   0.00975661   0.00830686   0.00696537   0.00572804   0.00459063   0.00354884   0.00259829   0.00173459   0.00095330   0.00025003  -0.00037960  -0.00093992  -0.00143521  -0.00186963  -0.00224728  -0.00257213  -0.00284805  -0.00307878  -0.00326789  -0.00341886  -0.00353498  -0.00361942  -0.00367516  -0.00370507  -0.00371181  -0.00369793  -0.00366581  -0.00361766  -0.00355557  -0.00348145  -0.00339710 
  0.00000007   0.03240997   0.12861628   0.28555183   0.49812016   0.75923001   1.05986765   1.38923281   1.73497330   2.08355915   2.42083686   2.73278740   3.00647139   3.23107831   3.39891708   3.50613017   3.55292842   3.54325232   3.48393349   3.38357548   3.25142294   3.09643297   2.92665075   2.74888691   2.56863231   2.39012735   2.21651323   2.05001301   1.89211071   1.74371215   1.60528124   1.47695125   1.35861337   1.24998586   1.15066745   1.06017799   0.97798922   0.90354786   0.83629270   0.77566708   0.72112803   0.67215253   0.62824195   0.58892474   0.55375813   0.52232878   0.49425289   0.46917574   0.44677085   0.42673899   0.40880684   0.39272567   0.37826989   0.36523554   0.35343885   0.34271474   0.33291539   0.32390891   0.31557794   0.30781848   0.30053865   0.29365759   0.28710444   0.28081740   0.27474278   0.26883426   0.26305210   0.25736248   0.25173684   0.24615139   0.24058656   0.23502653   0.22945885   0.22387405   0.21826532   0.21262819   0.20696029   0.20126107   0.19553162   0.18977443   0.18399324   0.17819286   0.17237903   0.16655825   0.16073769   0.15492506   0.14912848   0.14335640   0.13761747   0.13192049   0.12627431   0.12068772   0.11516944   0.10972799   0.10437164   0.09910839   0.09394588   0.08889135   0.08395161   0.07913297   0.07444127   0.06988179   0.06545927   0.06117787   0.05704118   0.05305221   0.04921336   0.04552647   0.04199281   0.03861306   0.03538738   0.03231539   0.02939620   0.02662844   0.02401028   0.02153948   0.01921337   0.01702894   0.01498283   0.01307140   0.01129072   0.00963663   0.00810478   0.00669064   0.00538953   0.00419668   0.00310724   0.00211631   0.00121895   0.00041024  -0.00031473  -0.00096080  -0.00153278  -0.00203536  -0.00247315  -0.00285063  -0.00317217  -0.00344199  -0.00366414  -0.00384256  -0.00398098  -0.00408298  -0.00415199  -0.00419122  -0.00420374  -0.00419244  -0.00416003  -0.00410904  -0.00404184  -0.00396065  -0.00386750 
  0.00000007   0.02981613   0.11845741   0.26350138   0.46090855   0.70502623   0.98860859   1.30286965   1.63759318   1.98133082   2.32172570   2.64599762   2.94161148   3.19711456   3.40306826   3.55292842   3.64367776   3.67602625   3.65409238   3.58462989   3.47599750   3.33711605   3.17660936   3.00222374   2.82052597   2.63682172   2.45521874   2.27876803   2.10963410   1.94926466   1.79854385   1.65792299   1.52752796   1.40724512   1.29678894   1.19575438   1.10365716   1.01996433   0.94411734   0.87554924   0.81369737   0.75801252   0.70796547   0.66305146   0.62279305   0.58674179   0.55447907   0.52561609   0.49979356   0.47668078   0.45597461   0.43739821   0.42069960   0.40565023   0.39204343   0.37969294   0.36843136   0.35810879   0.34859133   0.33975981   0.33150849   0.32374390   0.31638368   0.30935557   0.30259646   0.29605149   0.28967321   0.28342089   0.27725981   0.27116066   0.26509899   0.25905466   0.25301145   0.24695661   0.24088051   0.23477627   0.22863953   0.22246809   0.21626173   0.21002195   0.20375176   0.19745552   0.19113876   0.18480797   0.17847053   0.17213450   0.16580851   0.15950169   0.15322345   0.14698347   0.14079155   0.13465753   0.12859116   0.12260210   0.11669977   0.11089329   0.10519146   0.09960265   0.09413477   0.08879522   0.08359086   0.07852797   0.07361222   0.06884863   0.06424161   0.05979489   0.05551156   0.05139403   0.04744408   0.04366285   0.04005085   0.03660799   0.03333359   0.03022643   0.02728476   0.02450632   0.02188841   0.01942790   0.01712125   0.01496459   0.01295373   0.01108418   0.00935124   0.00774997   0.00627530   0.00492199   0.00368472   0.00255808   0.00153665   0.00061497  -0.00021238  -0.00095080  -0.00160559  -0.00218200  -0.00268517  -0.00312009  -0.00349165  -0.00380455  -0.00406337  -0.00427249  -0.00443611  -0.00455827  -0.00464280  -0.00469334  -0.00471335  -0.00470607  -0.00467457  -0.00462172  -0.00455020  -0.00446252  -0.00436099 
  0.00000006   0.02731806   0.10863564   0.24203960   0.42433128   0.65101538   0.91629315   1.21307022   1.53299435   1.86654485   2.20320195   2.53172951   2.84060389   3.11860857   3.35558206   3.54325232   3.67602625   3.75155614   3.77091487   3.73829930   3.66031804   3.54504232   3.40104286   3.23659328   3.05912910   2.87496378   2.68920978   2.50583560   2.32779676   2.15719553   1.99544118   1.84339560   1.70149837   1.56986999   1.44839504   1.33678798   1.23464437   1.14148056   1.05676385   0.97993552   0.91042793   0.84767734   0.79113310   0.74026434   0.69456444   0.65355404   0.61678278   0.58383006   0.55430524   0.52784715   0.50412334   0.48282897   0.46368552   0.44643944   0.43086060   0.41674082   0.40389231   0.39214622   0.38135114   0.37137173   0.36208736   0.35339087   0.34518738   0.33739315   0.32993461   0.32274735   0.31577529   0.30896986   0.30228927   0.29569786   0.28916546   0.28266690   0.27618145   0.26969242   0.26318673   0.25665455   0.25008896   0.24348565   0.23684266   0.23016010   0.22343993   0.21668574   0.20990257   0.20309669   0.19627548   0.18944720   0.18262089   0.17580622   0.16901333   0.16225273   0.15553514   0.14887144   0.14227249   0.13574908   0.12931183   0.12297110   0.11673688   0.11061878   0.10462591   0.09876687   0.09304965   0.08748163   0.08206952   0.07681936   0.07173644   0.06682538   0.06209003   0.05753351   0.05315822   0.04896585   0.04495737   0.04113307   0.03749259   0.03403492   0.03075848   0.02766108   0.02474005   0.02199218   0.01941383   0.01700096   0.01474915   0.01265364   0.01070939   0.00891113   0.00725336   0.00573043   0.00433655   0.00306586   0.00191241   0.00087025  -0.00006658  -0.00090399  -0.00164784  -0.00230391  -0.00287785  -0.00337521  -0.00380138  -0.00416160  -0.00446092  -0.00470424  -0.00489622  -0.00504135  -0.00514392  -0.00520798  -0.00523740  -0.00523582  -0.00520667  -0.00515317  -0.00507832  -0.00498495  -0.00487565 
  0.00000006   0.02495062   0.09930000   0.22153661   0.38912811   0.59850399   0.84503632   1.12302478   1.42569549   1.74522743   2.07282615   2.39887025   2.71316088   3.00530398   3.26524335   3.48393349   3.65409238   3.77091487   3.83258477   3.84043147   3.79865574   3.71367405   3.59324324   3.44556965   3.27856910   3.09936144   2.91400279   2.72740865   2.54340467   2.36484797   2.19377646   2.03155992   1.87903809   1.73663994   1.60448270   1.48245211   1.37026613   1.26752501   1.17375001   1.08841325   1.01096037   0.94082763   0.87745459   0.82029344   0.76881565   0.72251653   0.68091829   0.64357179   0.61005741   0.57998518   0.55299441   0.52875289   0.50695582   0.48732455   0.46960519   0.45356711   0.43900146   0.42571967   0.41355192   0.40234575   0.39196465   0.38228675   0.37320357   0.36461887   0.35644756   0.34861469   0.34105452   0.33370966   0.32653033   0.31947359   0.31250275   0.30558671   0.29869952   0.29181979   0.28493033   0.27801771   0.27107189   0.26408593   0.25705561   0.24997923   0.24285730   0.23569229   0.22848845   0.22125157   0.21398878   0.20670838   0.19941966   0.19213270   0.18485828   0.17760766   0.17039249   0.16322463   0.15611608   0.14907881   0.14212466   0.13526528   0.12851196   0.12187562   0.11536669   0.10899502   0.10276989   0.09669988   0.09079288   0.08505603   0.07949568   0.07411742   0.06892599   0.06392535   0.05911864   0.05450820   0.05009558   0.04588157   0.04186621   0.03804881   0.03442804   0.03100188   0.02776773   0.02472243   0.02186229   0.01918314   0.01668040   0.01434908   0.01218388   0.01017919   0.00832916   0.00662774   0.00506871   0.00364573   0.00235241   0.00118227   0.00012886  -0.00081428  -0.00165353  -0.00239520  -0.00304548  -0.00361046  -0.00409606  -0.00450802  -0.00485193  -0.00513317  -0.00535689  -0.00552807  -0.00565143  -0.00573149  -0.00577251  -0.00577854  -0.00575340  -0.00570068  -0.00562371  -0.00552565  -0.00540939 
