# coconut-me2b/v0.99.21 
# 
# momentum space matrix elements 
# partial wave J=0, L=0/0, S=0, T=1, MT=0 
# 
# momentum grid [fm^-1]
0.000000 0.066667 0.133333 0.200000 0.266667 0.333333 0.400000 0.466667 0.533333 0.600000 0.666667 0.733333 0.800000 0.866667 0.933333 1.000000 1.066667 1.133333 1.200000 1.266667 1.333333 1.400000 1.466667 1.533333 1.600000 1.666667 1.733333 1.800000 1.866667 1.933333 2.000000 2.066667 2.133333 2.200000 2.266667 2.333333 2.400000 2.466667 2.533333 2.600000 2.666667 2.733333 2.800000 2.866667 2.933333 3.000000 3.066667 3.133333 3.200000 3.266667 3.333333 3.400000 3.466667 3.533333 3.600000 3.666667 3.733333 3.800000 3.866667 3.933333 4.000000 4.066667 4.133333 4.200000 4.266667 4.333333 4.400000 4.466667 4.533333 4.600000 4.666667 4.733333 4.800000 4.866667 4.933333 5.000000 5.066667 5.133333 5.200000 5.266667 5.333333 5.400000 5.466667 5.533333 5.600000 5.666667 5.733333 5.800000 5.866667 5.933333 6.000000 6.066667 6.133333 6.200000 6.266667 6.333333 6.400000 6.466667 6.533333 6.600000 6.666667 6.733333 6.800000 6.866667 6.933333 7.000000 7.066667 7.133333 7.200000 7.266667 7.333333 7.400000 7.466667 7.533333 7.600000 7.666667 7.733333 7.800000 7.866667 7.933333 8.000000 8.066667 8.133333 8.200000 8.266667 8.333333 8.400000 8.466667 8.533333 8.600000 8.666667 8.733333 8.800000 8.866667 8.933333 9.000000 9.066667 9.133333 9.200000 9.266667 9.333333 9.400000 9.466667 9.533333 9.600000 9.666667 9.733333 9.800000 9.866667 9.933333 10.000000 
#
# matrix elements [MeV fm^3] 
-48.35321502 -48.12305097 -47.44841125 -46.37346472 -44.96184445 -43.28555550 -41.41500312 -39.41222711 -37.32776307 -35.20038364 -33.05855987 -30.92261497 -28.80689188 -26.72159281 -24.67418431 -22.67039013 -20.71484794 -18.81151595 -16.96390581 -15.17520162 -13.44830852 -11.78586113 -10.19021146  -8.66340887  -7.20717955  -5.82290949  -4.51163317  -3.27402840  -2.11041733  -1.02077309  -0.00473121   0.93839479   1.80959473   2.61014047   3.34156294   4.00562786   4.60431090   5.13977255   5.61433305   6.03044793   6.39068410   6.69769692   6.95420829   7.16298591   7.32682387   7.44852449   7.53088164   7.57666532   7.58860779   7.56939096   7.52163526   7.44788973   7.35062348   7.23221838   7.09496290   6.94104712   6.77255880   6.59148039   6.39968705   6.19894550   5.99091359   5.77714077   5.55906898   5.33803432   5.11526916   4.89190468   4.66897386   4.44741477   4.22807418   4.01171135   3.79900203   3.59054258   3.38685419   3.18838719   2.99552525   2.80858975   2.62784394   2.45349713   2.28570878   2.12459241   1.97021949   1.82262313   1.68180160   1.54772175   1.42032224   1.29951661   1.18519614   1.07723261   0.97548083   0.87978105   0.78996116   0.70583875   0.62722304   0.55391658   0.48571694   0.42241812   0.36381189   0.30968905   0.25984047   0.21405810   0.17213587   0.13387043   0.09906184   0.06751420   0.03903617   0.01344138  -0.00945117  -0.02981677  -0.04782477  -0.06363839  -0.07741452  -0.08930365  -0.09944977  -0.10799037  -0.11505642  -0.12077238  -0.12525632  -0.12861992  -0.13096867  -0.13240190  -0.13301296  -0.13288941  -0.13211312  -0.13076048  -0.12890259  -0.12660545  -0.12393014  -0.12093306  -0.11766609  -0.11417683  -0.11050881  -0.10670165  -0.10279135  -0.09881041  -0.09478808  -0.09075053  -0.08672106  -0.08272031  -0.07876638  -0.07487506  -0.07105997  -0.06733278  -0.06370327  -0.06017957  -0.05676826  -0.05347454  -0.05030231  -0.04725433  -0.04433234  -0.04153715  -0.03886874 
-48.12305097 -47.89728427 -47.23503608 -46.17836466 -44.78819188 -43.13397258 -41.28422580 -39.29991667 -37.23120022 -35.11693333 -32.98591363 -30.85887172 -28.75054409 -26.67146938 -24.62938176 -22.63020827 -20.67873650 -18.77903323 -16.93468806 -15.14894107 -13.42473806 -11.76474372 -10.17133299  -8.64657341  -7.19220618  -5.80963024  -4.49989163  -3.26367881  -2.10132394  -1.01280964   0.00221939   0.94444090   1.81483622   2.61466914   3.34546282   4.00897560   4.60717615   5.14221831   5.61641612   6.03221926   6.39218924   6.69897636   6.95529788   7.16391725   7.32762466   7.44921889   7.53149059   7.57720688   7.58909742   7.56984182   7.52205844   7.44829451   7.35101756   7.23260805   7.09535326   6.94144222   6.77296179   6.59189365   6.40011233   6.19938397   5.99136600   5.77760747   5.55955003   5.33852952   5.11577809   4.89242677   4.66950841   4.44796099   4.22863119   4.01227822   3.79957777   3.59112619   3.38744465   3.18898344   2.99612626   2.80919445   2.62845129   2.45410608   2.28631829   2.12520145   1.97082705   1.82322820   1.68240319   1.54831890   1.42091401   1.30010207   1.18577440   1.07780281   0.97604215   0.88033269   0.79050237   0.70636882   0.62774129   0.55442240   0.48620976   0.42289741   0.36427719   0.31013995   0.26027660   0.21447917   0.17254162   0.13426066   0.09943643   0.06787307   0.03937927   0.01376874  -0.00913948  -0.02952063  -0.04754402  -0.06337282  -0.07716388  -0.08906765  -0.09922810  -0.10778267  -0.11486231  -0.12059146  -0.12508815  -0.12846408  -0.13082467  -0.13226928  -0.13289124  -0.13277809  -0.13201170  -0.13066847  -0.12881949  -0.12653076  -0.12386338  -0.12087375  -0.11761375  -0.11413101  -0.11046904  -0.10666751  -0.10276241  -0.09878626  -0.09476833  -0.09073481  -0.08670901  -0.08271158  -0.07876066  -0.07487203  -0.07105936  -0.06733430  -0.06370668  -0.06018463  -0.05677475  -0.05348225  -0.05031106  -0.04726395  -0.04434267  -0.04154804  -0.03888006 
-47.44841125 -47.23503608 -46.60780646 -45.60305810 -44.27426270 -42.68372492 -40.89452384 -38.96438705 -36.94219196 -34.86688547 -32.76810759 -30.66771472 -28.58156488 -26.52117350 -24.49506173 -22.50976008 -20.57050420 -18.68168700 -16.84713308 -15.07025178 -13.35411185 -11.70146902 -10.11476762  -8.59613008  -7.14734285  -5.76984381  -4.46471371  -3.23267295  -2.07408361  -0.98895683   0.02303542   0.96254462   1.83052687   2.62822173   3.35712918   4.01898546   4.61573826   5.14952159   5.62263087   6.03749833   6.39666921   6.70277878   6.95853037   7.16667466   7.32999017   7.45126506   7.53328035   7.57879449   7.59052939   7.57115769   7.52329161   7.44947292   7.35216438   7.23374226   7.09649021   6.94259412   6.77413814   6.59310167   6.40135727   6.20066946   5.99269428   5.77897964   5.56096625   5.33998919   5.11728000   4.89396921   4.67108928   4.44957788   4.23028146   4.01395904   3.80128621   3.59285919   3.38919911   3.19075621   2.99791415   2.81099429   2.63025989   2.45592027   2.28813491   2.12701740   1.97263923   1.82503358   1.68419877   1.55010176   1.42268128   1.30185097   1.18750222   1.07950694   0.97772007   0.88198201   0.79212080   0.70795420   0.62929160   0.55593576   0.48768443   0.42433182   0.36566991   0.31148972   0.26158233   0.21573992   0.17375665   0.13542937   0.10055838   0.06894800   0.04040709   0.01474949  -0.00820559  -0.02863326  -0.04670268  -0.06257690  -0.07641265  -0.08836026  -0.09856359  -0.10716001  -0.11428035  -0.12004900  -0.12458392  -0.12799673  -0.13039283  -0.13187153  -0.13252613  -0.13244414  -0.13170744  -0.13039240  -0.12857013  -0.12630664  -0.12366303  -0.12069571  -0.11745663  -0.11399341  -0.11034962  -0.10656496  -0.10267546  -0.09871368  -0.09470895  -0.09068751  -0.08667272  -0.08268527  -0.07874336  -0.07486283  -0.07105740  -0.06733876  -0.06371680  -0.06019970  -0.05679412  -0.05350531  -0.05033723  -0.04729272  -0.04437356  -0.04158062  -0.03891395 
-46.37346472 -46.17836466 -45.60305810 -44.67607718 -43.44047151 -41.94815563 -40.25387766 -38.41000696 -36.46292751 -34.45125412 -32.40560274 -30.34939494 -28.30016072 -26.27093211 -24.27148600 -22.30933484 -20.39045393 -18.51978026 -16.70153357 -14.93940918 -13.23668424 -11.59626890 -10.02072503  -8.51226776  -7.07275972  -5.70370402  -4.40623942  -3.18113942  -2.02881585  -0.94932708   0.05760968   0.99260245   1.85656554   2.65069839   3.37646256   4.03555769   4.62989671   5.16158078   5.63287437   6.04618079   6.40401830   6.70899713   6.96379752   7.17114892   7.33381042   7.45455253   7.53614025   7.58131760   7.59279351   7.57322909   7.52522625   7.45131770   7.35395818   7.23551701   7.09827174   6.94440300   6.77599044   6.59500958   6.40332972   6.20271259   5.99481195   5.78117376   5.56323717   5.34233595   5.11970059   4.89646079   4.67364833   4.45220036   4.23296293   4.01669476   3.80407119   3.59568829   3.39206706   3.19365766   3.00084373   2.81394658   2.63322949   2.45890180   2.29112301   2.13000676   1.97562462   1.82800982   1.68716079   1.55304456   1.42560000   1.30474086   1.19035868   1.08232553   0.98049652   0.88471222   0.79480089   0.71058050   0.63186066   0.55844438   0.49012965   0.42671094   0.36798050   0.31372961   0.26374964   0.21783307   0.17577430   0.13737049   0.10242222   0.07073408   0.04211519   0.01637965  -0.00665306  -0.02715782  -0.04530356  -0.06125311  -0.07516299  -0.08718334  -0.09745786  -0.10612374  -0.11331169  -0.11914594  -0.12374436  -0.12721847  -0.12967360  -0.13120896  -0.13191783  -0.13188768  -0.13120035  -0.12993221  -0.12815438  -0.12593287  -0.12332881  -0.12039866  -0.11719438  -0.11376367  -0.11015015  -0.10639358  -0.10253007  -0.09859225  -0.09460952  -0.09060821  -0.08661177  -0.08264097  -0.07871409  -0.07484707  -0.07105370  -0.06734579  -0.06373328  -0.06022446  -0.05682606  -0.05354340  -0.05038054  -0.04734038  -0.04442479  -0.04163469  -0.03897019 
-44.96184445 -44.78819188 -44.27426270 -43.44047151 -42.31863602 -40.94887363 -39.37578307 -37.64453174 -35.79751460 -33.87206603 -31.89937500 -29.90444002 -27.90672240 -25.92113512 -23.95908562 -22.02940294 -20.13907763 -18.29380649 -16.49836789 -14.75686500 -13.07287366 -11.44952573  -9.88955164  -8.39529898  -6.96873863  -5.61146586  -4.32470087  -3.10929143  -1.96571868  -0.89410662   0.10576476   1.03444319   1.89278504   2.68193412   3.40329874   4.05852774   4.64948576   5.17822832   5.64697695   6.05809467   6.41406219   6.71745491   6.97092088   7.17715993   7.33890409   7.45889916   7.53988779   7.58459382   7.59570805   7.57587538   7.52768333   7.45365185   7.35622448   7.23776070   7.10052951   6.94670415   6.77835787   6.59746075   6.40587744   6.20536577   5.99757618   5.78405192   5.56622986   5.34544192   5.12291709   4.89978383   4.67707297   4.45572090   4.23657306   4.02038772   3.80783987   3.59952534   3.39596494   3.19760871   3.00484022   2.81798074   2.63729353   2.46298798   2.29522363   2.13411416   1.97973125   1.83210822   1.69124363   1.55710466   1.42963034   1.30873460   1.19430918   1.08622638   0.98434156   0.88849556   0.79851691   0.71422389   0.63542645   0.56192793   0.49352668   0.43001752   0.37119311   0.31684510   0.26676528   0.22074648   0.17858355   0.14007403   0.10501889   0.07322310   0.04449619   0.01865262  -0.00448779  -0.02509956  -0.04335130  -0.05940551  -0.07341846  -0.08553999  -0.09591356  -0.10467614  -0.11195821  -0.11788386  -0.12257076  -0.12613031  -0.12866771  -0.13028210  -0.13106668  -0.13110885  -0.13049042  -0.12928777  -0.12757198  -0.12540911  -0.12286031  -0.11998209  -0.11682646  -0.11344120  -0.10987001  -0.10615273  -0.10232557  -0.09842127  -0.09446934  -0.09049622  -0.08652547  -0.08257799  -0.07867218  -0.07482410  -0.07104766  -0.06735479  -0.06375555  -0.06025835  -0.05687003  -0.05359604  -0.05044053  -0.04740651  -0.04449593  -0.04170985  -0.03904844 
-43.28555550 -43.13397258 -42.68372492 -41.94815563 -40.94887363 -39.71458863 -38.27924926 -36.67960567 -34.95256679 -33.13283765 -31.25123348 -29.33383578 -27.40191143 -25.47236491 -23.55846062 -21.67060265 -19.81703939 -18.00443335 -16.23828630 -14.52323636 -12.86325431 -11.26176623  -9.72172612  -8.24565658  -6.83567055  -5.49348333  -4.22042047  -3.01742511  -1.88506699  -0.82355377   0.16725478   1.08782981   1.93895416   2.72170101   3.43741106   4.08766859   4.67427688   5.19923337   5.66470486   6.07300309   6.42656087   6.72790911   6.97965472   7.18445972   7.34502142   7.46405406   7.54427157   7.58837190   7.59902255   7.57884760   7.53041602   7.45623134   7.35872261   7.24023661   7.10303128   6.94927025   6.78101848   6.60023897   6.40879029   6.20842516   6.00078972   5.78742360   5.56976068   5.34913043   5.12675982   4.90377569   4.68120757   4.45999080   4.24097002   4.02490286   3.81246384   3.60424842   3.40077715   3.20249991   3.00980013   2.82299903   2.64235986   2.46809201   2.30035509   2.13926286   1.98488710   1.83726127   1.69638411   1.56222297   1.43471709   1.31378067   1.19930572   1.09116482   0.98921367   0.89329345   0.80323309   0.71885128   0.63995837   0.56635816   0.49784947   0.43422763   0.37528576   0.32081605   0.27061078   0.22446333   0.18216906   0.14352604   0.10833575   0.07640368   0.04753983   0.02155918  -0.00171800  -0.02246578  -0.04085235  -0.05703981  -0.07118403  -0.08343452  -0.09393440  -0.10282034  -0.11022257  -0.11626492  -0.12106487  -0.12473362  -0.12737623  -0.12909171  -0.12997314  -0.13010788  -0.12957769  -0.12845890  -0.12682262  -0.12473490  -0.12225694  -0.11944531  -0.11635210  -0.11302516  -0.10950829  -0.10584147  -0.10206100  -0.09819978  -0.09428744  -0.09035056  -0.08641286  -0.08249540  -0.07861671  -0.07479302  -0.07103840  -0.06736492  -0.06378281  -0.06030062  -0.05692533  -0.05366254  -0.05051655  -0.04749048  -0.04458644  -0.04180558  -0.03914821 
-41.41500312 -41.28422580 -40.89452384 -40.25387766 -39.37578307 -38.27924926 -36.98834073 -35.53108720 -33.93781169 -32.23916347 -30.46426207 -28.63930485 -26.78680929 -24.92545970 -23.07039426 -21.23373013 -19.42515608 -17.65248205 -15.92209245 -14.23929059 -12.60854434 -11.03365252  -9.51785271  -8.06388865  -6.67405168  -5.35020644  -4.09380831  -2.90591713  -1.78721029  -0.73799661   0.24176785   1.15246209   1.99478046   2.76971118   3.47851356   4.12269415   4.70398228   5.22430535   5.68576407   6.09060816   6.44121251   6.74005413   6.98969008   7.19273641   7.35184833   7.46970159   7.54897523   7.59233558   7.60242172   7.58183227   7.53311348   7.45874874   7.36114932   7.24264639   7.10548425   6.95181465   6.78369234   6.60307146   6.41180309   6.21163354   6.00420355   5.79104823   5.57359769   5.35317828   5.13101440   4.90823083   4.68585538   4.46482208   4.24597447   4.03006937   3.81778064   3.60970325   3.40635740   3.20819271   3.01559244   2.82887772   2.64831175   2.47410393   2.30641393   2.14535561   1.99100089   1.84338340   1.70250206   1.56832450   1.44079022   1.31981372   1.20528737   1.09708412   0.99506010   0.89905694   0.80890404   0.72442059   0.64541751   0.57169916   0.50306494   0.43931078   0.38023045   0.32561676   0.27526265   0.22896216   0.18651129   0.14770877   0.11235671   0.08026126   0.05123303   0.02508759   0.00164581  -0.01926583  -0.03781500  -0.05416327  -0.06846606  -0.08087244  -0.09152512  -0.10056039  -0.10810816  -0.11429194  -0.11922896  -0.12303020  -0.12580050  -0.12763872  -0.12863784  -0.12888509  -0.12846218  -0.12744540  -0.12590586  -0.12390963  -0.12151795  -0.11878745  -0.11577030  -0.11251447  -0.10906388  -0.10545862  -0.10173516  -0.09792654  -0.09406256  -0.09016999  -0.08627271  -0.08239197  -0.07854649  -0.07475269  -0.07102481  -0.06737512  -0.06381403  -0.06035028  -0.05699102  -0.05374203  -0.05060776  -0.04759153  -0.04469557  -0.04192120  -0.03926887 
-39.41222711 -39.29991667 -38.96438705 -38.41000696 -37.64453174 -36.67960567 -35.53108720 -34.21893680 -32.76651098 -31.19929959 -29.54334446 -27.82368593 -26.06314857 -24.28163123 -22.49589723 -20.71974274 -18.96438161 -17.23890510 -15.55072135 -13.90592615 -12.30959048 -10.76597024  -9.27865213  -7.85065176  -6.48447825  -5.18217693  -3.94535862  -2.77522151  -1.67256957  -0.63782994   0.32892925   1.22797994   2.05991378   2.82562048   3.52626491   4.16326338   4.73825930   5.25309854   5.70980490   6.11055577   6.45765841   6.75352684   7.00065974   7.20161934   7.35901140   7.47546650   7.55362255   7.59610867   7.60553039   7.58445622   7.53540554   7.46083785   7.36314329   7.24463445   7.10753933   6.95399552   6.78604546   6.60563272   6.41459929   6.21468373   6.00752024   5.79463840   5.57746371   5.35731867   5.13542451   4.91290340   4.69078106   4.46998978   4.25137176   4.03568273   3.82359570   3.61570502   3.41253039   3.21452107   3.02206008   2.83546841   2.65500918   2.48089179   2.31327597   2.15227569   1.99796301   1.85037179   1.70950120   1.57531915   1.44776550   1.32675513   1.21218084   1.10391605   1.00181739   0.90572706   0.81547504   0.73088117   0.65175702   0.57790763   0.50913314   0.44523022   0.38599339   0.33121626   0.28069254   0.23421707   0.19158663   0.15260075   0.11706234   0.08477828   0.05555995   0.02922365   0.00559094  -0.01551102  -0.03424924  -0.05078471  -0.06527227  -0.07786045  -0.08869147  -0.09790119  -0.10561909  -0.11196833  -0.11706580  -0.12102221  -0.12394218  -0.12592434  -0.12706152  -0.12744085  -0.12714393  -0.12624703  -0.12482122  -0.12293259  -0.12064244  -0.11800745  -0.11507990  -0.11190786  -0.10853540  -0.10500275  -0.10134657  -0.09760006  -0.09379322  -0.08995301  -0.08610354  -0.08226625  -0.07846009  -0.07470170  -0.07100553  -0.06738408  -0.06384797  -0.06040614  -0.05706597  -0.05383343  -0.05071317  -0.04770870  -0.04482245  -0.04205589  -0.03940966 
-37.32776307 -37.23120022 -36.94219196 -36.46292751 -35.79751460 -34.95256679 -33.93781169 -32.76651098 -31.45548008 -30.02457657 -28.49568390 -26.89138693 -25.23363368 -23.54265560 -21.83630067 -20.12978977 -18.43580361 -16.76476781 -15.12521637 -13.52415067 -11.96734930 -10.45961347  -9.00494999  -7.60670194  -6.26763956  -4.99002282  -3.77564519  -2.62586557  -1.54163361  -0.52351153   0.42830522   1.31396735   2.13395047   2.88903300   3.58027316   4.20898527   4.77671551   5.28521745   5.73642762   6.13244131   6.47548882   6.76791245   7.01214430   7.21068509   7.36608401   7.48091986   7.55778339   7.59926091   7.60791931   7.58629237   7.53686840   7.46207923   7.36429050   7.24579316   7.10879621   6.95542068   6.78769459   6.60754905   6.41681533   6.21722284   6.01039797   5.79786370   5.58103997   5.36124466   5.13969515   4.91751041   4.69571356   4.47523477   4.25691453   4.04150719   3.82968471   3.62204058   3.41909385   3.22129333   3.02902169   2.84259971   2.66229039   2.48830312   2.32079765   2.15988808   2.00564666   1.85810749   1.71727005   1.58310260   1.45554540   1.33451382   1.21990117   1.11158144   1.00941189   0.91323538   0.82288261   0.73817417   0.65892243   0.58493326   0.51600766   0.45194319   0.39253529   0.33757847   0.28686740   0.24019786   0.19736756   0.15817697   0.12242992   0.08993420   0.06050209   0.03395074   0.01010253  -0.01121456  -0.03016680  -0.04691446  -0.06161169  -0.07440640  -0.08544024  -0.09484851  -0.10276022  -0.10929810  -0.11457866  -0.11871225  -0.12180321  -0.12394996  -0.12524510  -0.12577563  -0.12562304  -0.12486353  -0.12356814  -0.12180298  -0.11962938  -0.11710410  -0.11427952  -0.11120384  -0.10792126  -0.10447221  -0.10089351  -0.09721858  -0.09347763  -0.08969785  -0.08590359  -0.08211651  -0.07835583  -0.07463841  -0.07097898  -0.06739027  -0.06388314  -0.06046680  -0.05714884  -0.05393547  -0.05083158  -0.04784088  -0.04496602  -0.04220868  -0.03956968 
-35.20038364 -35.11693333 -34.86688547 -34.45125412 -33.87206603 -33.13283765 -32.23916347 -31.19929959 -30.02457657 -28.72946529 -27.33118108 -25.84884053 -24.30233151 -22.71114627 -21.09341579 -19.46528733 -17.84066494 -16.23124108 -14.64670970 -13.09505830 -11.58286603 -10.11556688  -8.69766236  -7.33288347  -6.02430920  -4.77445145  -3.58531565  -2.45844502  -1.39495439  -0.39555774   0.53940738   1.40995700   2.21643815   2.95950611   3.64010108   4.25942445   4.81891468   5.32022294   5.76518881   6.15581619   6.49424963   6.78275135   7.02367900   7.21946437   7.37259321   7.48558608   7.56098060   7.60131481   7.60911190   7.58686630   7.53703107   7.46200655   7.36413041   7.24566886   7.10880918   6.95565328   6.78821260   6.60840381   6.41804573   6.21885709   6.01245513   5.80035509   5.58397032   5.36461318   5.14349645   4.92173526   4.70034957   4.48026693   4.26232574   4.04727865   3.83579623   3.62847091   3.42582092   3.22829444   3.03627370   2.85007917   2.66997368   2.49616654   2.32881755   2.16804095   2.01390917   1.86645660   1.72568307   1.59155727   1.46401997   1.34298708   1.22835252   1.11999099   1.01776047   0.92150462   0.83105499   0.74623306   0.66685214   0.59271910   0.52363594   0.45940126   0.39981159   0.34466250   0.29374977   0.24687026   0.20382282   0.16440897   0.12843365   0.09570569   0.06603840   0.03924994   0.01516366  -0.00639154  -0.02558105  -0.04256430  -0.05749464  -0.07051928  -0.08177915  -0.09140895  -0.09953712  -0.10628588  -0.11177128  -0.11610328  -0.11938589  -0.12171721  -0.12318965  -0.12388999  -0.12389961  -0.12329461  -0.12214600  -0.12051987  -0.11847760  -0.11607602  -0.11336761  -0.11040070  -0.10721967  -0.10386510  -0.10037404  -0.09678013  -0.09311381  -0.08940252  -0.08567086  -0.08194079  -0.07823177  -0.07456095  -0.07094334  -0.06739193  -0.06391788  -0.06053064  -0.05723810  -0.05404672  -0.05096162  -0.04798679  -0.04512509  -0.04237843  -0.03974787 
-33.05855987 -32.98591363 -32.76810759 -32.40560274 -31.89937500 -31.25123348 -30.46426207 -29.54334446 -28.49568390 -27.33118108 -26.06251838 -24.70484587 -23.27507261 -21.79089423 -20.26976936 -18.72805422 -17.18042554 -15.63961695 -14.11641317 -12.61981015 -11.15725277  -9.73488551  -8.35777873  -7.03011508  -5.75533414  -4.53624071  -3.37508431  -2.27361782  -1.23314161  -0.25453836   0.66169782   1.51543542   2.30688114   3.03655610   3.70527203   4.31410738   4.86438323   5.35763899   5.79560831   6.18019504   6.51344972   6.79754657   7.03476130   7.22744970   7.37802738   7.48895047   7.56269763   7.60175319   7.60859169   7.58566364   7.53538259   7.46011358   7.36216281   7.24376860   7.10709359   6.95421808   6.78713455   6.60774322   6.41784862   6.21915715   6.01327549   5.80170983   5.58586587   5.36704946   5.14646792   4.92523181   4.70435728   4.48476877   4.26730208   4.05270775   3.84165468   3.63473395   3.43246274   3.23528840   3.04359260   2.85769538   2.67785933   2.50429364   2.33715815   2.17656718   2.02259342   1.87527158   1.73460190   1.60055357   1.47306793   1.35206154   1.23742907   1.12904601   1.02677122   0.93044929   0.83991276   0.75498418   0.67547793   0.60120204   0.53195970   0.46755071   0.40777283   0.35242291   0.30129798   0.25419619   0.21091763   0.17126511   0.13504478   0.10206672   0.07214540   0.04510014   0.02075541  -0.00105884  -0.02050696  -0.03774744  -0.05293272  -0.06620915  -0.07771690  -0.08758994  -0.09595606  -0.10293687  -0.10864791  -0.11319869  -0.11669278  -0.11922798  -0.12089640  -0.12178461  -0.12197382  -0.12154001  -0.12055414  -0.11908228  -0.11718584  -0.11492170  -0.11234245  -0.10949657  -0.10642860  -0.10317931  -0.09978598  -0.09628247  -0.09269949  -0.08906475  -0.08540313  -0.08173688  -0.07808575  -0.07446721  -0.07089656  -0.06738710  -0.06395028  -0.06059587  -0.05733204  -0.05416552  -0.05110176  -0.04814496  -0.04529829  -0.04256389  -0.03994307 
-30.92261497 -30.85887172 -30.66771472 -30.34939494 -29.90444002 -29.33383578 -28.63930485 -27.82368593 -26.89138693 -25.84884053 -24.70484587 -23.47066279 -22.15976180 -20.78722475 -19.36890331 -17.92051767 -16.45687977 -14.99136054 -13.53562960 -12.09962416 -10.69166941  -9.31867399  -7.98634286  -6.69937370  -5.46162143  -4.27622837  -3.14572346  -2.07209687  -1.05685632  -0.10107067   0.79459485   1.62984874   2.40474630   3.11966429   3.77527643   4.37252913   4.91261725   5.39695999   5.82717679   6.20506349   6.53256891   6.81177189   7.04485911   7.23410366   7.38184460   7.49046762   7.56238675   7.60002738   7.60581046   7.58213799   7.53137986   7.45586190   7.35785532   7.23956732   7.10313296   6.95060826   6.78396434   6.60508279   6.41575192   6.21766407   6.01241380   5.80149690   5.58631017   5.36815191   5.14822303   4.92762871   4.70738058   4.48839932   4.27151761   4.05748346   3.84696368   3.64054767   3.43875131   3.24202094   3.05073744   2.86522032   2.68573183   2.51248100   2.34562762   2.18528615   2.03152954   1.88439283   1.74387675   1.60995106   1.48255778   1.36161424   1.24701595   1.13863934   1.03634428   0.93997645   0.84936956   0.76434734   0.68472548   0.61031330   0.54091536   0.47633288   0.41636501   0.36081006   0.30946650   0.26213394   0.21861392   0.17871068   0.14223180   0.10898872   0.07879730   0.05147813   0.02685698   0.00476500  -0.01496101  -0.03247843  -0.04793869  -0.06148716  -0.07326312  -0.08339972  -0.09202399  -0.09925688  -0.10521330  -0.11000223  -0.11372679  -0.11648437  -0.11836676  -0.11946027  -0.11984589  -0.11959947  -0.11879188  -0.11748915  -0.11575270  -0.11363948  -0.11120218  -0.10848940  -0.10554586  -0.10241254  -0.09912694  -0.09572317  -0.09223222  -0.08868208  -0.08509794  -0.08150235  -0.07791540  -0.07435487  -0.07083638  -0.06737359  -0.06397826  -0.06066047  -0.05742873  -0.05429008  -0.05125026  -0.04831379  -0.04548411  -0.04276365  -0.04015395 
-28.80689188 -28.75054409 -28.58156488 -28.30016072 -27.90672240 -27.40191143 -26.78680929 -26.06314857 -25.23363368 -24.30233151 -23.27507261 -22.15976180 -20.96647920 -19.70728185 -18.39569486 -17.04597981 -15.67233813 -14.28821271 -12.90579717 -11.53578333 -10.18731297  -8.86806812  -7.58443301  -6.34167630  -5.14412273  -3.99529931  -2.89805287  -1.85464126  -0.86680328   0.06418736   0.93747941   1.75260900   2.50946939   3.20828357   3.84957853   4.43416039   4.96308993   5.43765844   5.85936372   6.22988636   6.55106637   6.82488041   7.05341949   7.23886766   7.38348140   7.48957015   7.55947792   7.59556596   7.60019680   7.57571948   7.52445598   7.44868908   7.35065140   7.23251572   7.09638652   6.94429275   6.77818171   6.59991406   6.41125984   6.21389549   6.00940179   5.79926265   5.58486464   5.36749734   5.14835421   4.92853413   4.70904342   4.49079831   4.27462776   4.06127671   3.85140945   3.64561334   3.44440264   3.24822240   3.05745254   2.87241188   2.69336222   2.52051232   2.35402192   2.19400559   2.04053653   1.89365019   1.75334784   1.61959989   1.49234913   1.37151378   1.25699034   1.14865631   1.04637273   0.94998653   0.85933274   0.77423651   0.69451497   0.61997896   0.55043459   0.48568466   0.42552996   0.36977043   0.31820620   0.27063851   0.22687055   0.18670819   0.14996059   0.11644078   0.08596614   0.05835875   0.03344580   0.01105980  -0.00896113  -0.02677314  -0.04252649  -0.05636547  -0.06842833  -0.07884730  -0.08774855  -0.09525225  -0.10147264  -0.10651807  -0.11049114  -0.11348876  -0.11560234  -0.11691788  -0.11751613  -0.11747276  -0.11685852  -0.11573938  -0.11417675  -0.11222762  -0.10994479  -0.10737698  -0.10456908  -0.10156230  -0.09839433  -0.09509958  -0.09170931  -0.08825181  -0.08475259  -0.08123455  -0.07771810  -0.07422137  -0.07076034  -0.06734901  -0.06399950  -0.06072224  -0.05752608  -0.05441840  -0.05140526  -0.04849151  -0.04568088  -0.04297613  -0.04037907 
-26.72159281 -26.67146938 -26.52117350 -26.27093211 -25.92113512 -25.47236491 -24.92545970 -24.28163123 -23.54265560 -22.71114627 -21.79089423 -20.78722475 -19.70728185 -18.56013423 -17.35661886 -16.10890714 -14.82986616 -13.53235192 -12.22858003 -10.92967415  -9.64542367  -8.38422411  -7.15314423  -5.95806104  -4.80381696  -3.69437060  -2.63292734  -1.62204587  -0.66372218   0.24054490   1.08970225   1.88310099   2.62046194   3.30184536   3.92762353   4.49845490   5.01525915   5.47919288   5.89162561   6.25411615   6.56838937   6.83631343   7.05987765   7.24117110   7.38236197   7.48567800   7.55338789   7.58778382   7.59116520   7.56582360   7.51402901   7.43801723   7.33997868   7.22204836   7.08629709   6.93472392   6.76924971   6.59171181   6.40385983   6.20735234   6.00375457   5.79453693   5.58107437   5.36464644   5.14643803   4.92754071   4.70895459   4.49159066   4.27627351   4.06374439   3.85466460   3.64961902   3.44911991   3.25361077   3.06347032   2.87901650   2.70051051   2.52816076   2.36212688   2.20252352   2.04942416   1.90286469   1.76284697   1.62934216   1.50229394   1.38162153   1.26722254   1.15897573   1.05674346   0.96037410   0.86970420   0.78456048   0.70476174   0.63012053   0.56044473   0.49553895   0.43520579   0.37924705   0.32746471   0.27966187   0.23564358   0.19521752   0.15819466   0.12438978   0.09362197   0.06571498   0.04049759   0.01780386  -0.00252664  -0.02064866  -0.03671116  -0.05085720  -0.06322391  -0.07394244  -0.08313802  -0.09092994  -0.09743165  -0.10275080  -0.10698937  -0.11024376  -0.11260493  -0.11415850  -0.11498494  -0.11515970  -0.11475336  -0.11383182  -0.11245645  -0.11068428  -0.10856817  -0.10615698  -0.10349575  -0.10062591  -0.09758539  -0.09440886  -0.09112788  -0.08777105  -0.08436422  -0.08093063  -0.07749105  -0.07406397  -0.07066577  -0.06731078  -0.06401153  -0.06077880  -0.05762181  -0.05454830  -0.05156469  -0.04867617  -0.04588680  -0.04319964  -0.04061685 
-24.67418431 -24.62938176 -24.49506173 -24.27148600 -23.95908562 -23.55846062 -23.07039426 -22.49589723 -21.83630067 -21.09341579 -20.26976936 -19.36890331 -18.39569486 -17.35661886 -16.25985658 -15.11517346 -13.93354761 -12.72660967 -11.50601336 -10.28286707  -9.06731828  -7.86832272  -6.69357752  -5.54957031  -4.44169236  -3.37437491  -2.35122232  -1.37512921  -0.44837727   0.42728721   1.25059197   2.02068979   2.73711843   3.39976677   4.00884492   4.56485700   5.06857539   5.52101604   5.92341439   6.27720173   6.58398209   6.84550956   7.06366620   7.24044067   7.37790756   7.47820776   7.54352967   7.57609160   7.57812525   7.55186044   7.49951097   7.42326183   7.32525760   7.20759211   7.07229934   6.92134552   6.75662237   6.57994145   6.39302965   6.19752561   5.99497710   5.78683936   5.57447412   5.35914954   5.14204068   4.92423070   4.70671253   4.49039105   4.27608570   4.06453342   3.85639192   3.65224314   3.45259693   3.25789490   3.06851429   2.88477194   2.70692829   2.53519131   2.36972043   2.21063037   2.05799485   1.91185027   1.77219915   1.63901347   1.51223792   1.39179285   1.27757715   1.16947097   1.06733821   0.97102884   0.88038113   0.79522360   0.71537691   0.64065557   0.57086941   0.50582509   0.44532726   0.38917979   0.33718674   0.28915330   0.24488656   0.20419625   0.16689534   0.13280059   0.10173297   0.07351810   0.04798655   0.02497407   0.00432188  -0.01412324  -0.03050879  -0.04497645  -0.05766208  -0.06869567  -0.07820135  -0.08629743  -0.09309648  -0.09870537  -0.10322537  -0.10675228  -0.10937654  -0.11118336  -0.11225284  -0.11266017  -0.11247574  -0.11176532  -0.11059024  -0.10900753  -0.10707010  -0.10482692  -0.10232321  -0.09960057  -0.09669719  -0.09364801  -0.09048487  -0.08723672  -0.08392975  -0.08058753  -0.07723124  -0.07387974  -0.07054979  -0.06725613  -0.06401167  -0.06082758  -0.05771347  -0.05467747  -0.05172636  -0.04886569  -0.04609989  -0.04343235  -0.04086556 
-22.67039013 -22.63020827 -22.50976008 -22.30933484 -22.02940294 -21.67060265 -21.23373013 -20.71974274 -20.12978977 -19.46528733 -18.72805422 -17.92051767 -17.04597981 -16.10890714 -15.11517346 -14.07216988 -12.98871006 -11.87471084 -10.74069872  -9.59724723  -8.45446207  -7.32159855  -6.20684264  -5.11723983  -4.05873012  -3.03624336  -2.05381806  -1.11471957  -0.22154554   0.62368580   1.41946400   2.16472892   2.85882408   3.50145818   4.09267205   4.63280933   5.12248960   5.56258299   5.95418582   6.29859694   6.59729457   6.85191378   7.06422442   7.23610978   7.36954599   7.46658226   7.52932201   7.55990510   7.56049115   7.53324392   7.48031702   7.40384077   7.30591025   7.18857471   7.05382809   6.90360076   6.73975252   6.56406657   6.37824469   6.18390339   5.98257099   5.77568570   5.56459441   5.35055236   5.13472346   4.91818123   4.70191034   4.48680862   4.27368952   4.06328495   3.85624837   3.65315825   3.45452158   3.26077769   3.07230202   2.88941009   2.71236138   2.54136327   2.37657491   2.21811103   2.06604564   1.92041563   1.78122426   1.64844445   1.52202196   1.40187845   1.28791425   1.18001107   1.07803451   0.98183639   0.89125687   0.80612652   0.72626810   0.65149825   0.58162906   0.51646941   0.45582628   0.39950584   0.34731446   0.29905964   0.25455076   0.21359981   0.17602199   0.14163623   0.11026563   0.08173784   0.05588541   0.03254600   0.01156261  -0.00721625  -0.02393645  -0.03873818  -0.05175587  -0.06311819  -0.07294809  -0.08136277  -0.08847380  -0.09438717  -0.09920336  -0.10301750  -0.10591941  -0.10799383  -0.10932044  -0.10997413  -0.11002503  -0.10953876  -0.10857655  -0.10719541  -0.10544829  -0.10338426  -0.10104868  -0.09848333  -0.09572666  -0.09281385  -0.08977707  -0.08664557  -0.08344591  -0.08020203  -0.07693549  -0.07366556  -0.07040937  -0.06718211  -0.06399707  -0.06086584  -0.05779844  -0.05480340  -0.05188788  -0.04905783  -0.04631804  -0.04367228  -0.04112336 
-20.71484794 -20.67873650 -20.57050420 -20.39045393 -20.13907763 -19.81703939 -19.42515608 -18.96438161 -18.43580361 -17.84066494 -17.18042554 -16.45687977 -15.67233813 -14.82986616 -13.93354761 -12.98871006 -12.00203465 -10.98148358  -9.93602415  -8.87519215  -7.80858707  -6.74540452  -5.69408366  -4.66210033  -3.65589361  -2.68088978  -1.74158310  -0.84163974   0.01599672   0.82901005   1.59563070   2.31456935   2.98496309   3.60633115   4.17853784   4.70176055   5.17646105   5.60335917   5.98340784   6.31776922   6.60779153   6.85498649   7.06100741   7.22762783   7.35672099   7.45023999   7.51019888   7.53865479   7.53769097   7.50940109   7.45587459   7.37918329   7.28136917   7.16443343   7.03032671   6.88094048   6.71809973   6.54355662   6.35898533   6.16597795   5.96604123   5.76059441   5.55096776   5.33840201   5.12404844   4.90896964   4.69414085   4.48045180   4.26870904   4.05963861   3.85388908   3.65203478   3.45457937   3.26195945   3.07454834   2.89265991   2.71655249   2.54643271   2.38245935   2.22474708   2.07337017   1.92836606   1.78973878   1.65746228   1.53148357   1.41172570   1.29809061   1.19046179   1.08870673   0.99267928   0.90222177   0.81716700   0.73734007   0.66256004   0.59264147   0.52739574   0.46663238   0.41016010   0.35778786   0.30932568   0.26458551   0.22338181   0.18553225   0.15085813   0.11918491   0.09034249   0.06416560   0.04049397   0.01917262   0.00005193  -0.01701218  -0.03215822  -0.04551906  -0.05722193  -0.06738842  -0.07613453  -0.08357072  -0.08980198  -0.09492792  -0.09904287  -0.10223602  -0.10459150  -0.10618855  -0.10710165  -0.10740068  -0.10715102  -0.10641379  -0.10524593  -0.10370041  -0.10182637  -0.09966929  -0.09727115  -0.09467059  -0.09190309  -0.08900109  -0.08599420  -0.08290930  -0.07977074  -0.07660045  -0.07341812  -0.07024130  -0.06708558  -0.06396470  -0.06089068  -0.05787394  -0.05492343  -0.05204674  -0.04925021  -0.04653902  -0.04391731  -0.04138828 
-18.81151595 -18.77903323 -18.68168700 -18.51978026 -18.29380649 -18.00443335 -17.65248205 -17.23890510 -16.76476781 -16.23124108 -15.63961695 -14.99136054 -14.28821271 -13.53235192 -12.72660967 -11.87471084 -10.98148358 -10.05296766  -9.09635976  -8.11977408  -7.13185435  -6.14131937  -5.15653724  -4.18520012  -3.23412912  -2.30920012  -1.41535922  -0.55669127   0.26348851   1.04254016   1.77841255   2.46956937   3.11492753   3.71380657   4.26588667   4.77117309   5.22996516   5.64282836   6.01056862   6.33420789   6.61496082   6.85421221   7.05349506   7.21446934   7.33890145   7.42864437   7.48561880   7.51179503   7.50917601   7.47978133   7.42563243   7.34873891   7.25108605   7.13462356   7.00125546   6.85283123   6.69113810   6.51789443   6.33474424   6.14325275   5.94490295   5.74109306   5.53313485   5.32225283   5.10958408   4.89617885   4.68300168   4.47093308   4.26077169   4.05323682   3.84897132   3.64854479   3.45245695   3.26114120   3.07496833   2.89425027   2.71924395   2.55015505   2.38714184   2.23031889   2.07976071   1.93550527   1.79755747   1.66589237   1.54045831   1.42117994   1.30796096   1.20068681   1.09922709   1.00343792   0.91316400   0.82824063   0.74849550   0.67375033   0.60382240   0.53852589   0.47767309   0.42107557   0.36854509   0.31989448   0.27493846   0.23349425   0.19538220   0.16042626   0.12845442   0.09929908   0.07279734   0.04879123   0.02712795   0.00765996  -0.00975487  -0.02525320  -0.03896618  -0.05101945  -0.06153312  -0.07062184  -0.07839484  -0.08495601  -0.09040397  -0.09483219  -0.09832909  -0.10097816  -0.10285810  -0.10404294  -0.10460221  -0.10460106  -0.10410040  -0.10315710  -0.10182410  -0.10015057  -0.09818212  -0.09596087  -0.09352569  -0.09091230  -0.08815344  -0.08527905  -0.08231636  -0.07929010  -0.07622261  -0.07313398  -0.07004219  -0.06696328  -0.06391141  -0.06089904  -0.05793703  -0.05503477  -0.05220027  -0.04944029  -0.04676042  -0.04416520  -0.04165820 
-16.96390581 -16.93468806 -16.84713308 -16.70153357 -16.49836789 -16.23828630 -15.92209245 -15.55072135 -15.12521637 -14.64670970 -14.11641317 -13.53562960 -12.90579717 -12.22858003 -11.50601336 -10.74069872  -9.93602415  -9.09635976  -8.22716381  -7.33494227  -6.42704032  -5.51129616  -4.59563044  -3.68765767  -2.79438578  -1.92203238  -1.07595106  -0.26064005   0.52019920   1.26358103   1.96715063   2.62910544   3.24812693   3.82332342   4.35418246   4.84053096   5.28250109   5.68050035   6.03518442   6.34743214   6.61832170   6.84910797   7.04120057   7.19614260   7.31559019   7.40129270   7.45507373   7.47881309   7.47442964   7.44386518   7.38906942   7.31198611   7.21454030   7.09862676   6.96609962   6.81876321   6.65836400   6.48658371   6.30503354   6.11524938   5.91868811   5.71672477   5.51065067   5.30167224   5.09091075   4.87940258   4.66810022   4.45787374   4.24951277   4.04372893   3.84115856   3.64236574   3.44784565   3.25802796   3.07328049   2.89391288   2.72018036   2.55228748   2.39039185   2.23460783   2.08501013   1.94163730   1.80449511   1.67355983   1.54878130   1.43008585   1.31737916   1.21054879   1.10946670   1.01399146   0.92397043   0.83924163   0.75963562   0.68497703   0.61508615   0.54978018   0.48887452   0.43218380   0.37952287   0.33070765   0.28555588   0.24388780   0.20552667   0.17029934   0.13803658   0.10857350   0.08174979   0.05740999   0.03540369   0.01558560  -0.00218425  -0.01804052  -0.03211246  -0.04452397  -0.05539354  -0.06483434  -0.07295423  -0.07985588  -0.08563682  -0.09038955  -0.09420163  -0.09715583  -0.09933023  -0.10079834  -0.10162929  -0.10188790  -0.10163488  -0.10092694  -0.09981697  -0.09835416  -0.09658417  -0.09454929  -0.09228857  -0.08983796  -0.08723051  -0.08449646  -0.08166340  -0.07875644  -0.07579832  -0.07280954  -0.06980854  -0.06681177  -0.06383385  -0.06088770  -0.05798463  -0.05513446  -0.05234566  -0.04962541  -0.04697973  -0.04441357  -0.04193091 
