# coconut-me2b/v0.99.21 
# 
# momentum space matrix elements 
# partial wave J=1, L=1/1, S=0, T=0, MT=0 
# 
# momentum grid [fm^-1]
0.000000 0.066667 0.133333 0.200000 0.266667 0.333333 0.400000 0.466667 0.533333 0.600000 0.666667 0.733333 0.800000 0.866667 0.933333 1.000000 1.066667 1.133333 1.200000 1.266667 1.333333 1.400000 1.466667 1.533333 1.600000 1.666667 1.733333 1.800000 1.866667 1.933333 2.000000 2.066667 2.133333 2.200000 2.266667 2.333333 2.400000 2.466667 2.533333 2.600000 2.666667 2.733333 2.800000 2.866667 2.933333 3.000000 3.066667 3.133333 3.200000 3.266667 3.333333 3.400000 3.466667 3.533333 3.600000 3.666667 3.733333 3.800000 3.866667 3.933333 4.000000 4.066667 4.133333 4.200000 4.266667 4.333333 4.400000 4.466667 4.533333 4.600000 4.666667 4.733333 4.800000 4.866667 4.933333 5.000000 5.066667 5.133333 5.200000 5.266667 5.333333 5.400000 5.466667 5.533333 5.600000 5.666667 5.733333 5.800000 5.866667 5.933333 6.000000 6.066667 6.133333 6.200000 6.266667 6.333333 6.400000 6.466667 6.533333 6.600000 6.666667 6.733333 6.800000 6.866667 6.933333 7.000000 7.066667 7.133333 7.200000 7.266667 7.333333 7.400000 7.466667 7.533333 7.600000 7.666667 7.733333 7.800000 7.866667 7.933333 8.000000 8.066667 8.133333 8.200000 8.266667 8.333333 8.400000 8.466667 8.533333 8.600000 8.666667 8.733333 8.800000 8.866667 8.933333 9.000000 9.066667 9.133333 9.200000 9.266667 9.333333 9.400000 9.466667 9.533333 9.600000 9.666667 9.733333 9.800000 9.866667 9.933333 10.000000 
#
# matrix elements [MeV fm^3] 
  0.00000080   0.00052334   0.00099397   0.00137227   0.00163917   0.00179580   0.00185767   0.00184709   0.00178705   0.00169748   0.00159372   0.00148659   0.00138306   0.00128717   0.00120091   0.00112489   0.00105887   0.00100212   0.00095367   0.00091242   0.00087731   0.00084730   0.00082146   0.00079894   0.00077899   0.00076098   0.00074435   0.00072864   0.00071347   0.00069852   0.00068354   0.00066833   0.00065276   0.00063672   0.00062014   0.00060299   0.00058527   0.00056699   0.00054819   0.00052893   0.00050926   0.00048926   0.00046901   0.00044858   0.00042808   0.00040758   0.00038716   0.00036692   0.00034692   0.00032724   0.00030796   0.00028912   0.00027079   0.00025301   0.00023584   0.00021930   0.00020342   0.00018823   0.00017374   0.00015997   0.00014692   0.00013459   0.00012297   0.00011206   0.00010183   0.00009229   0.00008340   0.00007515   0.00006751   0.00006045   0.00005396   0.00004799   0.00004253   0.00003754   0.00003299   0.00002887   0.00002513   0.00002175   0.00001871   0.00001598   0.00001353   0.00001135   0.00000940   0.00000768   0.00000615   0.00000481   0.00000362   0.00000259   0.00000169   0.00000091   0.00000023  -0.00000035  -0.00000084  -0.00000126  -0.00000162  -0.00000191  -0.00000215  -0.00000235  -0.00000250  -0.00000262  -0.00000271  -0.00000277  -0.00000280  -0.00000282  -0.00000282  -0.00000280  -0.00000278  -0.00000274  -0.00000269  -0.00000263  -0.00000256  -0.00000249  -0.00000242  -0.00000234  -0.00000226  -0.00000218  -0.00000210  -0.00000201  -0.00000193  -0.00000184  -0.00000176  -0.00000168  -0.00000160  -0.00000151  -0.00000144  -0.00000136  -0.00000128  -0.00000121  -0.00000114  -0.00000107  -0.00000101  -0.00000094  -0.00000088  -0.00000082  -0.00000077  -0.00000072  -0.00000067  -0.00000062  -0.00000057  -0.00000053  -0.00000049  -0.00000045  -0.00000041  -0.00000038  -0.00000035  -0.00000032  -0.00000029  -0.00000027  -0.00000024  -0.00000022  -0.00000020 
  0.00052334   0.34294336   0.65199708   0.90150816   1.07880536   1.18416591   1.22724711   1.22234515   1.18438458   1.12643681   1.05868153   0.98834221   0.92011568   0.85675883   0.79964852   0.74923987   0.70540929   0.66769608   0.63546490   0.60801058   0.58462309   0.56462558   0.54739514   0.53237244   0.51906464   0.50704424   0.49594565   0.48546064   0.47533327   0.46535471   0.45535818   0.44521423   0.43482619   0.42412608   0.41307074   0.40163838   0.38982536   0.37764326   0.36511626   0.35227869   0.33917292   0.32584736   0.31235473   0.29875050   0.28509152   0.27143486   0.25783670   0.24435152   0.23103131   0.21792499   0.20507791   0.19253149   0.18032294   0.16848511   0.15704636   0.14603062   0.13545736   0.12534177   0.11569488   0.10652380   0.09783192   0.08961917   0.08188236   0.07461539   0.06780963   0.06145416   0.05553610   0.05004093   0.04495271   0.04025443   0.03592821   0.03195554   0.02831757   0.02499521   0.02196941   0.01922127   0.01673220   0.01448402   0.01245913   0.01064050   0.00901185   0.00755761   0.00626302   0.00511415   0.00409788   0.00320194   0.00241490   0.00172612   0.00112580   0.00060489   0.00015509  -0.00023120  -0.00056090  -0.00084029  -0.00107508  -0.00127040  -0.00143089  -0.00156070  -0.00166356  -0.00174281  -0.00180140  -0.00184197  -0.00186688  -0.00187820  -0.00187778  -0.00186724  -0.00184803  -0.00182142  -0.00178853  -0.00175035  -0.00170777  -0.00166155  -0.00161239  -0.00156088  -0.00150756  -0.00145291  -0.00139734  -0.00134124  -0.00128492  -0.00122868  -0.00117277  -0.00111744  -0.00106287  -0.00100923  -0.00095669  -0.00090538  -0.00085541  -0.00080687  -0.00075984  -0.00071440  -0.00067059  -0.00062844  -0.00058800  -0.00054927  -0.00051227  -0.00047699  -0.00044341  -0.00041153  -0.00038132  -0.00035274  -0.00032577  -0.00030036  -0.00027646  -0.00025404  -0.00023304  -0.00021341  -0.00019509  -0.00017803  -0.00016217  -0.00014745  -0.00013383 
  0.00099397   0.65199708   1.24313430   1.72632807   2.07668555   2.29226662   2.38869400   2.39117530   2.32721308   2.22169997   2.09456509   1.96030986   1.82860575   1.70530584   1.59348261   1.49431252   1.40775661   1.33305001   1.26903677   1.21438942   1.16774708   1.12779816   1.09332666   1.06323504   1.03655249   1.01243451   0.99015729   0.96910949   0.94878270   0.92876160   0.90871413   0.88838221   0.86757292   0.84615034   0.82402798   0.80116189   0.77754425   0.75319765   0.72816973   0.70252849   0.67635789   0.64975399   0.62282148   0.59567058   0.56841427   0.54116597   0.51403739   0.48713684   0.46056773   0.43442732   0.40880581   0.38378555   0.35944055   0.33583610   0.31302862   0.29106559   0.26998575   0.24981922   0.23058788   0.21230578   0.19497956   0.17860904   0.16318772   0.14870340   0.13513876   0.12247198   0.11067735   0.09972582   0.08958562   0.08022276   0.07160154   0.06368508   0.05643572   0.04981542   0.04378617   0.03831027   0.03335064   0.02887106   0.02483639   0.02121273   0.01796759   0.01506995   0.01249039   0.01020112   0.00817601   0.00639062   0.00482214   0.00344942   0.00225289   0.00121454   0.00031782  -0.00045239  -0.00110988  -0.00166716  -0.00213560  -0.00252542  -0.00284585  -0.00310517  -0.00331080  -0.00346936  -0.00358676  -0.00366825  -0.00371852  -0.00374169  -0.00374143  -0.00372100  -0.00368325  -0.00363072  -0.00356565  -0.00349001  -0.00340555  -0.00331382  -0.00321618  -0.00311383  -0.00300783  -0.00289915  -0.00278861  -0.00267696  -0.00256486  -0.00245288  -0.00234155  -0.00223132  -0.00212258  -0.00201570  -0.00191098  -0.00180867  -0.00170902  -0.00161221  -0.00151841  -0.00142775  -0.00134032  -0.00125622  -0.00117550  -0.00109819  -0.00102430  -0.00095384  -0.00088679  -0.00082311  -0.00076275  -0.00070566  -0.00065177  -0.00060099  -0.00055324  -0.00050842  -0.00046644  -0.00042718  -0.00039055  -0.00035643  -0.00032471  -0.00029528  -0.00026802 
  0.00137227   0.90150816   1.72632807   2.41318328   2.92646129   3.25859857   3.42530733   3.45681535   3.38876433   3.25525512   3.08486961   2.89927463   2.71351134   2.53710783   2.37541424   2.23083296   2.10381392   1.99359693   1.89873451   1.81744355   1.74783219   1.68803965   1.63631769   1.59107364   1.55088927   1.51452458   1.48091263   1.44914948   1.41848149   1.38829163   1.35808564   1.32747864   1.29618230   1.26399293   1.23078037   1.19647778   1.16107219   1.12459597   1.08711895   1.04874133   1.00958720   0.96979880   0.92953129   0.88894815   0.84821706   0.80750640   0.76698210   0.72680504   0.68712884   0.64809802   0.60984659   0.57249691   0.53615891   0.50092956   0.46689260   0.43411855   0.40266480   0.37257598   0.34388444   0.31661084   0.29076486   0.26634597   0.24334425   0.22174131   0.20151112   0.18262097   0.16503233   0.14870174   0.13358167   0.11962130   0.10676729   0.09496451   0.08415671   0.07428709   0.06529888   0.05713580   0.04974249   0.04306490   0.03705058   0.03164896   0.02681155   0.02249209   0.01864670   0.01523392   0.01221479   0.00955286   0.00721414   0.00516709   0.00338255   0.00183366   0.00049578  -0.00065362  -0.00163509  -0.00246729  -0.00316710  -0.00374978  -0.00422907  -0.00461728  -0.00492547  -0.00516349  -0.00534013  -0.00546324  -0.00553974  -0.00557580  -0.00557689  -0.00554782  -0.00549288  -0.00541582  -0.00531998  -0.00520831  -0.00508340  -0.00494755  -0.00480279  -0.00465093  -0.00449356  -0.00433208  -0.00416775  -0.00400168  -0.00383485  -0.00366814  -0.00350232  -0.00333808  -0.00317600  -0.00301663  -0.00286043  -0.00270778  -0.00255905  -0.00241451  -0.00227443  -0.00213899  -0.00200836  -0.00188266  -0.00176197  -0.00164636  -0.00153585  -0.00143044  -0.00133010  -0.00123479  -0.00114443  -0.00105895  -0.00097823  -0.00090216  -0.00083062  -0.00076345  -0.00070053  -0.00064168  -0.00058676  -0.00053559  -0.00048801  -0.00044386  -0.00040295 
  0.00163917   1.07880536   2.07668555   2.92646129   3.58480401   4.03627864   4.29095643   4.37730708   4.33325424   4.19811930   4.00704991   3.78822716   3.56227723   3.34302347   3.13882259   2.95398472   2.79002035   2.64662414   2.52239797   2.41535486   2.32325493   2.24381986   2.17486322   2.11436422   2.06050471   2.01168278   1.96651203   1.92381241   1.88259637   1.84205283   1.80153023   1.76051979   1.71863925   1.67561755   1.63128045   1.58553720   1.53836828   1.48981411   1.43996475   1.38895052   1.33693348   1.28409983   1.23065299   1.17680750   1.12278365   1.06880269   1.01508280   0.96183557   0.90926306   0.85755540   0.80688890   0.75742450   0.70930678   0.66266326   0.61760398   0.57422153   0.53259122   0.49277149   0.45480459   0.41871733   0.38452204   0.35221756   0.32179037   0.29321574   0.26645889   0.24147622   0.21821647   0.19662188   0.17662929   0.15817126   0.14117703   0.12557351   0.11128611   0.09823956   0.08635864   0.07556880   0.06579674   0.05697087   0.04902178   0.04188253   0.03548894   0.02977982   0.02469711   0.02018598   0.01619491   0.01267570   0.00958342   0.00687638   0.00451604   0.00246693   0.00069648  -0.00082507  -0.00212485  -0.00322749  -0.00415529  -0.00492838  -0.00556488  -0.00608107  -0.00649151  -0.00680920  -0.00704574  -0.00721146  -0.00731552  -0.00736604  -0.00737022  -0.00733442  -0.00726427  -0.00716475  -0.00704026  -0.00689467  -0.00673141  -0.00655353  -0.00636371  -0.00616433  -0.00595749  -0.00574506  -0.00552871  -0.00530990  -0.00508994  -0.00487000  -0.00465111  -0.00443416  -0.00421998  -0.00400926  -0.00380262  -0.00360061  -0.00340368  -0.00321223  -0.00302660  -0.00284706  -0.00267382  -0.00250706  -0.00234690  -0.00219343  -0.00204667  -0.00190664  -0.00177330  -0.00164661  -0.00152646  -0.00141276  -0.00130537  -0.00120414  -0.00110890  -0.00101947  -0.00093566  -0.00085726  -0.00078407  -0.00071587  -0.00065243  -0.00059354  -0.00053898 
  0.00179580   1.18416591   2.29226662   3.25859857   4.03627864   4.60214092   4.95709236   5.12210856   5.13130676   5.02424486   4.83940037   4.60990685   4.36163883   4.11309416   3.87632964   3.65831789   3.46231608   3.28904190   3.13759163   3.00611092   2.89226055   2.79352571   2.70741229   2.63156488   2.56383205   2.50229730   2.44528816   2.39137185   2.33934311   2.28820768   2.23716385   2.18558327   2.13299201   2.07905242   2.02354581   1.96635640   1.90745632   1.84689185   1.78477077   1.72125081   1.65652919   1.59083317   1.52441152   1.45752703   1.39044972   1.32345107   1.25679889   1.19075300   1.12556160   1.06145826   0.99865954   0.93736316   0.87774666   0.81996653   0.76415782   0.71043397   0.65888714   0.60958870   0.56259005   0.51792352   0.47560360   0.43562813   0.39797972   0.36262714   0.32952679   0.29862418   0.26985540   0.24314852   0.21842501   0.19560105   0.17458875   0.15529739   0.13763440   0.12150645   0.10682026   0.09348341   0.08140509   0.07049661   0.06067200   0.05184836   0.04394625   0.03688994   0.03060757   0.02503134   0.02009751   0.01574646   0.01192266   0.00857459   0.00565462   0.00311891   0.00092725  -0.00095712  -0.00256768  -0.00393485  -0.00508613  -0.00604638  -0.00683794  -0.00748087  -0.00799313  -0.00839076  -0.00868805  -0.00889773  -0.00903107  -0.00909809  -0.00910767  -0.00906763  -0.00898493  -0.00886568  -0.00871531  -0.00853861  -0.00833981  -0.00812266  -0.00789048  -0.00764621  -0.00739245  -0.00713152  -0.00686548  -0.00659616  -0.00632519  -0.00605401  -0.00578390  -0.00551601  -0.00525134  -0.00499079  -0.00473512  -0.00448503  -0.00424109  -0.00400381  -0.00377362  -0.00355086  -0.00333583  -0.00312873  -0.00292974  -0.00273897  -0.00255647  -0.00238226  -0.00221632  -0.00205858  -0.00190893  -0.00176726  -0.00163340  -0.00150717  -0.00138837  -0.00127678  -0.00117216  -0.00107427  -0.00098285  -0.00089763  -0.00081834  -0.00074471  -0.00067646 
  0.00185767   1.22724711   2.38869400   3.42530733   4.29095643   4.95709236   5.41501405   5.67503065   5.76259235   5.71241011   5.56216774   5.34731414   5.09775290   4.83647174   4.57964308   4.33757450   4.11598277   3.91725126   3.74150169   3.58742860   3.45290884   3.33542482   3.23234543   3.14110402   3.05930445   2.98477884   2.91561346   2.85015432   2.78700035   2.72498907   2.66317842   2.60082662   2.53737148   2.47241010   2.40567927   2.33703695   2.26644495   2.19395282   2.11968308   2.04381762   1.96658539   1.88825118   1.80910562   1.72945618   1.64961923   1.56991313   1.49065212   1.41214125   1.33467199   1.25851865   1.18393561   1.11115504   1.04038537   0.97181023   0.90558792   0.84185131   0.78070810   0.72224149   0.66651106   0.61355394   0.56338613   0.51600404   0.47138604   0.42949421   0.39027604   0.35366616   0.31958810   0.28795597   0.25867610   0.23164860   0.20676884   0.18392885   0.16301857   0.14392704   0.12654342   0.11075797   0.09646283   0.08355277   0.07192575   0.06148345   0.05213166   0.04378060   0.03634510   0.02974482   0.02390426   0.01875283   0.01422478   0.01025911   0.00679949   0.00379405   0.00119525  -0.00104038  -0.00295241  -0.00457677  -0.00594596  -0.00708932  -0.00803323  -0.00880136  -0.00941491  -0.00989279  -0.01025186  -0.01050712  -0.01067188  -0.01075794  -0.01077575  -0.01073456  -0.01064256  -0.01050696  -0.01033417  -0.01012983  -0.00989894  -0.00964594  -0.00937475  -0.00908884  -0.00879132  -0.00848492  -0.00817210  -0.00785504  -0.00753566  -0.00721571  -0.00689673  -0.00658007  -0.00626695  -0.00595844  -0.00565549  -0.00535892  -0.00506944  -0.00478768  -0.00451415  -0.00424930  -0.00399346  -0.00374693  -0.00350992  -0.00328257  -0.00306497  -0.00285714  -0.00265907  -0.00247070  -0.00229192  -0.00212258  -0.00196250  -0.00181149  -0.00166930  -0.00153568  -0.00141036  -0.00129305  -0.00118344  -0.00108122  -0.00098609  -0.00089770  -0.00081575 
  0.00184709   1.22234515   2.39117530   3.45681535   4.37730708   5.12210856   5.67503065   6.03558653   6.21808349   6.24839763   6.15917131   5.98469387   5.75667076   5.50155932   5.23951564   4.98456862   4.74550383   4.52701410   4.33082767   4.15666959   4.00301165   3.86762166   3.74794588   3.64136341   3.54534722   3.45755987   3.37590472   3.29854790   3.22392138   3.15071433   3.07785761   3.00450439   2.93000916   2.85390605   2.77588771   2.69578479   2.61354667   2.52922339   2.44294882   2.35492532   2.26540957   2.17469987   2.08312454   1.99103166   1.89877994   1.80673069   1.71524087   1.62465716   1.53531093   1.44751412   1.36155595   1.27770039   1.19618429   1.11721619   1.04097569   0.96761328   0.89725073   0.82998173   0.76587294   0.70496536   0.64727581   0.59279865   0.54150769   0.49335803   0.44828813   0.40622177   0.36707003   0.33073326   0.29710295   0.26606351   0.23749400   0.21126969   0.18726353   0.16534750   0.14539380   0.12727593   0.11086962   0.09605368   0.08271064   0.07072735   0.05999543   0.05041160   0.04187798   0.03430222   0.02759758   0.02168297   0.01648292   0.01192741   0.00795181   0.00449664   0.00150736  -0.00106582  -0.00326826  -0.00514109  -0.00672155  -0.00804319  -0.00913621  -0.01002769  -0.01074185  -0.01130033  -0.01172238  -0.01202514  -0.01222381  -0.01233188  -0.01236129  -0.01232260  -0.01222514  -0.01207719  -0.01188605  -0.01165818  -0.01139931  -0.01111451  -0.01080828  -0.01048461  -0.01014707  -0.00979881  -0.00944266  -0.00908114  -0.00871648  -0.00835071  -0.00798561  -0.00762277  -0.00726361  -0.00690940  -0.00656124  -0.00622012  -0.00588687  -0.00556223  -0.00524684  -0.00494121  -0.00464579  -0.00436091  -0.00408684  -0.00382377  -0.00357182  -0.00333105  -0.00310144  -0.00288295  -0.00267546  -0.00247882  -0.00229284  -0.00211730  -0.00195193  -0.00179644  -0.00165054  -0.00151390  -0.00138617  -0.00126700  -0.00115602  -0.00105288  -0.00095719 
  0.00178705   1.18438458   2.32721308   3.38876433   4.33325424   5.13130676   5.76259235   6.21808349   6.50116394   6.62695311   6.61972389   6.50898041   6.32522794   6.09645078   5.84588802   5.59116502   5.34446943   5.11333760   4.90167327   4.71074877   4.54006148   4.38800504   4.25236311   4.13065471   4.02036459   3.91908932   3.82462393   3.73500773   3.64854315   3.56379694   3.47959042   3.39498320   3.30925327   3.22187544   3.13249933   3.04092764   2.94709538   2.85105010   2.75293345   2.65296414   2.55142225   2.44863498   2.34496373   2.24079257   2.13651797   2.03253979   1.92925343   1.82704315   1.72627637   1.62729905   1.53043194   1.43596771   1.34416882   1.25526618   1.16945842   1.08691167   1.00775996   0.93210598   0.86002223   0.79155249   0.72671357   0.66549717   0.60787203   0.55378602   0.50316843   0.45593217   0.41197601   0.37118677   0.33344143   0.29860914   0.26655310   0.23713240   0.21020358   0.18562219   0.16324413   0.14292681   0.12453028   0.10791805   0.09295793   0.07952261   0.06749023   0.05674469   0.04717601   0.03868044   0.03116063   0.02452555   0.01869053   0.01357706   0.00911268   0.00523075   0.00187018  -0.00102478  -0.00350487  -0.00561614  -0.00740018  -0.00889453  -0.01013290  -0.01114555  -0.01195952  -0.01259895  -0.01308532  -0.01343775  -0.01367319  -0.01380667  -0.01385150  -0.01381947  -0.01372098  -0.01356525  -0.01336044  -0.01311377  -0.01283163  -0.01251969  -0.01218299  -0.01182603  -0.01145278  -0.01106681  -0.01067131  -0.01026912  -0.00986279  -0.00945460  -0.00904658  -0.00864056  -0.00823818  -0.00784086  -0.00744991  -0.00706645  -0.00669147  -0.00632583  -0.00597028  -0.00562544  -0.00529182  -0.00496985  -0.00465985  -0.00436207  -0.00407667  -0.00380373  -0.00354328  -0.00329526  -0.00305957  -0.00283607  -0.00262456  -0.00242479  -0.00223648  -0.00205933  -0.00189300  -0.00173713  -0.00159135  -0.00145527  -0.00132847  -0.00121056  -0.00110111 
  0.00169748   1.12643681   2.22169997   3.25525512   4.19811930   5.02424486   5.71241011   6.24839763   6.62695311   6.85283983   6.94040659   6.91152474   6.79234429   6.60973569   6.38829206   6.14841642   5.90556517   5.67039529   5.44944756   5.24604001   5.06115209   4.89418611   4.74356735   4.60718814   4.48271983   4.36782183   4.26027444   4.15805753   4.05939182   3.96275513   3.86688223   3.77075437   3.67358265   3.57478790   3.47397902   3.37093080   3.26556223   3.15791554   3.04813646   2.93645575   2.82317216   2.70863685   2.59323924   2.47739429   2.36153123   2.24608354   2.13148036   2.01813899   1.90645865   1.79681530   1.68955750   1.58500316   1.48343724   1.38511019   1.29023709   1.19899747   1.11153567   1.02796168   0.94835238   0.87275320   0.80117996   0.73362099   0.67003943   0.61037560   0.55454944   0.50246299   0.45400285   0.40904258   0.36744500   0.32906444   0.29374882   0.26134161   0.23168362   0.20461469   0.17997511   0.15760701   0.13735545   0.11906949   0.10260295   0.08781515   0.07457148   0.06274378   0.05221064   0.04285767   0.03457749   0.02726982   0.02084136   0.01520570   0.01028308   0.00600020   0.00228991  -0.00090907  -0.00365247  -0.00599081  -0.00796978  -0.00963050  -0.01100996  -0.01214128  -0.01305409  -0.01377482  -0.01432698  -0.01473146  -0.01500683  -0.01516950  -0.01523404  -0.01521332  -0.01511873  -0.01496036  -0.01474713  -0.01448695  -0.01418683  -0.01385299  -0.01349098  -0.01310573  -0.01270164  -0.01228265  -0.01185229  -0.01141372  -0.01096978  -0.01052301  -0.01007570  -0.00962990  -0.00918745  -0.00874999  -0.00831897  -0.00789570  -0.00748132  -0.00707681  -0.00668305  -0.00630075  -0.00593054  -0.00557292  -0.00522829  -0.00489695  -0.00457911  -0.00427491  -0.00398439  -0.00370753  -0.00344424  -0.00319438  -0.00295776  -0.00273411  -0.00252316  -0.00232457  -0.00213799  -0.00196303  -0.00179929  -0.00164635  -0.00150375  -0.00137107  -0.00124784 
  0.00159372   1.05868153   2.09456509   3.08486961   4.00704991   4.83940037   5.56216774   6.15917131   6.61972389   6.94040659   7.12609520   7.18971634   7.15058233   7.03166930   6.85657642   6.64692929   6.42069936   6.19152050   5.96879697   5.75828951   5.56289536   5.38342815   5.21929473   5.06903217   4.93070753   4.80220015   4.68139153   4.56628641   4.45508436   4.34621710   4.23836261   4.13044388   4.02161811   3.91125996   3.79894149   3.68441068   3.56756950   3.44845233   3.32720537   3.20406703   3.07934985   2.95342372   2.82670065   2.69962106   2.57264148   2.44622375   2.32082558   2.19689241   2.07485060   1.95510175   1.83801811   1.72393912   1.61316877   1.50597392   1.40258333   1.30318746   1.20793879   1.11695272   1.03030899   0.94805331   0.87019950   0.79673171   0.72760691   0.66275747   0.60209381   0.54550709   0.49287187   0.44404870   0.39888666   0.35722575   0.31889917   0.28373546   0.25156039   0.22219885   0.19547634   0.17122049   0.14926228   0.12943708   0.11158561   0.09555465   0.08119765   0.06837518   0.05695523   0.04681344   0.03783321   0.02990564   0.02292949   0.01681105   0.01146386   0.00680852   0.00277232  -0.00071105  -0.00370185  -0.00625472  -0.00841896  -0.01023901  -0.01175476  -0.01300193  -0.01401246  -0.01481481  -0.01543429  -0.01589342  -0.01621214  -0.01640813  -0.01649706  -0.01649276  -0.01640750  -0.01625212  -0.01603625  -0.01576839  -0.01545613  -0.01510617  -0.01472452  -0.01431653  -0.01388698  -0.01344016  -0.01297992  -0.01250972  -0.01203268  -0.01155161  -0.01106903  -0.01058723  -0.01010825  -0.00963392  -0.00916590  -0.00870565  -0.00825446  -0.00781346  -0.00738365  -0.00696588  -0.00656087  -0.00616922  -0.00579140  -0.00542780  -0.00507869  -0.00474423  -0.00442454  -0.00411962  -0.00382940  -0.00355376  -0.00329250  -0.00304539  -0.00281212  -0.00259236  -0.00238574  -0.00219185  -0.00201026  -0.00184052  -0.00168216  -0.00153471  -0.00139766 
  0.00148659   0.98834221   1.96030986   2.89927463   3.78822716   4.60990685   5.34731414   5.98469387   6.50898041   6.91152474   7.18971634   7.34797268   7.39762939   7.35557934   7.24195901   7.07751655   6.88133266   6.66932162   6.45359997   6.24255496   6.04134339   5.85257164   5.67698379   5.51406386   5.36251702   5.22062987   5.08652624   4.95833996   4.83432524   4.71292199   4.59278954   4.47281893   4.35213088   4.23006476   4.10616195   3.98014617   3.85190232   3.72145506   3.58894771   3.45462208   3.31879954   3.18186331   3.04424240   2.90639692   2.76880499   2.63195116   2.49631621   2.36236851   2.23055653   2.10130279   1.97499890   1.85200174   1.73263063   1.61716548   1.50584572   1.39887003   1.29639669   1.19854454   1.10539438   1.01699087   0.93334463   0.85443477   0.78021144   0.71059864   0.64549708   0.58478698   0.52833101   0.47597700   0.42756069   0.38290829   0.34183889   0.30416678   0.26970348   0.23825971   0.20964706   0.18367955   0.16017492   0.13895583   0.11985075   0.10269482   0.08733046   0.07360780   0.06138507   0.05052879   0.04091385   0.03242351   0.02494931   0.01839087   0.01265570   0.00765887   0.00332269  -0.00042368  -0.00364455  -0.00639819  -0.00873716  -0.01070878  -0.01235552  -0.01371538  -0.01482231  -0.01570653  -0.01639496  -0.01691146  -0.01727720  -0.01751094  -0.01762928  -0.01764691  -0.01757683  -0.01743056  -0.01721829  -0.01694910  -0.01663103  -0.01627124  -0.01587614  -0.01545146  -0.01500231  -0.01453332  -0.01404863  -0.01355200  -0.01304681  -0.01253611  -0.01202268  -0.01150901  -0.01099738  -0.01048981  -0.00998815  -0.00949401  -0.00900888  -0.00853402  -0.00807058  -0.00761953  -0.00718170  -0.00675781  -0.00634842  -0.00595400  -0.00557489  -0.00521132  -0.00486346  -0.00453134  -0.00421494  -0.00391416  -0.00362883  -0.00335870  -0.00310350  -0.00286287  -0.00263645  -0.00242381  -0.00222450  -0.00203806  -0.00186398  -0.00170176  -0.00155089 
  0.00138306   0.92011568   1.82860575   2.71351134   3.56227723   4.36163883   5.09775290   5.75667076   6.32522794   6.79234429   7.15058233   7.39762939   7.53723991   7.57921911   7.53829788   7.43214475   7.27906462   7.09597807   6.89707020   6.69319997   6.49193277   6.29796297   6.11370688   5.93991055   5.77618647   5.62144539   5.47422157   5.33290475   5.19589751   5.06171599   4.92904948   4.79679094   4.66404769   4.53013880   4.39458398   4.25708729   4.11751798   3.97588992   3.83234087   3.68711209   3.54052894   3.39298264   3.24491341   3.09679516   2.94912166   2.80239423   2.65711105   2.51375782   2.37279988   2.23467570   2.09979158   1.96851754   1.84118429   1.71808120   1.59945516   1.48551021   1.37640793   1.27226840   1.17317170   1.07915984   0.99023909   0.90638250   0.82753273   0.75360498   0.68448994   0.62005692   0.56015677   0.50462493   0.45328420   0.40594754   0.36242059   0.32250412   0.28599621   0.25269426   0.22239685   0.19490529   0.17002508   0.14756706   0.12734846   0.10919371   0.09293511   0.07841330   0.06547761   0.05398629   0.04380655   0.03481461   0.02689550   0.01994295   0.01385906   0.00855401   0.00394571  -0.00004063  -0.00347286  -0.00641242  -0.00891467  -0.01102943  -0.01280136  -0.01427040  -0.01547220  -0.01643849  -0.01719747  -0.01777418  -0.01819080  -0.01846697  -0.01862006  -0.01866547  -0.01861682  -0.01848616  -0.01828421  -0.01802046  -0.01770337  -0.01734050  -0.01693860  -0.01650372  -0.01604129  -0.01555623  -0.01505297  -0.01453551  -0.01400751  -0.01347225  -0.01293275  -0.01239173  -0.01185166  -0.01131478  -0.01078312  -0.01025849  -0.00974254  -0.00923669  -0.00874225  -0.00826031  -0.00779185  -0.00733769  -0.00689850  -0.00647485  -0.00606715  -0.00567573  -0.00530080  -0.00494245  -0.00460071  -0.00427552  -0.00396672  -0.00367410  -0.00339738  -0.00313624  -0.00289029  -0.00265911  -0.00244224  -0.00223919  -0.00204945  -0.00187250  -0.00170778 
  0.00128717   0.85675883   1.70530584   2.53710783   3.34302347   4.11309416   4.83647174   5.50155932   6.09645078   6.60973569   7.03166930   7.35557934   7.57921911   7.70565730   7.74332645   7.70508375   7.60648741   7.46376770   7.29202155   7.10398516   6.90947755   6.71540219   6.52610384   6.34388595   6.16954846   6.00286683   5.84298021   5.68868537   5.53864739   5.39154297   5.24615245   5.10141418   4.95645214   4.81058527   4.66332436   4.51436116   4.36355252   4.21090190   4.05653965   3.90070310   3.74371716   3.58597579   3.42792478   3.27004585   3.11284235   2.95682636   2.80250747   2.65038300   2.50092967   2.35459670   2.21180021   2.07291886   1.93829059   1.80821049   1.68292948   1.56265397   1.44754618   1.33772514   1.23326825   1.13421329   1.04056080   0.95227680   0.86929572   0.79152339   0.71884030   0.65110470   0.58815581   0.52981691   0.47589834   0.42620034   0.38051578   0.33863267   0.30033644   0.26541211   0.23364615   0.20482816   0.17875235   0.15521877   0.13403437   0.11501389   0.09798047   0.08276620   0.06921245   0.05717009   0.04649953   0.03707074   0.02876307   0.02146505   0.01507410   0.00949619   0.00464543   0.00044368  -0.00317996  -0.00628953  -0.00894279  -0.01119159  -0.01308241  -0.01465676  -0.01595168  -0.01700008  -0.01783123  -0.01847105  -0.01894253  -0.01926600  -0.01945944  -0.01953879  -0.01951813  -0.01940997  -0.01922539  -0.01897425  -0.01866537  -0.01830658  -0.01790494  -0.01746677  -0.01699780  -0.01650319  -0.01598761  -0.01545533  -0.01491023  -0.01435585  -0.01379541  -0.01323186  -0.01266788  -0.01210592  -0.01154821  -0.01099675  -0.01045335  -0.00991962  -0.00939702  -0.00888680  -0.00839008  -0.00790779  -0.00744074  -0.00698959  -0.00655486  -0.00613696  -0.00573616  -0.00535265  -0.00498650  -0.00463769  -0.00430610  -0.00399157  -0.00369382  -0.00341255  -0.00314739  -0.00289791  -0.00266366  -0.00244413  -0.00223882  -0.00204716  -0.00186859 
  0.00120091   0.79964852   1.59348261   2.37541424   3.13882259   3.87632964   4.57964308   5.23951564   5.84588802   6.38829206   6.85657642   7.24195901   7.53829788   7.74332645   7.85948925   7.89403537   7.85822782   7.76583768   7.63134303   7.46830553   7.28824919   7.10013408   6.91033211   6.72292769   6.54016975   6.36294840   6.19122330   6.02437310   5.86146148   5.70142860   5.54322182   5.38587975   5.22858188   5.07067365   4.91167454   4.75127478   4.58932467   4.42581938   4.26088133   4.09474144   3.92772026   3.76020969   3.59265557   3.42554160   3.25937462   3.09467137   2.93194682   2.77170403   2.61442546   2.46056574   2.31054578   2.16474819   2.02351387   1.88713967   1.75587703   1.62993158   1.50946340   1.39458807   1.28537828   1.18186583   1.08404420   0.99187128   0.90527242   0.82414363   0.74835481   0.67775312   0.61216623   0.55140556   0.49526939   0.44354584   0.39601566   0.35245487   0.31263715   0.27633600   0.24332676   0.21338830   0.18630457   0.16186584   0.13986985   0.12012261   0.10243914   0.08664396   0.07257144   0.06006599   0.04898211   0.03918437   0.03054725   0.02295486   0.01630068   0.01048713   0.00542520   0.00103395  -0.00275994  -0.00602268  -0.00881385  -0.01118696  -0.01318986  -0.01486530  -0.01625131  -0.01738173  -0.01828658  -0.01899244  -0.01952285  -0.01989863  -0.02013820  -0.02025786  -0.02027205  -0.02019355  -0.02003374  -0.01980275  -0.01950962  -0.01916244  -0.01876849  -0.01833434  -0.01786593  -0.01736864  -0.01684738  -0.01630664  -0.01575052  -0.01518277  -0.01460685  -0.01402591  -0.01344286  -0.01286034  -0.01228079  -0.01170640  -0.01113918  -0.01058091  -0.01003321  -0.00949752  -0.00897508  -0.00846698  -0.00797416  -0.00749739  -0.00703731  -0.00659442  -0.00616910  -0.00576159  -0.00537204  -0.00500048  -0.00464687  -0.00431106  -0.00399282  -0.00369186  -0.00340784  -0.00314035  -0.00288892  -0.00265307  -0.00243226  -0.00222595  -0.00203355 
  0.00112489   0.74923987   1.49431252   2.23083296   2.95398472   3.65831789   4.33757450   4.98456862   5.59116502   6.14841642   6.64692929   7.07751655   7.43214475   7.70508375   7.89403537   8.00091579   8.03197992   7.99715103   7.90869629   7.77961852   7.62218881   7.44691753   7.26205555   7.07354892   6.88529160   6.69952095   6.51724093   6.33860596   6.16323597   5.99045745   5.81947770   5.64950413   5.47982110   5.30983527   5.13909841   4.96731455   4.79433654   4.62015584   4.44488813   4.26875666   4.09207466   3.91522769   3.73865659   3.56284140   3.38828654   3.21550736   3.04501818   2.87732188   2.71290095   2.55220996   2.39566951   2.24366137   2.09652495   1.95455484   1.81799938   1.68706012   1.56189218   1.44260518   1.32926494   1.22189556   1.12048196   1.02497279   0.93528347   0.85129958   0.77288013   0.69986106   0.63205857   0.56927251   0.51128951   0.45788614   0.40883172   0.36389105   0.32282689   0.28540219   0.25138211   0.22053582   0.19263802   0.16747028   0.14482212   0.12449191   0.10628757   0.09002705   0.07553869   0.06266138   0.05124465   0.04114854   0.03224347   0.02440995   0.01753824   0.01152793   0.00628754   0.00173396  -0.00220797  -0.00560609  -0.00852135  -0.01100840  -0.01311610  -0.01488798  -0.01636280  -0.01757496  -0.01855492  -0.01932969  -0.01992312  -0.02035631  -0.02064793  -0.02081446  -0.02087053  -0.02082911  -0.02070174  -0.02049869  -0.02022917  -0.01990144  -0.01952295  -0.01910043  -0.01864001  -0.01814725  -0.01762727  -0.01708475  -0.01652398  -0.01594895  -0.01536331  -0.01477042  -0.01417341  -0.01357513  -0.01297821  -0.01238505  -0.01179785  -0.01121860  -0.01064908  -0.01009091  -0.00954549  -0.00901407  -0.00849772  -0.00799736  -0.00751375  -0.00704749  -0.00659907  -0.00616883  -0.00575699  -0.00536366  -0.00498885  -0.00463246  -0.00429432  -0.00397417  -0.00367170  -0.00338650  -0.00311815  -0.00286615  -0.00262997  -0.00240907  -0.00220286 
  0.00105887   0.70540929   1.40775661   2.10381392   2.79002035   3.46231608   4.11598277   4.74550383   5.34446943   5.90556517   6.42069936   6.88133266   7.27906462   7.60648741   7.85822782   8.03197992   8.12923625   8.15543288   8.11937730   8.03207656   7.90529373   7.75021545   7.57650414   7.39182470   7.20178231   7.01013430   6.81913669   6.62992075   6.44283751   6.25774231   6.07421362   5.89171173   5.70968779   5.52765419   5.34522607   5.16214217   4.97827124   4.79360868   4.60826694   4.42246203   4.23649805   4.05075091   3.86565197   3.68167245   3.49930869   3.31906879   3.14146050   2.96698066   2.79610607   2.62928579   2.46693490   2.30942949   2.15710302   2.01024370   1.86909302   1.73384517   1.60464730   1.48160058   1.36476174   1.25414531   1.14972619   1.05144255   0.95919905   0.87287018   0.79230370   0.71732419   0.64773647   0.58332902   0.52387729   0.46914681   0.41889615   0.37287969   0.33085012   0.29256074   0.25776755   0.22623100   0.19771760   0.17200126   0.14886437   0.12809869   0.10950608   0.09289893   0.07810055   0.06494529   0.05327858   0.04295686   0.03384733   0.02582769   0.01878575   0.01261899   0.00723411   0.00254650  -0.00152031  -0.00503519  -0.00805998  -0.01065002  -0.01285471  -0.01471803  -0.01627905  -0.01757240  -0.01862875  -0.01947521  -0.02013571  -0.02063143  -0.02098105  -0.02120111  -0.02130626  -0.02130951  -0.02122242  -0.02105534  -0.02081753  -0.02051735  -0.02016234  -0.01975934  -0.01931462  -0.01883390  -0.01832244  -0.01778511  -0.01722638  -0.01665042  -0.01606109  -0.01546196  -0.01485636  -0.01424735  -0.01363778  -0.01303025  -0.01242715  -0.01183068  -0.01124282  -0.01066535  -0.01009986  -0.00954777  -0.00901031  -0.00848853  -0.00798333  -0.00749546  -0.00702550  -0.00657389  -0.00614096  -0.00572690  -0.00533179  -0.00495561  -0.00459823  -0.00425943  -0.00393895  -0.00363642  -0.00335141  -0.00308347  -0.00283208  -0.00259668  -0.00237669 
  0.00100212   0.66769608   1.33305001   1.99359693   2.64662414   3.28904190   3.91725126   4.52701410   5.11333760   5.67039529   6.19152050   6.66932162   7.09597807   7.46376770   7.76583768   7.99715103   8.15543288   8.24185316   8.26118495   8.22131319   8.13219226   8.00454414   7.84864368   7.67344283   7.48612117   7.29201043   7.09477159   6.89669901   6.69905615   6.50238542   6.30676560   6.11201079   5.91781525   5.72385314   5.52984316   5.33558667   5.14098691   4.94605486   4.75090616   4.55575224   4.36088795   4.16667734   3.97353874   3.78193000   3.59233424   3.40524676   3.22116305   3.04056818   2.86392765   2.69167961   2.52422844   2.36193973   2.20513644   2.05409629   1.90905014   1.77018146   1.63762646   1.51147518   1.39177308   1.27852323   1.17168893   1.07119668   0.97693940   0.88877986   0.80655418   0.73007540   0.65913698   0.59351630   0.53297799   0.47727709   0.42616207   0.37937765   0.33666730   0.29777561   0.26245036   0.23044431   0.20151684   0.17543522   0.15197576   0.13092470   0.11207883   0.09524605   0.08024560   0.06690826   0.05507631   0.04460345   0.03535452   0.02720521   0.02004164   0.01375993   0.00826563   0.00347324  -0.00069441  -0.00430668  -0.00742578  -0.01010726  -0.01240065  -0.01434996  -0.01599422  -0.01736796  -0.01850174  -0.01942250  -0.02015403  -0.02071733  -0.02113092  -0.02141120  -0.02157269  -0.02162828  -0.02158946  -0.02146652  -0.02126871  -0.02100437  -0.02068107  -0.02030572  -0.01988465  -0.01942371  -0.01892827  -0.01840333  -0.01785356  -0.01728328  -0.01669655  -0.01609713  -0.01548856  -0.01487410  -0.01425681  -0.01363952  -0.01302481  -0.01241510  -0.01181255  -0.01121916  -0.01063669  -0.01006675  -0.00951073  -0.00896985  -0.00844516  -0.00793753  -0.00744769  -0.00697620  -0.00652348  -0.00608983  -0.00567542  -0.00528028  -0.00490438  -0.00454755  -0.00420956  -0.00389009  -0.00358876  -0.00330512  -0.00303868  -0.00278890  -0.00255520 
  0.00095367   0.63546490   1.26903677   1.89873451   2.52239797   3.13759163   3.74150169   4.33082767   4.90167327   5.44944756   5.96879697   6.45359997   6.89707020   7.29202155   7.63134303   7.90869629   8.11937730   8.26118495   8.33505806   8.34524160   8.29886228   8.20499667   8.07349212   7.91385536   7.73444106   7.54202481   7.34171735   7.13711208   6.93055251   6.72343211   6.51647356   6.30996221   6.10392719   5.89827388   5.69287543   5.48763221   5.28250707   5.07754318   4.87286957   4.66869855   4.46531765   4.26307853   4.06238410   3.86367518   3.66741719   3.47408756   3.28416419   3.09811495   2.91638862   2.73940713   2.56755913   2.40119488   2.24062239   2.08610474   1.93785844   1.79605279   1.66081010   1.53220664   1.41027431   1.29500280   1.18634223   1.08420617   0.98847484   0.89899860   0.81560148   0.73808479   0.66623065   0.59980553   0.53856359   0.48224991   0.43060350   0.38336015   0.34025495   0.30102467   0.26540982   0.23315648   0.20401790   0.17775578   0.15414140   0.13295647   0.11399382   0.09705779   0.08196459   0.06854236   0.05663116   0.04608283   0.03676071   0.02853928   0.02130375   0.01494954   0.00938178   0.00451469   0.00027102  -0.00341858  -0.00661612  -0.00937694  -0.01175023  -0.01377964  -0.01550379  -0.01695681  -0.01816878  -0.01916625  -0.01997259  -0.02060840  -0.02109184  -0.02143899  -0.02166406  -0.02177971  -0.02179721  -0.02172669  -0.02157726  -0.02135718  -0.02107398  -0.02073456  -0.02034528  -0.01991204  -0.01944031  -0.01893521  -0.01840153  -0.01784376  -0.01726612  -0.01667259  -0.01606687  -0.01545246  -0.01483261  -0.01421036  -0.01358854  -0.01296974  -0.01235636  -0.01175059  -0.01115440  -0.01056958  -0.00999771  -0.00944019  -0.00889822  -0.00837284  -0.00786490  -0.00737511  -0.00690401  -0.00645200  -0.00601935  -0.00560619  -0.00521255  -0.00483835  -0.00448341  -0.00414746  -0.00383017  -0.00353112  -0.00324985  -0.00298583  -0.00273851 
