# coconut-me2b/v0.99.21 
# 
# momentum space matrix elements 
# partial wave J=2, L=1/1, S=1, T=1, MT=-1 
# 
# momentum grid [fm^-1]
0.000000 0.066667 0.133333 0.200000 0.266667 0.333333 0.400000 0.466667 0.533333 0.600000 0.666667 0.733333 0.800000 0.866667 0.933333 1.000000 1.066667 1.133333 1.200000 1.266667 1.333333 1.400000 1.466667 1.533333 1.600000 1.666667 1.733333 1.800000 1.866667 1.933333 2.000000 2.066667 2.133333 2.200000 2.266667 2.333333 2.400000 2.466667 2.533333 2.600000 2.666667 2.733333 2.800000 2.866667 2.933333 3.000000 3.066667 3.133333 3.200000 3.266667 3.333333 3.400000 3.466667 3.533333 3.600000 3.666667 3.733333 3.800000 3.866667 3.933333 4.000000 4.066667 4.133333 4.200000 4.266667 4.333333 4.400000 4.466667 4.533333 4.600000 4.666667 4.733333 4.800000 4.866667 4.933333 5.000000 5.066667 5.133333 5.200000 5.266667 5.333333 5.400000 5.466667 5.533333 5.600000 5.666667 5.733333 5.800000 5.866667 5.933333 6.000000 6.066667 6.133333 6.200000 6.266667 6.333333 6.400000 6.466667 6.533333 6.600000 6.666667 6.733333 6.800000 6.866667 6.933333 7.000000 7.066667 7.133333 7.200000 7.266667 7.333333 7.400000 7.466667 7.533333 7.600000 7.666667 7.733333 7.800000 7.866667 7.933333 8.000000 8.066667 8.133333 8.200000 8.266667 8.333333 8.400000 8.466667 8.533333 8.600000 8.666667 8.733333 8.800000 8.866667 8.933333 9.000000 9.066667 9.133333 9.200000 9.266667 9.333333 9.400000 9.466667 9.533333 9.600000 9.666667 9.733333 9.800000 9.866667 9.933333 10.000000 
#
# matrix elements [MeV fm^3] 
 -0.00000006  -0.00004019  -0.00008164  -0.00012497  -0.00016990  -0.00021533  -0.00025977  -0.00030168  -0.00033982  -0.00037331  -0.00040169  -0.00042481  -0.00044276  -0.00045577  -0.00046420  -0.00046846  -0.00046895  -0.00046612  -0.00046037  -0.00045210  -0.00044170  -0.00042950  -0.00041584  -0.00040100  -0.00038527  -0.00036887  -0.00035204  -0.00033496  -0.00031780  -0.00030071  -0.00028382  -0.00026723  -0.00025104  -0.00023531  -0.00022011  -0.00020548  -0.00019145  -0.00017804  -0.00016527  -0.00015313  -0.00014163  -0.00013076  -0.00012049  -0.00011083  -0.00010173  -0.00009318  -0.00008516  -0.00007764  -0.00007059  -0.00006398  -0.00005779  -0.00005200  -0.00004658  -0.00004150  -0.00003675  -0.00003231  -0.00002815  -0.00002426  -0.00002062  -0.00001722  -0.00001405  -0.00001108  -0.00000833  -0.00000576  -0.00000338  -0.00000117   0.00000086   0.00000273   0.00000445   0.00000602   0.00000744   0.00000872   0.00000986   0.00001087   0.00001176   0.00001253   0.00001318   0.00001372   0.00001415   0.00001449   0.00001472   0.00001487   0.00001494   0.00001492   0.00001483   0.00001467   0.00001445   0.00001418   0.00001385   0.00001347   0.00001306   0.00001261   0.00001213   0.00001163   0.00001110   0.00001056   0.00001001   0.00000945   0.00000889   0.00000832   0.00000776   0.00000721   0.00000666   0.00000612   0.00000560   0.00000510   0.00000461   0.00000413   0.00000368   0.00000325   0.00000284   0.00000245   0.00000208   0.00000173   0.00000141   0.00000111   0.00000083   0.00000057   0.00000033   0.00000012  -0.00000008  -0.00000026  -0.00000042  -0.00000056  -0.00000069  -0.00000080  -0.00000090  -0.00000098  -0.00000105  -0.00000110  -0.00000115  -0.00000119  -0.00000121  -0.00000123  -0.00000124  -0.00000124  -0.00000123  -0.00000122  -0.00000121  -0.00000119  -0.00000116  -0.00000114  -0.00000111  -0.00000108  -0.00000104  -0.00000101  -0.00000097  -0.00000093  -0.00000089  -0.00000085  -0.00000082 
 -0.00004019  -0.02693795  -0.05465216  -0.08353285  -0.11339484  -0.14354431  -0.17301226  -0.20081240  -0.22612473  -0.24837816  -0.26725387  -0.28264556  -0.29460555  -0.30329400  -0.30893795  -0.31180129  -0.31216405  -0.31030869  -0.30651146  -0.30103690  -0.29413468  -0.28603776  -0.27696151  -0.26710334  -0.25664281  -0.24574194  -0.23454578  -0.22318300  -0.21176675  -0.20039540  -0.18915352  -0.17811276  -0.16733283  -0.15686245  -0.14674037  -0.13699626  -0.12765169  -0.11872103  -0.11021236  -0.10212823  -0.09446654  -0.08722122  -0.08038293  -0.07393973  -0.06787759  -0.06218100  -0.05683335  -0.05181739  -0.04711560  -0.04271044  -0.03858466  -0.03472149  -0.03110482  -0.02771932  -0.02455053  -0.02158494  -0.01881000  -0.01621418  -0.01378686  -0.01151843  -0.00940012  -0.00742403  -0.00558302  -0.00387068  -0.00228119  -0.00080933   0.00054969   0.00180022   0.00294630   0.00399168   0.00493994   0.00579448   0.00655863   0.00723562   0.00782871   0.00834113   0.00877617   0.00913714   0.00942744   0.00965052   0.00980989   0.00990913   0.00995190   0.00994186   0.00988276   0.00977831   0.00963227   0.00944836   0.00923028   0.00898167   0.00870612   0.00840711   0.00808803   0.00775216   0.00740265   0.00704250   0.00667456   0.00630152   0.00592590   0.00555004   0.00517612   0.00480612   0.00444184   0.00408492   0.00373680   0.00339875   0.00307188   0.00275714   0.00245530   0.00216700   0.00189273   0.00163285   0.00138759   0.00115709   0.00094134   0.00074026   0.00055369   0.00038138   0.00022300   0.00007818  -0.00005351  -0.00017255  -0.00027945  -0.00037475  -0.00045902  -0.00053283  -0.00059677  -0.00065145  -0.00069746  -0.00073540  -0.00076584  -0.00078937  -0.00080654  -0.00081790  -0.00082398  -0.00082528  -0.00082229  -0.00081546  -0.00080524  -0.00079203  -0.00077623  -0.00075819  -0.00073826  -0.00071675  -0.00069395  -0.00067013  -0.00064553  -0.00062038  -0.00059487  -0.00056919  -0.00054350 
 -0.00008164  -0.05465216  -0.11053235  -0.16824851  -0.22746085  -0.28695392  -0.34499720  -0.39978103  -0.44975540  -0.49380475  -0.53127852  -0.56193317  -0.58583880  -0.60328458  -0.61469936  -0.62059165  -0.62150727  -0.61800087  -0.61061746  -0.59988080  -0.58628637  -0.57029731  -0.55234233  -0.53281483  -0.51207293  -0.49044000  -0.46820571  -0.44562722  -0.42293074  -0.40031314  -0.37794372  -0.35596607  -0.33449996  -0.31364326  -0.29347386  -0.27405163  -0.25542019  -0.23760882  -0.22063417  -0.20450191  -0.18920832  -0.17474178  -0.16108415  -0.14821198  -0.13609773  -0.12471079  -0.11401838  -0.10398641  -0.09458018  -0.08576499  -0.07750667  -0.06977197  -0.06252895  -0.05574719  -0.04939801  -0.04345460  -0.03789204  -0.03268740  -0.02781964  -0.02326960  -0.01901990  -0.01505481  -0.01136014  -0.00792310  -0.00473215  -0.00177684   0.00095234   0.00346409   0.00576645   0.00786696   0.00977273   0.01149058   0.01302716   0.01438898   0.01558253   0.01661430   0.01749088   0.01821892   0.01880522   0.01925669   0.01958040   0.01978353   0.01987336   0.01985730   0.01974280   0.01953735   0.01924845   0.01888357   0.01845012   0.01795540   0.01740657   0.01681064   0.01617440   0.01550440   0.01480695   0.01408807   0.01335347   0.01260853   0.01185829   0.01110747   0.01036040   0.00962106   0.00889307   0.00817969   0.00748383   0.00680803   0.00615452   0.00552518   0.00492158   0.00434501   0.00379644   0.00327660   0.00278596   0.00232478   0.00189307   0.00149069   0.00111728   0.00077236   0.00045529   0.00016532  -0.00009841  -0.00033685  -0.00055101  -0.00074198  -0.00091089  -0.00105888  -0.00118715  -0.00129688  -0.00138927  -0.00146549  -0.00152673  -0.00157413  -0.00160881  -0.00163185  -0.00164432  -0.00164722  -0.00164152  -0.00162814  -0.00160795  -0.00158177  -0.00155040  -0.00151454  -0.00147488  -0.00143205  -0.00138663  -0.00133915  -0.00129010  -0.00123994  -0.00118905  -0.00113781  -0.00108655 
 -0.00012497  -0.08353285  -0.16824851  -0.25468690  -0.34236656  -0.42979669  -0.51481768  -0.59508333  -0.66849117  -0.73344953  -0.78896767  -0.83461661  -0.87042338  -0.89674821  -0.91417314  -0.92341331  -0.92525181  -0.92049453  -0.90994008  -0.89436043  -0.87448894  -0.85101317  -0.82457104  -0.79574896  -0.76508150  -0.73305199  -0.70009384  -0.66659222  -0.63288629  -0.59927154  -0.56600239  -0.53329488  -0.50132953  -0.47025414  -0.44018666  -0.41121805  -0.38341503  -0.35682277  -0.33146754  -0.30735917  -0.28449338  -0.26285401  -0.24241508  -0.22314265  -0.20499657  -0.18793201  -0.17190089  -0.15685305  -0.14273739  -0.12950274  -0.11709864  -0.10547598  -0.09458752  -0.08438827  -0.07483578  -0.06589032  -0.05751501  -0.04967583  -0.04234158  -0.03548385  -0.02907680  -0.02309709  -0.01752362  -0.01233737  -0.00752115  -0.00305938   0.00106210   0.00485631   0.00833528   0.01151026   0.01439193   0.01699054   0.01931605   0.02137827   0.02318694   0.02475186   0.02608292   0.02719017   0.02808382   0.02877431   0.02927226   0.02958849   0.02973399   0.02971988   0.02955739   0.02925780   0.02883239   0.02829241   0.02764899   0.02691312   0.02609559   0.02520692   0.02425732   0.02325667   0.02221443   0.02113966   0.02004094   0.01892637   0.01780355   0.01667953   0.01556086   0.01445352   0.01336295   0.01229406   0.01125122   0.01023828   0.00925857   0.00831495   0.00740977   0.00654497   0.00572204   0.00494208   0.00420582   0.00351362   0.00286556   0.00226138   0.00170061   0.00118250   0.00070612   0.00027034  -0.00012612  -0.00048466  -0.00080681  -0.00109420  -0.00134848  -0.00157141  -0.00176475  -0.00193027  -0.00206976  -0.00218499  -0.00227772  -0.00234967  -0.00240252  -0.00243789  -0.00245737  -0.00246246  -0.00245462  -0.00243522  -0.00240558  -0.00236693  -0.00232044  -0.00226720  -0.00220822  -0.00214445  -0.00207676  -0.00200595  -0.00193276  -0.00185786  -0.00178186  -0.00170530  -0.00162867 
 -0.00016990  -0.11339484  -0.22746085  -0.34236656  -0.45744131  -0.57111208  -0.68111953  -0.78491553  -0.88009116  -0.96470457  -1.03744821  -1.09766607  -1.14527134  -1.18061972  -1.20437872  -1.21741488  -1.22070588  -1.21527690  -1.20215664  -1.18234815  -1.15681015  -1.12644560  -1.09209500  -1.05453307  -1.01446750  -0.97253930  -0.92932414  -0.88533444  -0.84102201  -0.79678110  -0.75295169  -0.70982308  -0.66763748  -0.62659376  -0.58685122  -0.54853330  -0.51173124  -0.47650766  -0.44289997  -0.41092368  -0.38057549  -0.35183623  -0.32467355  -0.29904444  -0.27489753  -0.25217510  -0.23081499  -0.21075221  -0.19192034  -0.17425277  -0.15768375  -0.14214918  -0.12758736  -0.11393946  -0.10114993  -0.08916677  -0.07794163  -0.06742992  -0.05759071  -0.04838666  -0.03978386  -0.03175159  -0.02426209  -0.01729028  -0.01081349  -0.00481114   0.00073552   0.00584372   0.01052944   0.01480765   0.01869256   0.02219785   0.02533682   0.02812259   0.03056822   0.03268681   0.03449164   0.03599616   0.03721408   0.03815940   0.03884635   0.03928945   0.03950341   0.03950316   0.03930374   0.03892025   0.03836781   0.03766149   0.03681618   0.03584661   0.03476720   0.03359204   0.03233481   0.03100869   0.02962638   0.02819997   0.02674096   0.02526018   0.02376780   0.02227326   0.02078532   0.01931198   0.01786054   0.01643757   0.01504892   0.01369974   0.01239452   0.01113708   0.00993060   0.00877766   0.00768030   0.00664000   0.00565774   0.00473405   0.00386902   0.00306236   0.00231343   0.00162127   0.00098465   0.00040209  -0.00012811  -0.00060782  -0.00103905  -0.00142394  -0.00176473  -0.00206370  -0.00232321  -0.00254562  -0.00273331  -0.00288862  -0.00301390  -0.00311142  -0.00318343  -0.00323208  -0.00325949  -0.00326766  -0.00325852  -0.00323392  -0.00319560  -0.00314520  -0.00308429  -0.00301431  -0.00293662  -0.00285248  -0.00276305  -0.00266941  -0.00257253  -0.00247332  -0.00237259  -0.00227106  -0.00216939 
 -0.00021533  -0.14354431  -0.28695392  -0.42979669  -0.57111208  -0.70931079  -0.84224769  -0.96745933  -1.08249645  -1.18524744  -1.27416480  -1.34835803  -1.40756813  -1.45206745  -1.48252994  -1.49990440  -1.50530720  -1.49993961  -1.48502795  -1.46178230  -1.43136913  -1.39489382  -1.35339012  -1.30781420  -1.25904207  -1.20786906  -1.15501093  -1.10110605  -1.04671836  -0.99234090  -0.93839976  -0.88525836  -0.83322180  -0.78254149  -0.73341970  -0.68601414  -0.64044247  -0.59678667  -0.55509731  -0.51539762  -0.47768727  -0.44194604  -0.40813718  -0.37621048  -0.34610515  -0.31775233  -0.29107745  -0.26600222  -0.24244639  -0.22032930  -0.19957115  -0.18009406  -0.16182294  -0.14468611  -0.12861583  -0.11354861  -0.09942538  -0.08619160  -0.07379718  -0.06219637  -0.05134757  -0.04121308  -0.03175876  -0.02295374  -0.01477007  -0.00718234  -0.00016735   0.00629628   0.01222839   0.01764764   0.02257177   0.02701786   0.03100260   0.03454244   0.03765378   0.04035312   0.04265714   0.04458278   0.04614731   0.04736834   0.04826380   0.04885195   0.04915133   0.04918069   0.04895897   0.04850516   0.04783827   0.04697721   0.04594074   0.04474733   0.04341512   0.04196178   0.04040449   0.03875983   0.03704371   0.03527134   0.03345714   0.03161472   0.02975682   0.02789534   0.02604124   0.02420460   0.02239458   0.02061944   0.01888654   0.01720237   0.01557257   0.01400196   0.01249455   0.01105364   0.00968177   0.00838084   0.00715212   0.00599629   0.00491352   0.00390346   0.00296535   0.00209802   0.00129995   0.00056931  -0.00009599  -0.00069825  -0.00123998  -0.00172384  -0.00215259  -0.00252908  -0.00285624  -0.00313700  -0.00337432  -0.00357113  -0.00373034  -0.00385479  -0.00394726  -0.00401048  -0.00404704  -0.00405946  -0.00405016  -0.00402143  -0.00397545  -0.00391428  -0.00383986  -0.00375400  -0.00365841  -0.00355466  -0.00344420  -0.00332839  -0.00320844  -0.00308548  -0.00296053  -0.00283450  -0.00270823 
 -0.00025977  -0.17301226  -0.34499720  -0.51481768  -0.68111953  -0.84224769  -0.99622571  -1.14083624  -1.27380674  -1.39305602  -1.49692713  -1.58434106  -1.65484404  -1.70856178  -1.74609624  -1.76840170  -1.77666659  -1.77221432  -1.75642701  -1.73069013  -1.69635429  -1.65470992  -1.60697118  -1.55426645  -1.49763333  -1.43801681  -1.37626962  -1.31315418  -1.24934560  -1.18543555  -1.12193667  -1.05928743  -0.99785722  -0.93795164  -0.87981786  -0.82364999  -0.76959435  -0.71775468  -0.66819713  -0.62095507  -0.57603359  -0.53341387  -0.49305710  -0.45490820  -0.41889916  -0.38495216  -0.35298222  -0.32289968  -0.29461227  -0.26802698  -0.24305156  -0.21959578  -0.19757249  -0.17689841  -0.15749471  -0.13928740  -0.12220760  -0.10619161  -0.09118087  -0.07712185  -0.06396579  -0.05166844  -0.04018969  -0.02949319  -0.01954597  -0.01031800  -0.00178176   0.00608811   0.01331527   0.01992199   0.02592952   0.03135838   0.03622862   0.04056009   0.04437258   0.04768601   0.05052057   0.05289675   0.05483546   0.05635800   0.05748607   0.05824177   0.05864752   0.05872601   0.05850011   0.05799280   0.05722704   0.05622568   0.05501135   0.05360637   0.05203262   0.05031144   0.04846356   0.04650898   0.04446689   0.04235564   0.04019262   0.03799425   0.03577592   0.03355196   0.03133563   0.02913907   0.02697337   0.02484848   0.02277332   0.02075574   0.01880256   0.01691962   0.01511181   0.01338312   0.01173668   0.01017481   0.00869908   0.00731037   0.00600891   0.00479435   0.00366580   0.00262191   0.00166089   0.00078060  -0.00002145  -0.00074798  -0.00140198  -0.00198660  -0.00250512  -0.00296096  -0.00335758  -0.00369851  -0.00398725  -0.00422731  -0.00442217  -0.00457522  -0.00468980  -0.00476915  -0.00481639  -0.00483453  -0.00482647  -0.00479495  -0.00474258  -0.00467184  -0.00458506  -0.00448441  -0.00437192  -0.00424951  -0.00411890  -0.00398173  -0.00383946  -0.00369346  -0.00354494  -0.00339501  -0.00324467 
 -0.00030168  -0.20081240  -0.39978103  -0.59508333  -0.78491553  -0.96745933  -1.14083624  -1.30308937  -1.45223245  -1.58637774  -1.70391281  -1.80366846  -1.88502474  -1.94793221  -1.99285844  -2.02068870  -2.03261120  -2.03000884  -2.01436857  -1.98721150  -1.95004218  -1.90431338  -1.85140290  -1.79259896  -1.72909183  -1.66196982  -1.59221829  -1.52072091  -1.44826246  -1.37553268  -1.30313102  -1.23157191  -1.16129043  -1.09264818  -1.02593939  -0.96139695  -0.89919846  -0.83947211  -0.78230241  -0.72773571  -0.67578541  -0.62643686  -0.57965199  -0.53537353  -0.49352892  -0.45403381  -0.41679526  -0.38171449  -0.34868936  -0.31761650  -0.28839305  -0.26091819  -0.23509429  -0.21082790  -0.18803042  -0.16661857  -0.14651469  -0.12764689  -0.10994898  -0.09336035  -0.07782575  -0.06329489  -0.04972217  -0.03706614  -0.02528912  -0.01435669  -0.00423726   0.00509842   0.01367770   0.02152641   0.02866927   0.03513022   0.04093272   0.04610003   0.05065540   0.05462226   0.05802435   0.06088582   0.06323127   0.06508581   0.06647502   0.06742490   0.06796186   0.06811261   0.06790406   0.06736323   0.06651712   0.06539261   0.06401627   0.06241434   0.06061250   0.05863584   0.05650866   0.05425445   0.05189577   0.04945412   0.04694993   0.04440247   0.04182981   0.03924878   0.03667493   0.03412257   0.03160468   0.02913300   0.02671801   0.02436895   0.02209387   0.01989967   0.01779212   0.01577597   0.01385492   0.01203178   0.01030843   0.00868598   0.00716475   0.00574440   0.00442396   0.00320189   0.00207619   0.00104438   0.00010363  -0.00074920  -0.00151755  -0.00220504  -0.00281549  -0.00335283  -0.00382108  -0.00422430  -0.00456658  -0.00485199  -0.00508454  -0.00526819  -0.00540682  -0.00550418  -0.00556392  -0.00558953  -0.00558437  -0.00555166  -0.00549443  -0.00541556  -0.00531778  -0.00520361  -0.00507545  -0.00493550  -0.00478580  -0.00462826  -0.00446459  -0.00429638  -0.00412507  -0.00395195  -0.00377819 
 -0.00033982  -0.22612473  -0.44975540  -0.66849117  -0.88009116  -1.08249645  -1.27380674  -1.45223245  -1.61606074  -1.76367319  -1.89362906  -2.00479198  -2.09645318  -2.16840651  -2.22095487  -2.25485530  -2.27122633  -2.27144316  -2.25703918  -2.22962348  -2.19081708  -2.14220654  -2.08531174  -2.02156476  -1.95229685  -1.87873117  -1.80197984  -1.72304390  -1.64281542  -1.56208115  -1.48152725  -1.40174481  -1.32323593  -1.24642012  -1.17164091  -1.09917258  -1.02922679  -0.96195921  -0.89747582  -0.83583914  -0.77707403  -0.72117324  -0.66810254  -0.61780556  -0.57020813  -0.52522226  -0.48274972  -0.44268525  -0.40491928  -0.36934033  -0.33583710  -0.30430013  -0.27462315  -0.24670419  -0.22044640  -0.19575857  -0.17255551  -0.15075820  -0.13029379  -0.11109547  -0.09310217  -0.07625828  -0.06051316  -0.04582074  -0.03213901  -0.01942945  -0.00765662   0.00321245   0.01320864   0.02236129   0.03069854   0.03824775   0.04503579   0.05108938   0.05643528   0.06110049   0.06511240   0.06849891   0.07128842   0.07350993   0.07519299   0.07636764   0.07706436   0.07731398   0.07714755   0.07659623   0.07569116   0.07446329   0.07294327   0.07116129   0.06914695   0.06692909   0.06453574   0.06199390   0.05932951   0.05656735   0.05373091   0.05084236   0.04792252   0.04499074   0.04206494   0.03916158   0.03629565   0.03348068   0.03072874   0.02805053   0.02545535   0.02295119   0.02054476   0.01824156   0.01604596   0.01396122   0.01198961   0.01013248   0.00839028   0.00676270   0.00524872   0.00384666   0.00255429   0.00136885   0.00028718  -0.00069426  -0.00157934  -0.00237214  -0.00307697  -0.00369829  -0.00424064  -0.00470863  -0.00510689  -0.00544005  -0.00571265  -0.00592922  -0.00609413  -0.00621168  -0.00628601  -0.00632110  -0.00632079  -0.00628874  -0.00622840  -0.00614309  -0.00603588  -0.00590970  -0.00576726  -0.00561109  -0.00544354  -0.00526677  -0.00508275  -0.00489332  -0.00470012  -0.00450464  -0.00430822 
 -0.00037331  -0.24837816  -0.49380475  -0.73344953  -0.96470457  -1.18524744  -1.39305602  -1.58637774  -1.76367319  -1.92356856  -2.06485074  -2.18651917  -2.28787732  -2.36862489  -2.42891200  -2.46933711  -2.49089358  -2.49488453  -2.48282762  -2.45636566  -2.41719173  -2.36699110  -2.30739885  -2.23997064  -2.16616358  -2.08732474  -2.00468517  -1.91935791  -1.83233895  -1.74451015  -1.65664375  -1.56940788  -1.48337280  -1.39901770  -1.31673774  -1.23685123  -1.15960692  -1.08519112  -1.01373468  -0.94531970  -0.87998602  -0.81773724  -0.75854648  -0.70236161  -0.64911013  -0.59870358  -0.55104152  -0.50601502  -0.46350981  -0.42340891  -0.38559493  -0.34995197  -0.31636718  -0.28473194  -0.25494282  -0.22690225  -0.20051888  -0.17570780  -0.15239059  -0.13049518  -0.10995555  -0.09071143  -0.07270781  -0.05589449  -0.04022552  -0.02565867  -0.01215489   0.00032227   0.01180713   0.02233238   0.03192956   0.04062940   0.04846223   0.05545823   0.06164774   0.06706141   0.07173037   0.07568632   0.07896163   0.08158927   0.08360286   0.08503660   0.08592515   0.08630357   0.08620714   0.08567129   0.08473136   0.08342250   0.08177951   0.07983663   0.07762743   0.07518463   0.07253999   0.06972414   0.06676648   0.06369508   0.06053658   0.05731612   0.05405727   0.05078201   0.04751065   0.04426188   0.04105271   0.03789850   0.03481301   0.03180839   0.02889524   0.02608270   0.02337844   0.02078877   0.01831873   0.01597212   0.01375161   0.01165881   0.00969436   0.00785800   0.00614868   0.00456462   0.00310338   0.00176197   0.00053691  -0.00057572  -0.00158018  -0.00248101  -0.00328299  -0.00399107  -0.00461030  -0.00514584  -0.00560283  -0.00598644  -0.00630176  -0.00655383  -0.00674757  -0.00688777  -0.00697906  -0.00702592  -0.00703265  -0.00700335  -0.00694192  -0.00685205  -0.00673723  -0.00660073  -0.00644561  -0.00627473  -0.00609071  -0.00589601  -0.00569287  -0.00548334  -0.00526928  -0.00505239  -0.00483418 
 -0.00040169  -0.26725387  -0.53127852  -0.78896767  -1.03744821  -1.27416480  -1.49692713  -1.70391281  -1.89362906  -2.06485074  -2.21656449  -2.34794914  -2.45840579  -2.54762433  -2.61565329  -2.66293972  -2.69032206  -2.69897956  -2.69035455  -2.66606607  -2.62782895  -2.57738579  -2.51645414  -2.44668805  -2.36965150  -2.28680137  -2.19947739  -2.10889747  -2.01615671  -1.92222923  -1.82797195  -1.73412986  -1.64134220  -1.55014941  -1.46100042  -1.37426032  -1.29021795  -1.20909361  -1.13104650  -1.05618201  -0.98455865  -0.91619464  -0.85107411  -0.78915286  -0.73036362  -0.67462090  -0.62182531  -0.57186745  -0.52463130  -0.47999717  -0.43784420  -0.39805250  -0.36050485  -0.32508806  -0.29169402  -0.26022045  -0.23057139  -0.20265742  -0.17639576  -0.15171013  -0.12853050  -0.10679274  -0.08643815  -0.06741298  -0.04966783  -0.03315714  -0.01783855  -0.00367238   0.00937895   0.02135138   0.03227975   0.04219814   0.05114032   0.05913999   0.06623111   0.07244806   0.07782577   0.08239991   0.08620682   0.08928362   0.09166812   0.09339876   0.09451452   0.09505478   0.09505920   0.09456754   0.09361948   0.09225447   0.09051152   0.08842904   0.08604465   0.08339503   0.08051576   0.07744114   0.07420413   0.07083615   0.06736706   0.06382500   0.06023641   0.05662589   0.05301623   0.04942839   0.04588145   0.04239268   0.03897753   0.03564967   0.03242107   0.02930203   0.02630123   0.02342586   0.02068164   0.01807296   0.01560293   0.01327346   0.01108541   0.00903862   0.00713204   0.00536381   0.00373135   0.00223142   0.00086026  -0.00038637  -0.00151312  -0.00252497  -0.00342712  -0.00422502  -0.00492422  -0.00553035  -0.00604912  -0.00648618  -0.00684718  -0.00713764  -0.00736301  -0.00752858  -0.00763948  -0.00770066  -0.00771688  -0.00769267  -0.00763237  -0.00754007  -0.00741965  -0.00727473  -0.00710872  -0.00692479  -0.00672589  -0.00651473  -0.00629382  -0.00606544  -0.00583169  -0.00559445  -0.00535544 
 -0.00042481  -0.28264556  -0.56193317  -0.83461661  -1.09766607  -1.34835803  -1.58434106  -1.80366846  -2.00479198  -2.18651917  -2.34794914  -2.48841278  -2.60744391  -2.70479421  -2.78048158  -2.83484377  -2.86856787  -2.88268037  -2.87849994  -2.85756668  -2.82156396  -2.77224507  -2.71137160  -2.64066544  -2.56177396  -2.47624606  -2.38551714  -2.29090051  -2.19358389  -2.09462944  -1.99497643  -1.89544578  -1.79674599  -1.69947992  -1.60415229  -1.51117743  -1.42088733  -1.33353961  -1.24932545  -1.16837728  -1.09077618  -1.01655890  -0.94572453  -0.87824064  -0.81404899  -0.75307073  -0.69521105  -0.64036346  -0.58841338  -0.53924142  -0.49272609  -0.44874613  -0.40718238  -0.36791930  -0.33084616  -0.29585783  -0.26285538  -0.23174639  -0.20244504  -0.17487202  -0.14895431  -0.12462480  -0.10182187  -0.08048884  -0.06057342  -0.04202713  -0.02480467  -0.00886340   0.00583730   0.01933650   0.03167222   0.04288187   0.05300262   0.06207173   0.07012682   0.07720604   0.08334827   0.08859316   0.09298121   0.09655375   0.09935291   0.10142148   0.10280289   0.10354097   0.10367985   0.10326374   0.10233677   0.10094277   0.09912510   0.09692640   0.09438845   0.09155197   0.08845642   0.08513989   0.08163893   0.07798841   0.07422145   0.07036929   0.06646126   0.06252468   0.05858487   0.05466509   0.05078658   0.04696853   0.04322817   0.03958074   0.03603961   0.03261628   0.02932053   0.02616042   0.02314246   0.02027162   0.01755150   0.01498440   0.01257139   0.01031246   0.00820661   0.00625193   0.00444572   0.00278456   0.00126442  -0.00011925  -0.00137144  -0.00249752  -0.00350314  -0.00439418  -0.00517667  -0.00585675  -0.00644059  -0.00693439  -0.00734427  -0.00767628  -0.00793637  -0.00813030  -0.00826371  -0.00834200  -0.00837039  -0.00835385  -0.00829714  -0.00820475  -0.00808093  -0.00792969  -0.00775476  -0.00755965  -0.00734760  -0.00712160  -0.00688442  -0.00663860  -0.00638645  -0.00613006  -0.00587131 
 -0.00044276  -0.29460555  -0.58583880  -0.87042338  -1.14527134  -1.40756813  -1.65484404  -1.88502474  -2.09645318  -2.28787732  -2.45840579  -2.60744391  -2.73463258  -2.83981398  -2.92303588  -2.98458664  -3.02503668  -3.04526052  -3.04642530  -3.02994708  -2.99742667  -2.95057880  -2.89116583  -2.82094181  -2.74160908  -2.65478672  -2.56198927  -2.46461335  -2.36393070  -2.26108567  -2.15709622  -2.05285736  -1.94914636  -1.84662921  -1.74586792  -1.64732840  -1.55138860  -1.45834675  -1.36842959  -1.28180041  -1.19856682  -1.11878817  -1.04248254  -0.96963333  -0.90019528  -0.83410001  -0.77126106  -0.71157837  -0.65494223  -0.60123673  -0.55034277  -0.50214050  -0.45651144  -0.41334009  -0.37251527  -0.33393100  -0.29748719  -0.26309002  -0.23065206  -0.20009226  -0.17133570  -0.14431327  -0.11896126  -0.09522076  -0.07303718  -0.05235961  -0.03314023  -0.01533371   0.00110335   0.01621296   0.03003623   0.04261382   0.05398628   0.06419443   0.07327957   0.08128372   0.08824973   0.09422138   0.09924340   0.10336144   0.10662206   0.10907257   0.11076089   0.11173546   0.11204497   0.11173823   0.11086391   0.10947033   0.10760528   0.10531574   0.10264775   0.09964612   0.09635434   0.09281430   0.08906626   0.08514860   0.08109777   0.07694817   0.07273210   0.06847965   0.06421872   0.05997496   0.05577180   0.05163044   0.04756990   0.04360707   0.03975676   0.03603176   0.03244294   0.02899934   0.02570825   0.02257533   0.01960469   0.01679902   0.01415971   0.01168692   0.00937974   0.00723624   0.00525365   0.00342840   0.00175623   0.00023232  -0.00114864  -0.00239240  -0.00350499  -0.00449273  -0.00536210  -0.00611970  -0.00677219  -0.00732625  -0.00778849  -0.00816547  -0.00846359  -0.00868914  -0.00884819  -0.00894662  -0.00899010  -0.00898403  -0.00893358  -0.00884364  -0.00871886  -0.00856358  -0.00838190  -0.00817763  -0.00795433  -0.00771527  -0.00746348  -0.00720175  -0.00693262  -0.00665837  -0.00638111 
 -0.00045577  -0.30329400  -0.60328458  -0.89674821  -1.18061972  -1.45206745  -1.70856178  -1.94793221  -2.16840651  -2.36862489  -2.54762433  -2.70479421  -2.83981398  -2.95259271  -3.04323157  -3.11202092  -3.15946534  -3.18631595  -3.19358703  -3.18254383  -3.15466253  -3.11157196  -3.05498963  -2.98666165  -2.90831219  -2.82160415  -2.72811087  -2.62929703  -2.52650722  -2.42096015  -2.31374727  -2.20583456  -2.09806665  -1.99117260  -1.88577274  -1.78238643  -1.68144012  -1.58327572  -1.48815902  -1.39628794  -1.30780058  -1.22278294  -1.14127628  -1.06328393  -0.98877770  -0.91770369  -0.84998763  -0.78553963  -0.72425836  -0.66603479  -0.61075532  -0.55830452  -0.50856729  -0.46143073  -0.41678550  -0.37452692  -0.33455564  -0.29677817  -0.26110701  -0.22746071  -0.19576367  -0.16594583  -0.13794225  -0.11169262  -0.08714066  -0.06423359  -0.04292148  -0.02315669  -0.00489330   0.01191344   0.02730757   0.04133291   0.05403335   0.06545324   0.07563762   0.08463239   0.09248446   0.09924181   0.10495348   0.10966959   0.11344121   0.11632025   0.11835931   0.11961150   0.12013021   0.11996894   0.11918100   0.11781934   0.11593624   0.11358316   0.11081044   0.10766713   0.10420076   0.10045717   0.09648035   0.09231230   0.08799286   0.08355967   0.07904804   0.07449092   0.06991884   0.06535990   0.06083978   0.05638175   0.05200669   0.04773319   0.04357754   0.03955389   0.03567427   0.03194871   0.02838538   0.02499063   0.02176917   0.01872413   0.01585724   0.01316889   0.01065829   0.00832357   0.00616189   0.00416958   0.00234221   0.00067470  -0.00083855  -0.00220360  -0.00342687  -0.00451508  -0.00547512  -0.00631405  -0.00703899  -0.00765707  -0.00817539  -0.00860097  -0.00894070  -0.00920133  -0.00938940  -0.00951124  -0.00957294  -0.00958036  -0.00953905  -0.00945432  -0.00933118  -0.00917434  -0.00898824  -0.00877702  -0.00854453  -0.00829434  -0.00802974  -0.00775377  -0.00746920  -0.00717853  -0.00688405 
 -0.00046420  -0.30893795  -0.61469936  -0.91417314  -1.20437872  -1.48252994  -1.74609624  -1.99285844  -2.22095487  -2.42891200  -2.61565329  -2.78048158  -2.92303588  -3.04323157  -3.14120163  -3.21725779  -3.27188260  -3.30574713  -3.31973639  -3.31496193  -3.29274972  -3.25460345  -3.20215189  -3.13709098  -3.06112957  -2.97594362  -2.88314081  -2.78423504  -2.68062964  -2.57360743  -2.46432624  -2.35381842  -2.24299336  -2.13264216  -2.02344378  -1.91597231  -1.81070483  -1.70802972  -1.60825503  -1.51161693  -1.41828788  -1.32838461  -1.24197565  -1.15908844  -1.07971600  -1.00382300  -0.93135130  -0.86222501  -0.79635486  -0.73364215  -0.67398211  -0.61726674  -0.56338724  -0.51223594  -0.46370780  -0.41770163  -0.37412087  -0.33287416  -0.29387558  -0.25704474  -0.22230662  -0.18959134  -0.15883371  -0.12997282  -0.10295143  -0.07771547  -0.05421340  -0.03239567  -0.01221414   0.00637844   0.02342887   0.03898400   0.05309099   0.06579771   0.07715292   0.08720643   0.09600927   0.10361368   0.11007312   0.11544224   0.11977675   0.12313326   0.12556914   0.12714229   0.12791092   0.12793330   0.12726752   0.12597121   0.12410130   0.12171377   0.11886339   0.11560349   0.11198577   0.10806007   0.10387422   0.09947386   0.09490233   0.09020056   0.08540697   0.08055739   0.07568507   0.07082063   0.06599205   0.06122472   0.05654146   0.05196260   0.04750600   0.04318718   0.03901941   0.03501379   0.03117939   0.02752332   0.02405093   0.02076586   0.01767021   0.01476466   0.01204859   0.00952023   0.00717673   0.00501434   0.00302849   0.00121391  -0.00043526  -0.00192537  -0.00326320  -0.00445582  -0.00551053  -0.00643480  -0.00723618  -0.00792225  -0.00850058  -0.00897864  -0.00936377  -0.00966317  -0.00988385  -0.01003256  -0.01011585  -0.01013996  -0.01011089  -0.01003431  -0.00991561  -0.00975987  -0.00957186  -0.00935605  -0.00911660  -0.00885736  -0.00858189  -0.00829349  -0.00799515  -0.00768960  -0.00737934 
 -0.00046846  -0.31180129  -0.62059165  -0.92341331  -1.21741488  -1.49990440  -1.76840170  -2.02068870  -2.25485530  -2.46933711  -2.66293972  -2.83484377  -2.98458664  -3.11202092  -3.21725779  -3.30061057  -3.36255586  -3.40372224  -3.42490261  -3.42707440  -3.41140931  -3.37926162  -3.33213481  -3.27163396  -3.19941345  -3.11712789  -3.02639079  -2.92874260  -2.82562791  -2.71838066  -2.60821568  -2.49622523  -2.38337941  -2.27052919  -2.15841149  -2.04765573  -1.93879116  -1.83225489  -1.72840019  -1.62750480  -1.52977923  -1.43537485  -1.34439151  -1.25688491  -1.17287342  -1.09234434  -1.01525971  -0.94156150  -0.87117624  -0.80401914  -0.73999760  -0.67901427  -0.62096958  -0.56576383  -0.51329885  -0.46347924  -0.41621336  -0.37141388  -0.32899818  -0.28888845  -0.25101164  -0.21529920  -0.18168676  -0.15011368  -0.12052254  -0.09285863  -0.06706932  -0.04310359  -0.02091144  -0.00044341   0.01834989   0.03551815   0.05111174   0.06518196   0.07778128   0.08896344   0.09878361   0.10729835   0.11456562   0.12064467   0.12559593   0.12948082   0.13236157   0.13430098   0.13536216   0.13560828   0.13510228   0.13390659   0.13208285   0.12969168   0.12679234   0.12344255   0.11969824   0.11561333   0.11123956   0.10662631   0.10182048   0.09686633   0.09180547   0.08667669   0.08151603   0.07635665   0.07122894   0.06616046   0.06117602   0.05629774   0.05154513   0.04693516   0.04248236   0.03819896   0.03409499   0.03017840   0.02645522   0.02292964   0.01960421   0.01647994   0.01355644   0.01083205   0.00830399   0.00596847   0.00382083   0.00185563   0.00006681  -0.00155227  -0.00300867  -0.00430979  -0.00546332  -0.00647710  -0.00735911  -0.00811735  -0.00875981  -0.00929440  -0.00972892  -0.01007100  -0.01032807  -0.01050734  -0.01061575  -0.01065999  -0.01064642  -0.01058112  -0.01046985  -0.01031804  -0.01013080  -0.00991293  -0.00966889  -0.00940283  -0.00911858  -0.00881969  -0.00850938  -0.00819062  -0.00786609 
 -0.00046895  -0.31216405  -0.62150727  -0.92525181  -1.22070588  -1.50530720  -1.77666659  -2.03261120  -2.27122633  -2.49089358  -2.69032206  -2.86856787  -3.02503668  -3.15946534  -3.27188260  -3.36255586  -3.43193766  -3.48062754  -3.50935872  -3.51900656  -3.51060492  -3.48535380  -3.44460840  -3.38984895  -3.32263763  -3.24457147  -3.15723789  -3.06217743  -2.96085499  -2.85463943  -2.74479057  -2.63245203  -2.51864876  -2.40428801  -2.29016290  -2.17695780  -2.06525494  -1.95554188  -1.84821950  -1.74361010  -1.64196566  -1.54347584  -1.44827575  -1.35645335  -1.26805641  -1.18309894  -1.10156713  -1.02342473  -0.94861783  -0.87707915  -0.80873171  -0.74349204  -0.68127283  -0.62198519  -0.56554040  -0.51185129  -0.46083329  -0.41240514  -0.36648928  -0.32301211  -0.28190393  -0.24309883  -0.20653432  -0.17215103  -0.13989216  -0.10970303  -0.08153055  -0.05532269  -0.03102798  -0.00859508   0.01202773   0.03089284   0.04805365   0.06356484   0.07748251   0.08986435   0.10076967   0.11025939   0.11839599   0.12524341   0.13086686   0.13533267   0.13870801   0.14106065   0.14245872   0.14297035   0.14266343   0.14160527   0.13986233   0.13749991   0.13458189   0.13117042   0.12732576   0.12310597   0.11856677   0.11376136   0.10874023   0.10355110   0.09823879   0.09284514   0.08740901   0.08196621   0.07654956   0.07118887   0.06591100   0.06073995   0.05569689   0.05080031   0.04606609   0.04150764   0.03713601   0.03296004   0.02898649   0.02522019   0.02166416   0.01831980   0.01518700   0.01226429   0.00954898   0.00703730   0.00472454   0.00260514   0.00067286  -0.00107915  -0.00265822  -0.00407206  -0.00532869  -0.00643632  -0.00740331  -0.00823804  -0.00894893  -0.00954430  -0.01003237  -0.01042121  -0.01071865  -0.01093233  -0.01106961  -0.01113756  -0.01114295  -0.01109224  -0.01099156  -0.01084668  -0.01066306  -0.01044582  -0.01019973  -0.00992922  -0.00963840  -0.00933108  -0.00901074  -0.00868054  -0.00834340 
 -0.00046612  -0.31030869  -0.61800087  -0.92049453  -1.21527690  -1.49993961  -1.77221432  -2.03000884  -2.27144316  -2.49488453  -2.69897956  -2.88268037  -3.04526052  -3.18631595  -3.30574713  -3.40372224  -3.48062754  -3.53701700  -3.57357555  -3.59110474  -3.59052840  -3.57290612  -3.53943955  -3.49146233  -3.43041289  -3.35779563  -3.27513834  -3.18395209  -3.08569753  -2.98175900  -2.87342636  -2.76188346  -2.64820226  -2.53334103  -2.41814590  -2.30335471  -2.18960255  -2.07742838  -1.96728251  -1.85953430  -1.75448017  -1.65235146  -1.55332217  -1.45751636  -1.36501511  -1.27586310  -1.19007460  -1.10763900  -1.02852571  -0.95268855  -0.88006962  -0.81060259  -0.74421551  -0.68083315  -0.62037894  -0.56277638  -0.50795024  -0.45582736  -0.40633712  -0.35941178  -0.31498653  -0.27299935  -0.23339086  -0.19610392  -0.16108325  -0.12827496  -0.09762612  -0.06908423  -0.04259682  -0.01811098   0.00442703   0.02507208   0.04388043   0.06091002   0.07622053   0.08987352   0.10193244   0.11246258   0.12153098   0.12920629   0.13555859   0.14065913   0.14458011   0.14739437   0.14917509   0.14999548   0.14992843   0.14904623   0.14742020   0.14512044   0.14221547   0.13877198   0.13485461   0.13052564   0.12584484   0.12086927   0.11565312   0.11024759   0.10470079   0.09905767   0.09335997   0.08764622   0.08195172   0.07630860   0.07074584   0.06528935   0.05996207   0.05478405   0.04977258   0.04494230   0.04030536   0.03587154   0.03164839   0.02764143   0.02385423   0.02028862   0.01694483   0.01382163   0.01091648   0.00822567   0.00574449   0.00346732   0.00138776  -0.00050120  -0.00220711  -0.00373798  -0.00510210  -0.00630802  -0.00736444  -0.00828014  -0.00906390  -0.00972445  -0.01027041  -0.01071025  -0.01105221  -0.01130434  -0.01147439  -0.01156983  -0.01159781  -0.01156516  -0.01147838  -0.01134360  -0.01116660  -0.01095282  -0.01070735  -0.01043491  -0.01013989  -0.00982635  -0.00949801  -0.00915828  -0.00881028 
 -0.00046037  -0.30651146  -0.61061746  -0.90994008  -1.20215664  -1.48502795  -1.75642701  -2.01436857  -2.25703918  -2.48282762  -2.69035455  -2.87849994  -3.04642530  -3.19358703  -3.31973639  -3.42490261  -3.50935872  -3.57357555  -3.61817475  -3.64389379  -3.65157132  -3.64215091  -3.61669243  -3.57637748  -3.52250030  -3.45644331  -3.37964222  -3.29354749  -3.19958811  -3.09914114  -2.99350837  -2.88390010  -2.77142500  -2.65708512  -2.54177482  -2.42628258  -2.31129511  -2.19740284  -2.08510655  -1.97482452  -1.86690008  -1.76160924  -1.65916817  -1.55974056  -1.46344454  -1.37035923  -1.28053078  -1.19397797  -1.11069722  -1.03066704  -0.95385203  -0.88020626  -0.80967623  -0.74220330  -0.67772571  -0.61618016  -0.55750306  -0.50163145  -0.44850356  -0.39805926  -0.35024012  -0.30498947  -0.26225219  -0.22197447  -0.18410346  -0.14858691  -0.11537269  -0.08440846  -0.05564119  -0.02901683  -0.00447995   0.01802652   0.03856154   0.05718612   0.07396343   0.08895881   0.10223981   0.11387606   0.12393916   0.13250252   0.13964107   0.14543107   0.14994978   0.15327515   0.15548550   0.15665914   0.15687407   0.15620758   0.15473595   0.15253411   0.14967531   0.14623084   0.14226976   0.13785865   0.13306137   0.12793893   0.12254925   0.11694708   0.11118389   0.10530778   0.09936346   0.09339221   0.08743190   0.08151701   0.07567871   0.06994491   0.06434034   0.05888670   0.05360273   0.04850439   0.04360498   0.03891527   0.03444369   0.03019648   0.02617784   0.02239009   0.01883384   0.01550816   0.01241071   0.00953792   0.00688510   0.00444661   0.00221598   0.00018605  -0.00165092  -0.00330315  -0.00477922  -0.00608796  -0.00723839  -0.00823964  -0.00910084  -0.00983110  -0.01043942  -0.01093465  -0.01132543  -0.01162019  -0.01182707  -0.01195393  -0.01200829  -0.01199734  -0.01192794  -0.01180656  -0.01163933  -0.01143201  -0.01118998  -0.01091826  -0.01062152  -0.01030408  -0.00996992  -0.00962268  -0.00926569 
