# coconut-me2b/v0.99.21 
# 
# momentum space matrix elements 
# partial wave J=2, L=1/1, S=1, T=1, MT=1 
# 
# momentum grid [fm^-1]
0.000000 0.066667 0.133333 0.200000 0.266667 0.333333 0.400000 0.466667 0.533333 0.600000 0.666667 0.733333 0.800000 0.866667 0.933333 1.000000 1.066667 1.133333 1.200000 1.266667 1.333333 1.400000 1.466667 1.533333 1.600000 1.666667 1.733333 1.800000 1.866667 1.933333 2.000000 2.066667 2.133333 2.200000 2.266667 2.333333 2.400000 2.466667 2.533333 2.600000 2.666667 2.733333 2.800000 2.866667 2.933333 3.000000 3.066667 3.133333 3.200000 3.266667 3.333333 3.400000 3.466667 3.533333 3.600000 3.666667 3.733333 3.800000 3.866667 3.933333 4.000000 4.066667 4.133333 4.200000 4.266667 4.333333 4.400000 4.466667 4.533333 4.600000 4.666667 4.733333 4.800000 4.866667 4.933333 5.000000 5.066667 5.133333 5.200000 5.266667 5.333333 5.400000 5.466667 5.533333 5.600000 5.666667 5.733333 5.800000 5.866667 5.933333 6.000000 6.066667 6.133333 6.200000 6.266667 6.333333 6.400000 6.466667 6.533333 6.600000 6.666667 6.733333 6.800000 6.866667 6.933333 7.000000 7.066667 7.133333 7.200000 7.266667 7.333333 7.400000 7.466667 7.533333 7.600000 7.666667 7.733333 7.800000 7.866667 7.933333 8.000000 8.066667 8.133333 8.200000 8.266667 8.333333 8.400000 8.466667 8.533333 8.600000 8.666667 8.733333 8.800000 8.866667 8.933333 9.000000 9.066667 9.133333 9.200000 9.266667 9.333333 9.400000 9.466667 9.533333 9.600000 9.666667 9.733333 9.800000 9.866667 9.933333 10.000000 
#
# matrix elements [MeV fm^3] 
 -0.00000006  -0.00003939  -0.00008033  -0.00012361  -0.00016888  -0.00021482  -0.00025968  -0.00030180  -0.00033992  -0.00037330  -0.00040159  -0.00042470  -0.00044270  -0.00045578  -0.00046423  -0.00046846  -0.00046891  -0.00046605  -0.00046032  -0.00045208  -0.00044169  -0.00042948  -0.00041580  -0.00040094  -0.00038521  -0.00036883  -0.00035201  -0.00033492  -0.00031775  -0.00030065  -0.00028376  -0.00026718  -0.00025100  -0.00023527  -0.00022007  -0.00020543  -0.00019139  -0.00017799  -0.00016522  -0.00015309  -0.00014159  -0.00013072  -0.00012045  -0.00011079  -0.00010170  -0.00009316  -0.00008514  -0.00007761  -0.00007056  -0.00006395  -0.00005777  -0.00005198  -0.00004656  -0.00004149  -0.00003674  -0.00003229  -0.00002814  -0.00002425  -0.00002062  -0.00001722  -0.00001404  -0.00001108  -0.00000832  -0.00000576  -0.00000338  -0.00000118   0.00000086   0.00000273   0.00000445   0.00000601   0.00000743   0.00000871   0.00000985   0.00001087   0.00001175   0.00001252   0.00001317   0.00001371   0.00001414   0.00001448   0.00001472   0.00001486   0.00001493   0.00001491   0.00001482   0.00001466   0.00001445   0.00001417   0.00001384   0.00001347   0.00001305   0.00001260   0.00001213   0.00001162   0.00001110   0.00001056   0.00001000   0.00000945   0.00000888   0.00000832   0.00000777   0.00000720   0.00000666   0.00000612   0.00000560   0.00000509   0.00000460   0.00000413   0.00000368   0.00000325   0.00000284   0.00000245   0.00000208   0.00000173   0.00000141   0.00000111   0.00000083   0.00000057   0.00000033   0.00000012  -0.00000008  -0.00000026  -0.00000042  -0.00000056  -0.00000069  -0.00000080  -0.00000090  -0.00000098  -0.00000105  -0.00000110  -0.00000115  -0.00000118  -0.00000121  -0.00000123  -0.00000124  -0.00000124  -0.00000123  -0.00000122  -0.00000121  -0.00000119  -0.00000116  -0.00000114  -0.00000111  -0.00000108  -0.00000104  -0.00000101  -0.00000097  -0.00000093  -0.00000089  -0.00000085  -0.00000082 
 -0.00003939   4.98579452   8.11228336   8.44069692   6.34485824   3.17845042   0.46354990  -0.88984852  -0.89632986  -0.23810690   0.30528423   0.33740462  -0.03660314  -0.44183993  -0.57950807  -0.42601900  -0.18235708  -0.06879948  -0.15118014  -0.32287279  -0.42465629  -0.38261926  -0.25240034  -0.15136388  -0.15228486  -0.23080859  -0.30094638  -0.29608968  -0.22206513  -0.14223816  -0.11640734  -0.15074678  -0.19941726  -0.21003970  -0.16925201  -0.10967981  -0.07680036  -0.08844197  -0.12237295  -0.13966509  -0.12007159  -0.07773837  -0.04561035  -0.04500842  -0.06811754  -0.08740627  -0.08138989  -0.05288593  -0.02449028  -0.01712767  -0.03181004  -0.05030814  -0.05265941  -0.03485694  -0.01117522  -0.00023095  -0.00822927  -0.02435009  -0.03148541  -0.02179348  -0.00301006   0.00944084   0.00662610  -0.00638128  -0.01588085  -0.01224193   0.00179095   0.01428630   0.01528820   0.00556645  -0.00468246  -0.00545191   0.00416824   0.01568433   0.01929180   0.01270047   0.00278479  -0.00103386   0.00466388   0.01454668   0.01974426   0.01596333   0.00710924   0.00139495   0.00378135   0.01168929   0.01766722   0.01630090   0.00897960   0.00234562   0.00210186   0.00793708   0.01407126   0.01468653   0.00915868   0.00240112   0.00021908   0.00405561   0.00987505   0.01201798   0.00836075   0.00208794  -0.00138164   0.00064051   0.00579835   0.00900786   0.00714197   0.00177602  -0.00240624  -0.00194878   0.00230592   0.00613265   0.00585623   0.00164773  -0.00276526  -0.00358691  -0.00038176   0.00364732   0.00467471   0.00172756  -0.00253129  -0.00432989  -0.00223200   0.00164084   0.00364142   0.00194204  -0.00187169  -0.00434292  -0.00332876   0.00010207   0.00273456   0.00218105  -0.00098413  -0.00383434  -0.00381008  -0.00102521   0.00191458   0.00234334  -0.00005003  -0.00300842  -0.00382465  -0.00180663   0.00115238   0.00236117   0.00079083  -0.00203913  -0.00350815  -0.00229992   0.00043964   0.00220730   0.00144806 
 -0.00008033   8.11228336  13.28049369  13.99291102  10.78989988   5.76480030   1.31635705  -1.06891288  -1.32870466  -0.46158069   0.33427857   0.40867306  -0.13067255  -0.74466705  -0.97961930  -0.77964438  -0.42883171  -0.25423560  -0.36410160  -0.61126044  -0.76327198  -0.70623945  -0.51554506  -0.36130790  -0.35311554  -0.45982362  -0.55782644  -0.54842669  -0.43718083  -0.31482609  -0.26930426  -0.31177583  -0.37702313  -0.38857050  -0.32550446  -0.23403566  -0.18029970  -0.19127867  -0.23573044  -0.25726499  -0.22573651  -0.16080558  -0.11004977  -0.10491916  -0.13479226  -0.16000628  -0.14904712  -0.10539668  -0.06150824  -0.04792662  -0.06659625  -0.09138897  -0.09324265  -0.06594931  -0.02989240  -0.01208970  -0.02183891  -0.04373538  -0.05299268  -0.03800011  -0.00970240   0.00960537   0.00679988  -0.01100049  -0.02401968  -0.01816786   0.00279034   0.02166637   0.02394673   0.01056594  -0.00380832  -0.00462051   0.00960649   0.02668107   0.03237320   0.02323499   0.00911501   0.00366821   0.01195841   0.02637347   0.03407934   0.02877180   0.01600647   0.00765465   0.01097177   0.02232023   0.03094667   0.02896093   0.01828962   0.00851021   0.00791911   0.01614593   0.02487116   0.02564958   0.01750996   0.00751725   0.00408984   0.00937832   0.01759306   0.02053994   0.01509493   0.00581809   0.00054893   0.00322231   0.01047822   0.01497050   0.01213954   0.00421884  -0.00202935  -0.00157627   0.00440306   0.00981512   0.00932186   0.00313045  -0.00338880  -0.00472986  -0.00022615   0.00551348   0.00694574   0.00263030  -0.00360715  -0.00630675  -0.00336250   0.00218314   0.00505493   0.00258421  -0.00296244  -0.00658987  -0.00517833  -0.00024794   0.00355869   0.00277128  -0.00180478  -0.00594738  -0.00594224  -0.00193083   0.00233066   0.00297711  -0.00046337  -0.00474090  -0.00593465  -0.00302417   0.00126757   0.00304562   0.00080430  -0.00327501  -0.00540270  -0.00366002   0.00031191   0.00289541   0.00182876 
 -0.00012361   8.44069692  13.99291102  15.11946758  12.23965851   7.29796060   2.61963774  -0.24359721  -1.04995357  -0.60190091   0.00942124   0.10677397  -0.32369295  -0.86918300  -1.13100721  -1.02163752  -0.75155115  -0.59543324  -0.66466762  -0.85722007  -0.98547847  -0.94590128  -0.78828301  -0.64800657  -0.62026976  -0.68838196  -0.75599699  -0.74044478  -0.64065245  -0.52682118  -0.47148314  -0.48779350  -0.52613565  -0.52450773  -0.46330331  -0.37732523  -0.31973935  -0.31424449  -0.33779555  -0.34548097  -0.31173407  -0.25063606  -0.19981191  -0.18538995  -0.20023173  -0.21314394  -0.19826533  -0.15722726  -0.11535838  -0.09743958  -0.10592271  -0.12050554  -0.11774437  -0.09192073  -0.05871961  -0.03976781  -0.04305821  -0.05681689  -0.06127319  -0.04669188  -0.02130084  -0.00278112  -0.00193935  -0.01353396  -0.02192880  -0.01562527   0.00277614   0.01975233   0.02355946   0.01460231   0.00438302   0.00462250   0.01679999   0.03140744   0.03704747   0.03072535   0.02008828   0.01603988   0.02282850   0.03459467   0.04113419   0.03726039   0.02721282   0.02041080   0.02277240   0.03158430   0.03834949   0.03668799   0.02797526   0.01976655   0.01874620   0.02477216   0.03131166   0.03159750   0.02472970   0.01624454   0.01287388   0.01644768   0.02245596   0.02437205   0.01961505   0.01172223   0.00692757   0.00844609   0.01369848   0.01686120   0.01424177   0.00753033   0.00207784   0.00193760   0.00625840   0.01023145   0.00957242   0.00436989  -0.00114847  -0.00257714   0.00068308   0.00501426   0.00599208   0.00240895  -0.00274369  -0.00511914  -0.00298968   0.00127594   0.00348519   0.00146956  -0.00302062  -0.00602474  -0.00502534  -0.00118213   0.00182926   0.00121886  -0.00242129  -0.00575665  -0.00581228  -0.00265688   0.00074801   0.00131318  -0.00137802  -0.00477077  -0.00573934  -0.00343615   0.00000378   0.00148022  -0.00023669  -0.00344438  -0.00513246  -0.00374804  -0.00056462   0.00154817   0.00076887 
 -0.00016888   6.34485824  10.78989988  12.23965851  10.79509896   7.55896483   4.00697874   1.29492992  -0.14091282  -0.54547605  -0.48750193  -0.45248814  -0.62082522  -0.90024679  -1.11204396  -1.16403405  -1.09998644  -1.02993798  -1.02788883  -1.08364452  -1.13281186  -1.12318281  -1.05664485  -0.97800557  -0.93037364  -0.92002355  -0.91809666  -0.89143644  -0.83202221  -0.76050521  -0.70477653  -0.67534995  -0.65893799  -0.63325245  -0.58760923  -0.53093642  -0.48183974  -0.45141373  -0.43448312  -0.41591991  -0.38492890  -0.34405440  -0.30561455  -0.27992948  -0.26641998  -0.25508635  -0.23611235  -0.20844388  -0.17990833  -0.15950341  -0.14929975  -0.14311734  -0.13259256  -0.11469893  -0.09397071  -0.07787059  -0.06991074  -0.06677882  -0.06172457  -0.05076227  -0.03599357  -0.02329934  -0.01682844  -0.01539092  -0.01383762  -0.00787990   0.00215648   0.01191976   0.01717406   0.01758984   0.01682409   0.01903509   0.02514774   0.03221828   0.03629319   0.03601489   0.03371025   0.03312318   0.03599759   0.04062908   0.04358085   0.04286611   0.03967188   0.03715148   0.03751161   0.04008914   0.04209552   0.04123500   0.03775864   0.03413597   0.03274739   0.03375990   0.03508681   0.03437584   0.03114958   0.02716677   0.02475503   0.02470092   0.02561458   0.02528011   0.02269448   0.01893097   0.01609634   0.01539700   0.01609173   0.01624051   0.01450532   0.01133885   0.00851239   0.00747081   0.00804234   0.00865424   0.00780519   0.00541974   0.00286654   0.00167100   0.00213104   0.00308954   0.00302930   0.00145585  -0.00069107  -0.00193675  -0.00162472  -0.00048562   0.00006703  -0.00076410  -0.00246041  -0.00370056  -0.00358400  -0.00243520  -0.00147404  -0.00168576  -0.00293789  -0.00413614  -0.00424649  -0.00323204  -0.00205874  -0.00179238  -0.00263151  -0.00375419  -0.00409385  -0.00331452  -0.00209602  -0.00149022  -0.00195800  -0.00296875  -0.00350990  -0.00301946  -0.00188433  -0.00106446  -0.00120718 
 -0.00021482   3.17845042   5.76480030   7.29796060   7.55896483   6.63218678   4.88372432   2.84528743   1.03507714  -0.21303026  -0.83493428  -0.99904063  -0.97380466  -0.97749515  -1.09029690  -1.26365231  -1.39998403  -1.43860824  -1.39236308  -1.32271347  -1.28497446  -1.28962167  -1.30500539  -1.29149893  -1.23528846  -1.15576446  -1.08520392  -1.04132178  -1.01574107  -0.98530379  -0.93376779  -0.86473244  -0.79635317  -0.74457912  -0.71027948  -0.68053006  -0.64131736  -0.58967482  -0.53507754  -0.49008168  -0.45929438  -0.43624269  -0.41002832  -0.37512046  -0.33558869  -0.30065581  -0.27619307  -0.25986214  -0.24379041  -0.22182337  -0.19468114  -0.16870979  -0.14982653  -0.13831322  -0.12893764  -0.11589574  -0.09789494  -0.07891579  -0.06429215  -0.05587855  -0.05061366  -0.04351378  -0.03216606  -0.01866409  -0.00744306  -0.00118463   0.00147125   0.00449595   0.01081360   0.01978621   0.02800331   0.03248554   0.03332323   0.03343986   0.03585006   0.04098567   0.04646356   0.04937226   0.04890987   0.04700622   0.04647799   0.04848577   0.05159558   0.05320303   0.05193408   0.04883172   0.04632608   0.04601217   0.04727736   0.04796686   0.04639956   0.04286932   0.03931050   0.03750744   0.03751531   0.03769830   0.03628230   0.03296605   0.02914302   0.02659205   0.02587422   0.02588708   0.02493047   0.02226672   0.01875405   0.01601981   0.01497280   0.01501752   0.01465072   0.01285207   0.00998822   0.00743447   0.00630111   0.00644354   0.00663759   0.00572108   0.00363921   0.00145516   0.00035193   0.00055967   0.00117844   0.00102607  -0.00028751  -0.00203637  -0.00307262  -0.00287908  -0.00201883  -0.00159487  -0.00223931  -0.00355950  -0.00452729  -0.00443047  -0.00350956  -0.00271398  -0.00282473  -0.00375543  -0.00465837  -0.00471595  -0.00388154  -0.00290135  -0.00261821  -0.00320774  -0.00403995  -0.00427374  -0.00362579  -0.00261292  -0.00206326  -0.00235879  -0.00310248  -0.00349994  -0.00309060 
 -0.00025968   0.46354990   1.31635705   2.61963774   4.00697874   4.88372432   4.79139188   3.69450266   2.00614632   0.34786713  -0.78915308  -1.26629603  -1.28491784  -1.18429713  -1.20832690  -1.39181279  -1.61116509  -1.72650353  -1.69575178  -1.58666442  -1.50180732  -1.49233900  -1.52941879  -1.54443046  -1.49346466  -1.39022884  -1.28621107  -1.22284371  -1.19926378  -1.17993516  -1.13006113  -1.04540121  -0.95228135  -0.88167393  -0.84250235  -0.81688793  -0.77878958  -0.71746570  -0.64516986  -0.58420062  -0.54661500  -0.52483067  -0.50013787  -0.46001617  -0.40842258  -0.36078315  -0.32943463  -0.31303842  -0.29885012  -0.27477176  -0.23984033  -0.20410370  -0.17884228  -0.16647044  -0.15900972  -0.14583021  -0.12316386  -0.09688356  -0.07657880  -0.06676422  -0.06318064  -0.05711223  -0.04336855  -0.02462716  -0.00852522  -0.00053650   0.00078699   0.00213177   0.00918269   0.02164146   0.03385873   0.04019307   0.04005866   0.03818481   0.04012192   0.04725905   0.05582266   0.06053784   0.05943977   0.05547977   0.05365513   0.05645387   0.06177057   0.06503565   0.06344789   0.05842100   0.05413856   0.05369401   0.05638604   0.05854023   0.05696028   0.05179594   0.04628064   0.04371136   0.04450113   0.04594743   0.04480907   0.04025874   0.03454236   0.03084698   0.03040759   0.03148529   0.03106122   0.02761503   0.02244505   0.01839839   0.01725367   0.01816440   0.01852525   0.01639034   0.01220747   0.00833008   0.00682785   0.00763080   0.00866886   0.00781054   0.00478886   0.00137751  -0.00028173   0.00037261   0.00186561   0.00208402   0.00020433  -0.00260782  -0.00431865  -0.00389561  -0.00221204  -0.00120015  -0.00207352  -0.00425497  -0.00595732  -0.00584050  -0.00421362  -0.00270829  -0.00276518  -0.00433845  -0.00598394  -0.00621034  -0.00483347  -0.00310759  -0.00255034  -0.00356265  -0.00509915  -0.00565774  -0.00465518  -0.00293168  -0.00195175  -0.00246102  -0.00383113  -0.00466754  -0.00409547 
 -0.00030180  -0.88984852  -1.06891288  -0.24359721   1.29492992   2.84528743   3.69450266   3.49475284   2.40398181   0.93661893  -0.35202944  -1.14315102  -1.44404648  -1.47878320  -1.49020917  -1.59350879  -1.75651641  -1.88251143  -1.91012291  -1.85568495  -1.78332324  -1.74440150  -1.74085902  -1.73610436  -1.69474349  -1.61328681  -1.51852577  -1.44079866  -1.38866015  -1.34586465  -1.28968438  -1.21191055  -1.12438831  -1.04655920  -0.98806624  -0.94194602  -0.89291976  -0.83182164  -0.76301017  -0.69916941  -0.64940678  -0.61169962  -0.57580237  -0.53301957  -0.48364559  -0.43580513  -0.39752477  -0.36960465  -0.34546954  -0.31751760  -0.28383115  -0.24931786  -0.22073782  -0.20049405  -0.18476261  -0.16727804  -0.14499982  -0.12050863  -0.09925069  -0.08444051  -0.07430509  -0.06395175  -0.04988721  -0.03299675  -0.01743692  -0.00668983  -0.00046968   0.00481830   0.01269448   0.02348946   0.03425881   0.04162610   0.04484779   0.04635117   0.04940721   0.05517698   0.06180639   0.06626839   0.06715856   0.06589188   0.06531214   0.06709171   0.07031241   0.07244041   0.07170326   0.06866903   0.06564900   0.06456326   0.06525691   0.06575791   0.06415591   0.06034062   0.05604376   0.05322176   0.05230600   0.05189977   0.05013254   0.04638280   0.04180341   0.03822612   0.03649816   0.03577202   0.03434970   0.03125910   0.02711298   0.02350436   0.02153998   0.02086715   0.02005305   0.01792354   0.01461802   0.01141896   0.00955479   0.00909388   0.00892491   0.00780298   0.00547896   0.00288946   0.00126808   0.00101816   0.00137386   0.00112927  -0.00025902  -0.00220521  -0.00356437  -0.00368990  -0.00300631  -0.00259450  -0.00319628  -0.00455709  -0.00569110  -0.00580008  -0.00499414  -0.00416790  -0.00416991  -0.00503854  -0.00599445  -0.00617390  -0.00541685  -0.00439436  -0.00397898  -0.00445047  -0.00526133  -0.00555868  -0.00496822  -0.00392219  -0.00324681  -0.00340365  -0.00408230  -0.00450416  -0.00414262 
 -0.00033992  -0.89632986  -1.32870466  -1.04995357  -0.14091282   1.03507714   2.00614632   2.40398181   2.11070869   1.27764179   0.22207214  -0.73251366  -1.38831789  -1.71967565  -1.82944684  -1.85756676  -1.89995301  -1.97721424  -2.05575424  -2.09351120  -2.07535947  -2.01881949  -1.95475984  -1.90315311  -1.86241822  -1.81698501  -1.75354379  -1.67203628  -1.58411726  -1.50265224  -1.43202570  -1.36671823  -1.29792088  -1.22166207  -1.14171678  -1.06572545  -0.99863538  -0.93918302  -0.88190626  -0.82233355  -0.76067483  -0.70113431  -0.64792884  -0.60171547  -0.55938512  -0.51704372  -0.47333947  -0.43028855  -0.39114568  -0.35741514  -0.32763310  -0.29880294  -0.26902114  -0.23893836  -0.21089924  -0.18669462  -0.16597846  -0.14666526  -0.12681024  -0.10622972  -0.08647429  -0.06929848  -0.05506665  -0.04248858  -0.02982298  -0.01639757  -0.00309462   0.00855548   0.01778900   0.02525902   0.03239824   0.04013375   0.04812389   0.05515820   0.06030016   0.06372246   0.06651523   0.06969440   0.07333062   0.07656274   0.07843641   0.07878144   0.07834853   0.07812219   0.07846122   0.07883819   0.07837966   0.07668768   0.07419848   0.07178135   0.06997024   0.06852929   0.06672388   0.06402346   0.06058985   0.05712513   0.05424263   0.05194342   0.04966112   0.04681087   0.04333057   0.03973074   0.03662859   0.03420425   0.03206891   0.02964657   0.02670730   0.02356822   0.02079516   0.01869147   0.01704055   0.01532369   0.01319994   0.01080791   0.00862503   0.00702670   0.00595225   0.00497397   0.00369317   0.00209578   0.00054938  -0.00054346  -0.00111189  -0.00147290  -0.00203662  -0.00293770  -0.00392700  -0.00461258  -0.00482166  -0.00475352  -0.00479223  -0.00515861  -0.00572019  -0.00612556  -0.00613202  -0.00582495  -0.00553449  -0.00553366  -0.00579683  -0.00603484  -0.00596679  -0.00557635  -0.00512150  -0.00489604  -0.00496538  -0.00511600  -0.00505821  -0.00469196  -0.00419374  -0.00385085  -0.00379996 
 -0.00037330  -0.23810690  -0.46158069  -0.60190091  -0.54547605  -0.21303026   0.34786713   0.93661893   1.27764179   1.16468591   0.58053925  -0.28790227  -1.15102138  -1.76950978  -2.06347517  -2.11688893  -2.08919024  -2.10340875  -2.18472987  -2.27787465  -2.31389924  -2.26906635  -2.17557426  -2.08677160  -2.03267330  -2.00213166  -1.96082982  -1.88459682  -1.77878006  -1.67022920  -1.58263873  -1.51797541  -1.45850467  -1.38493893  -1.29343438  -1.19732425  -1.11401074  -1.04987738  -0.99626433  -0.93870209  -0.87008379  -0.79608788  -0.72900017  -0.67641831  -0.63508190  -0.59467465  -0.54738437  -0.49441248  -0.44405313  -0.40374711  -0.37354684  -0.34657900  -0.31553332  -0.27902312  -0.24225808  -0.21187559  -0.18990650  -0.17224189  -0.15262434  -0.12825765  -0.10197847  -0.07930995  -0.06334229  -0.05210691  -0.04060306  -0.02538531  -0.00748815   0.00880126   0.01998092   0.02643125   0.03187818   0.03991145   0.05082235   0.06155570   0.06864493   0.07135304   0.07221068   0.07461134   0.07976354   0.08575245   0.08943970   0.08936091   0.08698268   0.08527712   0.08601934   0.08828637   0.08944293   0.08761427   0.08336265   0.07910281   0.07688276   0.07659240   0.07618661   0.07363393   0.06876743   0.06338120   0.05956046   0.05781902   0.05672480   0.05428816   0.04979362   0.04441051   0.04008258   0.03776330   0.03660974   0.03482319   0.03131646   0.02667588   0.02257845   0.02024697   0.01937021   0.01844387   0.01617359   0.01263720   0.00916733   0.00710556   0.00659133   0.00647662   0.00540480   0.00304033   0.00033476  -0.00137878  -0.00160584  -0.00111367  -0.00120094  -0.00251130  -0.00447701  -0.00587524  -0.00595885  -0.00512175  -0.00451188  -0.00497435  -0.00630073  -0.00745401  -0.00753616  -0.00660083  -0.00558059  -0.00542088  -0.00622742  -0.00719839  -0.00737994  -0.00653748  -0.00535068  -0.00477489  -0.00517051  -0.00599546  -0.00632345  -0.00569591  -0.00452676  -0.00370533  -0.00377902 
 -0.00040159   0.30528423   0.33427857   0.00942124  -0.48750193  -0.83493428  -0.78915308  -0.35202944   0.22207214   0.58053925   0.48228747  -0.07213504  -0.86372985  -1.60081845  -2.08315385  -2.28296370  -2.30963492  -2.30403309  -2.34425276  -2.41979463  -2.47302418  -2.46134944  -2.39019932  -2.29981584  -2.22711606  -2.17816652  -2.13105553  -2.06091662  -1.96261774  -1.85290316  -1.75370154  -1.67356833  -1.60312447  -1.52627876  -1.43550434  -1.33764353  -1.24654756  -1.17053131  -1.10605429  -1.04233279  -0.97165336  -0.89584091  -0.82370099  -0.76261317  -0.71219123  -0.66533196  -0.61502429  -0.56042738  -0.50697003  -0.46092634  -0.42371559  -0.39095903  -0.35672479  -0.31879879  -0.28025593  -0.24623852  -0.21915725  -0.19667496  -0.17404970  -0.14844588  -0.12125430  -0.09650445  -0.07704642  -0.06204195  -0.04790529  -0.03163151  -0.01339862   0.00382629   0.01714006   0.02632425   0.03391251   0.04279665   0.05365135   0.06448646   0.07260627   0.07709083   0.07955341   0.08259081   0.08743652   0.09295866   0.09682942   0.09770694   0.09642358   0.09516590   0.09548068   0.09695220   0.09770465   0.09619138   0.09260442   0.08865649   0.08600602   0.08480159   0.08364814   0.08096170   0.07643370   0.07128320   0.06712223   0.06451416   0.06253500   0.05969082   0.05530921   0.05013252   0.04561080   0.04258338   0.04056131   0.03823377   0.03469450   0.03025491   0.02612635   0.02330091   0.02167030   0.02016911   0.01777569   0.01443621   0.01108052   0.00874805   0.00764453   0.00698406   0.00573202   0.00354657   0.00106150  -0.00072308  -0.00136123  -0.00135047  -0.00165531  -0.00282404  -0.00451088  -0.00582244  -0.00614880  -0.00571185  -0.00534361  -0.00571905  -0.00675466  -0.00771209  -0.00789150  -0.00726902  -0.00650275  -0.00632059  -0.00686273  -0.00757559  -0.00773733  -0.00712053  -0.00618757  -0.00565497  -0.00583949  -0.00638466  -0.00660521  -0.00611989  -0.00519111  -0.00447134  -0.00440234 
 -0.00042470   0.33740462   0.40867306   0.10677397  -0.45248814  -0.99904063  -1.26629603  -1.14315102  -0.73251366  -0.28790227  -0.07213504  -0.22323410  -0.70028949  -1.32860648  -1.90524137  -2.29821112  -2.48763901  -2.53951708  -2.54276201  -2.55418944  -2.58044455  -2.59636317  -2.57708612  -2.51888671  -2.43808849  -2.35523408  -2.28004859  -2.20815687  -2.12918635  -2.03746858  -1.93655156  -1.83535913  -1.74073653  -1.65299471  -1.56743675  -1.47955754  -1.38909143  -1.29984121  -1.21613619  -1.13936039  -1.06739214  -0.99698199  -0.92668018  -0.85781723  -0.79299986  -0.73371717  -0.67917856  -0.62720188  -0.57615245  -0.52617615  -0.47877443  -0.43527663  -0.39563092  -0.35850520  -0.32247033  -0.28714399  -0.25332511  -0.22210813  -0.19383741  -0.16781288  -0.14292675  -0.11859624  -0.09516275  -0.07346210  -0.05401012  -0.03653943  -0.02025684  -0.00453720   0.01058373   0.02452841   0.03675659   0.04726558   0.05658347   0.06530040   0.07358091   0.08108381   0.08732994   0.09216487   0.09590579   0.09906620   0.10192826   0.10434721   0.10594374   0.10649008   0.10613868   0.10530243   0.10431364   0.10317473   0.10161425   0.09938027   0.09649862   0.09327037   0.09002579   0.08686544   0.08361740   0.08003630   0.07605487   0.07186288   0.06775287   0.06388127   0.06016087   0.05637283   0.05238785   0.04829512   0.04432921   0.04066983   0.03729829   0.03403536   0.03071836   0.02735368   0.02411042   0.02116823   0.01856128   0.01615758   0.01378592   0.01139116   0.00907835   0.00701130   0.00526232   0.00374915   0.00231178   0.00085498  -0.00057337  -0.00183521  -0.00283406  -0.00360460  -0.00428176  -0.00498151  -0.00570333  -0.00634058  -0.00678549  -0.00703111  -0.00717922  -0.00735047  -0.00758075  -0.00779714  -0.00789197  -0.00782525  -0.00766260  -0.00751698  -0.00744977  -0.00742123  -0.00733324  -0.00712266  -0.00682002  -0.00652190  -0.00630476  -0.00615935  -0.00600409  -0.00576280  -0.00543487 
 -0.00044270  -0.03660314  -0.13067255  -0.32369295  -0.62082522  -0.97380466  -1.28491784  -1.44404648  -1.38831789  -1.15102138  -0.86372985  -0.70028949  -0.78923733  -1.14547452  -1.66341343  -2.17614881  -2.54371901  -2.71678646  -2.74104596  -2.70796867  -2.69045408  -2.70587542  -2.72420265  -2.70581841  -2.63637225  -2.53447143  -2.43229543  -2.34923958  -2.28029196  -2.20568953  -2.11064164  -1.99770861  -1.88295930  -1.78143987  -1.69541204  -1.61471930  -1.52740185  -1.43041050  -1.33142694  -1.24131463  -1.16466300  -1.09666767  -1.02832775  -0.95466086  -0.87860326  -0.80768113  -0.74701808  -0.69505521  -0.64543593  -0.59287613  -0.53758544  -0.48452674  -0.43859162  -0.40023044  -0.36531416  -0.32901797  -0.29002187  -0.25132650  -0.21721940  -0.18933359  -0.16532611  -0.14115560  -0.11470672  -0.08747647  -0.06296322  -0.04339471  -0.02779150  -0.01299333   0.00344392   0.02116032   0.03751488   0.05010159   0.05891052   0.06623614   0.07454208   0.08429431   0.09369177   0.10043121   0.10382637   0.10537524   0.10735066   0.11077233   0.11460061   0.11681010   0.11629163   0.11384306   0.11140741   0.11032273   0.11019497   0.10937308   0.10652729   0.10186739   0.09692577   0.09316344   0.09069957   0.08829803   0.08456894   0.07925556   0.07344830   0.06857818   0.06514374   0.06232543   0.05879807   0.05396361   0.04847952   0.04363550   0.04018352   0.03769465   0.03500121   0.03128574   0.02681249   0.02265624   0.01970943   0.01788802   0.01624454   0.01385417   0.01064820   0.00744546   0.00518136   0.00405738   0.00338088   0.00221650   0.00023440  -0.00201667  -0.00363882  -0.00421275  -0.00416686  -0.00436887  -0.00533378  -0.00677545  -0.00789621  -0.00812982  -0.00765220  -0.00720557  -0.00741568  -0.00823477  -0.00901014  -0.00909767  -0.00844936  -0.00764404  -0.00734981  -0.00772086  -0.00827648  -0.00835796  -0.00773356  -0.00679972  -0.00620754  -0.00626875  -0.00668506  -0.00683730  -0.00635723 
 -0.00045578  -0.44183993  -0.74466705  -0.86918300  -0.90024679  -0.97749515  -1.18429713  -1.47878320  -1.71967565  -1.76950978  -1.60081845  -1.32860648  -1.14547452  -1.20429795  -1.52794518  -2.00334762  -2.45727147  -2.75783096  -2.87535501  -2.87147626  -2.83672484  -2.82700753  -2.84038226  -2.83978401  -2.79437998  -2.70505002  -2.59870053  -2.50281216  -2.42446496  -2.34980043  -2.26061055  -2.15149914  -2.03337709  -1.92257638  -1.82688940  -1.74073532  -1.65227336  -1.55483028  -1.45235779  -1.35501007  -1.26983487  -1.19516261  -1.12312047  -1.04721529  -0.96788455  -0.89141387  -0.82383449  -0.76561243  -0.71169206  -0.65636259  -0.59825560  -0.54108563  -0.48985433  -0.44623741  -0.40728040  -0.36828571  -0.32701636  -0.28540699  -0.24746099  -0.21547581  -0.18805698  -0.16155090  -0.13338672  -0.10423301  -0.07713566  -0.05460274  -0.03635947  -0.01972536  -0.00211187   0.01671452   0.03460487   0.04912626   0.05979008   0.06841559   0.07741201   0.08763064   0.09772954   0.10553501   0.11007486   0.11242923   0.11470032   0.11812088   0.12203899   0.12464368   0.12469408   0.12265263   0.12023534   0.11885850   0.11842761   0.11753891   0.11484682   0.11031572   0.10523688   0.10105049   0.09808430   0.09534605   0.09151064   0.08616274   0.08016620   0.07486440   0.07087974   0.06760940   0.06384304   0.05890102   0.05324707   0.04804420   0.04409529   0.04114723   0.03817198   0.03433422   0.02974724   0.02534299   0.02200652   0.01978264   0.01786838   0.01537008   0.01211435   0.00877898   0.00624929   0.00480822   0.00389775   0.00264780   0.00066892  -0.00161640  -0.00338803  -0.00418882  -0.00433257  -0.00460155  -0.00553000  -0.00693478  -0.00811004  -0.00848890  -0.00815874  -0.00776837  -0.00792942  -0.00866940  -0.00942995  -0.00959556  -0.00905826  -0.00830564  -0.00796656  -0.00824160  -0.00873776  -0.00884563  -0.00830171  -0.00742118  -0.00679929  -0.00676677  -0.00709987  -0.00724093  -0.00681558 
 -0.00046423  -0.57950807  -0.97961930  -1.13100721  -1.11204396  -1.09029690  -1.20832690  -1.49020917  -1.82944684  -2.06347517  -2.08315385  -1.90524137  -1.66341343  -1.52794518  -1.60827493  -1.89858669  -2.29399232  -2.65873037  -2.89907745  -2.99839008  -3.00203275  -2.97253436  -2.94893073  -2.93363289  -2.90696273  -2.85158048  -2.76722034  -2.66810727  -2.56975946  -2.47792043  -2.38763053  -2.29082147  -2.18456971  -2.07331475  -1.96451218  -1.86254804  -1.76621695  -1.67119029  -1.57456509  -1.47737572  -1.38332376  -1.29540498  -1.21360145  -1.13542865  -1.05846061  -0.98241402  -0.90908676  -0.84050074  -0.77708002  -0.71742419  -0.65967300  -0.60309397  -0.54850007  -0.49727752  -0.45002780  -0.40604604  -0.36399653  -0.32306844  -0.28355487  -0.24641117  -0.21228306  -0.18090760  -0.15137394  -0.12293148  -0.09558410  -0.06996813  -0.04668723  -0.02573796  -0.00652342   0.01160924   0.02882729   0.04474568   0.05885482   0.07102390   0.08162868   0.09122053   0.10006657   0.10797869   0.11456127   0.11962590   0.12339214   0.12631138   0.12869769   0.13050786   0.13145589   0.13133649   0.13025449   0.12856176   0.12657714   0.12435371   0.12169786   0.11840688   0.11449837   0.11022659   0.10588423   0.10157996   0.09719248   0.09253150   0.08754895   0.08240813   0.07735674   0.07252910   0.06785900   0.06317523   0.05838401   0.05356954   0.04892678   0.04459606   0.04055338   0.03665244   0.03277269   0.02893477   0.02528122   0.02194663   0.01893993   0.01614435   0.01342950   0.01076919   0.00825853   0.00601984   0.00408753   0.00237698   0.00076171  -0.00081569  -0.00230042  -0.00358611  -0.00461962  -0.00545335  -0.00620000  -0.00693484  -0.00763596  -0.00821502  -0.00860675  -0.00883368  -0.00898869  -0.00915430  -0.00933448  -0.00946008  -0.00946002  -0.00933126  -0.00914398  -0.00898009  -0.00886303  -0.00874314  -0.00854945  -0.00825866  -0.00791799  -0.00760302  -0.00735104  -0.00713131  -0.00687792 
 -0.00046846  -0.42601900  -0.77964438  -1.02163752  -1.16403405  -1.26365231  -1.39181279  -1.59350879  -1.85756676  -2.11688893  -2.28296370  -2.29821112  -2.17614881  -2.00334762  -1.89858669  -1.95106046  -2.17359582  -2.49842281  -2.81688599  -3.03767779  -3.12840142  -3.11839608  -3.06689621  -3.02151262  -2.99428559  -2.96665233  -2.91358324  -2.82605616  -2.71626901  -2.60539820  -2.50660365  -2.41726387  -2.32491843  -2.21996439  -2.10390639  -1.98718896  -1.87989101  -1.78390536  -1.69286291  -1.59888112  -1.49967948  -1.40007026  -1.30722905  -1.22443853  -1.14877584  -1.07429995  -0.99746738  -0.91993287  -0.84659341  -0.78100714  -0.72237446  -0.66654820  -0.60985098  -0.55215767  -0.49663304  -0.44662673  -0.40265503  -0.36209331  -0.32164078  -0.28019675  -0.23960230  -0.20275154  -0.17091454  -0.14267613  -0.11531270  -0.08723233  -0.05925967  -0.03370740  -0.01219368   0.00579011   0.02234233   0.03923939   0.05642287   0.07220201   0.08489316   0.09436112   0.10210045   0.10986534   0.11814431   0.12584358   0.13139672   0.13423836   0.13531131   0.13620424   0.13775705   0.13940346   0.13980087   0.13812295   0.13482913   0.13124805   0.12840234   0.12615983   0.12345514   0.11933507   0.11385548   0.10803310   0.10293641   0.09876688   0.09475417   0.08992495   0.08401949   0.07772775   0.07206087   0.06745705   0.06343504   0.05908496   0.05392272   0.04832639   0.04317852   0.03906606   0.03577417   0.03251828   0.02867847   0.02435717   0.02026471   0.01706003   0.01475964   0.01274498   0.01034055   0.00742249   0.00450806   0.00226330   0.00089231  -0.00003695  -0.00118777  -0.00285473  -0.00471639  -0.00615222  -0.00681953  -0.00696136  -0.00717575  -0.00787156  -0.00891198  -0.00976194  -0.00999069  -0.00966480  -0.00927954  -0.00930457  -0.00976596  -0.01024139  -0.01026067  -0.00973778  -0.00904257  -0.00865776  -0.00874318  -0.00900418  -0.00897480  -0.00844791  -0.00765881  -0.00706309  -0.00692067 
 -0.00046891  -0.18235708  -0.42883171  -0.75155115  -1.09998644  -1.39998403  -1.61116509  -1.75651641  -1.89995301  -2.08919024  -2.30963492  -2.48763901  -2.54371901  -2.45727147  -2.29399232  -2.17359582  -2.19858388  -2.39256003  -2.68902042  -2.97546742  -3.16031293  -3.21788893  -3.18641362  -3.12818797  -3.08484251  -3.05797525  -3.02239831  -2.95501417  -2.85467941  -2.74015391  -2.63239206  -2.53830446  -2.44877374  -2.35005313  -2.23698889  -2.11686192  -2.00208460  -1.89949738  -1.80576248  -1.71194934  -1.61224494  -1.50885846  -1.40938577  -1.31977439  -1.23944405  -1.16254726  -1.08364086  -1.00240748  -0.92342462  -0.85166475  -0.78805399  -0.72896572  -0.66974367  -0.60882074  -0.54877334  -0.49364173  -0.44517681  -0.40140253  -0.35858081  -0.31458756  -0.27061471  -0.22981721  -0.19432044  -0.16335174  -0.13407274  -0.10419139  -0.07391768  -0.04556990  -0.02133187  -0.00127092   0.01663744   0.03462315   0.05316569   0.07071512   0.08524109   0.09612367   0.10467961   0.11293066   0.12181047   0.13044237   0.13707624   0.14075912   0.14220683   0.14313740   0.14474072   0.14669779   0.14760084   0.14632929   0.14310181   0.13927615   0.13613477   0.13379280   0.13120269   0.12720157   0.12161367   0.11541486   0.10985230   0.10535558   0.10122718   0.09635762   0.09027892   0.08359458   0.07742442   0.07240419   0.06815849   0.06370298   0.05837705   0.05244610   0.04684341   0.04231719   0.03877446   0.03540608   0.03145138   0.02688920   0.02243471   0.01887003   0.01633669   0.01423020   0.01177086   0.00871200   0.00554137   0.00301113   0.00144405   0.00045035  -0.00070245  -0.00242238  -0.00444140  -0.00608687  -0.00691046  -0.00709426  -0.00727374  -0.00795600  -0.00907216  -0.01006485  -0.01041501  -0.01011791  -0.00967888  -0.00964705  -0.01012302  -0.01068699  -0.01080012  -0.01030180  -0.00954964  -0.00908551  -0.00914377  -0.00945178  -0.00949527  -0.00899505  -0.00815720  -0.00747610  -0.00728110 
 -0.00046605  -0.06879948  -0.25423560  -0.59543324  -1.02993798  -1.43860824  -1.72650353  -1.88251143  -1.97721424  -2.10340875  -2.30403309  -2.53951708  -2.71678646  -2.75783096  -2.65873037  -2.49842281  -2.39256003  -2.42493927  -2.60170379  -2.85506677  -3.08898922  -3.23366027  -3.27481594  -3.24520020  -3.19151290  -3.14292552  -3.10043980  -3.04818551  -2.97279553  -2.87494862  -2.76678103  -2.66079098  -2.56091076  -2.46230080  -2.35815412  -2.24658720  -2.13200344  -2.02087095  -1.91643455  -1.81696016  -1.71839521  -1.61849777  -1.51872234  -1.42260968  -1.33257361  -1.24806691  -1.16651571  -1.08585365  -1.00626663  -0.92974359  -0.85809659  -0.79135732  -0.72790531  -0.66602186  -0.60535585  -0.54702953  -0.49243654  -0.44192363  -0.39452792  -0.34889769  -0.30447108  -0.26184788  -0.22210032  -0.18572839  -0.15221618  -0.12053020  -0.09003700  -0.06098966  -0.03418555  -0.01016592   0.01129413   0.03097362   0.04951580   0.06691180   0.08260650   0.09608726   0.10739498   0.11710584   0.12583610   0.13374559   0.14048475   0.14560354   0.14902567   0.15115821   0.15256054   0.15349686   0.15378096   0.15303517   0.15110605   0.14825352   0.14495589   0.14152754   0.13790381   0.13377739   0.12894421   0.12353568   0.11793371   0.11246143   0.10714006   0.10172774   0.09599138   0.08995436   0.08389766   0.07812520   0.07271666   0.06749172   0.06220847   0.05680574   0.05146848   0.04646501   0.04191355   0.03769255   0.03356988   0.02942466   0.02535717   0.02159207   0.01827134   0.01532914   0.01255872   0.00980325   0.00709284   0.00460569   0.00249572   0.00074806  -0.00080742  -0.00234271  -0.00388267  -0.00529533  -0.00642513  -0.00724284  -0.00787559  -0.00849380  -0.00916279  -0.00979486  -0.01024189  -0.01043946  -0.01046983  -0.01048933  -0.01059061  -0.01072701  -0.01076569  -0.01061709  -0.01032055  -0.01000970  -0.00979295  -0.00966028  -0.00950038  -0.00920895  -0.00878709  -0.00834051  -0.00798335 
 -0.00046032  -0.15118014  -0.36410160  -0.66466762  -1.02788883  -1.39236308  -1.69575178  -1.91012291  -2.05575424  -2.18472987  -2.34425276  -2.54276201  -2.74104596  -2.87535501  -2.89907745  -2.81688599  -2.68902042  -2.60170379  -2.62101147  -2.75795255  -2.96524337  -3.16617974  -3.29649444  -3.33373209  -3.29882353  -3.23336738  -3.17056601  -3.11879899  -3.06536349  -2.99329209  -2.89677083  -2.78455462  -2.67144403  -2.56662751  -2.46842614  -2.36841586  -2.26012653  -2.14467817  -2.02930270  -1.92099218  -1.82114254  -1.72546670  -1.62857987  -1.52888077  -1.42962972  -1.33576627  -1.24962421  -1.16928497  -1.09069252  -1.01135513  -0.93232830  -0.85695398  -0.78774256  -0.72424542  -0.66366212  -0.60342374  -0.54335567  -0.48558492  -0.43245547  -0.38441922  -0.33973833  -0.29612113  -0.25272186  -0.21073216  -0.17214734  -0.13791470  -0.10712816  -0.07790488  -0.04906251  -0.02107069   0.00451429   0.02653884   0.04529606   0.06223063   0.07864545   0.09461131   0.10903199   0.12074121   0.12960221   0.13663533   0.14311349   0.14948315   0.15507774   0.15883637   0.16033696   0.16020885   0.15958863   0.15915065   0.15859618   0.15703388   0.15386976   0.14938841   0.14452128   0.14004565   0.13595558   0.13155864   0.12617982   0.11981637   0.11315989   0.10699300   0.10152694   0.09627579   0.09055761   0.08414775   0.07749268   0.07131033   0.06595975   0.06115483   0.05626566   0.05091437   0.04531944   0.04008880   0.03566842   0.03195479   0.02841368   0.02458024   0.02047695   0.01657669   0.01336033   0.01088133   0.00872921   0.00641108   0.00379356   0.00120514  -0.00088177  -0.00228847  -0.00328885  -0.00435528  -0.00573403  -0.00723834  -0.00843894  -0.00906733  -0.00926134  -0.00943621  -0.00990900  -0.01062304  -0.01121802  -0.01137195  -0.01109808  -0.01072982  -0.01061644  -0.01081307  -0.01104525  -0.01097205  -0.01050158  -0.00987187  -0.00943088  -0.00932283  -0.00936727  -0.00923491  -0.00875305 
