# coconut-me2b/v0.99.21 
# 
# momentum space matrix elements 
# partial wave J=1, L=1/1, S=1, T=1, MT=1 
# 
# momentum grid [fm^-1]
0.000000 0.066667 0.133333 0.200000 0.266667 0.333333 0.400000 0.466667 0.533333 0.600000 0.666667 0.733333 0.800000 0.866667 0.933333 1.000000 1.066667 1.133333 1.200000 1.266667 1.333333 1.400000 1.466667 1.533333 1.600000 1.666667 1.733333 1.800000 1.866667 1.933333 2.000000 2.066667 2.133333 2.200000 2.266667 2.333333 2.400000 2.466667 2.533333 2.600000 2.666667 2.733333 2.800000 2.866667 2.933333 3.000000 3.066667 3.133333 3.200000 3.266667 3.333333 3.400000 3.466667 3.533333 3.600000 3.666667 3.733333 3.800000 3.866667 3.933333 4.000000 4.066667 4.133333 4.200000 4.266667 4.333333 4.400000 4.466667 4.533333 4.600000 4.666667 4.733333 4.800000 4.866667 4.933333 5.000000 5.066667 5.133333 5.200000 5.266667 5.333333 5.400000 5.466667 5.533333 5.600000 5.666667 5.733333 5.800000 5.866667 5.933333 6.000000 6.066667 6.133333 6.200000 6.266667 6.333333 6.400000 6.466667 6.533333 6.600000 6.666667 6.733333 6.800000 6.866667 6.933333 7.000000 7.066667 7.133333 7.200000 7.266667 7.333333 7.400000 7.466667 7.533333 7.600000 7.666667 7.733333 7.800000 7.866667 7.933333 8.000000 8.066667 8.133333 8.200000 8.266667 8.333333 8.400000 8.466667 8.533333 8.600000 8.666667 8.733333 8.800000 8.866667 8.933333 9.000000 9.066667 9.133333 9.200000 9.266667 9.333333 9.400000 9.466667 9.533333 9.600000 9.666667 9.733333 9.800000 9.866667 9.933333 10.000000 
#
# matrix elements [MeV fm^3] 
  0.00000052   0.00034006   0.00065130   0.00091169   0.00110989   0.00124519   0.00132459   0.00135900   0.00136009   0.00133832   0.00130224   0.00125829   0.00121113   0.00116394   0.00111871   0.00107655   0.00103798   0.00100310   0.00097181   0.00094385   0.00091890   0.00089658   0.00087648   0.00085818   0.00084131   0.00082551   0.00081049   0.00079600   0.00078179   0.00076766   0.00075342   0.00073894   0.00072413   0.00070892   0.00069326   0.00067712   0.00066047   0.00064333   0.00062572   0.00060769   0.00058928   0.00057054   0.00055153   0.00053230   0.00051293   0.00049349   0.00047405   0.00045468   0.00043544   0.00041638   0.00039757   0.00037906   0.00036091   0.00034316   0.00032586   0.00030903   0.00029270   0.00027691   0.00026167   0.00024699   0.00023290   0.00021940   0.00020648   0.00019414   0.00018239   0.00017122   0.00016061   0.00015055   0.00014103   0.00013202   0.00012352   0.00011551   0.00010796   0.00010086   0.00009418   0.00008790   0.00008200   0.00007646   0.00007127   0.00006640   0.00006183   0.00005755   0.00005353   0.00004976   0.00004623   0.00004292   0.00003982   0.00003691   0.00003417   0.00003161   0.00002920   0.00002694   0.00002483   0.00002284   0.00002097   0.00001921   0.00001757   0.00001603   0.00001458   0.00001323   0.00001196   0.00001077   0.00000965   0.00000862   0.00000765   0.00000675   0.00000591   0.00000512   0.00000440   0.00000373   0.00000311   0.00000255   0.00000202   0.00000154   0.00000110   0.00000071   0.00000035   0.00000002  -0.00000027  -0.00000053  -0.00000077  -0.00000097  -0.00000115  -0.00000130  -0.00000143  -0.00000155  -0.00000164  -0.00000172  -0.00000177  -0.00000182  -0.00000185  -0.00000187  -0.00000187  -0.00000187  -0.00000186  -0.00000184  -0.00000181  -0.00000178  -0.00000174  -0.00000170  -0.00000165  -0.00000160  -0.00000155  -0.00000150  -0.00000144  -0.00000139  -0.00000133  -0.00000127  -0.00000121  -0.00000116  -0.00000110 
  0.00034006   5.23568623   8.59446516   9.12375981   7.18964401   4.14425915   1.51288883   0.21142248   0.23202534   0.89886637   1.43780865   1.45665515   1.06370673   0.63611671   0.47423384   0.60267600   0.82111402   0.90966478   0.80271072   0.60697656   0.48170612   0.50078692   0.60853001   0.68750771   0.66487774   0.56492926   0.47359090   0.45741868   0.51054212   0.56956102   0.57465100   0.51962080   0.45030051   0.41906745   0.43928854   0.47834875   0.49078645   0.45879312   0.40462374   0.36723250   0.36689424   0.38949253   0.40211272   0.38346453   0.34139343   0.30346062   0.29117964   0.30176042   0.31263291   0.30289637   0.27156079   0.23687514   0.21881940   0.22141545   0.23040136   0.22717053   0.20552546   0.17629151   0.15657958   0.15423209   0.16151179   0.16299114   0.14973160   0.12679896   0.10788487   0.10260969   0.10821727   0.11276333   0.10627814   0.08951682   0.07266042   0.06569961   0.06952805   0.07563534   0.07419994   0.06291461   0.04863675   0.04077082   0.04271942   0.04913475   0.05113040   0.04439732   0.03282560   0.02461338   0.02470728   0.03051444   0.03457017   0.03144768   0.02252429   0.01443097   0.01285988   0.01748963   0.02253065   0.02215612   0.01573342   0.00816808   0.00525804   0.00843950   0.01367046   0.01528566   0.01115598   0.00446102   0.00061494   0.00230200   0.00716226   0.01010811   0.00800922   0.00243791  -0.00192477  -0.00162531   0.00249155   0.00619854   0.00581862   0.00152115  -0.00296782  -0.00385385  -0.00070274   0.00328151   0.00427224   0.00129568  -0.00298617  -0.00480210  -0.00271657   0.00114829   0.00314471   0.00144450  -0.00236717  -0.00483386  -0.00381301  -0.00037368   0.00226883   0.00172663  -0.00142620  -0.00426321  -0.00422509  -0.00142587   0.00152865   0.00197236  -0.00040592  -0.00334920  -0.00415039  -0.00211745   0.00085628   0.00207953   0.00052336  -0.00229277  -0.00374833  -0.00252705   0.00022515   0.00200502   0.00125754 
  0.00065130   8.59446516  14.21284077  15.31779687  12.43453619   7.65231826   3.37471297   1.09850049   0.89836192   1.78783010   2.57921613   2.63072822   2.05645525   1.40009608   1.11855449   1.26987625   1.57136904   1.69683697   1.53852252   1.24383471   1.04529203   1.05676887   1.20280170   1.31315971   1.27813214   1.12874121   0.98847933   0.95594418   1.02549578   1.10633064   1.11045798   1.02668501   0.92021278   0.86751470   0.88951485   0.94002459   0.95294012   0.90131943   0.81645153   0.75477865   0.74650289   0.77202269   0.78382114   0.75050938   0.68276971   0.62032446   0.59474531   0.60260521   0.61150248   0.59094020   0.53901772   0.48190256   0.44869157   0.44562265   0.45233737   0.44183805   0.40484226   0.35676507   0.32239870   0.31335513   0.31868661   0.31609099   0.29243407   0.25481982   0.22300666   0.21106380   0.21520338   0.21821128   0.20554638   0.17811386   0.15055061   0.13738021   0.14004693   0.14632569   0.14195253   0.12344550   0.10061914   0.08709456   0.08790213   0.09539683   0.09671237   0.08551312   0.06732415   0.05398722   0.05272927   0.05988532   0.06467577   0.05918541   0.04531700   0.03262537   0.02938550   0.03520675   0.04175057   0.04055382   0.03062850   0.01902390   0.01414374   0.01812503   0.02516548   0.02705926   0.02067149   0.01055223   0.00453176   0.00653647   0.01319854   0.01716468   0.01386873   0.00553823  -0.00107003  -0.00093227   0.00477198   0.00994509   0.00924526   0.00287628  -0.00379462  -0.00526417  -0.00086831   0.00478183   0.00614092   0.00176677  -0.00451658  -0.00725079  -0.00433120   0.00119851   0.00406199   0.00158962  -0.00395292  -0.00757126  -0.00614638  -0.00119901   0.00262765   0.00186283  -0.00268856  -0.00680480  -0.00677199  -0.00273188   0.00155902   0.00223535  -0.00117500  -0.00542234  -0.00658603  -0.00364575   0.00067541   0.00248236   0.00026936  -0.00378232  -0.00588311  -0.00411433  -0.00011713   0.00249077   0.00144762 
  0.00091169   9.12375981  15.31779687  17.01099086  14.60096955  10.02426542   5.61006017   2.92204396   2.21789699   2.71159751   3.32689085   3.39887413   2.92329502   2.32006466   1.99293959   2.03292910   2.23186012   2.31650637   2.17635226   1.91389797   1.71695530   1.68909539   1.78045033   1.85550692   1.81891141   1.68719343   1.55654659   1.50950496   1.54702671   1.59881955   1.59228436   1.51422266   1.41423016   1.35430848   1.35408251   1.37878433   1.37529727   1.31998377   1.23596009   1.16821675   1.14240526   1.14453324   1.13706684   1.09396964   1.02247126   0.95385429   0.91406616   0.90155764   0.89107731   0.85791594   0.79968714   0.73675195   0.69260595   0.67301230   0.66232334   0.63894227   0.59489891   0.54198271   0.49997286   0.47860640   0.46965085   0.45541446   0.42507424   0.38385013   0.34735175   0.32704682   0.32030000   0.31354986   0.29501120   0.26504482   0.23510675   0.21687006   0.21176480   0.21023277   0.20082586   0.18049833   0.15684645   0.14072320   0.13632690   0.13774885   0.13473664   0.12205658   0.10390256   0.08964970   0.08517344   0.08771951   0.08875168   0.08185248   0.06836172   0.05580080   0.05082199   0.05325301   0.05653257   0.05386672   0.04433041   0.03343645   0.02789486   0.02951522   0.03376869   0.03411105   0.02794521   0.01879349   0.01287608   0.01339532   0.01776025   0.02013667   0.01682234   0.00949845   0.00350781   0.00289631   0.00680598   0.01042187   0.00945408   0.00398612  -0.00175892  -0.00337966  -0.00028068   0.00391671   0.00478514   0.00111425  -0.00410702  -0.00653421  -0.00444163  -0.00019984   0.00199700  -0.00002109  -0.00450511  -0.00749563  -0.00647625  -0.00260763   0.00043374  -0.00014287  -0.00374609  -0.00704199  -0.00705618  -0.00385782  -0.00040891   0.00020101  -0.00244508  -0.00579262  -0.00671617  -0.00436834  -0.00088436   0.00063538  -0.00103911  -0.00420539  -0.00585317  -0.00442964  -0.00120835   0.00094101   0.00019693 
  0.00110989   7.18964401  12.43453619  14.60096955  13.76338448  11.01193711   7.82291057   5.36273162   4.08430456   3.76148623   3.84361228   3.86090366   3.64568639   3.29996833   3.00960145   2.87181254   2.84626849   2.82518420   2.73596498   2.58962228   2.45096784   2.37236695   2.35192507   2.34473092   2.30752194   2.23385092   2.15240561   2.09618661   2.07308156   2.06233332   2.03597382   1.98344118   1.91800265   1.86195211   1.82600291   1.80127719   1.76923765   1.71887357   1.65545670   1.59422149   1.54607705   1.50859804   1.46958814   1.41884982   1.35708388   1.29440888   1.24075575   1.19728781   1.15628030   1.10883069   1.05295523   0.99491201   0.94313340   0.90070510   0.86314229   0.82302195   0.77686189   0.72799485   0.68318226   0.64641205   0.61557627   0.58477965   0.54985141   0.51195260   0.47619698   0.44683203   0.42348553   0.40175470   0.37734855   0.34987907   0.32294186   0.30063157   0.28380767   0.26945974   0.25356680   0.23470348   0.21512892   0.19851978   0.18655345   0.17746015   0.16773900   0.15534078   0.14139186   0.12898682   0.12027579   0.11454123   0.10894252   0.10113414   0.09131983   0.08192415   0.07528497   0.07152913   0.06853212   0.06390612   0.05714046   0.04996277   0.04467165   0.04202664   0.04061284   0.03819109   0.03373687   0.02830361   0.02397980   0.02195504   0.02147264   0.02057846   0.01792150   0.01394261   0.01040227   0.00873553   0.00876163   0.00889969   0.00764099   0.00490337   0.00204940   0.00059899   0.00084507   0.00162604   0.00142061  -0.00026932  -0.00250733  -0.00382168  -0.00355859  -0.00245111  -0.00191492  -0.00274932  -0.00443743  -0.00565950  -0.00551638  -0.00433381  -0.00333280  -0.00349960  -0.00470264  -0.00584844  -0.00590368  -0.00483212  -0.00360026  -0.00327440  -0.00405352  -0.00511608  -0.00539584  -0.00455711  -0.00327999  -0.00261656  -0.00302789  -0.00398352  -0.00447103  -0.00392851  -0.00274296  -0.00187439  -0.00197020 
  0.00124519   4.14425915   7.65231826  10.02426542  11.01193711  10.68275886   9.39855685   7.69775044   6.11305905   4.99701692   4.43326545   4.27151373   4.25873460   4.18899303   3.99148648   3.72162281   3.48180219   3.33598495   3.27347260   3.23412864   3.16340322   3.05120584   2.92932358   2.83736661   2.78904402   2.76481742   2.73224906   2.67347038   2.59672437   2.52506206   2.47464928   2.44184232   2.40847280   2.35860841   2.29142419   2.21991302   2.15817852   2.10929554   2.06391219   2.00960729   1.94191741   1.86746510   1.79730142   1.73711064   1.68297513   1.62582045   1.55991837   1.48774327   1.41729554   1.35484808   1.29978877   1.24586853   1.18725550   1.12374123   1.06061922   1.00374259   0.95444088   0.90875869   0.86137568   0.81043981   0.75900423   0.71203448   0.67191584   0.63651846   0.60136291   0.56371604   0.52487991   0.48876217   0.45821825   0.43253719   0.40823204   0.38224412   0.35458224   0.32808684   0.30568856   0.28773481   0.27175816   0.25476340   0.23586588   0.21691405   0.20064488   0.18814128   0.17789381   0.16722505   0.15469059   0.14126579   0.12931599   0.12037437   0.11376944   0.10729054   0.09920366   0.08975279   0.08082525   0.07416127   0.06977466   0.06599097   0.06100002   0.05446702   0.04775431   0.04261186   0.03957404   0.03751377   0.03470821   0.03039878   0.02542454   0.02139527   0.01920368   0.01823957   0.01698629   0.01441126   0.01087003   0.00772778   0.00608562   0.00579061   0.00561104   0.00437790   0.00203022  -0.00037440  -0.00165802  -0.00159502  -0.00108944  -0.00132715  -0.00270155  -0.00448969  -0.00554638  -0.00535687  -0.00448640  -0.00403993  -0.00465131  -0.00592946  -0.00684763  -0.00669489  -0.00571284  -0.00485194  -0.00489407  -0.00575362  -0.00658362  -0.00656707  -0.00565788  -0.00460276  -0.00424495  -0.00476045  -0.00551957  -0.00568151  -0.00496315  -0.00388153  -0.00326494  -0.00349550  -0.00417628  -0.00451297  -0.00404507 
  0.00132459   1.51288883   3.37471297   5.61006017   7.82291057   9.39855685   9.86930124   9.20100760   7.81687679   6.35451229   5.32399552   4.88298971   4.84745632   4.89272143   4.78651369   4.50285438   4.17178016   3.93771717   3.84583769   3.83041588   3.79015215   3.67462446   3.51305264   3.37419988   3.30197945   3.28260717   3.26448066   3.20604459   3.10804925   3.00594014   2.93445214   2.89779589   2.86964835   2.81907181   2.73720730   2.64202480   2.55968038   2.50105082   2.45403431   2.39649716   2.31655681   2.22197642   2.13164985   2.05828205   1.99809831   1.93585036   1.85937254   1.77016611   1.68112806   1.60449756   1.54136640   1.48180220   1.41462613   1.33751106   1.25850818   1.18830555   1.13071492   1.07989291   1.02626579   0.96532139   0.90130874   0.84292154   0.79531696   0.75577378   0.71660169   0.67226514   0.62414259   0.57884426   0.54197275   0.51314248   0.48661260   0.45664686   0.42256201   0.38898816   0.36137532   0.34101178   0.32402329   0.30503499   0.28198330   0.25772238   0.23715446   0.22267485   0.21208813   0.20073762   0.18573816   0.16842283   0.15289797   0.14218329   0.13550735   0.12912912   0.11978929   0.10757813   0.09567309   0.08731855   0.08287830   0.07960377   0.07421085   0.06583228   0.05667690   0.04989740   0.04669699   0.04530743   0.04268284   0.03727803   0.03036850   0.02478046   0.02227337   0.02198327   0.02128886   0.01822973   0.01324043   0.00866238   0.00655433   0.00683640   0.00742955   0.00619414   0.00285589  -0.00081820  -0.00269232  -0.00221040  -0.00085225  -0.00073553  -0.00268767  -0.00554662  -0.00728178  -0.00686351  -0.00516771  -0.00412893  -0.00496281  -0.00709407  -0.00873717  -0.00855356  -0.00685366  -0.00527031  -0.00524522  -0.00673349  -0.00829180  -0.00842960  -0.00696334  -0.00514787  -0.00450133  -0.00542510  -0.00687417  -0.00734679  -0.00625998  -0.00445421  -0.00339417  -0.00382564  -0.00512041  -0.00588405  -0.00524182 
  0.00135900   0.21142248   1.09850049   2.92204396   5.36273162   7.69775044   9.20100760   9.52059324   8.81896424   7.62207399   6.50137464   5.79384499   5.51012626   5.44231653   5.36115409   5.16226525   4.88604438   4.63524499   4.47551470   4.39345321   4.32687711   4.22565436   4.08858233   3.95265464   3.85345011   3.79450955   3.74901801   3.68657973   3.59857599   3.50119960   3.41714792   3.35462774   3.30182317   3.23935347   3.15766673   3.06384534   2.97331184   2.89539713   2.82592529   2.75240865   2.66594623   2.56877357   2.47135215   2.38259322   2.30241516   2.22290032   2.13622113   2.04176634   1.94628822   1.85755227   1.77762522   1.70173300   1.62323284   1.53982240   1.45540938   1.37632610   1.30566313   1.24087339   1.17652834   1.10941574   1.04129622   0.97703628   0.92009007   0.86952119   0.82111100   0.77130533   0.72030899   0.67162791   0.62868679   0.59171473   0.55766099   0.52303900   0.48699208   0.45183235   0.42071433   0.39468214   0.37176491   0.34881968   0.32432751   0.29959080   0.27734314   0.25914950   0.24398741   0.22922217   0.21298413   0.19574795   0.17973552   0.16678158   0.15665002   0.14729173   0.13672346   0.12476610   0.11308658   0.10358053   0.09662235   0.09076208   0.08407956   0.07590711   0.06735471   0.06021437   0.05529663   0.05172004   0.04775540   0.04240190   0.03624592   0.03085633   0.02731776   0.02525732   0.02322377   0.02002616   0.01578861   0.01177970   0.00921526   0.00815219   0.00746886   0.00591093   0.00322084   0.00032751  -0.00154239  -0.00199174  -0.00179203  -0.00215423  -0.00362633  -0.00562665  -0.00701393  -0.00714492  -0.00644712  -0.00600410  -0.00656008  -0.00786267  -0.00892796  -0.00895946  -0.00806882  -0.00715204  -0.00705890  -0.00782887  -0.00868358  -0.00876014  -0.00789928  -0.00677273  -0.00625362  -0.00662221  -0.00733146  -0.00752887  -0.00684045  -0.00569872  -0.00493015  -0.00499648  -0.00558746  -0.00592460  -0.00548140 
  0.00136009   0.23202534   0.89836192   2.21789699   4.08430456   6.11305905   7.81687679   8.81896424   9.00041703   8.51857800   7.70248669   6.89109360   6.29918445   5.96903624   5.81270775   5.70280844   5.55343208   5.35162673   5.13663873   4.95456950   4.82334762   4.72733849   4.63689923   4.53282108   4.41713573   4.30565962   4.21182280   4.13573325   4.06575358   3.98902925   3.90119707   3.80781837   3.71777037   3.63512155   3.55622253   3.47358562   3.38244084   3.28425033   3.18469241   3.08846860   2.99560882   2.90215481   2.80413808   2.70114905   2.59654004   2.49444138   2.39643157   2.30070929   2.20422086   2.10564764   2.00662240   1.91029287   1.81869522   1.73129238   1.64583407   1.56060456   1.47600592   1.39416103   1.31703391   1.24481005   1.17592410   1.10859109   1.04240157   0.97858712   0.91881796   0.86368405   0.81221072   0.76276630   0.71447809   0.66788366   0.62429475   0.58451321   0.54806880   0.51362018   0.48009857   0.44754385   0.41691362   0.38909222   0.36402040   0.34070929   0.31807956   0.29583923   0.27462078   0.25529441   0.23810872   0.22243050   0.20728500   0.19217760   0.17745258   0.16389197   0.15194715   0.14130437   0.13115571   0.12090176   0.11063991   0.10101200   0.09257520   0.08527835   0.07850660   0.07163016   0.06454542   0.05772455   0.05174950   0.04676794   0.04236126   0.03792617   0.03320774   0.02850031   0.02434886   0.02103777   0.01833320   0.01570073   0.01278518   0.00971225   0.00694765   0.00485621   0.00336767   0.00204568   0.00048371  -0.00133933  -0.00306224  -0.00428817  -0.00495143  -0.00537367  -0.00596918  -0.00687638  -0.00784950  -0.00849963  -0.00865672  -0.00852249  -0.00848319  -0.00876160  -0.00922700  -0.00952955  -0.00942792  -0.00900876  -0.00860330  -0.00848553  -0.00863069  -0.00875036  -0.00856433  -0.00805683  -0.00748635  -0.00714714  -0.00710497  -0.00714663  -0.00698269  -0.00651333  -0.00591520  -0.00547575  -0.00533175 
  0.00133832   0.89886637   1.78783010   2.71159751   3.76148623   4.99701692   6.35451229   7.62207399   8.51857800   8.83843908   8.57100481   7.91451536   7.17302555   6.60150709   6.29510776   6.18356133   6.11898786   5.98762839   5.77143546   5.53100079   5.33910901   5.22220202   5.14993912   5.07021627   4.95383182   4.81245264   4.68072156   4.58301540   4.51412428   4.44730370   4.35895632   4.24722023   4.12995226   4.02658477   3.94113098   3.86045144   3.76736046   3.65571097   3.53441594   3.41821089   3.31447778   3.21781840   3.11622860   3.00239027   2.87983776   2.75915285   2.64840187   2.54662389   2.44574942   2.33854487   2.22514601   2.11259438   2.00834761   1.91391841   1.82420154   1.73264253   1.63727213   1.54223998   1.45382401   1.37482152   1.30237841   1.23093670   1.15735500   1.08353565   1.01439936   0.95329897   0.89909626   0.84739048   0.79455750   0.74084839   0.68985373   0.64502312   0.60650414   0.57109532   0.53518232   0.49787984   0.46157054   0.42950107   0.40273497   0.37921494   0.35566323   0.33047966   0.30499905   0.28206608   0.26333307   0.24775920   0.23259636   0.21586213   0.19801638   0.18137669   0.16789920   0.15738709   0.14771368   0.13677093   0.12432022   0.11208863   0.10209895   0.09480693   0.08872656   0.08181831   0.07332053   0.06435997   0.05684118   0.05168155   0.04800511   0.04398280   0.03849969   0.03211677   0.02648794   0.02281495   0.02076738   0.01882355   0.01567327   0.01138004   0.00726351   0.00465352   0.00367886   0.00318193   0.00179742  -0.00081804  -0.00371995  -0.00558154  -0.00591409  -0.00549000  -0.00561259  -0.00692967  -0.00887726  -0.01023589  -0.01026145  -0.00935056  -0.00865360  -0.00901784  -0.01023681  -0.01127523  -0.01123664  -0.01017604  -0.00902726  -0.00873681  -0.00941137  -0.01024997  -0.01029951  -0.00932605  -0.00800982  -0.00730665  -0.00757737  -0.00828024  -0.00848928  -0.00774615  -0.00646499  -0.00553526  -0.00550449 
  0.00130224   1.43780865   2.57921613   3.32689085   3.84361228   4.43326545   5.32399552   6.50137464   7.70248669   8.57100481   8.86737915   8.59871117   7.99464725   7.36016879   6.90987021   6.68549176   6.59022775   6.49387357   6.32693965   6.10660467   5.89552566   5.73997324   5.63715392   5.54867866   5.43891357   5.30267182   5.16246742   5.04358534   4.95146014   4.86958253   4.77622492   4.66302192   4.53954637   4.42209602   4.31842180   4.22192475   4.11901596   4.00166008   3.87369153   3.74619903   3.62720851   3.51521115   3.40171735   3.27965975   3.14972957   3.01932472   2.89573774   2.78007526   2.66715640   2.55093526   2.43019956   2.30951276   2.19496829   2.08891811   1.98840138   1.88836598   1.78646794   1.68508810   1.58898984   1.50100881   1.41973389   1.34109615   1.26218809   1.18377408   1.10935080   1.04182039   0.98088986   0.92346633   0.86651156   0.80966410   0.75530810   0.70618068   0.66279789   0.62300827   0.58395319   0.54454923   0.50624665   0.47148051   0.44132468   0.41449046   0.38849666   0.36185201   0.33524394   0.31071887   0.28968861   0.27160789   0.25447691   0.23663073   0.21814891   0.20063747   0.18565394   0.17325173   0.16194624   0.15006947   0.13723418   0.12458592   0.11366826   0.10498087   0.09754067   0.08979899   0.08103285   0.07193794   0.06392132   0.05778284   0.05299731   0.04822069   0.04251636   0.03616796   0.03036156   0.02606619   0.02315258   0.02053628   0.01717834   0.01300922   0.00894460   0.00601103   0.00440260   0.00332294   0.00172791  -0.00073287  -0.00343335  -0.00538035  -0.00613422  -0.00619813  -0.00654165  -0.00771765  -0.00938445  -0.01065236  -0.01091476  -0.01039652  -0.00993232  -0.01019953  -0.01111677  -0.01194759  -0.01199388  -0.01123326  -0.01032519  -0.00999878  -0.01039525  -0.01096198  -0.01097794  -0.01021644  -0.00914045  -0.00846707  -0.00851349  -0.00892366  -0.00901261  -0.00839938  -0.00734661  -0.00650691  -0.00632221 
  0.00125829   1.45665515   2.63072822   3.39887413   3.86090366   4.27151373   4.88298971   5.79384499   6.89109360   7.91451536   8.59871117   8.80758900   8.58833491   8.12549128   7.63418402   7.25950962   7.03413445   6.90363328   6.78894757   6.64127753   6.46025732   6.27582697   6.11639454   5.98827712   5.87701806   5.76341113   5.63868904   5.50792214   5.38200190   5.26700248   5.15971345   5.05151195   4.93583849   4.81266650   4.68698431   4.56359994   4.44309495   4.32199512   4.19631051   4.06500463   3.93055154   3.79655449   3.66481475   3.53434751   3.40288250   3.26925465   3.13456330   3.00128144   2.87131450   2.74476536   2.62035787   2.49696331   2.37480868   2.25537531   2.14021540   2.02980827   1.92342636   1.82002148   1.71927124   1.62187442   1.52891539   1.44093265   1.35752114   1.27776335   1.20104537   1.12752167   1.05785927   0.99254551   0.93139676   0.87367908   0.81868885   0.76625438   0.71673065   0.67053177   0.62764460   0.58754975   0.54959040   0.51343596   0.47922974   0.44731455   0.41780561   0.39039560   0.36454753   0.33988126   0.31640249   0.29438328   0.27402120   0.25519017   0.23749655   0.22057255   0.20433445   0.18898002   0.17474233   0.16163077   0.14938807   0.13768915   0.12639247   0.11561876   0.10559649   0.09642278   0.08795561   0.07992557   0.07215683   0.06469580   0.05773780   0.05142660   0.04571061   0.04038059   0.03524646   0.03028967   0.02565665   0.02150641   0.01785442   0.01455172   0.01141175   0.00836545   0.00550530   0.00298375   0.00086286  -0.00094891  -0.00261989  -0.00425287  -0.00580672  -0.00714950  -0.00819022  -0.00896851  -0.00962374  -0.01027588  -0.01092799  -0.01147666  -0.01181701  -0.01194468  -0.01196375  -0.01199696  -0.01208205  -0.01214775  -0.01208785  -0.01186367  -0.01154198  -0.01123676  -0.01101028  -0.01082359  -0.01057925  -0.01021471  -0.00976099  -0.00931513  -0.00895394  -0.00866846  -0.00837737  -0.00800467  -0.00754991 
  0.00121113   1.06370673   2.05645525   2.92329502   3.64568639   4.25873460   4.84745632   5.51012626   6.29918445   7.17302555   7.99464725   8.58833491   8.82761434   8.70346452   8.33051624   7.88680879   7.52429530   7.30404610   7.19103051   7.10292543   6.97433013   6.79380401   6.59594469   6.42381581   6.29433243   6.19078182   6.08238399   5.95078676   5.80179529   5.65579568   5.52808989   5.41655915   5.30553578   5.18035444   5.03912688   4.89238355   4.75246280   4.62279844   4.49609901   4.36189517   4.21599291   4.06359030   3.91407688   3.77281525   3.63723763   3.50017152   3.35682929   3.20908553   3.06359010   2.92589599   2.79603660   2.66926508   2.54087807   2.41058516   2.28264696   2.16199160   2.05001459   1.94376368   1.83897350   1.73400810   1.63118366   1.53449228   1.44597919   1.36405793   1.28512303   1.20682376   1.13000233   1.05766935   0.99210848   0.93279029   0.87689680   0.82183911   0.76741998   0.71574357   0.66908148   0.62770719   0.58962780   0.55234988   0.51499959   0.47889077   0.44611625   0.41752049   0.39189391   0.36704697   0.34171241   0.31653645   0.29331706   0.27325399   0.25582170   0.23924451   0.22207484   0.20441136   0.18768203   0.17324983   0.16114223   0.15003748   0.13846592   0.12609667   0.11395136   0.10339734   0.09487433   0.08750853   0.07992485   0.07147934   0.06278740   0.05510017   0.04913440   0.04442895   0.03978680   0.03436378   0.02839983   0.02294764   0.01887961   0.01609354   0.01362551   0.01053581   0.00674227   0.00305154   0.00038807  -0.00105658  -0.00198400  -0.00333759  -0.00545448  -0.00779243  -0.00945945  -0.01004154  -0.00997185  -0.01012241  -0.01101204  -0.01235807  -0.01336593  -0.01347216  -0.01285517  -0.01225941  -0.01231261  -0.01296880  -0.01357686  -0.01349408  -0.01267367  -0.01169560  -0.01122892  -0.01142868  -0.01181488  -0.01172947  -0.01094127  -0.00984717  -0.00909868  -0.00900785  -0.00927666  -0.00928615  -0.00866826 
  0.00116394   0.63611671   1.40009608   2.32006466   3.29996833   4.18899303   4.89272143   5.44231653   5.96903624   6.60150709   7.36016879   8.12549128   8.70346452   8.94327056   8.82749024   8.47747646   8.07664574   7.76787288   7.59162460   7.49613532   7.39939858   7.25255427   7.06317744   6.87272517   6.71539615   6.59286398   6.48015385   6.35125341   6.20021440   6.04178801   5.89490955   5.76559113   5.64346540   5.51269902   5.36597198   5.20932343   5.05504578   4.91026112   4.77146506   4.62894898   4.47610719   4.31504554   4.15406453   4.00007335   3.85303585   3.70705014   3.55644832   3.40110487   3.24639088   3.09830575   2.95847823   2.82342466   2.68834414   2.55173112   2.41667957   2.28799621   2.16799724   2.05479813   1.94441751   1.83455306   1.72656884   1.62406412   1.52953304   1.44220976   1.35893231   1.27705962   1.19671835   1.12042763   1.05060327   0.98729642   0.92816788   0.87058830   0.81386799   0.75962202   0.71005367   0.66580795   0.62533734   0.58626448   0.54741637   0.50967605   0.47495316   0.44429302   0.41686204   0.39067377   0.36431847   0.33809655   0.31356914   0.29200487   0.27316890   0.25552448   0.23760033   0.21924236   0.20163043   0.18610028   0.17288191   0.16089184   0.14871999   0.13587206   0.12313867   0.11179543   0.10240214   0.09429826   0.08622034   0.07743994   0.06837606   0.06015071   0.05352933   0.04822460   0.04317729   0.03752371   0.03135131   0.02556862   0.02103939   0.01778915   0.01499748   0.01175489   0.00787371   0.00401882   0.00106388  -0.00071868  -0.00189637  -0.00334785  -0.00547024  -0.00784803  -0.00966731  -0.01047659  -0.01059471  -0.01080850  -0.01165628  -0.01295860  -0.01401292  -0.01425530  -0.01377579  -0.01322555  -0.01321836  -0.01378362  -0.01436465  -0.01434745  -0.01362537  -0.01268720  -0.01216282  -0.01225372  -0.01256771  -0.01249605  -0.01177584  -0.01072279  -0.00993255  -0.00973620  -0.00991031  -0.00989746  -0.00932343 
  0.00111871   0.47423384   1.11855449   1.99293959   3.00960145   3.99148648   4.78651369   5.36115409   5.81270775   6.29510776   6.90987021   7.63418402   8.33051624   8.82749024   9.01765370   8.91185082   8.62256305   8.29488646   8.03264719   7.86245884   7.74812334   7.63508786   7.49096860   7.31872852   7.14228977   6.98229521   6.84156353   6.70784398   6.56715784   6.41498181   6.25726601   6.10290726   5.95554562   5.81138248   5.66355292   5.50822894   5.34715267   5.18517517   5.02571126   4.86822910   4.70952012   4.54707058   4.38136742   4.21534860   4.05187537   3.89164542   3.73325188   3.57503811   3.41691759   3.26059876   3.10821905   2.96075622   2.81761002   2.67757409   2.54019391   2.40628877   2.27727688   2.15402051   2.03624808   1.92299714   1.81358778   1.70822328   1.60773121   1.51275699   1.42317178   1.33819631   1.25706807   1.17961770   1.10625729   1.03744482   0.97314438   0.91276133   0.85557163   0.80122687   0.74988347   0.70187312   0.65724421   0.61559199   0.57630730   0.53899226   0.50366180   0.47056826   0.43983280   0.41122594   0.38428249   0.35862529   0.33419492   0.31118670   0.28977074   0.26985919   0.25112529   0.23324088   0.21610561   0.19986319   0.18470286   0.17063680   0.15745384   0.14488020   0.13279040   0.12127610   0.11051889   0.10059213   0.09137349   0.08264028   0.07425148   0.06624804   0.05878541   0.05196783   0.04573844   0.03992099   0.03436772   0.02907456   0.02416162   0.01974317   0.01580975   0.01222793   0.00885227   0.00564298   0.00268289   0.00008324  -0.00213155  -0.00405512  -0.00582208  -0.00749713  -0.00903209  -0.01032650  -0.01133255  -0.01210747  -0.01276828  -0.01339410  -0.01396653  -0.01440037  -0.01463312  -0.01468985  -0.01466568  -0.01464515  -0.01463400  -0.01456469  -0.01436756  -0.01404081  -0.01365575  -0.01329522  -0.01298355  -0.01267179  -0.01228963  -0.01181428  -0.01129346  -0.01080312  -0.01038087  -0.00999621  -0.00958345 
  0.00107655   0.60267600   1.26987625   2.03292910   2.87181254   3.72162281   4.50285438   5.16226525   5.70280844   6.18356133   6.68549176   7.25950962   7.88680879   8.47747646   8.91185082   9.10262715   9.04161798   8.80357088   8.50572819   8.24872161   8.07419354   7.96135662   7.85847259   7.72423796   7.55176217   7.36372657   7.18841456   7.03740759   6.90052702   6.75820632   6.59859129   6.42538721   6.25197864   6.08877936   5.93501586   5.78091889   5.61704528   5.44210915   5.26306438   5.08835966   4.92082444   4.75617802   4.58775792   4.41277436   4.23462072   4.05968397   3.89192674   3.73008453   3.56961991   3.40730195   3.24422398   3.08479242   2.93290891   2.78888764   2.64971779   2.51216899   2.37581032   2.24331882   2.11801597   2.00099290   1.89037033   1.78318910   1.67808915   1.57637266   1.48062938   1.39229852   1.31038606   1.23239527   1.15651147   1.08303616   1.01385205   0.95051316   0.89273377   0.83859253   0.78617355   0.73510915   0.68666248   0.64235866   0.60246050   0.56565293   0.53015339   0.49518636   0.46149107   0.43045970   0.40274312   0.37759388   0.35349624   0.32945893   0.30578471   0.28365382   0.26394875   0.24640528   0.22983394   0.21316526   0.19634634   0.18029246   0.16597766   0.15351570   0.14205493   0.13054684   0.11866225   0.10702716   0.09659386   0.08774652   0.07995437   0.07226220   0.06414448   0.05594150   0.04850136   0.04237967   0.03733308   0.03255114   0.02739048   0.02193224   0.01686751   0.01283780   0.00984389   0.00725298   0.00437672   0.00107965  -0.00213139  -0.00459983  -0.00613004  -0.00716174  -0.00836509  -0.01004089  -0.01187332  -0.01324684  -0.01382332  -0.01384985  -0.01392814  -0.01447033  -0.01534255  -0.01601238  -0.01605144  -0.01552841  -0.01494045  -0.01475890  -0.01501134  -0.01527675  -0.01508613  -0.01435448  -0.01345255  -0.01286386  -0.01274891  -0.01281362  -0.01259256  -0.01187896  -0.01090851  -0.01013705  -0.00982474 
  0.00103798   0.82111402   1.57136904   2.23186012   2.84626849   3.48180219   4.17178016   4.88604438   5.55343208   6.11898786   6.59022775   7.03413445   7.52429530   8.07664574   8.62256305   9.04161798   9.23310015   9.17769873   8.94835433   8.66549690   8.42935717   8.27421407   8.16986230   8.06107624   7.91223093   7.72668290   7.53363128   7.35938792   7.20766580   7.06176905   6.90242018   6.72409458   6.53707992   6.35613507   6.18731050   6.02413786   5.85495537   5.67362661   5.48415686   5.29611405   5.11592197   4.94195700   4.76718387   4.58618978   4.40006256   4.21512835   4.03727828   3.86724536   3.70083371   3.53341722   3.36437978   3.19762093   3.03803237   2.88737902   2.74324501   2.60171385   2.46112244   2.32349990   2.19260391   2.07054632   1.95609283   1.84601795   1.73809958   1.63298961   1.53338374   1.44141174   1.35668389   1.27668694   1.19902906   1.12342403   1.05166853   0.98575783   0.92593167   0.87039708   0.81687910   0.76451300   0.71437205   0.66823704   0.62680436   0.58896475   0.55274107   0.51695968   0.48212270   0.44974197   0.42080912   0.39481517   0.37017085   0.34558274   0.32110541   0.29794121   0.27722585   0.25893629   0.24189517   0.22481799   0.20741526   0.19055682   0.17539116   0.16225622   0.15036960   0.13854330   0.12623689   0.11398711   0.10285242   0.09341222   0.08523949   0.07730264   0.06889790   0.06025133   0.05226030   0.04564040   0.04026900   0.03531002   0.02997839   0.02423081   0.01876244   0.01433727   0.01108047   0.00837274   0.00542105   0.00196666  -0.00151356  -0.00427722  -0.00601041  -0.00711087  -0.00831826  -0.01004706  -0.01203507  -0.01361487  -0.01434285  -0.01440534  -0.01444165  -0.01496227  -0.01590142  -0.01670449  -0.01685489  -0.01635011  -0.01569745  -0.01544782  -0.01570339  -0.01604573  -0.01593725  -0.01521843  -0.01424783  -0.01356815  -0.01341446  -0.01351476  -0.01335528  -0.01265730  -0.01162725  -0.01075981  -0.01038457 
  0.00100310   0.90966478   1.69683697   2.31650637   2.82518420   3.33598495   3.93771717   4.63524499   5.35162673   5.98762839   6.49387357   6.90363328   7.30404610   7.76787288   8.29488646   8.80357088   9.17769873   9.33517647   9.27385161   9.06747718   8.81945404   8.60764026   8.45435482   8.33439357   8.20776208   8.05102921   7.86797665   7.67839266   7.49882586   7.33117843   7.16542004   6.99079100   6.80481786   6.61358847   6.42500046   6.24190997   6.06079725   5.87600962   5.68506387   5.49041154   5.29678460   5.10706985   4.92042484   4.73388836   4.54559328   4.35659972   4.16995935   3.98818011   3.81148016   3.63823611   3.46696211   3.29791283   3.13295505   2.97401378   2.82160689   2.67474000   2.53210949   2.39342204   2.25965879   2.13215636   2.01142999   1.89680378   1.78710207   1.68169635   1.58095126   1.48572857   1.39647190   1.31272258   1.23346416   1.15792503   1.08609063   1.01849346   0.95552509   0.89692175   0.84187180   0.78960613   0.73991062   0.69310923   0.64956993   0.60920931   0.57144046   0.53558273   0.50133659   0.46889379   0.43860677   0.41054148   0.38432240   0.35939163   0.33542465   0.31251948   0.29100154   0.27104134   0.25243910   0.23476093   0.21768446   0.20123083   0.18567937   0.17125799   0.15789969   0.14528108   0.13309385   0.12129209   0.11009311   0.09974238   0.09026606   0.08143486   0.07296214   0.06474594   0.05693408   0.04976108   0.04331445   0.03744478   0.03189469   0.02652042   0.02140151   0.01674391   0.01267267   0.00910666   0.00582531   0.00265935  -0.00037236  -0.00310174  -0.00538402  -0.00724230  -0.00885414  -0.01039820  -0.01190537  -0.01324912  -0.01427875  -0.01496945  -0.01545229  -0.01590125  -0.01638484  -0.01681825  -0.01705593  -0.01703575  -0.01684204  -0.01663298  -0.01650287  -0.01640648  -0.01621228  -0.01583185  -0.01530553  -0.01476782  -0.01432789  -0.01397640  -0.01360256  -0.01310256  -0.01247790  -0.01183460  -0.01128706 
  0.00097181   0.80271072   1.53852252   2.17635226   2.73596498   3.27347260   3.84583769   4.47551470   5.13663873   5.77143546   6.32693965   6.78894757   7.19103051   7.59162460   8.03264719   8.50572819   8.94835433   9.27385161   9.41777660   9.37285272   9.19192321   8.95855811   8.74455182   8.57992718   8.45087694   8.32218142   8.16614393   7.97901674   7.77733799   7.58122750   7.39909027   7.22431441   7.04389217   6.85015786   6.64610660   6.44132085   6.24330808   6.05189162   5.86070825   5.66357375   5.45984823   5.25452914   5.05366948   4.85949850   4.66934438   4.47881655   4.28609028   4.09355249   3.90568626   3.72536829   3.55188560   3.38219597   3.21404601   3.04809892   2.88732783   2.73443346   2.58968235   2.45100104   2.31606237   2.18439635   2.05768983   1.93815285   1.82652104   1.72146665   1.62083461   1.52349670   1.43015940   1.34248962   1.26143993   1.18629933   1.11526083   1.04691298   0.98128580   0.91955770   0.86276378   0.81070724   0.76202590   0.71529058   0.67010584   0.62723872   0.58771508   0.55174142   0.51841899   0.48646303   0.45523639   0.42516245   0.39718122   0.37177993   0.34848233   0.32622912   0.30426777   0.28273375   0.26241844   0.24396803   0.22725408   0.21147002   0.19583467   0.18024679   0.16530677   0.15171294   0.13959881   0.12840690   0.11738950   0.10626166   0.09541460   0.08551573   0.07687800   0.06917325   0.06173328   0.05414541   0.04659651   0.03966581   0.03377330   0.02879189   0.02416607   0.01941169   0.01453384   0.00998967   0.00624585   0.00334305   0.00085921  -0.00170898  -0.00450428  -0.00720669  -0.00935141  -0.01076665  -0.01173248  -0.01272687  -0.01400111  -0.01537298  -0.01641730  -0.01686923  -0.01686992  -0.01683755  -0.01709187  -0.01757859  -0.01793954  -0.01785465  -0.01733887  -0.01672713  -0.01637005  -0.01632396  -0.01631542  -0.01600445  -0.01529993  -0.01444061  -0.01377503  -0.01344790  -0.01327920  -0.01293998  -0.01225782 
