# coconut-me2b/v0.99.21 
# 
# momentum space matrix elements 
# partial wave J=0, L=0/0, S=0, T=1, MT=1 
# 
# momentum grid [fm^-1]
0.000000 0.066667 0.133333 0.200000 0.266667 0.333333 0.400000 0.466667 0.533333 0.600000 0.666667 0.733333 0.800000 0.866667 0.933333 1.000000 1.066667 1.133333 1.200000 1.266667 1.333333 1.400000 1.466667 1.533333 1.600000 1.666667 1.733333 1.800000 1.866667 1.933333 2.000000 2.066667 2.133333 2.200000 2.266667 2.333333 2.400000 2.466667 2.533333 2.600000 2.666667 2.733333 2.800000 2.866667 2.933333 3.000000 3.066667 3.133333 3.200000 3.266667 3.333333 3.400000 3.466667 3.533333 3.600000 3.666667 3.733333 3.800000 3.866667 3.933333 4.000000 4.066667 4.133333 4.200000 4.266667 4.333333 4.400000 4.466667 4.533333 4.600000 4.666667 4.733333 4.800000 4.866667 4.933333 5.000000 5.066667 5.133333 5.200000 5.266667 5.333333 5.400000 5.466667 5.533333 5.600000 5.666667 5.733333 5.800000 5.866667 5.933333 6.000000 6.066667 6.133333 6.200000 6.266667 6.333333 6.400000 6.466667 6.533333 6.600000 6.666667 6.733333 6.800000 6.866667 6.933333 7.000000 7.066667 7.133333 7.200000 7.266667 7.333333 7.400000 7.466667 7.533333 7.600000 7.666667 7.733333 7.800000 7.866667 7.933333 8.000000 8.066667 8.133333 8.200000 8.266667 8.333333 8.400000 8.466667 8.533333 8.600000 8.666667 8.733333 8.800000 8.866667 8.933333 9.000000 9.066667 9.133333 9.200000 9.266667 9.333333 9.400000 9.466667 9.533333 9.600000 9.666667 9.733333 9.800000 9.866667 9.933333 10.000000 
#
# matrix elements [MeV fm^3] 
 55.21071112  47.15128780  26.09696617  -0.15197812 -22.92280710 -36.55002387 -40.27048517 -37.38806025 -32.59634082 -29.26186565 -28.17732699 -28.13452106 -27.49887369 -25.53780268 -22.71302932 -20.02553232 -18.12833919 -16.91535330 -15.78472647 -14.22854912 -12.22498055 -10.16519596  -8.46166161  -7.20923527  -6.16347853  -5.00085714  -3.60254575  -2.12440453  -0.82699820   0.15836980   0.92305961   1.67432886   2.54435599   3.48716955   4.34020939   4.97860447   5.41979302   5.79448273   6.22338375   6.71566018   7.17433189   7.49317485   7.65229675   7.72967800   7.82651091   7.97911171   8.13528242   8.21007520   8.16545902   8.04222890   7.92014158   7.84697691   7.80119773   7.71839005   7.55339095   7.32077164   7.07960034   6.87991683   6.72084283   6.55650695   6.34128661   6.07171935   5.78821157   5.53764055   5.33249195   5.14298989   4.92716395   4.66984648   4.39542003   4.14453856   3.93763111   3.75842959   3.57105713   3.35358362   3.11723852   2.89493233   2.71097575   2.56002040   2.41354683   2.24668836   2.06038957   1.87932837   1.72866602   1.61146665   1.50696594   1.39024449   1.25467715   1.11691882   1.00076757   0.91533838   0.84737967   0.77399555   0.68345911   0.58508364   0.49976359   0.44050764   0.40087597   0.36138183   0.30736094   0.24177491   0.18164173   0.14196239   0.12210223   0.10678598   0.08024173   0.04025279  -0.00053173  -0.02672521  -0.03434011  -0.03412043  -0.04146453  -0.06251131  -0.08907269  -0.10666484  -0.10792923  -0.09914706  -0.09421057  -0.10192576  -0.11833521  -0.13082062  -0.12988374  -0.11771090  -0.10589299  -0.10471739  -0.11398090  -0.12357581  -0.12300570  -0.11094618  -0.09620676  -0.08949413  -0.09371088  -0.10160838  -0.10269148  -0.09284816  -0.07791024  -0.06810517  -0.06869073  -0.07536134  -0.07844429  -0.07183198  -0.05842647  -0.04726668  -0.04517657  -0.05065339  -0.05546912  -0.05231966  -0.04142454  -0.03012626  -0.02604344  -0.03015787  -0.03610270 
 47.15128780  39.97212869  21.18438081  -2.33450221 -22.90408220 -35.44518807 -39.16768868 -36.88023479 -32.67798681 -29.56594484 -28.33578407 -28.01962058 -27.23162297 -25.32432011 -22.66718826 -20.10634581 -18.20892877 -16.90123692 -15.68081224 -14.11416767 -12.17501791 -10.18994915  -8.50988831  -7.22075866  -6.12028702  -4.93521852  -3.56220430  -2.13010015  -0.85871255   0.13900073   0.93786842   1.71226394   2.57510437   3.48950926   4.31922610   4.95839262   5.42065484   5.81586965   6.24661648   6.72202163   7.16136316   7.47527011   7.64660340   7.74092080   7.84402243   7.98755011   8.12848908   8.19571073   8.15714846   8.04712265   7.93315835   7.85624416   7.79904052   7.70778860   7.54456834   7.32164400   7.08894875   6.88910908   6.72198753   6.54939526   6.33306679   6.07007526   5.79450888   5.54611494   5.33581639   5.13888491   4.92011916   4.66672006   4.39919129   4.15187739   3.94222582   3.75678271   3.56544867   3.34971843   3.11896577   2.90090455   2.71612543   2.56028288   2.40944336   2.24262656   2.06052287   1.88384852   1.73382343   1.61311895   1.50430853   1.38637394   1.25363165   1.12001112   1.00552985   0.91790656   0.84602426   0.77058048   0.68161023   0.58685390   0.50385395   0.44357557   0.40062604   0.35858691   0.30504119   0.24238856   0.18489442   0.14518092   0.12273497   0.10469638   0.07773835   0.03991585   0.00181381  -0.02363335  -0.03305366  -0.03548278  -0.04391195  -0.06357020  -0.08762377  -0.10390505  -0.10620982  -0.09981045  -0.09641271  -0.10347269  -0.11771006  -0.12853069  -0.12793429  -0.11774321  -0.10771253  -0.10652888  -0.11406251  -0.12183311  -0.12100500  -0.11044519  -0.09755832  -0.09137014  -0.09435521  -0.10043859  -0.10078998  -0.09193208  -0.07875775  -0.06987846  -0.06974178  -0.07474754  -0.07676139  -0.07062992  -0.05877786  -0.04880836  -0.04647886  -0.05054514  -0.05409164  -0.05096226  -0.04132425  -0.03134770  -0.02745180  -0.03047982  -0.03508460 
 26.09696617  21.18438081   8.24245767  -8.20714653 -23.02727232 -32.66009170 -36.27930476 -35.45537933 -32.76106243 -30.25973968 -28.70848186 -27.72542028 -26.55043311 -24.76345723 -22.51741117 -20.27670930 -18.38972337 -16.85545520 -15.41410114 -13.81838758 -12.03564142 -10.23588856  -8.61764609  -7.24205516  -6.00850428  -4.76751020  -3.45551959  -2.13666415  -0.93085532   0.09508241   0.97664491   1.80785599   2.65369901   3.49862560   4.27049102   4.91043475   5.42354050   5.86896131   6.30462485   6.73899862   7.13080599   7.43205213   7.63276517   7.76842651   7.88712762   8.00874413   8.11243110   8.16085018   8.13676749   8.05892743   7.96498947   7.87915366   7.79411599   7.68209678   7.52301190   7.32368121   7.11179191   6.91176101   6.72509448   6.53228790   6.31311202   6.06608909   5.80996122   5.56702204   5.34425930   5.12918518   4.90314797   4.65923062   4.40854904   4.17003813   3.95378506   3.75312744   3.55206292   3.34051193   3.12339215   2.91574893   2.72904147   2.56130396   2.39977290   2.23299232   2.06109408   1.89515356   1.74674359   1.61752166   1.49817550   1.37722619   1.25133685   1.12781930   1.01745456   0.92451177   0.84304885   0.76253603   0.67734377   0.59140829   0.51409447   0.45135112   0.40030766   0.35202621   0.29959758   0.24408187   0.19303822   0.15326532   0.12451732   0.09981387   0.07180839   0.03924578   0.00768958  -0.01591868  -0.02973348  -0.03863879  -0.04974684  -0.06604486  -0.08398613  -0.09705670  -0.10188758  -0.10130744  -0.10168793  -0.10717557  -0.11612440  -0.12287573  -0.12309734  -0.11774055  -0.11208673  -0.11090647  -0.11423283  -0.11754909  -0.11607938  -0.10917301  -0.10081539  -0.09592548  -0.09591954  -0.09757685  -0.09613244  -0.08967017  -0.08080210  -0.07419562  -0.07231040  -0.07325706  -0.07265411  -0.06768575  -0.05962260  -0.05256676  -0.04966555  -0.05029524  -0.05073922  -0.04764871  -0.04107332  -0.03432707  -0.03089777  -0.03128145  -0.03261356 
 -0.15197812  -2.33450221  -8.20714653 -16.02656344 -23.68413870 -29.48710447 -32.66138340 -33.39357223 -32.47827284 -30.81663017 -29.03355433 -27.35811866 -25.73880207 -24.05005785 -22.24224702 -20.36913588 -18.52429989 -16.76562626 -15.08848462 -13.45378725 -11.83425911 -10.23821064  -8.69788138  -7.24034238  -5.86861693  -4.56632641  -3.31722145  -2.12046059  -0.98966455   0.06053479   1.02690943   1.91861685   2.74769784   3.51879851   4.22703608   4.86467279   5.42960673   5.92806179   6.36985739   6.76126559   7.10194770   7.38814934   7.61863211   7.79782484   7.93370621   8.03280689   8.09700193   8.12472678   8.11510606   8.07106469   7.99875324   7.90411389   7.78986698   7.65554417   7.50027758   7.32563889   7.13599781   6.93627162   6.72926428   6.51499178   6.29244667   6.06205249   5.82657101   5.58976166   5.35414480   5.11992795   4.88597967   4.65184999   4.41896701   4.18999415   3.96704055   3.75040026   3.53892140   3.33158223   3.12879519   2.93228930   2.74376044   2.56357302   2.39067930   2.22376663   2.06254060   1.90798772   1.76143804   1.62333493   1.49283609   1.36856609   1.24978957   1.13693175   1.03101156   0.93255175   0.84097397   0.75500332   0.67367346   0.59700142   0.52574005   0.46047381   0.40090289   0.34595453   0.29458675   0.24653108   0.20230765   0.16252987   0.12715609   0.09536666   0.06615274   0.03905738   0.01439379  -0.00723561  -0.02565765  -0.04142588  -0.05544382  -0.06827983  -0.07980423  -0.08946504  -0.09692964  -0.10249881  -0.10692687  -0.11083163  -0.11424263  -0.11669172  -0.11774551  -0.11748266  -0.11648602  -0.11537316  -0.11430594  -0.11292418  -0.11074974  -0.10767992  -0.10412054  -0.10064974  -0.09753227  -0.09452936  -0.09116739  -0.08720785  -0.08288661  -0.07871272  -0.07502271  -0.07170208  -0.06832165  -0.06455316  -0.06047899  -0.05651831  -0.05304800  -0.05007099  -0.04723195  -0.04415624  -0.04079563  -0.03746698  -0.03455728  -0.03217214  -0.03004853 
-22.92280710 -22.90408220 -23.02727232 -23.68413870 -25.14451237 -27.27358408 -29.50576932 -31.10262434 -31.52921398 -30.70903723 -29.00788156 -26.98066640 -25.06117654 -23.38758413 -21.84196881 -20.23234947 -18.46721959 -16.60846505 -14.79600232 -13.12925089 -11.60386244 -10.14092313  -8.66826616  -7.18066347  -5.73507525  -4.39590254  -3.18265470  -2.06224387  -0.98548476   0.06869943   1.07905186   2.00548495   2.82567278   3.55231287   4.21886753   4.84959678   5.44111832   5.96986681   6.41621695   6.78282049   7.09200514   7.36657415   7.61217228   7.81627179   7.96306962   8.04990325   8.09078300   8.10508858   8.10253487   8.07781662   8.01879633   7.91997117   7.78900402   7.64112668   7.48724300   7.32664476   7.15039954   6.95165559   6.73329469   6.50636920   6.28133174   6.06028575   5.83703749   5.60439630   5.36179930   5.11648902   4.87760274   4.64885074   4.42636848   4.20334607   3.97692938   3.75113082   3.53339109   3.32821082   3.13368804   2.94389140   2.75464466   2.56738735   2.38777222   2.22052669   2.06536034   1.91752502   1.77229903   1.62919736   1.49215920   1.36574070   1.25091232   1.14424450   1.04105659   0.93952920   0.84205301   0.75273054   0.67344318   0.60207584   0.53440059   0.46777336   0.40324947   0.34428546   0.29333611   0.24949160   0.20923719   0.16952760   0.13032010   0.09430988   0.06421556   0.04015256   0.01945560  -0.00098257  -0.02205629  -0.04187875  -0.05773506  -0.06870475  -0.07656588  -0.08422743  -0.09319123  -0.10236626  -0.10925743  -0.11237444  -0.11264545  -0.11259399  -0.11409756  -0.11679886  -0.11858251  -0.11761895  -0.11407857  -0.10997866  -0.10736158  -0.10650368  -0.10577272  -0.10321115  -0.09836047  -0.09267012  -0.08816469  -0.08562796  -0.08396098  -0.08125977  -0.07658683  -0.07081314  -0.06579622  -0.06268672  -0.06092153  -0.05879550  -0.05504929  -0.05000699  -0.04524618  -0.04214027  -0.04062469  -0.03929868  -0.03673404  -0.03277239  -0.02863584 
-36.55002387 -35.44518807 -32.66009170 -29.48710447 -27.27358408 -26.72453276 -27.61204108 -29.01892123 -29.91719020 -29.70803741 -28.42402774 -26.54216841 -24.59872783 -22.87941977 -21.35342625 -19.82709406 -18.15618953 -16.35588182 -14.55806995 -12.88706960 -11.36821667  -9.93350699  -8.49995275  -7.04410661  -5.61364402  -4.27794826  -3.06860169  -1.96048003  -0.90276573   0.13346012   1.13326498   2.05639362   2.87514951   3.59699366   4.25456451   4.87559020   5.46077518   5.98767117   6.43427550   6.79986725   7.10537125   7.37502335   7.61707574   7.82035875   7.96815256   8.05566015   8.09550308   8.10749369   8.10297981   8.07791379   8.01997941   7.92236452   7.79154191   7.64267950   7.48766372   7.32683723   7.15145502   6.95390810   6.73612773   6.50886733   6.28312461   6.06182844   5.83913683   5.60747010   5.36554341   5.12020750   4.88085147   4.65180111   4.42959587   4.20727929   3.98147527   3.75579059   3.53772517   3.33221346   3.13774781   2.94840553   2.75965549   2.57256131   2.39271383   2.22512414   2.06985376   1.92225722   1.77739297   1.63445225   1.49724217   1.37048304   1.25543950   1.14883551   1.04587620   0.94448004   0.84687160   0.75722579   0.67765544   0.60621960   0.53865556   0.47212003   0.40749333   0.34823686   0.29697545   0.25297308   0.21273716   0.17308236   0.13379900   0.09754012   0.06713825   0.04286839   0.02212528   0.00171415  -0.01940749  -0.03942485  -0.05555797  -0.06674946  -0.07469508  -0.08234702  -0.09133028  -0.10064188  -0.10776198  -0.11109041  -0.11146326  -0.11141163  -0.11290851  -0.11568968  -0.11764664  -0.11686826  -0.11343261  -0.10933757  -0.10669318  -0.10586560  -0.10525255  -0.10284233  -0.09809082  -0.09240915  -0.08786349  -0.08531822  -0.08371966  -0.08113452  -0.07655114  -0.07079055  -0.06572877  -0.06258399  -0.06084674  -0.05880388  -0.05513620  -0.05011251  -0.04530959  -0.04215322  -0.04063509  -0.03936362  -0.03686632  -0.03292935  -0.02875891 
-40.27048517 -39.16768868 -36.27930476 -32.66138340 -29.50576932 -27.61204108 -27.09955540 -27.47726209 -27.98658851 -28.00004666 -27.26416890 -25.89817572 -24.21031000 -22.47915560 -20.82918974 -19.24023221 -17.63961943 -15.99064180 -14.32006331 -12.68617874 -11.13007873  -9.65259352  -8.22836054  -6.83681899  -5.48144630  -4.18438954  -2.96619330  -1.83042195  -0.76505571   0.24356598   1.19817337   2.08974807   2.90723007   3.64780941   4.31887754   4.93113799   5.49001680   5.99300001   6.43441376   6.81254025   7.13257050   7.40328648   7.63106501   7.81672600   7.95766152   8.05280549   8.10576967   8.12355236   8.11237092   8.07455187   8.00911467   7.91519014   7.79499042   7.65373048   7.49681918   7.32702908   7.14415359   6.94725574   6.73730627   6.51783257   6.29314663   6.06590551   5.83622561   5.60303218   5.36628728   5.12804980   4.89150057   4.65893874   4.43060935   4.20536101   3.98243500   3.76271888   3.54837804   3.34129504   3.14178869   2.94874876   2.76098928   2.57854245   2.40273905   2.23507292   2.07593757   1.92437997   1.77904326   1.63939325   1.50611514   1.38036808   1.26262733   1.15217837   1.04768939   0.94829780   0.85421073   0.76630334   0.68512455   0.61023461   0.54045814   0.47478542   0.41308244   0.35597888   0.30407147   0.25719111   0.21439342   0.17465173   0.13759912   0.10364823   0.07340612   0.04694121   0.02357035   0.00233863  -0.01726821  -0.03503114  -0.05037333  -0.06303928  -0.07345228  -0.08243882  -0.09059214  -0.09786371  -0.10374390  -0.10784773  -0.11036142  -0.11195076  -0.11323289  -0.11430457  -0.11475236  -0.11411934  -0.11239070  -0.11005813  -0.10771854  -0.10558605  -0.10336217  -0.10057061  -0.09703879  -0.09308524  -0.08925247  -0.08584168  -0.08267736  -0.07930833  -0.07544994  -0.07125942  -0.06719975  -0.06362792  -0.06048928  -0.05739222  -0.05398465  -0.05028216  -0.04665162  -0.04347501  -0.04080761  -0.03834114  -0.03569680  -0.03277347  -0.02983332 
-37.38806025 -36.88023479 -35.45537933 -33.39357223 -31.10262434 -29.01892123 -27.47726209 -26.59581995 -26.23505423 -26.06352049 -25.70799473 -24.91482967 -23.63996349 -22.02622045 -20.29292368 -18.61088828 -17.03511469 -15.52184077 -14.00013705 -12.43950678 -10.86956846  -9.34961415  -7.92150502  -6.58468716  -5.30817612  -4.06356001  -2.84961456  -1.69054879  -0.61358120   0.37285907   1.28267547   2.13708296   2.94591416   3.70117992   4.38663761   4.99336012   5.52750178   6.00461231   6.43680679   6.82443250   7.15881326   7.43255376   7.64780496   7.81558878   7.94760633   8.04827192   8.11380639   8.13852277   8.12221518   8.07213443   7.99827713   7.90662645   7.79638871   7.66331218   7.50570998   7.32770699   7.13706895   6.93990883   6.73713723   6.52564954   6.30287580   6.07045823   5.83387443   5.59860570   5.36645696   5.13527034   4.90207485   4.66667602   4.43248399   4.20401450   3.98347771   3.76953679   3.55921763   3.35109942   3.14688335   2.95003776   2.76288686   2.58482133   2.41316889   2.24581452   2.08314858   1.92764301   1.78155586   1.64490875   1.51553319   1.39104743   1.27090819   1.15670182   1.05049905   0.95283667   0.86215181   0.77611197   0.69356732   0.61535026   0.54325749   0.47820672   0.41925758   0.36433985   0.31196554   0.26234835   0.21695058   0.17692850   0.14191767   0.11023676   0.08027154   0.05174952   0.02576350   0.00357075  -0.01470524  -0.03029850  -0.04478788  -0.05880493  -0.07163599  -0.08204465  -0.08953008  -0.09487199  -0.09949619  -0.10427364  -0.10885543  -0.11212503  -0.11332243  -0.11280341  -0.11176143  -0.11119734  -0.11109172  -0.11052050  -0.10857933  -0.10525622  -0.10146626  -0.09824348  -0.09584661  -0.09358938  -0.09052684  -0.08635135  -0.08168212  -0.07750500  -0.07429454  -0.07162182  -0.06858869  -0.06467169  -0.06020041  -0.05604811  -0.05283731  -0.05039301  -0.04793183  -0.04479525  -0.04104825  -0.03740503  -0.03456769  -0.03259276  -0.03085883 
-32.59634082 -32.67798681 -32.76106243 -32.47827284 -31.52921398 -29.91719020 -27.98658851 -26.23505423 -25.02688157 -24.39501413 -24.05146058 -23.58323130 -22.69478640 -21.34416448 -19.70746318 -18.02498433 -16.44850204 -14.98555124 -13.55313926 -12.07704427 -10.55569310  -9.05105640  -7.63072616  -6.31681224  -5.08064576  -3.87884944  -2.69430440  -1.54797399  -0.47681310   0.49858083   1.38813953   2.21913515   3.01052135   3.75807809   4.44147436   5.04445285   5.56932214   6.03403743   6.45635330   6.84007471   7.17498503   7.44904476   7.66103604   7.82264027   7.94915959   8.04800743   8.11517432   8.14200875   8.12546442   8.07254308   7.99552480   7.90291865   7.79440963   7.66391231   7.50740581   7.32828276   7.13568159   6.93778440   6.73635482   6.52724908   6.30602997   6.07336720   5.83545745   5.59942188   5.36808876   5.13883015   4.90723152   4.67203756   4.43690363   4.20759025   3.98736997   3.77484288   3.56597155   3.35828661   3.15339606   2.95565741   2.76840989   2.59126500   2.42082314   2.25400088   2.09086394   1.93446112   1.78796170   1.65179496   1.52335567   1.39941809   1.27896935   1.16390595   1.05707112   0.95951805   0.86949116   0.78396439   0.70124346   0.62225087   0.54939850   0.48416604   0.42561756   0.37115118   0.31871572   0.26844136   0.22224249   0.18183283   0.14700329   0.11570273   0.08577871   0.05674653   0.02999256   0.00728866  -0.01097965  -0.02626352  -0.04062250  -0.05498670  -0.06849476  -0.07946614  -0.08707205  -0.09217275  -0.09659495  -0.10155585  -0.10668602  -0.11051291  -0.11191905  -0.11122518  -0.10993271  -0.10940250  -0.10969900  -0.10963903  -0.10796241  -0.10453054  -0.10046852  -0.09715579  -0.09501427  -0.09319657  -0.09042883  -0.08621057  -0.08127520  -0.07691693  -0.07382720  -0.07150864  -0.06878024  -0.06488464  -0.06017766  -0.05578771  -0.05258317  -0.05040291  -0.04823963  -0.04518352  -0.04125014  -0.03734556  -0.03442421  -0.03262467  -0.03116758 
-29.26186565 -29.56594484 -30.25973968 -30.81663017 -30.70903723 -29.70803741 -28.00004666 -26.06352049 -24.39501413 -23.25518282 -22.57587360 -22.05798608 -21.37431329 -20.34419787 -18.98747861 -17.45493051 -15.90663947 -14.42434723 -13.00105389 -11.59066465 -10.16597395  -8.74215487  -7.35911543  -6.04782967  -4.81125346  -3.63164350  -2.49255988  -1.39462331  -0.35343606   0.61511133   1.50753254   2.33310483   3.10363655   3.82299937   4.48535201   5.08225888   5.61129970   6.07852946   6.49345899   6.86183833   7.18275473   7.45202805   7.66818971   7.83551285   7.96174756   8.05309086   8.11107299   8.13388578   8.12053255   8.07386054   7.99989325   7.90437761   7.78983417   7.65566624   7.50096344   7.32728453   7.13894767   6.94076371   6.73542116   6.52287039   6.30210299   6.07356557   5.84001223   5.60514647   5.37141740   5.13899483   4.90676083   4.67430187   4.44305976   4.21566888   3.99418913   3.77888638   3.56862244   3.36241300   3.16069350   2.96517922   2.77752903   2.59808174   2.42579834   2.25939982   2.09861884   1.94443872   1.79816164   1.66020674   1.52973504   1.40539975   1.28649446   1.17344961   1.06726465   0.96844011   0.87639641   0.78988206   0.70795998   0.63065898   0.55872014   0.49270826   0.43231855   0.37649609   0.32422666   0.27525804   0.23010499   0.18936398   0.15298506   0.12016039   0.08990565   0.06178227   0.03610305   0.01345600  -0.00599690  -0.02280356  -0.03784761  -0.05167885  -0.06416448  -0.07476453  -0.08315965  -0.08965084  -0.09497787  -0.09974127  -0.10396494  -0.10719023  -0.10899813  -0.10947244  -0.10918682  -0.10874372  -0.10829758  -0.10749494  -0.10587199  -0.10333480  -0.10028492  -0.09728788  -0.09459982  -0.09198572  -0.08898503  -0.08537028  -0.08137720  -0.07750492  -0.07408062  -0.07099051  -0.06781638  -0.06424191  -0.06035260  -0.05656041  -0.05323259  -0.05037002  -0.04762556  -0.04463632  -0.04135963  -0.03810773  -0.03525828  -0.03291246  -0.03081243 
-28.17732699 -28.33578407 -28.70848186 -29.03355433 -29.00788156 -28.42402774 -27.26416890 -25.70799473 -24.05146058 -22.57587360 -21.43074780 -20.58581610 -19.87082575 -19.07592092 -18.05604743 -16.78608697 -15.34600859 -13.85634961 -12.40883094 -11.03181264  -9.70220640  -8.38493982  -7.06788753  -5.77021956  -4.52490525  -3.35399297  -2.25663634  -1.21650648  -0.21938465   0.73446007   1.63189803   2.45898466   3.21214570   3.89957954   4.53310291   5.11839072   5.65182477   6.12569287   6.53636963   6.88827588   7.19076428   7.45131959   7.67119083   7.84687671   7.97558363   8.05959399   8.10590414   8.12187366   8.11097160   8.07225359   8.00367872   7.90606128   7.78417656   7.64428809   7.49052157   7.32331999   7.14115703   6.94376379   6.73393680   6.51644819   6.29521620   6.07133443   5.84362734   5.61107331   5.37484272   5.13818538   4.90440629   4.67483606   4.44858815   4.22421019   4.00165994   3.78284348   3.57032721   3.36547266   3.16768226   2.97536619   2.78768151   2.60546206   2.43056065   2.26427569   2.10631224   1.95517739   1.80958852   1.66959298   1.53641924   1.41125727   1.29411011   1.18374025   1.07870947   0.97853509   0.88392678   0.79593616   0.71483028   0.63971017   0.56918450   0.50245099   0.43980129   0.38212290   0.32988774   0.28255593   0.23891291   0.19800036   0.15978249   0.12496123   0.09414024   0.06711426   0.04291736   0.02055784  -0.00024631  -0.01899215  -0.03501963  -0.04825181  -0.05937767  -0.06933330  -0.07857338  -0.08679624  -0.09335391  -0.09795402  -0.10101151  -0.10334544  -0.10551652  -0.10741470  -0.10846004  -0.10821579  -0.10684727  -0.10501809  -0.10333567  -0.10186095  -0.10012282  -0.09760839  -0.09427184  -0.09060212  -0.08720217  -0.08427479  -0.08148259  -0.07829726  -0.07450824  -0.07042652  -0.06660855  -0.06336408  -0.06049924  -0.05752047  -0.05410188  -0.05038592  -0.04685038  -0.04387423  -0.04140366  -0.03901780  -0.03632381  -0.03331479  -0.03036775 
-28.13452106 -28.01962058 -27.72542028 -27.35811866 -26.98066640 -26.54216841 -25.89817572 -24.91482967 -23.58323130 -22.05798608 -20.58581610 -19.36821422 -18.44898405 -17.69973242 -16.90843513 -15.90807482 -14.66154316 -13.25633302 -11.82695647 -10.46724798  -9.19068378  -7.95388950  -6.71240742  -5.46167380  -4.23666779  -3.07971342  -2.00812043  -1.00738488  -0.05085628   0.87450453   1.75821865   2.57783585   3.31911491   3.98676274   4.59802982   5.16681279   5.69288568   6.16472388   6.57185869   6.91508715   7.20602098   7.45750955   7.67412588   7.85089094   7.98048826   8.06187090   8.10264502   8.11372315   8.10158872   8.06511215   7.99928889   7.90203183   7.77780851   7.63518260   7.48089355   7.31593693   7.13693240   6.94117340   6.73063473   6.51147577   6.28979438   6.06764126   5.84279946   5.61227087   5.37613862   5.13835952   4.90398153   4.67548142   4.45153067   4.22914090   4.00708224   3.78746252   3.57417232   3.36976338   3.17363310   2.98306435   2.79604043   2.61323158   2.43742803   2.27106392   2.11414667   1.96442494   1.81953509   1.67911075   1.54497293   1.41932703   1.30267982   1.19335804   1.08898723   0.98851661   0.89295159   0.80419772   0.72313958   0.64871447   0.57877018   0.51186077   0.44832855   0.38973145   0.33720111   0.29025284   0.24709976   0.20612804   0.16716028   0.13137894   0.10003248   0.07313660   0.04934072   0.02703553   0.00565703  -0.01399495  -0.03067403  -0.04396779  -0.05477393  -0.06457159  -0.07418853  -0.08319388  -0.09044251  -0.09523953  -0.09805261  -0.10014471  -0.10249576  -0.10501098  -0.10672146  -0.10676298  -0.10522338  -0.10309733  -0.10141834  -0.10037922  -0.09923649  -0.09706059  -0.09362720  -0.08963944  -0.08610080  -0.08343215  -0.08113974  -0.07831798  -0.07450728  -0.07012023  -0.06606313  -0.06291934  -0.06044656  -0.05783443  -0.05446743  -0.05048806  -0.04665574  -0.04364935  -0.04146069  -0.03942618  -0.03685059  -0.03364149  -0.03037921 
-27.49887369 -27.23162297 -26.55043311 -25.73880207 -25.06117654 -24.59872783 -24.21031000 -23.63996349 -22.69478640 -21.37431329 -19.87082575 -18.44898405 -17.29006927 -16.40088026 -15.63581719 -14.80365795 -13.78158943 -12.56677228 -11.24704593  -9.92675493  -8.66451266  -7.45903739  -6.27879720  -5.10265441  -3.93944411  -2.81778199  -1.76169736  -0.77481661   0.15598862   1.04440694   1.89162585   2.68656353   3.41678413   4.07908333   4.68083437   5.23236540   5.73817769   6.19465848   6.59532997   6.93808715   7.22789516   7.47315271   7.67961828   7.84744604   7.97354477   8.05659808   8.10005320   8.11065228   8.09422724   8.05270659   7.98483889   7.88963770   7.76925160   7.62876586   7.47336740   7.30559596   7.12510179   6.93091640   6.72401884   6.50789281   6.28672937   6.06304598   5.83688124   5.60716898   5.37391500   5.13918214   4.90608709   4.67683810   4.45162987   4.22933026   4.00923498   3.79225845   3.58053367   3.37587813   3.17856977   2.98751452   2.80157929   2.62083364   2.44659587   2.28031138   2.12233641   1.97172698   1.82717309   1.68818296   1.55544398   1.43008053   1.31253364   1.20209085   1.09745993   0.99782265   0.90339983   0.81504412   0.73327392   0.65764548   0.58701506   0.52041644   0.45773758   0.39959623   0.34656252   0.29845806   0.25436129   0.21328543   0.17489028   0.13958490   0.10795354   0.08005055   0.05520631   0.03249969   0.01144464  -0.00773721  -0.02448833  -0.03857116  -0.05040468  -0.06078923  -0.07029088  -0.07885415  -0.08598518  -0.09131947  -0.09504710  -0.09781594  -0.10021862  -0.10234189  -0.10378426  -0.10411013  -0.10331506  -0.10188059  -0.10038277  -0.09902352  -0.09751207  -0.09539256  -0.09250722  -0.08917126  -0.08591028  -0.08301188  -0.08030383  -0.07735288  -0.07389159  -0.07007942  -0.06636649  -0.06309554  -0.06021082  -0.05733500  -0.05413377  -0.05062919  -0.04717930  -0.04415184  -0.04159717  -0.03921697  -0.03664931  -0.03380254  -0.03093382 
-25.53780268 -25.32432011 -24.76345723 -24.05005785 -23.38758413 -22.87941977 -22.47915560 -22.02622045 -21.34416448 -20.34419787 -19.07592092 -17.69973242 -16.40088026 -15.29648411 -14.38674776 -13.57224773 -12.72007133 -11.73644770 -10.60570812  -9.38052994  -8.13863088  -6.93752374  -5.79365652  -4.69196540  -3.61180505  -2.54814525  -1.51505207  -0.53355040   0.38356691   1.23795570   2.04003979   2.79802603   3.51104358   4.17100563   4.77022488   5.30776808   5.78962252   6.22343173   6.61282705   6.95602046   7.24923045   7.49147735   7.68658405   7.84103008   7.95991159   8.04458836   8.09379678   8.10690784   8.08633739   8.03713356   7.96435290   7.87066015   7.75617135   7.62046295   7.46482288   7.29277904   7.10858730   6.91514583   6.71318000   6.50230023   6.28286807   6.05698694   5.82781895   5.59794346   5.36825670   5.13833589   4.90785064   4.67771775   4.45000699   4.22676396   4.00885490   3.79585001   3.58698696   3.38230438   3.18294030   2.99038517   2.80541253   2.62765364   2.45615909   2.29039996   2.13080208   1.97836893   1.83377896   1.69678818   1.56645523   1.44195022   1.32320238   1.21082179   1.10540265   1.00686002   0.91439087   0.82706656   0.74450145   0.66699994   0.59507616   0.52880421   0.46758773   0.41053699   0.35709168   0.30732309   0.26166017   0.22030932   0.18290015   0.14866550   0.11697324   0.08772003   0.06124022   0.03783077   0.01733335  -0.00085386  -0.01736159  -0.03241908  -0.04579465  -0.05714676  -0.06645521  -0.07414249  -0.08078737  -0.08670286  -0.09176262  -0.09562328  -0.09812910  -0.09952885  -0.10031635  -0.10085116  -0.10110814  -0.10077736  -0.09961289  -0.09770833  -0.09545360  -0.09322217  -0.09107952  -0.08877494  -0.08601540  -0.08276587  -0.07930469  -0.07599167  -0.07296702  -0.07005508  -0.06695362  -0.06352957  -0.05995120  -0.05654235  -0.05349857  -0.05072566  -0.04794303  -0.04495110  -0.04181666  -0.03881099  -0.03616376  -0.03386036  -0.03166468 
-22.71302932 -22.66718826 -22.51741117 -22.24224702 -21.84196881 -21.35342625 -20.82918974 -20.29292368 -19.70746318 -18.98747861 -18.05604743 -16.90843513 -15.63581719 -14.38674776 -13.28764926 -12.37350862 -11.57399191 -10.76256235  -9.83427679  -8.76143664  -7.59530862  -6.42085086  -5.30110202  -4.24890268  -3.23869519  -2.24132570  -1.25199574  -0.29240301   0.60903978   1.43912965   2.20612474   2.92796380   3.61489719   4.26153557   4.85339960   5.38042433   5.84517829   6.25959176   6.63439534   6.97107116   7.26282126   7.50266564   7.69093687   7.83579876   7.94705918   8.02927027   8.08012163   8.09498566   8.07308085   8.01974035   7.94314943   7.84886498   7.73707493   7.60475118   7.45040315   7.27705244   7.09095308   6.89750121   6.69813522   6.49087573   6.27376311   6.04795440   5.81776959   5.58785462   5.36016180   5.13343083   4.90546811   4.67602826   4.44770774   4.22418330   4.00752292   3.79701600   3.59047575   3.38671554   3.18693227   2.99383052   2.80939679   2.63338473   2.46382705   2.29901301   2.13909332   1.98590237   1.84125113   1.70529650   1.57644402   1.45279833   1.33379128   1.22052474   1.11458457   1.01646193   0.92501664   0.83841767   0.75565283   0.67722976   0.60447690   0.53813420   0.47753059   0.42106268   0.36749090   0.31685518   0.27020406   0.22842999   0.19129485   0.15751493   0.12578735   0.09579769   0.06830317   0.04425239   0.02377117   0.00593312  -0.01050780  -0.02611823  -0.04042989  -0.05252461  -0.06199849  -0.06942237  -0.07590123  -0.08216170  -0.08800731  -0.09262050  -0.09540999  -0.09662019  -0.09716064  -0.09783574  -0.09869015  -0.09905772  -0.09824681  -0.09622255  -0.09366977  -0.09139951  -0.08965637  -0.08795628  -0.08558496  -0.08228618  -0.07851180  -0.07502074  -0.07220943  -0.06978771  -0.06708339  -0.06368148  -0.05980989  -0.05612996  -0.05313865  -0.05073494  -0.04833853  -0.04543791  -0.04205951  -0.03873529  -0.03601192  -0.03395905  -0.03212227 
-20.02553232 -20.10634581 -20.27670930 -20.36913588 -20.23234947 -19.82709406 -19.24023221 -18.61088828 -18.02498433 -17.45493051 -16.78608697 -15.90807482 -14.80365795 -13.57224773 -12.37350862 -11.33238333 -10.47049836  -9.70629406  -8.91691276  -8.01535529  -6.99267815  -5.90526142  -4.82619355  -3.79959291  -2.82667308  -1.88458355  -0.95620450  -0.04647343   0.82355434   1.63491255   2.38392534   3.08069552   3.73690167   4.35487395   4.92675755   5.44274300   5.89995531   6.30434651   6.66497881   6.98662730   7.26725048   7.50185025   7.68856711   7.83144438   7.93783391   8.01328855   8.05865026   8.07162462   8.05098324   7.99943278   7.92274979   7.82628490   7.71214429   7.57945896   7.42722140   7.25695497   7.07286345   6.87952976   6.67939365   6.47225638   6.25709173   6.03437850   5.80684215   5.57806089   5.35032781   5.12372442   4.89714813   4.67024799   4.44448403   4.22242461   4.00602391   3.79548507   3.58969146   3.38772857   3.19007353   2.99841117   2.81432439   2.63809948   2.46871367   2.30495411   2.14660675   1.99464864   1.85032739   1.71401525   1.58488120   1.46163674   1.34363419   1.23131584   1.12564448   1.02707886   0.93503925   0.84832270   0.76605189   0.68828083   0.61572921   0.54892530   0.48755669   0.43060586   0.37711525   0.32686633   0.28036490   0.23817583   0.20023471   0.16575880   0.13381372   0.10399844   0.07662614   0.05225775   0.03103484   0.01242202  -0.00442387  -0.02001510  -0.03421179  -0.04649661  -0.05657519  -0.06474775  -0.07172437  -0.07807080  -0.08379917  -0.08846877  -0.09168802  -0.09354987  -0.09460909  -0.09543767  -0.09617504  -0.09648046  -0.09591759  -0.09440908  -0.09234737  -0.09027271  -0.08842397  -0.08657317  -0.08428509  -0.08135339  -0.07801300  -0.07474322  -0.07185257  -0.06922860  -0.06647435  -0.06329664  -0.05978674  -0.05634216  -0.05331115  -0.05069049  -0.04814906  -0.04534692  -0.04225198  -0.03916726  -0.03645211  -0.03419898  -0.03216030 
-18.12833919 -18.20892877 -18.38972337 -18.52429989 -18.46721959 -18.15618953 -17.63961943 -17.03511469 -16.44850204 -15.90663947 -15.34600859 -14.66154316 -13.78158943 -12.72007133 -11.57399191 -10.47049836  -9.49865190  -8.66763640  -7.91334068  -7.14397610  -6.29339117  -5.35064495  -4.35344604  -3.35667205  -2.39986206  -1.49311705  -0.62508498   0.21811104   1.03851508   1.82515939   2.56345131   3.24560465   3.87398681   4.45628494   4.99782102   5.49750567   5.94990244   6.35065882   6.70037619   7.00404332   7.26716541   7.49221074   7.67820849   7.82336461   7.92811260   7.99600222   8.03194752   8.03960282   8.02014723   7.97331687   7.89954949   7.80129959   7.68249072   7.54675245   7.39605170   7.23083454   7.05140391   6.85923382   6.65709638   6.44799507   6.23392141   6.01551617   5.79284868   5.56654862   5.33828388   5.11022296   4.88402684   4.66028144   4.43883205   4.21966523   4.00353374   3.79180097   3.58569732   3.38568092   3.19145739   3.00260175   2.81920233   2.64196469   2.47172138   2.30881792   2.15292522   2.00342132   1.85997643   1.72281748   1.59246021   1.46917770   1.35269152   1.24234866   1.13760428   1.03836953   0.94492582   0.85750567   0.77593009   0.69962255   0.62797017   0.56069605   0.49791295   0.43982690   0.38637155   0.33710230   0.29143336   0.24899187   0.20976928   0.17394470   0.14155228   0.11229622   0.08567247   0.06127568   0.03901015   0.01902047   0.00141544  -0.01395968  -0.02750102  -0.03960355  -0.05042387  -0.05986021  -0.06775928  -0.07415634  -0.07933222  -0.08364327  -0.08728501  -0.09020380  -0.09223056  -0.09330874  -0.09360886  -0.09343106  -0.09299053  -0.09228272  -0.09114672  -0.08946334  -0.08730557  -0.08490793  -0.08248849  -0.08008839  -0.07757286  -0.07478772  -0.07172570  -0.06855292  -0.06547603  -0.06257494  -0.05975264  -0.05684414  -0.05378141  -0.05066443  -0.04767705  -0.04492835  -0.04236472  -0.03982998  -0.03721509  -0.03456003  -0.03201735 
-16.91535330 -16.90123692 -16.85545520 -16.76562626 -16.60846505 -16.35588182 -15.99064180 -15.52184077 -14.98555124 -14.42434723 -13.85634961 -13.25633302 -12.56677228 -11.73644770 -10.76256235  -9.70629406  -8.66763640  -7.73303190  -6.92887017  -6.21084866  -5.49530050  -4.71089161  -3.83709678  -2.90723088  -1.97916724  -1.09750840  -0.27301288   0.51079994   1.27430974   2.02190081   2.73932040   3.40670238   4.01409155   4.56670241   5.07738181   5.55436580   5.99499004   6.38961960   6.73109067   7.02104125   7.26821147   7.48111789   7.66194090   7.80664631   7.91052057   7.97379022   8.00248893   8.00429636   7.98341142   7.93895931   7.86796259   7.76987254   7.64857759   7.51035201   7.35986538   7.19788450   7.02252866   6.83269163   6.63045960   6.42047714   6.20704116   5.99163919   5.77306296   5.54981460   5.32252581   5.09425502   4.86854196   4.64708629   4.42912886   4.21297742   3.99819453   3.78647064   3.58048995   3.38191754   3.19034987   3.00410914   2.82207434   2.64486576   2.47436744   2.31210652   2.15799787   2.01055729   1.86832002   1.73114005   1.60021937   1.47690717   1.36140542   1.25254480   1.14878251   1.04947336   0.95526611   0.86731247   0.78605347   0.71069113   0.63978978   0.57241941   0.50879319   0.44985028   0.39620441   0.34742951   0.30231065   0.25979557   0.21976382   0.18293043   0.15000572   0.12089654   0.09466599   0.07025856   0.04730900   0.02630394   0.00797532  -0.00749934  -0.02076255  -0.03278861  -0.04410880  -0.05445858  -0.06314977  -0.06980657  -0.07478911  -0.07893361  -0.08286698  -0.08652905  -0.08932646  -0.09075835  -0.09093350  -0.09051570  -0.09016564  -0.08999973  -0.08955430  -0.08827154  -0.08605175  -0.08337086  -0.08087085  -0.07880955  -0.07687183  -0.07450201  -0.07144123  -0.06797782  -0.06469284  -0.06194607  -0.05957519  -0.05707436  -0.05407682  -0.05069608  -0.04742105  -0.04467265  -0.04243314  -0.04028172  -0.03779319  -0.03492861  -0.03206435 
-15.78472647 -15.68081224 -15.41410114 -15.08848462 -14.79600232 -14.55806995 -14.32006331 -14.00013705 -13.55313926 -13.00105389 -12.40883094 -11.82695647 -11.24704593 -10.60570812  -9.83427679  -8.91691276  -7.91334068  -6.92887017  -6.05271642  -5.30742967  -4.64256623  -3.97347724  -3.23581502  -2.41918887  -1.56199655  -0.71783353   0.07905735   0.82643164   1.54158101   2.23879320   2.91566413   3.55646633   4.14606035   4.68098570   5.16923328   5.62090599   6.03902620   6.41808763   6.75031355   7.03315059   7.27143721   7.47311284   7.64297721   7.78008907   7.88057699   7.94276978   7.96991622   7.96838336   7.94337349   7.89613980   7.82496653   7.72867007   7.60929666   7.47171187   7.32071561   7.15843310   6.98424882   6.79711927   6.59801840   6.39033762   6.17804369   5.96339642   5.74628028   5.52562154   5.30147972   5.07590654   4.85189498   4.63148555   4.41477395   4.20064649   3.98847745   3.77921565   3.57493149   3.37732712   3.18660645   3.00169700   2.82154886   2.64629005   2.47721586   2.31569047   2.16200835   2.01524081   1.87415579   1.73833219   1.60846225   1.48561508   1.37017804   1.26144499   1.15819169   1.05967536   0.96614184   0.87840975   0.79695076   0.72131815   0.65042336   0.58337445   0.52009792   0.46119464   0.40719425   0.35790636   0.31244984   0.26990572   0.22997969   0.19307706   0.15974716   0.13002401   0.10326261   0.07859915   0.05559541   0.03447885   0.01577723  -0.00029911  -0.01415997  -0.02656135  -0.03802355  -0.04847858  -0.05745698  -0.06462611  -0.07018063  -0.07473770  -0.07884890  -0.08258380  -0.08555937  -0.08737366  -0.08803774  -0.08801542  -0.08784781  -0.08771641  -0.08734232  -0.08630216  -0.08446125  -0.08212843  -0.07980106  -0.07774424  -0.07579063  -0.07353569  -0.07073928  -0.06756378  -0.06443790  -0.06168087  -0.05923504  -0.05674610  -0.05390818  -0.05075344  -0.04762511  -0.04486774  -0.04252361  -0.04031063  -0.03789405  -0.03519735  -0.03246927 
