# coconut-me2b/v0.99.21 
# 
# momentum space matrix elements 
# partial wave J=2, L=2/2, S=0, T=1, MT=-1 
# 
# momentum grid [fm^-1]
0.000000 0.066667 0.133333 0.200000 0.266667 0.333333 0.400000 0.466667 0.533333 0.600000 0.666667 0.733333 0.800000 0.866667 0.933333 1.000000 1.066667 1.133333 1.200000 1.266667 1.333333 1.400000 1.466667 1.533333 1.600000 1.666667 1.733333 1.800000 1.866667 1.933333 2.000000 2.066667 2.133333 2.200000 2.266667 2.333333 2.400000 2.466667 2.533333 2.600000 2.666667 2.733333 2.800000 2.866667 2.933333 3.000000 3.066667 3.133333 3.200000 3.266667 3.333333 3.400000 3.466667 3.533333 3.600000 3.666667 3.733333 3.800000 3.866667 3.933333 4.000000 4.066667 4.133333 4.200000 4.266667 4.333333 4.400000 4.466667 4.533333 4.600000 4.666667 4.733333 4.800000 4.866667 4.933333 5.000000 5.066667 5.133333 5.200000 5.266667 5.333333 5.400000 5.466667 5.533333 5.600000 5.666667 5.733333 5.800000 5.866667 5.933333 6.000000 6.066667 6.133333 6.200000 6.266667 6.333333 6.400000 6.466667 6.533333 6.600000 6.666667 6.733333 6.800000 6.866667 6.933333 7.000000 7.066667 7.133333 7.200000 7.266667 7.333333 7.400000 7.466667 7.533333 7.600000 7.666667 7.733333 7.800000 7.866667 7.933333 8.000000 8.066667 8.133333 8.200000 8.266667 8.333333 8.400000 8.466667 8.533333 8.600000 8.666667 8.733333 8.800000 8.866667 8.933333 9.000000 9.066667 9.133333 9.200000 9.266667 9.333333 9.400000 9.466667 9.533333 9.600000 9.666667 9.733333 9.800000 9.866667 9.933333 10.000000 
#
# matrix elements [MeV fm^3] 
  0.00000000  -0.00000000  -0.00000001  -0.00000002  -0.00000002  -0.00000003  -0.00000003  -0.00000004  -0.00000004  -0.00000004  -0.00000003  -0.00000003  -0.00000003  -0.00000003  -0.00000003  -0.00000002  -0.00000002  -0.00000002  -0.00000002  -0.00000002  -0.00000002  -0.00000002  -0.00000002  -0.00000002  -0.00000002  -0.00000001  -0.00000001  -0.00000001  -0.00000001  -0.00000001  -0.00000001  -0.00000001  -0.00000001  -0.00000001  -0.00000001  -0.00000001  -0.00000001  -0.00000001  -0.00000001  -0.00000001  -0.00000001  -0.00000001  -0.00000000  -0.00000000  -0.00000000  -0.00000000  -0.00000000  -0.00000000  -0.00000000  -0.00000000  -0.00000000  -0.00000000  -0.00000000  -0.00000000  -0.00000000  -0.00000000  -0.00000000  -0.00000000  -0.00000000  -0.00000000   0.00000000   0.00000000   0.00000000   0.00000000   0.00000000   0.00000000   0.00000000   0.00000000   0.00000000   0.00000000   0.00000000   0.00000000   0.00000000   0.00000000   0.00000000   0.00000000   0.00000000   0.00000000   0.00000000   0.00000000   0.00000000   0.00000000   0.00000000   0.00000000   0.00000000   0.00000000   0.00000000   0.00000000   0.00000000   0.00000000   0.00000000   0.00000000   0.00000000   0.00000000   0.00000000   0.00000000   0.00000000   0.00000000   0.00000000   0.00000000   0.00000000   0.00000000   0.00000000   0.00000000   0.00000000   0.00000000   0.00000000   0.00000000   0.00000000   0.00000000   0.00000000   0.00000000   0.00000000   0.00000000   0.00000000   0.00000000   0.00000000   0.00000000   0.00000000   0.00000000   0.00000000   0.00000000   0.00000000   0.00000000   0.00000000   0.00000000   0.00000000   0.00000000   0.00000000   0.00000000   0.00000000   0.00000000   0.00000000   0.00000000  -0.00000000  -0.00000000  -0.00000000  -0.00000000  -0.00000000  -0.00000000  -0.00000000  -0.00000000  -0.00000000  -0.00000000  -0.00000000  -0.00000000  -0.00000000  -0.00000000  -0.00000000  -0.00000000  -0.00000000 
 -0.00000000  -0.00090006  -0.00332683  -0.00659476  -0.00991363  -0.01267181  -0.01456355  -0.01556098  -0.01580890  -0.01551786  -0.01489192  -0.01409434  -0.01323973  -0.01239980  -0.01161375  -0.01089864  -0.01025771  -0.00968634  -0.00917616  -0.00871746  -0.00830069  -0.00791719  -0.00755957  -0.00722172  -0.00689881  -0.00658714  -0.00628397  -0.00598736  -0.00569605  -0.00540927  -0.00512669  -0.00484827  -0.00457419  -0.00430480  -0.00404053  -0.00378189  -0.00352940  -0.00328358  -0.00304492  -0.00281389  -0.00259088  -0.00237625  -0.00217028  -0.00197320  -0.00178517  -0.00160629  -0.00143660  -0.00127609  -0.00112470  -0.00098232  -0.00084878  -0.00072391  -0.00060748  -0.00049923  -0.00039891  -0.00030620  -0.00022082  -0.00014244  -0.00007073  -0.00000538   0.00005396   0.00010760   0.00015588   0.00019910   0.00023758   0.00027162   0.00030151   0.00032753   0.00034996   0.00036905   0.00038504   0.00039817   0.00040866   0.00041671   0.00042253   0.00042631   0.00042820   0.00042839   0.00042702   0.00042423   0.00042016   0.00041494   0.00040868   0.00040149   0.00039348   0.00038475   0.00037537   0.00036545   0.00035504   0.00034424   0.00033310   0.00032169   0.00031008   0.00029831   0.00028644   0.00027452   0.00026260   0.00025071   0.00023889   0.00022719   0.00021563   0.00020424   0.00019305   0.00018210   0.00017139   0.00016095   0.00015080   0.00014095   0.00013142   0.00012222   0.00011335   0.00010483   0.00009666   0.00008884   0.00008138   0.00007428   0.00006753   0.00006113   0.00005508   0.00004938   0.00004402   0.00003899   0.00003428   0.00002989   0.00002580   0.00002201   0.00001850   0.00001527   0.00001231   0.00000959   0.00000712   0.00000487   0.00000285   0.00000102  -0.00000061  -0.00000205  -0.00000333  -0.00000445  -0.00000542  -0.00000625  -0.00000696  -0.00000755  -0.00000803  -0.00000841  -0.00000870  -0.00000891  -0.00000904  -0.00000911  -0.00000912  -0.00000908  -0.00000900 
 -0.00000001  -0.00332683  -0.01235289  -0.02465495  -0.03736856  -0.04818286  -0.05584642  -0.06013365  -0.06150326  -0.06071153  -0.05852967  -0.05559623  -0.05237248  -0.04915545  -0.04611382  -0.04332639  -0.04081454  -0.03856629  -0.03655264  -0.03473803  -0.03308644  -0.03156480  -0.03014446  -0.02880174  -0.02751775  -0.02627793  -0.02507152  -0.02389092  -0.02273110  -0.02158912  -0.02046362  -0.01935447  -0.01826243  -0.01718886  -0.01613555  -0.01510450  -0.01409782  -0.01311759  -0.01216579  -0.01124426  -0.01035462  -0.00949829  -0.00867641  -0.00788991  -0.00713942  -0.00642538  -0.00574795  -0.00510710  -0.00450256  -0.00393392  -0.00340057  -0.00290175  -0.00243658  -0.00200408  -0.00160315  -0.00123264  -0.00089134  -0.00057797  -0.00029125  -0.00002987   0.00020747   0.00042208   0.00061526   0.00078825   0.00094231   0.00107864   0.00119839   0.00130270   0.00139262   0.00146920   0.00153340   0.00158617   0.00162838   0.00166086   0.00168440   0.00169975   0.00170759   0.00170858   0.00170334   0.00169243   0.00167640   0.00165575   0.00163094   0.00160242   0.00157060   0.00153586   0.00149857   0.00145905   0.00141762   0.00137458   0.00133020   0.00128474   0.00123844   0.00119151   0.00114418   0.00109664   0.00104906   0.00100162   0.00095447   0.00090776   0.00086162   0.00081616   0.00077151   0.00072776   0.00068501   0.00064332   0.00060279   0.00056346   0.00052539   0.00048863   0.00045321   0.00041917   0.00038653   0.00035530   0.00032548   0.00029709   0.00027012   0.00024456   0.00022039   0.00019760   0.00017616   0.00015604   0.00013722   0.00011966   0.00010332   0.00008816   0.00007415   0.00006123   0.00004937   0.00003851   0.00002861   0.00001963   0.00001151   0.00000422  -0.00000230  -0.00000810  -0.00001321  -0.00001769  -0.00002158  -0.00002491  -0.00002774  -0.00003009  -0.00003202  -0.00003355  -0.00003472  -0.00003556  -0.00003611  -0.00003640  -0.00003645  -0.00003628  -0.00003594 
 -0.00000002  -0.00659476  -0.02465495  -0.04972100  -0.07631825  -0.09975080  -0.11717751  -0.12774941  -0.13209596  -0.13160881  -0.12784651  -0.12217804  -0.11564025  -0.10893186  -0.10247175  -0.09647441  -0.09101856  -0.08610060  -0.08167237  -0.07766586  -0.07400841  -0.07063126  -0.06747382  -0.06448531  -0.06162493  -0.05886104  -0.05617013  -0.05353556  -0.05094634  -0.04839600  -0.04588162  -0.04340299  -0.04096184  -0.03856131  -0.03620542  -0.03389873  -0.03164596  -0.02945185  -0.02732087  -0.02525718  -0.02326448  -0.02134594  -0.01950421  -0.01774138  -0.01605894  -0.01445787  -0.01293859  -0.01150105  -0.01014472  -0.00886866  -0.00767154  -0.00655171  -0.00550720  -0.00453583  -0.00363518  -0.00280267  -0.00203558  -0.00133111  -0.00068637  -0.00009846   0.00043555   0.00091858   0.00135351   0.00174318   0.00209034   0.00239769   0.00266783   0.00290327   0.00310642   0.00327958   0.00342494   0.00354458   0.00364049   0.00371452   0.00376845   0.00380394   0.00382253   0.00382571   0.00381485   0.00379122   0.00375605   0.00371045   0.00365549   0.00359215   0.00352136   0.00344398   0.00336081   0.00327262   0.00318011   0.00308394   0.00298472   0.00288305   0.00277945   0.00267443   0.00256847   0.00246200   0.00235543   0.00224914   0.00214348   0.00203878   0.00193533   0.00183341   0.00173328   0.00163515   0.00153924   0.00144572   0.00135476   0.00126650   0.00118106   0.00109854   0.00101903   0.00094260   0.00086930   0.00079916   0.00073220   0.00066842   0.00060783   0.00055040   0.00049609   0.00044488   0.00039669   0.00035148   0.00030917   0.00026969   0.00023295   0.00019886   0.00016734   0.00013828   0.00011159   0.00008716   0.00006489   0.00004467   0.00002640   0.00000997  -0.00000472  -0.00001777  -0.00002930  -0.00003939  -0.00004815  -0.00005567  -0.00006205  -0.00006737  -0.00007172  -0.00007519  -0.00007784  -0.00007976  -0.00008101  -0.00008167  -0.00008180  -0.00008145  -0.00008069 
 -0.00000002  -0.00991363  -0.03736856  -0.07631825  -0.11899534  -0.15823519  -0.18913915  -0.20961998  -0.21997263  -0.22196090  -0.21790273  -0.21002322  -0.20012396  -0.18949404  -0.17895844  -0.16898106  -0.15977308  -0.15138408  -0.14377005  -0.13683994  -0.13048540  -0.12459849  -0.11908120  -0.11384975  -0.10883587  -0.10398616  -0.09926068  -0.09463102  -0.09007840  -0.08559181  -0.08116638  -0.07680190  -0.07250160  -0.06827114  -0.06411774  -0.06004955  -0.05607505  -0.05220268  -0.04844048  -0.04479590  -0.04127557  -0.03788523  -0.03462966  -0.03151263  -0.02853690  -0.02570428  -0.02301562  -0.02047090  -0.01806926  -0.01580911  -0.01368819  -0.01170361  -0.00985200  -0.00812951  -0.00653192  -0.00505473  -0.00369317  -0.00244231  -0.00129709  -0.00025240   0.00069693   0.00155602   0.00232994   0.00302370   0.00364216   0.00419008   0.00467205   0.00509250   0.00545567   0.00576563   0.00602625   0.00624123   0.00641406   0.00654803   0.00664628   0.00671173   0.00674715   0.00675513   0.00673812   0.00669839   0.00663808   0.00655920   0.00646361   0.00635306   0.00622920   0.00609357   0.00594758   0.00579259   0.00562985   0.00546054   0.00528575   0.00510651   0.00492378   0.00473847   0.00455141   0.00436337   0.00417509   0.00398725   0.00380047   0.00361533   0.00343236   0.00325206   0.00307486   0.00290118   0.00273138   0.00256579   0.00240470   0.00224836   0.00209699   0.00195077   0.00180987   0.00167439   0.00154444   0.00142007   0.00130133   0.00118822   0.00108074   0.00097884   0.00088248   0.00079159   0.00070606   0.00062579   0.00055067   0.00048055   0.00041530   0.00035475   0.00029874   0.00024710   0.00019966   0.00015623   0.00011663   0.00008067   0.00004816   0.00001893  -0.00000722  -0.00003047  -0.00005100  -0.00006899  -0.00008462  -0.00009804  -0.00010943  -0.00011894  -0.00012672  -0.00013293  -0.00013769  -0.00014115  -0.00014343  -0.00014465  -0.00014492  -0.00014435  -0.00014303 
 -0.00000003  -0.01267181  -0.04818286  -0.09975080  -0.15823519  -0.21453913  -0.26164754  -0.29569175  -0.31591123  -0.32383388  -0.32218665  -0.31395472  -0.30178149  -0.28770466  -0.27312762  -0.25891389  -0.24552216  -0.23313567  -0.22176654  -0.21133168  -0.20170378  -0.19274329  -0.18431692  -0.17630720  -0.16861633  -0.16116682  -0.15390006  -0.14677419  -0.13976145  -0.13284568  -0.12601988  -0.11928414  -0.11264379  -0.10610785  -0.09968774  -0.09339630  -0.08724691  -0.08125285  -0.07542682  -0.06978055  -0.06432457  -0.05906799  -0.05401841  -0.04918188  -0.04456291  -0.04016446  -0.03598803  -0.03203376  -0.02830049  -0.02478590  -0.02148659  -0.01839825  -0.01551572  -0.01283318  -0.01034416  -0.00804177  -0.00591869  -0.00396734  -0.00217994  -0.00054860   0.00093461   0.00227763   0.00348828   0.00457428   0.00554318   0.00640231   0.00715879   0.00781947   0.00839093   0.00887947   0.00929110   0.00963154   0.00990621   0.01012024   0.01027846   0.01038545   0.01044550   0.01046264   0.01044066   0.01038311   0.01029331   0.01017439   0.01002926   0.00986065   0.00967111   0.00946303   0.00923865   0.00900007   0.00874925   0.00848801   0.00821808   0.00794106   0.00765845   0.00737166   0.00708200   0.00679070   0.00649888   0.00620762   0.00591788   0.00563059   0.00534658   0.00506661   0.00479138   0.00452155   0.00425767   0.00400026   0.00374979   0.00350665   0.00327118   0.00304369   0.00282441   0.00261353   0.00241121   0.00221755   0.00203261   0.00185641   0.00168893   0.00153014   0.00137995   0.00123824   0.00110487   0.00097969   0.00086250   0.00075309   0.00065125   0.00055674   0.00046929   0.00038864   0.00031453   0.00024667   0.00018477   0.00012855   0.00007771   0.00003197  -0.00000896  -0.00004536  -0.00007753  -0.00010573  -0.00013023  -0.00015130  -0.00016920  -0.00018416  -0.00019642  -0.00020621  -0.00021376  -0.00021926  -0.00022292  -0.00022491  -0.00022542  -0.00022461  -0.00022264 
 -0.00000003  -0.01456355  -0.05584642  -0.11717751  -0.18913915  -0.26164754  -0.32601566  -0.37641682  -0.41039723  -0.42846469  -0.43310426  -0.42767732  -0.41554458  -0.39954633  -0.38180630  -0.36375067  -0.34623252  -0.32968491  -0.31426034  -0.29994084  -0.28661666  -0.27413869  -0.26235077  -0.25110805  -0.24028606  -0.22978401  -0.21952466  -0.20945230  -0.19952998  -0.18973628  -0.18006236  -0.17050911  -0.16108468  -0.15180239  -0.14267896  -0.13373306  -0.12498414  -0.11645152  -0.10815369  -0.10010777  -0.09232914  -0.08483115  -0.07762503  -0.07071977  -0.06412211  -0.05783662  -0.05186577  -0.04621003  -0.04086802  -0.03583669  -0.03111145  -0.02668635  -0.02255425  -0.01870700  -0.01513557  -0.01183025  -0.00878076  -0.00597639  -0.00340616  -0.00105889   0.00107666   0.00301172   0.00475741   0.00632469   0.00772428   0.00896662   0.01006184   0.01101969   0.01184954   0.01256039   0.01316081   0.01365894   0.01406253   0.01437890   0.01461497   0.01477727   0.01487194   0.01490476   0.01488114   0.01480617   0.01468461   0.01452095   0.01431934   0.01408373   0.01381776   0.01352488   0.01320829   0.01287102   0.01251587   0.01214549   0.01176234   0.01136875   0.01096688   0.01055874   0.01014623   0.00973112   0.00931505   0.00889955   0.00848604   0.00807582   0.00767012   0.00727005   0.00687661   0.00649074   0.00611326   0.00574494   0.00538642   0.00503830   0.00470107   0.00437517   0.00406096   0.00375871   0.00346865   0.00319094   0.00292566   0.00267287   0.00243254   0.00220461   0.00198897   0.00178547   0.00159390   0.00141403   0.00124562   0.00108835   0.00094192   0.00080597   0.00068016   0.00056410   0.00045741   0.00035969   0.00027052   0.00018950   0.00011621   0.00005025  -0.00000881  -0.00006138  -0.00010784  -0.00014861  -0.00018406  -0.00021457  -0.00024051  -0.00026223  -0.00028006  -0.00029434  -0.00030538  -0.00031347  -0.00031890  -0.00032194  -0.00032283  -0.00032182  -0.00031912 
 -0.00000004  -0.01556098  -0.06013365  -0.12774941  -0.20961998  -0.29569175  -0.37641682  -0.44432984  -0.49502669  -0.52732448  -0.54267831  -0.54417794  -0.53551478  -0.52019701  -0.50110885  -0.48036802  -0.45937557  -0.43895590  -0.41951638  -0.40118917  -0.38394162  -0.36765467  -0.35217462  -0.33734475  -0.32302306  -0.30909068  -0.29545457  -0.28204682  -0.26882221  -0.25575489  -0.24283489  -0.23006471  -0.21745631  -0.20502838  -0.19280407  -0.18080912  -0.16907030  -0.15761421  -0.14646631  -0.13565025  -0.12518731  -0.11509606  -0.10539218  -0.09608834  -0.08719415  -0.07871630  -0.07065858  -0.06302211  -0.05580549  -0.04900501  -0.04261487  -0.03662741  -0.03103336  -0.02582203  -0.02098155  -0.01649907  -0.01236097  -0.00855305  -0.00506067  -0.00186894   0.00103714   0.00367257   0.00605225   0.00819082   0.01010268   0.01180181   0.01330180   0.01461577   0.01575630   0.01673549   0.01756487   0.01825542   0.01881756   0.01926117   0.01959557   0.01982959   0.01997151   0.02002912   0.02000977   0.01992032   0.01976722   0.01955653   0.01929391   0.01898467   0.01863378   0.01824590   0.01782539   0.01737635   0.01690260   0.01640773   0.01589511   0.01536788   0.01482899   0.01428121   0.01372710   0.01316907   0.01260938   0.01205011   0.01149319   0.01094043   0.01039347   0.00985385   0.00932295   0.00880205   0.00829229   0.00779469   0.00731018   0.00683955   0.00638350   0.00594263   0.00551743   0.00510831   0.00471556   0.00433943   0.00398004   0.00363746   0.00331168   0.00300262   0.00271014   0.00243404   0.00217406   0.00192989   0.00170120   0.00148758   0.00128861   0.00110384   0.00093279   0.00077494   0.00062977   0.00049676   0.00037534   0.00026497   0.00016508   0.00007513  -0.00000545  -0.00007721  -0.00014070  -0.00019643  -0.00024495  -0.00028675  -0.00032233  -0.00035217  -0.00037673  -0.00039645  -0.00041175  -0.00042304  -0.00043069  -0.00043508  -0.00043654  -0.00043541  -0.00043197 
 -0.00000004  -0.01580890  -0.06150326  -0.13209596  -0.21997263  -0.31591123  -0.41039723  -0.49502669  -0.56369016  -0.61323075  -0.64341594  -0.65630531  -0.65529807  -0.64419396  -0.62649935  -0.60505216  -0.58191702  -0.55845191  -0.53545270  -0.51331167  -0.49215646  -0.47195759  -0.45260447  -0.43395542  -0.41586815  -0.39821653  -0.38089844  -0.36383794  -0.34698427  -0.33030895  -0.31380235  -0.29746988  -0.28132852  -0.26540358  -0.24972593  -0.23432968  -0.21925023  -0.20452276  -0.19018096  -0.17625619  -0.16277677  -0.14976753  -0.13724953  -0.12523992  -0.11375194  -0.10279495  -0.09237462  -0.08249307  -0.07314915  -0.06433870  -0.05605483  -0.04828818  -0.04102728  -0.03425879  -0.02796780  -0.02213812  -0.01675251  -0.01179293  -0.00724077  -0.00307707   0.00071734   0.00416163   0.00727485   0.01007580   0.01258291   0.01481415   0.01678699   0.01851827   0.02002423   0.02132041   0.02242169   0.02334222   0.02409547   0.02469418   0.02515042   0.02547558   0.02568037   0.02577492   0.02576870   0.02567063   0.02548908   0.02523191   0.02490647   0.02451966   0.02407796   0.02358741   0.02305371   0.02248218   0.02187782   0.02124530   0.02058903   0.01991310   0.01922137   0.01851746   0.01780473   0.01708634   0.01636523   0.01564413   0.01492559   0.01421197   0.01350544   0.01280801   0.01212151   0.01144761   0.01078782   0.01014350   0.00951587   0.00890597   0.00831475   0.00774299   0.00719136   0.00666040   0.00615052   0.00566204   0.00519515   0.00474995   0.00432645   0.00392455   0.00354409   0.00318482   0.00284641   0.00252848   0.00223059   0.00195225   0.00169290   0.00145196   0.00122883   0.00102284   0.00083332   0.00065959   0.00050093   0.00035663   0.00022598   0.00010824   0.00000270  -0.00009135  -0.00017462  -0.00024779  -0.00031155  -0.00036656  -0.00041345  -0.00045285  -0.00048535  -0.00051152  -0.00053192  -0.00054707  -0.00055746  -0.00056358  -0.00056587  -0.00056474  -0.00056060 
 -0.00000004  -0.01551786  -0.06071153  -0.13160881  -0.22196090  -0.32383388  -0.42846469  -0.52732448  -0.61323075  -0.68126058  -0.72921356  -0.75749521  -0.76849708  -0.76572072  -0.75293325  -0.73355320  -0.71032661  -0.68524684  -0.65962781  -0.63424590  -0.60949263  -0.58550760  -0.56228111  -0.53972676  -0.51772918  -0.49617295  -0.47495856  -0.45400960  -0.43327467  -0.41272609  -0.39235694  -0.37217744  -0.35221122  -0.33249169  -0.31305888  -0.29395666  -0.27523048  -0.25692541  -0.23908474  -0.22174878  -0.20495410  -0.18873288  -0.17311259  -0.15811582  -0.14376019  -0.13005851  -0.11701887  -0.10464492  -0.09293618  -0.08188832  -0.07149356  -0.06174100  -0.05261702  -0.04410560  -0.03618875  -0.02884676  -0.02205862  -0.01580223  -0.01005476  -0.00479287   0.00000706   0.00436871   0.00831563   0.01187109   0.01505794   0.01789849   0.02041442   0.02262669   0.02455550   0.02622021   0.02763935   0.02883061   0.02981076   0.03059576   0.03120067   0.03163975   0.03192644   0.03207338   0.03209249   0.03199495   0.03179127   0.03149132   0.03110436   0.03063905   0.03010356   0.02950552   0.02885210   0.02815002   0.02740559   0.02662473   0.02581298   0.02497556   0.02411734   0.02324289   0.02235650   0.02146216   0.02056361   0.01966432   0.01876754   0.01787626   0.01699325   0.01612108   0.01526208   0.01441839   0.01359193   0.01278445   0.01199751   0.01123247   0.01049053   0.00977271   0.00907988   0.00841274   0.00777185   0.00715761   0.00657031   0.00601008   0.00547695   0.00497083   0.00449154   0.00403876   0.00361212   0.00321115   0.00283531   0.00248399   0.00215651   0.00185216   0.00157016   0.00130972   0.00106999   0.00085012   0.00064922   0.00046641   0.00030077   0.00015142   0.00001744  -0.00010205  -0.00020793  -0.00030108  -0.00038234  -0.00045253  -0.00051247  -0.00056293  -0.00060466  -0.00063838  -0.00066479  -0.00068454  -0.00069827  -0.00070657  -0.00070999  -0.00070908  -0.00070433 
 -0.00000003  -0.01489192  -0.05852967  -0.12784651  -0.21790273  -0.32218665  -0.43310426  -0.54267831  -0.64341594  -0.72921356  -0.79608931  -0.84252840  -0.86933158  -0.87903371  -0.87510846  -0.86121023  -0.84062685  -0.81599480  -0.78923414  -0.76162185  -0.73392684  -0.70655385  -0.67966881  -0.65329558  -0.62738453  -0.60185764  -0.57663593  -0.55165449  -0.52686922  -0.50225856  -0.47782203  -0.45357741  -0.42955710  -0.40580444  -0.38237025  -0.35930974  -0.33667982  -0.31453694  -0.29293534  -0.27192564  -0.25155391  -0.23186087  -0.21288153  -0.19464489  -0.17717394  -0.16048569  -0.14459142  -0.12949691  -0.11520286  -0.10170522  -0.08899564  -0.07706193  -0.06588850  -0.05545677  -0.04574567  -0.03673201  -0.02839087  -0.02069602  -0.01362022  -0.00713558  -0.00121380   0.00417354   0.00905476   0.01345788   0.01741047   0.02093944   0.02407101   0.02683054   0.02924249   0.03133034   0.03311659   0.03462269   0.03586907   0.03687512   0.03765920   0.03823867   0.03862993   0.03884842   0.03890868   0.03882441   0.03860846   0.03827290   0.03782909   0.03728768   0.03665867   0.03595144   0.03517481   0.03433705   0.03344592   0.03250873   0.03153232   0.03052311   0.02948713   0.02843003   0.02735711   0.02627331   0.02518328   0.02409131   0.02300143   0.02191737   0.02084256   0.01978020   0.01873320   0.01770421   0.01669566   0.01570973   0.01474836   0.01381327   0.01290597   0.01202775   0.01117972   0.01036276   0.00957761   0.00882478   0.00810466   0.00741746   0.00676323   0.00614188   0.00555322   0.00499690   0.00447248   0.00397940   0.00351702   0.00308462   0.00268138   0.00230644   0.00195888   0.00163772   0.00134195   0.00107053   0.00082239   0.00059644   0.00039158   0.00020673   0.00004077  -0.00010736  -0.00023876  -0.00035448  -0.00045556  -0.00054301  -0.00061781  -0.00068093  -0.00073327  -0.00077572  -0.00080913  -0.00083432  -0.00085204  -0.00086304  -0.00086801  -0.00086759  -0.00086240 
 -0.00000003  -0.01409434  -0.05559623  -0.12217804  -0.21002322  -0.31395472  -0.42767732  -0.54417794  -0.65630531  -0.75749521  -0.84252840  -0.90813932  -0.95328853  -0.97900276  -0.98784073  -0.98317406  -0.96850494  -0.94697442  -0.92110750  -0.89275694  -0.86317274  -0.83312778  -0.80305185  -0.77314841  -0.74348515  -0.71405826  -0.68483492  -0.65577914  -0.62686596  -0.59808786  -0.56945633  -0.54100053  -0.51276454  -0.48480390  -0.45718214  -0.42996750  -0.40322998  -0.37703890  -0.35146090  -0.32655832  -0.30238804  -0.27900063  -0.25643978  -0.23474207  -0.21393683  -0.19404624  -0.17508558  -0.15706353  -0.13998258  -0.12383953  -0.10862594  -0.09432870  -0.08093055  -0.06841058  -0.05674480  -0.04590661  -0.03586728  -0.02659641  -0.01806230  -0.01023242  -0.00307366   0.00344729   0.00936370   0.01470855   0.01951429   0.02381272   0.02763480   0.03101054   0.03396890   0.03653774   0.03874376   0.04061245   0.04216809   0.04343378   0.04443140   0.04518164   0.04570409   0.04601720   0.04613836   0.04608396   0.04586940   0.04550916   0.04501687   0.04440531   0.04368653   0.04287180   0.04197176   0.04099636   0.03995498   0.03885644   0.03770900   0.03652044   0.03529805   0.03404868   0.03277875   0.03149427   0.03020086   0.02890376   0.02760787   0.02631773   0.02503753   0.02377115   0.02252217   0.02129383   0.02008910   0.01891066   0.01776089   0.01664192   0.01555562   0.01450358   0.01348718   0.01250755   0.01156558   0.01066198   0.00979723   0.00897162   0.00818527   0.00743811   0.00672992   0.00606033   0.00542885   0.00483483   0.00427753   0.00375610   0.00326960   0.00281702   0.00239726   0.00200917   0.00165156   0.00132319   0.00102279   0.00074906   0.00050072   0.00027644   0.00007492  -0.00010514  -0.00026503  -0.00040601  -0.00052932  -0.00063617  -0.00072775  -0.00080520  -0.00086962  -0.00092207  -0.00096357  -0.00099510  -0.00101759  -0.00103190  -0.00103889  -0.00103932  -0.00103395 
 -0.00000003  -0.01323973  -0.05237248  -0.11564025  -0.20012396  -0.30178149  -0.41554458  -0.53551478  -0.65529807  -0.76849708  -0.86933158  -0.95328853  -1.01764204  -1.06167846  -1.08654050  -1.09474084  -1.08951203  -1.07418977  -1.05176759  -1.02466521  -0.99467717  -0.96303630  -0.93052900  -0.89761883  -0.86455465  -0.83145474  -0.79836694  -0.76530838  -0.73228989  -0.69932942  -0.66645816  -0.63372210  -0.60118086  -0.56890510  -0.53697338  -0.50546891  -0.47447652  -0.44408002  -0.41435997  -0.38539186  -0.35724482  -0.32998057  -0.30365280  -0.27830683  -0.25397946  -0.23069909  -0.20848595  -0.18735246  -0.16730372  -0.14833803  -0.13044748  -0.11361853  -0.09783269  -0.08306710  -0.06929513  -0.05648699  -0.04461030  -0.03363058  -0.02351177  -0.01421668  -0.00570740   0.00205435   0.00910688   0.01548820   0.02123584   0.02638660   0.03097634   0.03503992   0.03861100   0.04172198   0.04440397   0.04668669   0.04859852   0.05016643   0.05141602   0.05237155   0.05305595   0.05349090   0.05369682   0.05369298   0.05349751   0.05312749   0.05259897   0.05192705   0.05112596   0.05020905   0.04918889   0.04807730   0.04688540   0.04562365   0.04430187   0.04292931   0.04151466   0.04006608   0.03859122   0.03709726   0.03559091   0.03407845   0.03256572   0.03105818   0.02956085   0.02807839   0.02661511   0.02517490   0.02376136   0.02237770   0.02102683   0.01971133   0.01843345   0.01719517   0.01599816   0.01484382   0.01373328   0.01266741   0.01164684   0.01067198   0.00974299   0.00885987   0.00802239   0.00723017   0.00648264   0.00577911   0.00511873   0.00450052   0.00392342   0.00338625   0.00288775   0.00242659   0.00200137   0.00161067   0.00125299   0.00092684   0.00063069   0.00036301   0.00012227  -0.00009305  -0.00028447  -0.00045347  -0.00060151  -0.00073002  -0.00084038  -0.00093394  -0.00101201  -0.00107583  -0.00112661  -0.00116550  -0.00119359  -0.00121193  -0.00122151  -0.00122324  -0.00121801 
 -0.00000003  -0.01239980  -0.04915545  -0.10893186  -0.18949404  -0.28770466  -0.39954633  -0.52019701  -0.64419396  -0.76572072  -0.87903371  -0.97900276  -1.06167846  -1.12474540  -1.16771447  -1.19177671  -1.19936187  -1.19354951  -1.17750921  -1.15409430  -1.12562884  -1.09385863  -1.06000765  -1.02488283  -0.98898721  -0.95261965  -0.91595277  -0.87908888  -0.84209724  -0.80503694  -0.76796972  -0.73096585  -0.69410572  -0.65747889  -0.62118180  -0.58531494  -0.54997992  -0.51527677  -0.48130155  -0.44814447  -0.41588832  -0.38460740  -0.35436671  -0.32522162  -0.29721761  -0.27039044  -0.24476635  -0.22036250  -0.19718748  -0.17524191  -0.15451913  -0.13500586  -0.11668293  -0.09952599  -0.08350623  -0.06859102  -0.05474461  -0.04192869  -0.03010299  -0.01922582  -0.00925451  -0.00014589   0.00814338   0.01565639   0.02243577   0.02852340   0.03396016   0.03878584   0.04303891   0.04675649   0.04997422   0.05272623   0.05504511   0.05696191   0.05850610   0.05970566   0.06058708   0.06117539   0.06149423   0.06156592   0.06141147   0.06105071   0.06050230   0.05978381   0.05891179   0.05790181   0.05676854   0.05552579   0.05418655   0.05276307   0.05126686   0.04970876   0.04809898   0.04644709   0.04476210   0.04305246   0.04132608   0.03959036   0.03785220   0.03611804   0.03439384   0.03268513   0.03099697   0.02933405   0.02770060   0.02610049   0.02453716   0.02301371   0.02153287   0.02009700   0.01870813   0.01736797   0.01607791   0.01483903   0.01365215   0.01251778   0.01143621   0.01040748   0.00943139   0.00850754   0.00763534   0.00681401   0.00604262   0.00532009   0.00464520   0.00401663   0.00343295   0.00289263   0.00239410   0.00193571   0.00151575   0.00113250   0.00078421   0.00046911   0.00018544  -0.00006857  -0.00029465  -0.00049452  -0.00066989  -0.00082239  -0.00095364  -0.00106520  -0.00115859  -0.00123525  -0.00129660  -0.00134397  -0.00137863  -0.00140180  -0.00141463  -0.00141821  -0.00141356 
 -0.00000003  -0.01161375  -0.04611382  -0.10247175  -0.17895844  -0.27312762  -0.38180630  -0.50110885  -0.62649935  -0.75293325  -0.87510846  -0.98784073  -1.08654050  -1.16771447  -1.22936638  -1.27116540  -1.29431166  -1.30113578  -1.29456407  -1.27760809  -1.25299194  -1.22295444  -1.18920116  -1.15295353  -1.11504341  -1.07601631  -1.03622296  -0.99589135  -0.95517871  -0.91420632  -0.87308111  -0.83190778  -0.79079453  -0.74985482  -0.70920661  -0.66897042  -0.62926686  -0.59021409  -0.55192542  -0.51450732  -0.47805779  -0.44266512  -0.40840709  -0.37535040  -0.34355056  -0.31305189  -0.28388783  -0.25608137  -0.22964561  -0.20458445  -0.18089332  -0.15855999  -0.13756532  -0.11788412  -0.09948593  -0.08233578  -0.06639496  -0.05162169  -0.03797180  -0.02539933  -0.01385708  -0.00329710   0.00632884   0.01506887   0.02297065   0.03008114   0.03644626   0.04211076   0.04711800   0.05150987   0.05532665   0.05860696   0.06138775   0.06370422   0.06558989   0.06707658   0.06819445   0.06897206   0.06943639   0.06961295   0.06952581   0.06919767   0.06864994   0.06790280   0.06697528   0.06588530   0.06464978   0.06328463   0.06180486   0.06022463   0.05855728   0.05681534   0.05501066   0.05315436   0.05125690   0.04932811   0.04737720   0.04541280   0.04344297   0.04147521   0.03951651   0.03757333   0.03565163   0.03375689   0.03189410   0.03006781   0.02828212   0.02654066   0.02484669   0.02320303   0.02161211   0.02007598   0.01859634   0.01717453   0.01581156   0.01450813   0.01326462   0.01208116   0.01095761   0.00989356   0.00888840   0.00794131   0.00705126   0.00621708   0.00543741   0.00471078   0.00403559   0.00341013   0.00283263   0.00230121   0.00181397   0.00136894   0.00096413   0.00059755   0.00026717  -0.00002899  -0.00029294  -0.00052664  -0.00073201  -0.00091095  -0.00106531  -0.00119686  -0.00130736  -0.00139846  -0.00147178  -0.00152885  -0.00157115  -0.00160007  -0.00161694  -0.00162300  -0.00161945 
 -0.00000002  -0.01089864  -0.04332639  -0.09647441  -0.16898106  -0.25891389  -0.36375067  -0.48036802  -0.60505216  -0.73355320  -0.86121023  -0.98317406  -1.09474084  -1.19177671  -1.27116540  -1.33116618  -1.37156411  -1.39354738  -1.39934370  -1.39173317  -1.37358107  -1.34749422  -1.31563601  -1.27967869  -1.24084539  -1.19999500  -1.15771607  -1.11441078  -1.07036141  -1.02577858  -0.98083378  -0.93567973  -0.89046192  -0.84532429  -0.80041098  -0.75586603  -0.71183169  -0.66844639  -0.62584253  -0.58414454  -0.54346720  -0.50391430  -0.46557781  -0.42853722  -0.39285941  -0.35859858  -0.32579664  -0.29448360  -0.26467821  -0.23638871  -0.20961363  -0.18434269  -0.16055763  -0.13823318  -0.11733792  -0.09783518  -0.07968382  -0.06283910  -0.04725335  -0.03287672  -0.01965778  -0.00754407   0.00351733   0.01357938   0.02269470   0.03091518   0.03829173   0.04487403   0.05071032   0.05584726   0.06032980   0.06420113   0.06750258   0.07027363   0.07255189   0.07437313   0.07577130   0.07677859   0.07742544   0.07774070   0.07775157   0.07748379   0.07696163   0.07620803   0.07524460   0.07409178   0.07276881   0.07129388   0.06968414   0.06795577   0.06612403   0.06420333   0.06220723   0.06014852   0.05803922   0.05589066   0.05371344   0.05151753   0.04931222   0.04710621   0.04490758   0.04272382   0.04056185   0.03842805   0.03632822   0.03426768   0.03225121   0.03028310   0.02836715   0.02650671   0.02470466   0.02296345   0.02128513   0.01967133   0.01812329   0.01664192   0.01522776   0.01388104   0.01260167   0.01138930   0.01024331   0.00916282   0.00814676   0.00719384   0.00630260   0.00547141   0.00469851   0.00398202   0.00331995   0.00271022   0.00215071   0.00163920   0.00117349   0.00075131   0.00037040   0.00002852  -0.00027659  -0.00054715  -0.00078532  -0.00099325  -0.00117303  -0.00132669  -0.00145619  -0.00156343  -0.00165024  -0.00171837  -0.00176948  -0.00180518  -0.00182697  -0.00183628  -0.00183445 
 -0.00000002  -0.01025771  -0.04081454  -0.09101856  -0.15977308  -0.24552216  -0.34623252  -0.45937557  -0.58191702  -0.71032661  -0.84062685  -0.96850494  -1.08951203  -1.19936187  -1.29431166  -1.37156411  -1.42958987  -1.46826308  -1.48875017  -1.49317904  -1.48419414  -1.46452724  -1.43667937  -1.40274702  -1.36437428  -1.32278825  -1.27887499  -1.23326479  -1.18640902  -1.13864145  -1.09022307  -1.04137242  -0.99228481  -0.94314339  -0.89412467  -0.84540052  -0.79713811  -0.74949864  -0.70263568  -0.65669341  -0.61180501  -0.56809136  -0.52566007  -0.48460493  -0.44500554  -0.40692743  -0.37042227  -0.33552841  -0.30227148  -0.27066525  -0.24071247  -0.21240581  -0.18572890  -0.16065728  -0.13715941  -0.11519763  -0.09472911  -0.07570671  -0.05807986  -0.04179529  -0.02679774  -0.01303066  -0.00043674   0.01104156   0.02146154   0.03087989   0.03935233   0.04693336   0.05367601   0.05963167   0.06484994   0.06937852   0.07326319   0.07654770   0.07927382   0.08148132   0.08320802   0.08448981   0.08536070   0.08585293   0.08599699   0.08582173   0.08535442   0.08462084   0.08364534   0.08245095   0.08105941   0.07949125   0.07776590   0.07590169   0.07391594   0.07182499   0.06964428   0.06738836   0.06507093   0.06270490   0.06030241   0.05787483   0.05543281   0.05298632   0.05054462   0.04811634   0.04570943   0.04333123   0.04098848   0.03868729   0.03643324   0.03423129   0.03208590   0.03000097   0.02797990   0.02602559   0.02414047   0.02232652   0.02058527   0.01891786   0.01732500   0.01580708   0.01436410   0.01299577   0.01170147   0.01048033   0.00933121   0.00825274   0.00724336   0.00630130   0.00542464   0.00461133   0.00385918   0.00316590   0.00252915   0.00194648   0.00141544   0.00093351   0.00049819   0.00010696  -0.00024269  -0.00055322  -0.00082708  -0.00106666  -0.00127431  -0.00145229  -0.00160282  -0.00172803  -0.00182997  -0.00191062  -0.00197186  -0.00201548  -0.00204319  -0.00205661  -0.00205726 
 -0.00000002  -0.00968634  -0.03856629  -0.08610060  -0.15138408  -0.23313567  -0.32968491  -0.43895590  -0.55845191  -0.68524684  -0.81599480  -0.94697442  -1.07418977  -1.19354951  -1.30113578  -1.39354738  -1.46826308  -1.52393374  -1.56050576  -1.57912048  -1.58181256  -1.57110238  -1.54960063  -1.51971286  -1.48347556  -1.44250815  -1.39804232  -1.35098984  -1.30201986  -1.25162934  -1.20019954  -1.14803762  -1.09540505  -1.04253572  -0.98964653  -0.93694290  -0.88462097  -0.83286776  -0.78186038  -0.73176473  -0.68273413  -0.63490815  -0.58841160  -0.54335400  -0.49982921  -0.45791545  -0.41767562  -0.37915773  -0.34239564  -0.30740992  -0.27420875  -0.24278895  -0.21313710  -0.18523059  -0.15903870  -0.13452369  -0.11164182  -0.09034435  -0.07057842  -0.05228797  -0.03541449  -0.01989779  -0.00567661   0.00731078   0.01912606   0.02983042   0.03948417   0.04814643   0.05587486   0.06272545   0.06875235   0.07400774   0.07854175   0.08240244   0.08563570   0.08828535   0.09039308   0.09199854   0.09313938   0.09385131   0.09416816   0.09412200   0.09374319   0.09306045   0.09210096   0.09089046   0.08945328   0.08781245   0.08598974   0.08400576   0.08187999   0.07963084   0.07727572   0.07483106   0.07231234   0.06973418   0.06711032   0.06445366   0.06177631   0.05908959   0.05640407   0.05372955   0.05107514   0.04844923   0.04585954   0.04331309   0.04081629   0.03837488   0.03599401   0.03367821   0.03143146   0.02925716   0.02715818   0.02513689   0.02319516   0.02133438   0.01955552   0.01785911   0.01624530   0.01471387   0.01326426   0.01189560   0.01060671   0.00939617   0.00826232   0.00720327   0.00621696   0.00530116   0.00445351   0.00367151   0.00295258   0.00229407   0.00169326   0.00114740   0.00065372   0.00020945  -0.00018818  -0.00054191  -0.00085445  -0.00112845  -0.00136651  -0.00157116  -0.00174486  -0.00188999  -0.00200883  -0.00210360  -0.00217638  -0.00222920  -0.00226396  -0.00228248  -0.00228645 
 -0.00000002  -0.00917616  -0.03655264  -0.08167237  -0.14377005  -0.22176654  -0.31426034  -0.41951638  -0.53545270  -0.65962781  -0.78923414  -0.92110750  -1.05176759  -1.17750921  -1.29456407  -1.39934370  -1.48875017  -1.56050576  -1.61341899  -1.64749783  -1.66385863  -1.66445063  -1.65168151  -1.62805212  -1.59588128  -1.55715083  -1.51345746  -1.46603670  -1.41582329  -1.36352130  -1.30966863  -1.25468914  -1.19893124  -1.14269452  -1.08624686  -1.02983464  -0.97368818  -0.91802412  -0.86304591  -0.80894345  -0.75589208  -0.70405173  -0.65356601  -0.60456168  -0.55714831  -0.51141834  -0.46744729  -0.42529430  -0.38500286  -0.34660167  -0.31010568  -0.27551714  -0.24282676  -0.21201494  -0.18305285  -0.15590370  -0.13052376  -0.10686354  -0.08486873  -0.06448119  -0.04563984  -0.02828142  -0.01234126   0.00224606   0.01554617   0.02762441   0.03854534   0.04837243   0.05716774   0.06499165   0.07190271   0.07795745   0.08321027   0.08771341   0.09151691   0.09466855   0.09721394   0.09919648   0.10065747   0.10163614   0.10216975   0.10229363   0.10204128   0.10144448   0.10053332   0.09933633   0.09788054   0.09619155   0.09429363   0.09220973   0.08996162   0.08756989   0.08505400   0.08243238   0.07972241   0.07694050   0.07410211   0.07122178   0.06831315   0.06538902   0.06246132   0.05954116   0.05663888   0.05376399   0.05092528   0.04813077   0.04538776   0.04270286   0.04008195   0.03753030   0.03505249   0.03265250   0.03033370   0.02809888   0.02595030   0.02388968   0.02191824   0.02003674   0.01824549   0.01654438   0.01493293   0.01341030   0.01197530   0.01062649   0.00936210   0.00818017   0.00707849   0.00605469   0.00510621   0.00423037   0.00342438   0.00268535   0.00201034   0.00139634   0.00084032   0.00033925  -0.00010990  -0.00051014  -0.00086445  -0.00117574  -0.00144688  -0.00168066  -0.00187980  -0.00204693  -0.00218457  -0.00229517  -0.00238107  -0.00244448  -0.00248754  -0.00251225  -0.00252052 
