# coconut-me2b/v0.99.21 
# 
# momentum space matrix elements 
# partial wave J=2, L=2/2, S=0, T=1, MT=0 
# 
# momentum grid [fm^-1]
0.000000 0.066667 0.133333 0.200000 0.266667 0.333333 0.400000 0.466667 0.533333 0.600000 0.666667 0.733333 0.800000 0.866667 0.933333 1.000000 1.066667 1.133333 1.200000 1.266667 1.333333 1.400000 1.466667 1.533333 1.600000 1.666667 1.733333 1.800000 1.866667 1.933333 2.000000 2.066667 2.133333 2.200000 2.266667 2.333333 2.400000 2.466667 2.533333 2.600000 2.666667 2.733333 2.800000 2.866667 2.933333 3.000000 3.066667 3.133333 3.200000 3.266667 3.333333 3.400000 3.466667 3.533333 3.600000 3.666667 3.733333 3.800000 3.866667 3.933333 4.000000 4.066667 4.133333 4.200000 4.266667 4.333333 4.400000 4.466667 4.533333 4.600000 4.666667 4.733333 4.800000 4.866667 4.933333 5.000000 5.066667 5.133333 5.200000 5.266667 5.333333 5.400000 5.466667 5.533333 5.600000 5.666667 5.733333 5.800000 5.866667 5.933333 6.000000 6.066667 6.133333 6.200000 6.266667 6.333333 6.400000 6.466667 6.533333 6.600000 6.666667 6.733333 6.800000 6.866667 6.933333 7.000000 7.066667 7.133333 7.200000 7.266667 7.333333 7.400000 7.466667 7.533333 7.600000 7.666667 7.733333 7.800000 7.866667 7.933333 8.000000 8.066667 8.133333 8.200000 8.266667 8.333333 8.400000 8.466667 8.533333 8.600000 8.666667 8.733333 8.800000 8.866667 8.933333 9.000000 9.066667 9.133333 9.200000 9.266667 9.333333 9.400000 9.466667 9.533333 9.600000 9.666667 9.733333 9.800000 9.866667 9.933333 10.000000 
#
# matrix elements [MeV fm^3] 
  0.00000000  -0.00000000  -0.00000001  -0.00000001  -0.00000002  -0.00000002  -0.00000003  -0.00000003  -0.00000003  -0.00000003  -0.00000003  -0.00000003  -0.00000003  -0.00000003  -0.00000003  -0.00000002  -0.00000002  -0.00000002  -0.00000002  -0.00000002  -0.00000002  -0.00000002  -0.00000002  -0.00000002  -0.00000002  -0.00000002  -0.00000001  -0.00000001  -0.00000001  -0.00000001  -0.00000001  -0.00000001  -0.00000001  -0.00000001  -0.00000001  -0.00000001  -0.00000001  -0.00000001  -0.00000001  -0.00000001  -0.00000001  -0.00000001  -0.00000000  -0.00000000  -0.00000000  -0.00000000  -0.00000000  -0.00000000  -0.00000000  -0.00000000  -0.00000000  -0.00000000  -0.00000000  -0.00000000  -0.00000000  -0.00000000  -0.00000000  -0.00000000  -0.00000000  -0.00000000   0.00000000   0.00000000   0.00000000   0.00000000   0.00000000   0.00000000   0.00000000   0.00000000   0.00000000   0.00000000   0.00000000   0.00000000   0.00000000   0.00000000   0.00000000   0.00000000   0.00000000   0.00000000   0.00000000   0.00000000   0.00000000   0.00000000   0.00000000   0.00000000   0.00000000   0.00000000   0.00000000   0.00000000   0.00000000   0.00000000   0.00000000   0.00000000   0.00000000   0.00000000   0.00000000   0.00000000   0.00000000   0.00000000   0.00000000   0.00000000   0.00000000   0.00000000   0.00000000   0.00000000   0.00000000   0.00000000   0.00000000   0.00000000   0.00000000   0.00000000   0.00000000   0.00000000   0.00000000   0.00000000   0.00000000   0.00000000   0.00000000   0.00000000   0.00000000   0.00000000   0.00000000   0.00000000   0.00000000   0.00000000   0.00000000   0.00000000   0.00000000   0.00000000   0.00000000   0.00000000   0.00000000   0.00000000   0.00000000   0.00000000  -0.00000000  -0.00000000  -0.00000000  -0.00000000  -0.00000000  -0.00000000  -0.00000000  -0.00000000  -0.00000000  -0.00000000  -0.00000000  -0.00000000  -0.00000000  -0.00000000  -0.00000000  -0.00000000  -0.00000000 
 -0.00000000  -0.00068942  -0.00257916  -0.00520876  -0.00801542  -0.01051767  -0.01242206  -0.01363459  -0.01420890  -0.01427621  -0.01398759  -0.01347888  -0.01285588  -0.01219251  -0.01153546  -0.01091088  -0.01033072  -0.00979791  -0.00931013  -0.00886239  -0.00844866  -0.00806290  -0.00769959  -0.00735397  -0.00702215  -0.00670106  -0.00638839  -0.00608251  -0.00578231  -0.00548716  -0.00519675  -0.00491109  -0.00463034  -0.00435484  -0.00408500  -0.00382128  -0.00356419  -0.00331421  -0.00307179  -0.00283736  -0.00261131  -0.00239393  -0.00218551  -0.00198623  -0.00179623  -0.00161561  -0.00144437  -0.00128249  -0.00112988  -0.00098643  -0.00085196  -0.00072627  -0.00060913  -0.00050028  -0.00039942  -0.00030627  -0.00022051  -0.00014181  -0.00006985  -0.00000428   0.00005522   0.00010899   0.00015736   0.00020064   0.00023916   0.00027322   0.00030312   0.00032912   0.00035152   0.00037057   0.00038651   0.00039959   0.00041002   0.00041801   0.00042377   0.00042747   0.00042930   0.00042942   0.00042798   0.00042512   0.00042099   0.00041571   0.00040939   0.00040214   0.00039408   0.00038529   0.00037587   0.00036590   0.00035545   0.00034461   0.00033343   0.00032199   0.00031035   0.00029855   0.00028665   0.00027471   0.00026276   0.00025085   0.00023902   0.00022730   0.00021572   0.00020432   0.00019313   0.00018216   0.00017144   0.00016100   0.00015084   0.00014098   0.00013145   0.00012224   0.00011337   0.00010485   0.00009667   0.00008885   0.00008139   0.00007428   0.00006753   0.00006113   0.00005509   0.00004938   0.00004402   0.00003899   0.00003428   0.00002989   0.00002580   0.00002201   0.00001850   0.00001527   0.00001231   0.00000959   0.00000712   0.00000487   0.00000285   0.00000102  -0.00000061  -0.00000205  -0.00000333  -0.00000445  -0.00000542  -0.00000625  -0.00000696  -0.00000754  -0.00000802  -0.00000841  -0.00000870  -0.00000891  -0.00000904  -0.00000911  -0.00000912  -0.00000908  -0.00000899 
 -0.00000001  -0.00257916  -0.00968011  -0.01964706  -0.03042055  -0.04018772  -0.04778815  -0.05279073  -0.05533276  -0.05587272  -0.05497186  -0.05315282  -0.05083341  -0.04831250  -0.04578356  -0.04335846  -0.04109156  -0.03899988  -0.03707819  -0.03530949  -0.03367185  -0.03214261  -0.03070069  -0.02932779  -0.02800882  -0.02673185  -0.02548790  -0.02427051  -0.02307542  -0.02190011  -0.02074347  -0.01960545  -0.01848682  -0.01738888  -0.01631333  -0.01526204  -0.01423698  -0.01324012  -0.01227329  -0.01133821  -0.01043637  -0.00956908  -0.00873739  -0.00794209  -0.00718376  -0.00646273  -0.00577910  -0.00513274  -0.00452336  -0.00395044  -0.00341334  -0.00291126  -0.00244325  -0.00200830  -0.00160527  -0.00123296  -0.00089014  -0.00057551  -0.00028775  -0.00002553   0.00021248   0.00042761   0.00062116   0.00079442   0.00094865   0.00108505   0.00120481   0.00130905   0.00139886   0.00147529   0.00153930   0.00159185   0.00163382   0.00166605   0.00168933   0.00170440   0.00171197   0.00171269   0.00170718   0.00169601   0.00167972   0.00165882   0.00163377   0.00160502   0.00157299   0.00153804   0.00150055   0.00146085   0.00141925   0.00137606   0.00133153   0.00128593   0.00123950   0.00119247   0.00114503   0.00109739   0.00104973   0.00100221   0.00095499   0.00090821   0.00086201   0.00081651   0.00077181   0.00072802   0.00068523   0.00064351   0.00060295   0.00056359   0.00052550   0.00048872   0.00045329   0.00041924   0.00038658   0.00035534   0.00032552   0.00029712   0.00027014   0.00024457   0.00022040   0.00019761   0.00017617   0.00015605   0.00013723   0.00011966   0.00010332   0.00008817   0.00007415   0.00006123   0.00004937   0.00003851   0.00002862   0.00001963   0.00001152   0.00000422  -0.00000230  -0.00000809  -0.00001321  -0.00001769  -0.00002157  -0.00002491  -0.00002773  -0.00003009  -0.00003201  -0.00003354  -0.00003471  -0.00003556  -0.00003611  -0.00003639  -0.00003644  -0.00003628  -0.00003593 
 -0.00000001  -0.00520876  -0.01964706  -0.04018377  -0.06281817  -0.08387277  -0.10081824  -0.11252720  -0.11905625  -0.12120451  -0.12007490  -0.11675961  -0.11217142  -0.10698867  -0.10166768  -0.09648509  -0.09158639  -0.08702909  -0.08281628  -0.07892080  -0.07530130  -0.07191242  -0.06871070  -0.06565769  -0.06272125  -0.05987583  -0.05710201  -0.05438590  -0.05171824  -0.04909364  -0.04650975  -0.04396659  -0.04146595  -0.03901085  -0.03660511  -0.03425301  -0.03195902  -0.02972756  -0.02756284  -0.02546871  -0.02344859  -0.02150543  -0.01964162  -0.01785903  -0.01615895  -0.01454215  -0.01300891  -0.01155900  -0.01019174  -0.00890605  -0.00770050  -0.00657330  -0.00552240  -0.00454550  -0.00364010  -0.00280355  -0.00203305  -0.00132572  -0.00067864  -0.00008882   0.00044671   0.00093091   0.00136671   0.00175698   0.00210451   0.00241205   0.00268220   0.00291752   0.00312042   0.00329323   0.00343817   0.00355733   0.00365271   0.00372618   0.00377952   0.00381439   0.00383238   0.00383495   0.00382347   0.00379926   0.00376351   0.00371736   0.00366186   0.00359801   0.00352673   0.00344888   0.00336528   0.00327668   0.00318379   0.00308726   0.00298772   0.00288574   0.00278186   0.00267658   0.00257038   0.00246370   0.00235693   0.00225046   0.00214464   0.00203979   0.00193622   0.00183419   0.00173395   0.00163573   0.00153973   0.00144614   0.00135512   0.00126680   0.00118131   0.00109875   0.00101921   0.00094275   0.00086942   0.00079925   0.00073227   0.00066849   0.00060788   0.00055044   0.00049613   0.00044490   0.00039671   0.00035149   0.00030918   0.00026969   0.00023295   0.00019887   0.00016734   0.00013829   0.00011159   0.00008717   0.00006490   0.00004468   0.00002641   0.00000998  -0.00000471  -0.00001776  -0.00002929  -0.00003938  -0.00004814  -0.00005566  -0.00006204  -0.00006736  -0.00007171  -0.00007517  -0.00007782  -0.00007974  -0.00008100  -0.00008166  -0.00008178  -0.00008144  -0.00008068 
 -0.00000002  -0.00801542  -0.03042055  -0.06281817  -0.09939887  -0.13453123  -0.16400140  -0.18556373  -0.19881780  -0.20467140  -0.20470048  -0.20062297  -0.19397049  -0.18594302  -0.17738936  -0.16885410  -0.16064833  -0.15291932  -0.14570840  -0.13899429  -0.13272327  -0.12682877  -0.12124344  -0.11590574  -0.11076327  -0.10577375  -0.10090486  -0.09613329  -0.09144359  -0.08682680  -0.08227919  -0.07780108  -0.07339585  -0.06906901  -0.06482746  -0.06067894  -0.05663144  -0.05269290  -0.04887087  -0.04517229  -0.04160333  -0.03816928  -0.03487450  -0.03172236  -0.02871528  -0.02585472  -0.02314122  -0.02057449  -0.01815340  -0.01587613  -0.01374019  -0.01174250  -0.00987948  -0.00814714  -0.00654110  -0.00505669  -0.00368904  -0.00243309  -0.00128367  -0.00023555   0.00071649   0.00157768   0.00235318   0.00304803   0.00366719   0.00421545   0.00469746   0.00511769   0.00548044   0.00578981   0.00604970   0.00626383   0.00643572   0.00656869   0.00666589   0.00673028   0.00676461   0.00677152   0.00675344   0.00671266   0.00665133   0.00657146   0.00647492   0.00636347   0.00623874   0.00610229   0.00595553   0.00579982   0.00563640   0.00546645   0.00529108   0.00511130   0.00492807   0.00474230   0.00455482   0.00436640   0.00417777   0.00398961   0.00380255   0.00361715   0.00343395   0.00325344   0.00307606   0.00290221   0.00273227   0.00256655   0.00240534   0.00224890   0.00209745   0.00195116   0.00181019   0.00167466   0.00154465   0.00142025   0.00130147   0.00118833   0.00108083   0.00097891   0.00088254   0.00079163   0.00070609   0.00062582   0.00055069   0.00048057   0.00041531   0.00035476   0.00029875   0.00024711   0.00019967   0.00015624   0.00011664   0.00008068   0.00004818   0.00001895  -0.00000720  -0.00003045  -0.00005098  -0.00006897  -0.00008459  -0.00009802  -0.00010940  -0.00011891  -0.00012669  -0.00013290  -0.00013767  -0.00014112  -0.00014340  -0.00014462  -0.00014489  -0.00014432  -0.00014301 
 -0.00000002  -0.01051767  -0.04018772  -0.08387277  -0.13453123  -0.18493135  -0.22916400  -0.26353335  -0.28669815  -0.29922428  -0.30285885  -0.29981849  -0.29226536  -0.28201403  -0.27042883  -0.25844221  -0.24663101  -0.23530808  -0.22460606  -0.21454444  -0.20507843  -0.19613236  -0.18762102  -0.17946227  -0.17158385  -0.16392628  -0.15644352  -0.14910217  -0.14188006  -0.13476455  -0.12775069  -0.12083962  -0.11403702  -0.10735178  -0.10079496  -0.09437877  -0.08811590  -0.08201891  -0.07609972  -0.07036934  -0.06483756  -0.05951280  -0.05440204  -0.04951073  -0.04484279  -0.04040069  -0.03618546  -0.03219678  -0.02843310  -0.02489171  -0.02156889  -0.01846001  -0.01555962  -0.01286163  -0.01035935  -0.00804563  -0.00591298  -0.00395362  -0.00215960  -0.00052288   0.00096464   0.00231099   0.00352413   0.00461189   0.00558191   0.00644161   0.00719819   0.00785857   0.00842940   0.00891704   0.00932755   0.00966669   0.00993992   0.01015241   0.01030902   0.01041436   0.01047273   0.01048819   0.01046455   0.01040537   0.01031399   0.01019354   0.01004693   0.00987690   0.00968601   0.00947666   0.00925108   0.00901138   0.00875949   0.00849727   0.00822642   0.00794856   0.00766517   0.00737767   0.00708735   0.00679544   0.00650308   0.00621132   0.00592114   0.00563344   0.00534907   0.00506877   0.00479326   0.00452317   0.00425906   0.00400145   0.00375080   0.00350751   0.00327191   0.00304429   0.00282491   0.00261395   0.00241155   0.00221783   0.00203283   0.00185659   0.00168908   0.00153025   0.00138003   0.00123830   0.00110492   0.00097973   0.00086253   0.00075312   0.00065127   0.00055675   0.00046930   0.00038866   0.00031455   0.00024668   0.00018479   0.00012857   0.00007773   0.00003200  -0.00000893  -0.00004533  -0.00007750  -0.00010570  -0.00013020  -0.00015127  -0.00016916  -0.00018412  -0.00019638  -0.00020617  -0.00021372  -0.00021922  -0.00022287  -0.00022487  -0.00022538  -0.00022457  -0.00022260 
 -0.00000003  -0.01242206  -0.04778815  -0.10081824  -0.16400140  -0.22916400  -0.28903198  -0.33837981  -0.37452113  -0.39713759  -0.40765316  -0.40844800  -0.40216120  -0.39121263  -0.37755981  -0.36263638  -0.34739999  -0.33242820  -0.31802241  -0.30429910  -0.29126118  -0.27884926  -0.26697619  -0.25554879  -0.24448037  -0.23369726  -0.22314126  -0.21276978  -0.20255460  -0.19247994  -0.18254036  -0.17273859  -0.16308356  -0.15358865  -0.14427015  -0.13514600  -0.12623475  -0.11755472  -0.10912336  -0.10095677  -0.09306931  -0.08547340  -0.07817934  -0.07119528  -0.06452718  -0.05817887  -0.05215212  -0.04644680  -0.04106095  -0.03599098  -0.03123181  -0.02677705  -0.02261914  -0.01874956  -0.01515893  -0.01183722  -0.00877385  -0.00595785  -0.00337800  -0.00102288   0.00111894   0.00305888   0.00480823   0.00637812   0.00777939   0.00902262   0.01011805   0.01107553   0.01190454   0.01261414   0.01321298   0.01370928   0.01411083   0.01442502   0.01465881   0.01481875   0.01491104   0.01494146   0.01491548   0.01483818   0.01471435   0.01454849   0.01434477   0.01410712   0.01383923   0.01354452   0.01322621   0.01288731   0.01253064   0.01215885   0.01177439   0.01137958   0.01097658   0.01056741   0.01015396   0.00973798   0.00932113   0.00890491   0.00849075   0.00807996   0.00767373   0.00727319   0.00687933   0.00649309   0.00611528   0.00574666   0.00538789   0.00503954   0.00470212   0.00437605   0.00406169   0.00375931   0.00346915   0.00319134   0.00292599   0.00267313   0.00243275   0.00220478   0.00198910   0.00178557   0.00159397   0.00141409   0.00124566   0.00108839   0.00094195   0.00080600   0.00068018   0.00056413   0.00045744   0.00035971   0.00027055   0.00018953   0.00011625   0.00005028  -0.00000877  -0.00006133  -0.00010780  -0.00014856  -0.00018401  -0.00021452  -0.00024045  -0.00026217  -0.00028001  -0.00029429  -0.00030532  -0.00031341  -0.00031884  -0.00032188  -0.00032277  -0.00032176  -0.00031906 
 -0.00000003  -0.01363459  -0.05279073  -0.11252720  -0.18556373  -0.26353335  -0.33837981  -0.40359030  -0.45498454  -0.49091473  -0.51192095  -0.52004502  -0.51806167  -0.50883426  -0.49489424  -0.47824437  -0.46032883  -0.44210010  -0.42412527  -0.40669519  -0.38991804  -0.37379160  -0.35825466  -0.34322136  -0.32860249  -0.31431768  -0.30030134  -0.28650476  -0.27289573  -0.25945695  -0.24618382  -0.23308192  -0.22016469  -0.20745124  -0.19496440  -0.18272913  -0.17077112  -0.15911572  -0.14778710  -0.13680755  -0.12619704  -0.11597291  -0.10614962  -0.09673871  -0.08774874  -0.07918541  -0.07105161  -0.06334762  -0.05607124  -0.04921806  -0.04278163  -0.03675368  -0.03112436  -0.02588250  -0.02101573  -0.01651079  -0.01235366  -0.00852976  -0.00502413  -0.00182159   0.00109316   0.00373537   0.00612015   0.00826239   0.01017665   0.01187709   0.01337747   0.01469102   0.01583049   0.01680806   0.01763537   0.01832349   0.01888293   0.01932362   0.01965497   0.01988582   0.02002453   0.02007893   0.02005639   0.01996380   0.01980764   0.01959397   0.01932849   0.01901651   0.01866300   0.01827265   0.01784980   0.01739856   0.01692275   0.01642596   0.01591155   0.01538267   0.01484225   0.01429306   0.01373766   0.01317846   0.01261769   0.01205745   0.01149965   0.01094609   0.01039842   0.00985816   0.00932669   0.00880528   0.00829506   0.00779707   0.00731220   0.00684126   0.00638495   0.00594384   0.00551844   0.00510915   0.00471625   0.00433999   0.00398049   0.00363782   0.00331197   0.00300285   0.00271032   0.00243418   0.00217417   0.00192998   0.00170126   0.00148763   0.00128866   0.00110388   0.00093282   0.00077497   0.00062981   0.00049679   0.00037538   0.00026501   0.00016513   0.00007518  -0.00000540  -0.00007715  -0.00014063  -0.00019637  -0.00024488  -0.00028668  -0.00032226  -0.00035210  -0.00037665  -0.00039637  -0.00041167  -0.00042296  -0.00043061  -0.00043500  -0.00043646  -0.00043533  -0.00043189 
 -0.00000003  -0.01420890  -0.05533276  -0.11905625  -0.19881780  -0.28669815  -0.37452113  -0.45498454  -0.52259317  -0.57418834  -0.60897597  -0.62810946  -0.63401053  -0.62965216  -0.61797739  -0.60153267  -0.58230810  -0.56172867  -0.54073114  -0.51987366  -0.49944508  -0.47955744  -0.46021687  -0.44137376  -0.42295610  -0.40489004  -0.38711141  -0.36957120  -0.35223729  -0.33509376  -0.31813904  -0.30138343  -0.28484653  -0.26855471  -0.25253882  -0.23683225  -0.22146926  -0.20648355  -0.19190728  -0.17777017  -0.16409890  -0.15091672  -0.13824319  -0.12609402  -0.11448111  -0.10341255  -0.09289285  -0.08292303  -0.07350097  -0.06462156  -0.05627705  -0.04845731  -0.04115016  -0.03434157  -0.02801603  -0.02215680  -0.01674610  -0.01176544  -0.00719577  -0.00301774   0.00078820   0.00424153   0.00736162   0.01016753   0.01267794   0.01491106   0.01688455   0.01861544   0.02012013   0.02141431   0.02251300   0.02343047   0.02418027   0.02477526   0.02522758   0.02554868   0.02574935   0.02583974   0.02582940   0.02572728   0.02554177   0.02528075   0.02495160   0.02456123   0.02411613   0.02362237   0.02308562   0.02251123   0.02190418   0.02126917   0.02061056   0.01993247   0.01923876   0.01853301   0.01781860   0.01709867   0.01637615   0.01565378   0.01493409   0.01421943   0.01351196   0.01281369   0.01212644   0.01145187   0.01079149   0.01014665   0.00951854   0.00890825   0.00831667   0.00774461   0.00719271   0.00666152   0.00615144   0.00566279   0.00519576   0.00475044   0.00432684   0.00392486   0.00354433   0.00318500   0.00284655   0.00252859   0.00223068   0.00195232   0.00169295   0.00145201   0.00122887   0.00102288   0.00083336   0.00065963   0.00050098   0.00035669   0.00022604   0.00010830   0.00000277  -0.00009127  -0.00017453  -0.00024771  -0.00031146  -0.00036647  -0.00041335  -0.00045275  -0.00048524  -0.00051141  -0.00053181  -0.00054696  -0.00055736  -0.00056348  -0.00056576  -0.00056464  -0.00056049 
 -0.00000003  -0.01427621  -0.05587272  -0.12120451  -0.20467140  -0.29922428  -0.39713759  -0.49091473  -0.57418834  -0.64243471  -0.69333768  -0.72672696  -0.74414601  -0.74821101  -0.74195553  -0.72830974  -0.70977912  -0.68831199  -0.66530338  -0.64167523  -0.61798456  -0.59452958  -0.57143901  -0.54874017  -0.52640715  -0.50439275  -0.48264802  -0.46113316  -0.43982263  -0.41870648  -0.39778957  -0.37708955  -0.35663433  -0.33645941  -0.31660542  -0.29711579  -0.27803481  -0.25940604  -0.24127097  -0.22366804  -0.20663186  -0.19019272  -0.17437626  -0.15920330  -0.14468982  -0.13084706  -0.11768166  -0.10519593  -0.09338814  -0.08225281  -0.07178107  -0.06196107  -0.05277825  -0.04421579  -0.03625490  -0.02887520  -0.02205499  -0.01577162  -0.01000169  -0.00472135   0.00009345   0.00446682   0.00842269   0.01198469   0.01517596   0.01801911   0.02053608   0.02274805   0.02467543   0.02633779   0.02775381   0.02894133   0.02991726   0.03069766   0.03129772   0.03173177   0.03201332   0.03215510   0.03216906   0.03206645   0.03185780   0.03155303   0.03116141   0.03069164   0.03015188   0.02954979   0.02889254   0.02818685   0.02743904   0.02665501   0.02584033   0.02500018   0.02413944   0.02326267   0.02237415   0.02147786   0.02057752   0.01967662   0.01877838   0.01788577   0.01700158   0.01612834   0.01526839   0.01442384   0.01359663   0.01278848   0.01200095   0.01123539   0.01049300   0.00977479   0.00908162   0.00841418   0.00777304   0.00715858   0.00657110   0.00601071   0.00547746   0.00497124   0.00449185   0.00403901   0.00361231   0.00321130   0.00283543   0.00248408   0.00215658   0.00185222   0.00157022   0.00130978   0.00107005   0.00085018   0.00064929   0.00046648   0.00030085   0.00015150   0.00001753  -0.00010195  -0.00020783  -0.00030097  -0.00038222  -0.00045241  -0.00051234  -0.00056280  -0.00060452  -0.00063825  -0.00066465  -0.00068441  -0.00069813  -0.00070643  -0.00070986  -0.00070895  -0.00070420 
 -0.00000003  -0.01398759  -0.05497186  -0.12007490  -0.20470048  -0.30285885  -0.40765316  -0.51192095  -0.60897597  -0.69333768  -0.76129650  -0.81117595  -0.84322927  -0.85922060  -0.86183309  -0.85407427  -0.83880845  -0.81847216  -0.79496093  -0.76963978  -0.74342212  -0.71687358  -0.69031294  -0.66389693  -0.63768481  -0.61168420  -0.58588125  -0.56025927  -0.53480896  -0.50953316  -0.48444805  -0.45958225  -0.43497483  -0.41067282  -0.38672857  -0.36319739  -0.34013531  -0.31759728  -0.29563564  -0.27429890  -0.25363092  -0.23367024  -0.21444969  -0.19599620  -0.17833076  -0.16146854  -0.14541906  -0.13018648  -0.11576996  -0.10216407  -0.08935916  -0.07734184  -0.06609539  -0.05560024  -0.04583437  -0.03677371  -0.02839256  -0.02066397  -0.01356003  -0.00705222  -0.00111168   0.00429051   0.00918315   0.01359468   0.01755305   0.02108555   0.02421868   0.02697812   0.02938856   0.03147375   0.03325636   0.03475805   0.03599940   0.03699994   0.03777818   0.03835157   0.03873661   0.03894883   0.03900284   0.03891239   0.03869038   0.03834894   0.03789944   0.03735256   0.03671832   0.03600612   0.03522479   0.03438259   0.03348731   0.03254623   0.03156620   0.03055363   0.02951454   0.02845458   0.02737903   0.02629283   0.02520059   0.02410662   0.02301493   0.02192923   0.02085295   0.01978926   0.01874107   0.01771103   0.01670154   0.01571478   0.01475267   0.01381693   0.01290907   0.01203036   0.01118190   0.01036458   0.00957911   0.00882601   0.00810566   0.00741827   0.00676387   0.00614240   0.00555363   0.00499722   0.00447273   0.00397959   0.00351717   0.00308474   0.00268148   0.00230652   0.00195895   0.00163779   0.00134202   0.00107060   0.00082247   0.00059652   0.00039168   0.00020683   0.00004089  -0.00010724  -0.00023863  -0.00035435  -0.00045542  -0.00054286  -0.00061766  -0.00068077  -0.00073310  -0.00077555  -0.00080896  -0.00083415  -0.00085187  -0.00086287  -0.00086784  -0.00086743  -0.00086224 
 -0.00000003  -0.01347888  -0.05315282  -0.11675961  -0.20062297  -0.29981849  -0.40844800  -0.52004502  -0.62810946  -0.72672696  -0.81117595  -0.87839103  -0.92716211  -0.95801515  -0.97281887  -0.97424330  -0.96522052  -0.94852276  -0.92650693  -0.90101509  -0.87338716  -0.84453602  -0.81504510  -0.78526310  -0.75538368  -0.72550619  -0.69567884  -0.66592722  -0.63627189  -0.60673804  -0.57736000  -0.54818236  -0.51925908  -0.49065160  -0.46242650  -0.43465301  -0.40740079  -0.38073786  -0.35472898  -0.32943429  -0.30490824  -0.28119894  -0.25834762  -0.23638847  -0.21534850  -0.19524772  -0.17609935  -0.15791015  -0.14068082  -0.12440648  -0.10907714  -0.09467827  -0.08119128  -0.06859404  -0.05686144  -0.04596583  -0.03587754  -0.02656528  -0.01799657  -0.01013811  -0.00295614   0.00358329   0.00951399   0.01486947   0.01968265   0.02398575   0.02781011   0.03118610   0.03414298   0.03670891   0.03891082   0.04077443   0.04232423   0.04358349   0.04457423   0.04531731   0.04583240   0.04613806   0.04625179   0.04619002   0.04596823   0.04560096   0.04510185   0.04448375   0.04375870   0.04293801   0.04203231   0.04105158   0.04000520   0.03890197   0.03775016   0.03655754   0.03533139   0.03407856   0.03280545   0.03151805   0.03022197   0.02892246   0.02762437   0.02633223   0.02505024   0.02378225   0.02253182   0.02130220   0.02009632   0.01891686   0.01776619   0.01664644   0.01555944   0.01450680   0.01348988   0.01250979   0.01156744   0.01066351   0.00979848   0.00897263   0.00818608   0.00743875   0.00673043   0.00606073   0.00542916   0.00483507   0.00427772   0.00375625   0.00326973   0.00281712   0.00239735   0.00200926   0.00165165   0.00132328   0.00102288   0.00074917   0.00050083   0.00027656   0.00007505  -0.00010500  -0.00026488  -0.00040584  -0.00052915  -0.00063599  -0.00072757  -0.00080501  -0.00086942  -0.00092187  -0.00096337  -0.00099490  -0.00101738  -0.00103170  -0.00103869  -0.00103912  -0.00103375 
 -0.00000003  -0.01285588  -0.05083341  -0.11217142  -0.19397049  -0.29226536  -0.40216120  -0.51806167  -0.63401053  -0.74414601  -0.84322927  -0.92716211  -0.99337852  -1.04100343  -1.07073084  -1.08446006  -1.08480185  -1.07458835  -1.05648996  -1.03278333  -1.00526135  -0.97524548  -0.94365551  -0.91110008  -0.87796477  -0.84448634  -0.81080958  -0.77702780  -0.74320963  -0.70941570  -0.67570775  -0.64215301  -0.60882525  -0.57580408  -0.54317319  -0.51101821  -0.47942450  -0.44847505  -0.41824878  -0.38881899  -0.36025226  -0.33260766  -0.30593616  -0.28028039  -0.25567454  -0.23214451  -0.20970817  -0.18837571  -0.16815015  -0.14902784  -0.13099905  -0.11404859  -0.09815640  -0.08329818  -0.06944599  -0.05656881  -0.04463313  -0.03360345  -0.02344275  -0.01411297  -0.00557539   0.00220899   0.00927915   0.01567372   0.02143078   0.02658762   0.03118059   0.03524493   0.03881469   0.04192260   0.04460008   0.04687711   0.04878230   0.05034284   0.05158452   0.05253175   0.05320761   0.05363389   0.05383113   0.05381868   0.05361474   0.05323646   0.05269993   0.05202030   0.05121183   0.05028788   0.04926104   0.04814315   0.04694532   0.04567801   0.04435105   0.04297368   0.04155457   0.04010187   0.03862322   0.03712579   0.03561626   0.03410091   0.03258556   0.03107563   0.02957616   0.02809177   0.02662676   0.02518501   0.02377009   0.02238521   0.02103326   0.01971681   0.01843810   0.01719909   0.01600145   0.01484657   0.01373556   0.01266929   0.01164838   0.01067322   0.00974399   0.00886067   0.00802303   0.00723067   0.00648303   0.00577942   0.00511897   0.00450071   0.00392358   0.00338638   0.00288786   0.00242669   0.00200148   0.00161078   0.00125311   0.00092697   0.00063083   0.00036316   0.00012243  -0.00009288  -0.00028429  -0.00045328  -0.00060131  -0.00072981  -0.00084016  -0.00093372  -0.00101178  -0.00107559  -0.00112637  -0.00116526  -0.00119335  -0.00121169  -0.00122127  -0.00122300  -0.00121778 
 -0.00000003  -0.01219251  -0.04831250  -0.10698867  -0.18594302  -0.28201403  -0.39121263  -0.50883426  -0.62965216  -0.74821101  -0.85922060  -0.95801515  -1.04100343  -1.10600724  -1.15239316  -1.18095442  -1.19357686  -1.19278841  -1.18131228  -1.16171688  -1.13620304  -1.10652060  -1.07397901  -1.03951092  -1.00375537  -0.96713916  -0.92994573  -0.89236812  -0.85454682  -0.81659499  -0.77861419  -0.74070311  -0.70296177  -0.66549267  -0.62840030  -0.59178955  -0.55576388  -0.52042336  -0.48586289  -0.45217067  -0.41942700  -0.38770341  -0.35706200  -0.32755518  -0.29922557  -0.27210611  -0.24622039  -0.22158303  -0.19820025  -0.17607044  -0.15518486  -0.13552829  -0.11707978  -0.09981331  -0.08369853  -0.06870141  -0.05478488  -0.04190942  -0.03003368  -0.01911492  -0.00910956   0.00002644   0.00833718   0.01586649   0.02265763   0.02875308   0.03419425   0.03902142   0.04327350   0.04698800   0.05020091   0.05294668   0.05525818   0.05716669   0.05870193   0.05989206   0.06076373   0.06134211   0.06165098   0.06171275   0.06154854   0.06117823   0.06062055   0.05989312   0.05901252   0.05799436   0.05685332   0.05560322   0.05425707   0.05282710   0.05132484   0.04976111   0.04814610   0.04648938   0.04479995   0.04308623   0.04135611   0.03961699   0.03787574   0.03613877   0.03441204   0.03270105   0.03101085   0.02934610   0.02771103   0.02610946   0.02454486   0.02302028   0.02153845   0.02010171   0.01871209   0.01737128   0.01608066   0.01484130   0.01365400   0.01251929   0.01143743   0.01040846   0.00943217   0.00850815   0.00763582   0.00681439   0.00604292   0.00532032   0.00464539   0.00401679   0.00343309   0.00289277   0.00239423   0.00193584   0.00151589   0.00113265   0.00078437   0.00046928   0.00018562  -0.00006837  -0.00029443  -0.00049430  -0.00066965  -0.00082214  -0.00095338  -0.00106493  -0.00115831  -0.00123498  -0.00129632  -0.00134368  -0.00137835  -0.00140152  -0.00141435  -0.00141793  -0.00141328 
 -0.00000003  -0.01153546  -0.04578356  -0.10166768  -0.17738936  -0.27042883  -0.37755981  -0.49489424  -0.61797739  -0.74195553  -0.86183309  -0.97281887  -1.07073084  -1.15239316  -1.21593366  -1.26089660  -1.28813123  -1.29948585  -1.29739618  -1.28447650  -1.26319812  -1.23569252  -1.20367278  -1.16844161  -1.13094858  -1.09186604  -1.05166404  -1.01067389  -0.96913747  -0.92724252  -0.88514638  -0.84299080  -0.80091038  -0.75903665  -0.71749939  -0.67642627  -0.63594167  -0.59616506  -0.55720938  -0.51917957  -0.48217136  -0.44627029  -0.41155113  -0.37807748  -0.34590171  -0.31506510  -0.28559813  -0.25752096  -0.23084402  -0.20556871  -0.18168811  -0.15918777  -0.13804654  -0.11823731  -0.09972787  -0.08248164  -0.06645840  -0.05161499  -0.03790597  -0.02528421  -0.01370142  -0.00310868   0.00654314   0.01530299   0.02321930   0.03033969   0.03671072   0.04237769   0.04738448   0.05177341   0.05558520   0.05885882   0.06163155   0.06393888   0.06581459   0.06729071   0.06839761   0.06916401   0.06961705   0.06978235   0.06968410   0.06934507   0.06878675   0.06802938   0.06709203   0.06599266   0.06474821   0.06337460   0.06188688   0.06029917   0.05862482   0.05687638   0.05506565   0.05320376   0.05130115   0.04936763   0.04741238   0.04544402   0.04347059   0.04149956   0.03953791   0.03759207   0.03566798   0.03377110   0.03190641   0.03007843   0.02829123   0.02654845   0.02485332   0.02320864   0.02161683   0.02007993   0.01859963   0.01717725   0.01581379   0.01450995   0.01326610   0.01208235   0.01095855   0.00989431   0.00888899   0.00794177   0.00705163   0.00621737   0.00543765   0.00471098   0.00403576   0.00341029   0.00283278   0.00230137   0.00181413   0.00136911   0.00096432   0.00059775   0.00026739  -0.00002876  -0.00029270  -0.00052638  -0.00073174  -0.00091066  -0.00106501  -0.00119655  -0.00130704  -0.00139814  -0.00147145  -0.00152852  -0.00157082  -0.00159974  -0.00161661  -0.00162268  -0.00161913 
 -0.00000002  -0.01091088  -0.04335846  -0.09648509  -0.16885410  -0.25844221  -0.36263638  -0.47824437  -0.60153267  -0.72830974  -0.85407427  -0.97424330  -1.08446006  -1.18095442  -1.26089660  -1.32266192  -1.36592953  -1.39157872  -1.40140878  -1.39776220  -1.38314922  -1.35995107  -1.33023670  -1.29568791  -1.25760439  -1.21695478  -1.17444567  -1.13059023  -1.08576693  -1.04026523  -0.99431855  -0.94812654  -0.90186914  -0.85571472  -0.80982410  -0.76435203  -0.71944713  -0.67525098  -0.63189684  -0.58950840  -0.54819858  -0.50806868  -0.46920766  -0.43169186  -0.39558485  -0.36093756  -0.32778867  -0.29616512  -0.26608271  -0.23754688  -0.21055356  -0.18508996  -0.16113557  -0.13866297  -0.11763876  -0.09802442  -0.07977713  -0.06285056  -0.04719561  -0.03276110  -0.01949436  -0.00734182   0.00375046   0.01383641   0.02296947   0.03120234   0.03858664   0.04517268   0.05100929   0.05614365   0.06062120   0.06448552   0.06777834   0.07053946   0.07280680   0.07461638   0.07600238   0.07699718   0.07763141   0.07793404   0.07793241   0.07765236   0.07711825   0.07635308   0.07537852   0.07421504   0.07288192   0.07139738   0.06977856   0.06804166   0.06620194   0.06427379   0.06227077   0.06020565   0.05809045   0.05593645   0.05375425   0.05155378   0.04934433   0.04713455   0.04493251   0.04274568   0.04058095   0.03844466   0.03634263   0.03428012   0.03226190   0.03029225   0.02837495   0.02651332   0.02471023   0.02296813   0.02128903   0.01967456   0.01812595   0.01664410   0.01522953   0.01388246   0.01260281   0.01139021   0.01024402   0.00916339   0.00814721   0.00719420   0.00630289   0.00547165   0.00469872   0.00398221   0.00332013   0.00271040   0.00215089   0.00163940   0.00117370   0.00075154   0.00037065   0.00002878  -0.00027631  -0.00054685  -0.00078500  -0.00099292  -0.00117269  -0.00132633  -0.00145582  -0.00156306  -0.00164986  -0.00171799  -0.00176910  -0.00180480  -0.00182659  -0.00183590  -0.00183408 
 -0.00000002  -0.01033072  -0.04109156  -0.09158639  -0.16064833  -0.24663101  -0.34739999  -0.46032883  -0.58230810  -0.70977912  -0.83880845  -0.96522052  -1.08480185  -1.19357686  -1.28813123  -1.36592953  -1.42555294  -1.46678711  -1.49052645  -1.49851747  -1.49301291  -1.47642597  -1.45105535  -1.41891370  -1.38165575  -1.34058034  -1.29667560  -1.25068149  -1.20315257  -1.15451210  -1.10509444  -1.05517579  -1.00499515  -0.95476768  -0.90469249  -0.85495681  -0.80573754  -0.75720151  -0.70950492  -0.66279235  -0.61719593  -0.57283445  -0.52981277  -0.48822152  -0.44813697  -0.40962121  -0.37272249  -0.33747583  -0.30390366  -0.27201670  -0.24181478  -0.21328789  -0.18641709  -0.16117553  -0.13752947  -0.11543919  -0.09485995  -0.07574286  -0.05803571  -0.04168373  -0.02663029  -0.01281756  -0.00018708   0.01131976   0.02176123   0.03119490   0.03967731   0.04726369   0.05400773   0.05996141   0.06517487   0.06969630   0.07357189   0.07684579   0.07956011   0.08175492   0.08346829   0.08473633   0.08559326   0.08607149   0.08620166   0.08601272   0.08553206   0.08478552   0.08379754   0.08259118   0.08118822   0.07960923   0.07787364   0.07599980   0.07400501   0.07190563   0.06971707   0.06745387   0.06512973   0.06275752   0.06034934   0.05791657   0.05546981   0.05301902   0.05057342   0.04814162   0.04573154   0.04335050   0.04100520   0.03870176   0.03644569   0.03424197   0.03209501   0.03000870   0.02798643   0.02603108   0.02414506   0.02233033   0.02058842   0.01892043   0.01732710   0.01580878   0.01436547   0.01299686   0.01170234   0.01048102   0.00933175   0.00825318   0.00724371   0.00630159   0.00542489   0.00461155   0.00385939   0.00316611   0.00252936   0.00194671   0.00141568   0.00093377   0.00049847   0.00010726  -0.00024237  -0.00055288  -0.00082672  -0.00106629  -0.00127392  -0.00145189  -0.00160240  -0.00172761  -0.00182954  -0.00191019  -0.00197142  -0.00201505  -0.00204276  -0.00205618  -0.00205683 
 -0.00000002  -0.00979791  -0.03899988  -0.08702909  -0.15291932  -0.23530808  -0.33242820  -0.44210010  -0.56172867  -0.68831199  -0.81847216  -0.94852276  -1.07458835  -1.19278841  -1.29948585  -1.39157872  -1.46678711  -1.52386815  -1.56269516  -1.58416961  -1.58998562  -1.58231183  -1.56347195  -1.53568916  -1.50092504  -1.46081010  -1.41664303  -1.36943041  -1.31994329  -1.26877450  -1.21638856  -1.16316094  -1.10940680  -1.05540067  -1.00138921  -0.94759880  -0.89423966  -0.84150767  -0.78958491  -0.73863938  -0.68882450  -0.64027846  -0.59312378  -0.54746703  -0.50339879  -0.46099379  -0.42031137  -0.38139602  -0.34427820  -0.30897515  -0.27549190  -0.24382234  -0.21395021  -0.18585030  -0.15948942  -0.13482757  -0.11181890  -0.09041268  -0.07055426  -0.05218589  -0.03524754  -0.01967758  -0.00541345   0.00760777   0.01944884   0.03017196   0.03983835   0.04850795   0.05623916   0.06308865   0.06911117   0.07435946   0.07888413   0.08273367   0.08595436   0.08859035   0.09068365   0.09227415   0.09339973   0.09409629   0.09439785   0.09433660   0.09394301   0.09324590   0.09227254   0.09104872   0.08959881   0.08794587   0.08611171   0.08411693   0.08198103   0.07972242   0.07735847   0.07490562   0.07237933   0.06979418   0.06716390   0.06450137   0.06181865   0.05912705   0.05643710   0.05375858   0.05110056   0.04847142   0.04587882   0.04332979   0.04083069   0.03838725   0.03600458   0.03368720   0.03143907   0.02926357   0.02716355   0.02514136   0.02319886   0.02133742   0.01955800   0.01786112   0.01624692   0.01471517   0.01326530   0.01189642   0.01060737   0.00939670   0.00826275   0.00720362   0.00621727   0.00530143   0.00445376   0.00367175   0.00295283   0.00229433   0.00169353   0.00114770   0.00065404   0.00020979  -0.00018782  -0.00054153  -0.00085405  -0.00112803  -0.00136607  -0.00157071  -0.00174439  -0.00188951  -0.00200835  -0.00210311  -0.00217589  -0.00222871  -0.00226348  -0.00228199  -0.00228597 
 -0.00000002  -0.00931013  -0.03707819  -0.08281628  -0.14570840  -0.22460606  -0.31802241  -0.42412527  -0.54073114  -0.66530338  -0.79496093  -0.92650693  -1.05648996  -1.18131228  -1.29739618  -1.40140878  -1.49052645  -1.56269516  -1.61682599  -1.65286714  -1.67172302  -1.67503789  -1.66490249  -1.64355818  -1.61315877  -1.57561869  -1.53254583  -1.48523814  -1.43471846  -1.38178549  -1.32706630  -1.27106222  -1.21418530  -1.15678512  -1.09916743  -1.04160628  -0.98435138  -0.92763234  -0.87166068  -0.81663063  -0.76271925  -0.71008619  -0.65887348  -0.60920537  -0.56118838  -0.51491150  -0.47044667  -0.42784938  -0.38715953  -0.34840231  -0.31158930  -0.27671952  -0.24378068  -0.21275028  -0.18359683  -0.15628103  -0.13075683  -0.10697257  -0.08487193  -0.06439493  -0.04547877  -0.02805861  -0.01206836   0.00255877   0.01588961   0.02799059   0.03892731   0.04876416   0.05756402   0.06538804   0.07229544   0.07834336   0.08358677   0.08807839   0.09186869   0.09500583   0.09753576   0.09950219   0.10094667   0.10190865   0.10242557   0.10253293   0.10226438   0.10165178   0.10072533   0.09951364   0.09804377   0.09634137   0.09443074   0.09233485   0.09007546   0.08767317   0.08514743   0.08251666   0.07979821   0.07700847   0.07416288   0.07127595   0.06836129   0.06543166   0.06249897   0.05957429   0.05666793   0.05378938   0.05094738   0.04814994   0.04540432   0.04271709   0.04009415   0.03754069   0.03506130   0.03265994   0.03033994   0.02810409   0.02595462   0.02389324   0.02192116   0.02003912   0.01824741   0.01654593   0.01493417   0.01341128   0.01197609   0.01062712   0.00936261   0.00818059   0.00707885   0.00605501   0.00510650   0.00423065   0.00342466   0.00268565   0.00201065   0.00139667   0.00084067   0.00033963  -0.00010950  -0.00050972  -0.00086400  -0.00117527  -0.00144639  -0.00168016  -0.00187928  -0.00204640  -0.00218403  -0.00229463  -0.00238052  -0.00244393  -0.00248699  -0.00251171  -0.00251998 
