# coconut-me2b/v0.99.21 
# 
# momentum space matrix elements 
# partial wave J=2, L=2/2, S=0, T=1, MT=-1 
# 
# momentum grid [fm^-1]
0.000000 0.066667 0.133333 0.200000 0.266667 0.333333 0.400000 0.466667 0.533333 0.600000 0.666667 0.733333 0.800000 0.866667 0.933333 1.000000 1.066667 1.133333 1.200000 1.266667 1.333333 1.400000 1.466667 1.533333 1.600000 1.666667 1.733333 1.800000 1.866667 1.933333 2.000000 2.066667 2.133333 2.200000 2.266667 2.333333 2.400000 2.466667 2.533333 2.600000 2.666667 2.733333 2.800000 2.866667 2.933333 3.000000 3.066667 3.133333 3.200000 3.266667 3.333333 3.400000 3.466667 3.533333 3.600000 3.666667 3.733333 3.800000 3.866667 3.933333 4.000000 4.066667 4.133333 4.200000 4.266667 4.333333 4.400000 4.466667 4.533333 4.600000 4.666667 4.733333 4.800000 4.866667 4.933333 5.000000 5.066667 5.133333 5.200000 5.266667 5.333333 5.400000 5.466667 5.533333 5.600000 5.666667 5.733333 5.800000 5.866667 5.933333 6.000000 6.066667 6.133333 6.200000 6.266667 6.333333 6.400000 6.466667 6.533333 6.600000 6.666667 6.733333 6.800000 6.866667 6.933333 7.000000 7.066667 7.133333 7.200000 7.266667 7.333333 7.400000 7.466667 7.533333 7.600000 7.666667 7.733333 7.800000 7.866667 7.933333 8.000000 8.066667 8.133333 8.200000 8.266667 8.333333 8.400000 8.466667 8.533333 8.600000 8.666667 8.733333 8.800000 8.866667 8.933333 9.000000 9.066667 9.133333 9.200000 9.266667 9.333333 9.400000 9.466667 9.533333 9.600000 9.666667 9.733333 9.800000 9.866667 9.933333 10.000000 
#
# matrix elements [MeV fm^3] 
  0.00000000  -0.00000000  -0.00000000  -0.00000000  -0.00000000  -0.00000000  -0.00000000  -0.00000000  -0.00000000  -0.00000000  -0.00000000  -0.00000000  -0.00000000  -0.00000000  -0.00000000  -0.00000000  -0.00000000  -0.00000000  -0.00000000  -0.00000000  -0.00000000  -0.00000000   0.00000000   0.00000000  -0.00000000   0.00000000  -0.00000000   0.00000000  -0.00000000   0.00000000   0.00000000   0.00000000   0.00000000   0.00000000   0.00000000  -0.00000000  -0.00000000  -0.00000000   0.00000000   0.00000000   0.00000000   0.00000000  -0.00000000   0.00000000  -0.00000000  -0.00000000   0.00000000   0.00000000   0.00000000   0.00000000   0.00000000   0.00000000  -0.00000000   0.00000000  -0.00000000   0.00000000   0.00000000  -0.00000000  -0.00000000  -0.00000000   0.00000000   0.00000000   0.00000000  -0.00000000  -0.00000000  -0.00000000   0.00000000   0.00000000   0.00000000   0.00000000  -0.00000000   0.00000000   0.00000000   0.00000000   0.00000000  -0.00000000   0.00000000   0.00000000   0.00000000   0.00000000   0.00000000   0.00000000  -0.00000000   0.00000000   0.00000000   0.00000000   0.00000000   0.00000000   0.00000000   0.00000000   0.00000000  -0.00000000   0.00000000   0.00000000   0.00000000   0.00000000  -0.00000000   0.00000000   0.00000000   0.00000000   0.00000000   0.00000000   0.00000000   0.00000000   0.00000000  -0.00000000   0.00000000   0.00000000   0.00000000   0.00000000   0.00000000   0.00000000   0.00000000   0.00000000   0.00000000  -0.00000000   0.00000000   0.00000000  -0.00000000   0.00000000   0.00000000   0.00000000   0.00000000   0.00000000  -0.00000000   0.00000000  -0.00000000   0.00000000  -0.00000000  -0.00000000   0.00000000   0.00000000  -0.00000000   0.00000000  -0.00000000   0.00000000  -0.00000000  -0.00000000   0.00000000   0.00000000   0.00000000  -0.00000000  -0.00000000   0.00000000   0.00000000  -0.00000000   0.00000000  -0.00000000   0.00000000   0.00000000   0.00000000 
 -0.00000000  -0.00090095  -0.00333030  -0.00660218  -0.00992593  -0.01268938  -0.01458613  -0.01558758  -0.01583770  -0.01554612  -0.01491599  -0.01410969  -0.01324106  -0.01238124  -0.01156915  -0.01082185  -0.01014292  -0.00952849  -0.00897118  -0.00846258  -0.00799454  -0.00755983  -0.00715221  -0.00676634  -0.00639742  -0.00604080  -0.00569164  -0.00534450  -0.00499317  -0.00463060  -0.00424903  -0.00384038  -0.00339695  -0.00291234  -0.00238254  -0.00180715  -0.00119057  -0.00054281   0.00012014   0.00077672   0.00140109   0.00196528   0.00244214   0.00280858   0.00304869   0.00315607   0.00313496   0.00299971   0.00277277   0.00248154   0.00215461   0.00181836   0.00149431   0.00119783   0.00093802   0.00071850   0.00053881   0.00039578   0.00028480   0.00020075   0.00013856   0.00009359   0.00006183   0.00003993   0.00002518   0.00001551   0.00000931   0.00000545   0.00000311   0.00000172   0.00000093   0.00000049   0.00000025   0.00000012   0.00000006   0.00000003   0.00000001   0.00000001   0.00000000   0.00000000   0.00000000   0.00000000   0.00000000   0.00000000   0.00000000   0.00000000   0.00000000   0.00000000   0.00000000   0.00000000   0.00000000   0.00000000   0.00000000   0.00000000   0.00000000   0.00000000   0.00000000   0.00000000   0.00000000   0.00000000   0.00000000   0.00000000   0.00000000   0.00000000   0.00000000   0.00000000   0.00000000   0.00000000   0.00000000   0.00000000   0.00000000   0.00000000   0.00000000   0.00000000   0.00000000   0.00000000   0.00000000   0.00000000   0.00000000   0.00000000   0.00000000   0.00000000   0.00000000   0.00000000   0.00000000   0.00000000   0.00000000   0.00000000   0.00000000   0.00000000   0.00000000   0.00000000   0.00000000   0.00000000   0.00000000   0.00000000   0.00000000   0.00000000   0.00000000   0.00000000   0.00000000   0.00000000   0.00000000   0.00000000   0.00000000   0.00000000   0.00000000   0.00000000   0.00000000   0.00000000   0.00000000 
 -0.00000000  -0.00333030  -0.01236635  -0.02468379  -0.03741644  -0.04825129  -0.05593432  -0.06023701  -0.06161476  -0.06082025  -0.05862105  -0.05565221  -0.05237200  -0.04907522  -0.04592933  -0.04301320  -0.04034964  -0.03792950  -0.03572789  -0.03371435  -0.03185850  -0.03013285  -0.02851347  -0.02697958  -0.02551242  -0.02409369  -0.02270412  -0.02132212  -0.01992290  -0.01847827  -0.01695720  -0.01532745  -0.01355822  -0.01162388  -0.00950840  -0.00721027  -0.00474704  -0.00215879   0.00049052   0.00311466   0.00561021   0.00786534   0.00977140   0.01123603   0.01219556   0.01262442   0.01253950   0.01199818   0.01109028   0.00992529   0.00861760   0.00727264   0.00597654   0.00479075   0.00375161   0.00287364   0.00215494   0.00158289   0.00113906   0.00080289   0.00055414   0.00037430   0.00024728   0.00015968   0.00010072   0.00006201   0.00003724   0.00002180   0.00001243   0.00000690   0.00000372   0.00000195   0.00000099   0.00000049   0.00000023   0.00000011   0.00000005   0.00000002   0.00000001   0.00000000   0.00000000   0.00000000   0.00000000   0.00000000   0.00000000   0.00000000   0.00000000   0.00000000   0.00000000   0.00000000   0.00000000   0.00000000   0.00000000   0.00000000   0.00000000   0.00000000   0.00000000   0.00000000   0.00000000   0.00000000   0.00000000   0.00000000   0.00000000   0.00000000   0.00000000   0.00000000   0.00000000   0.00000000   0.00000000   0.00000000   0.00000000   0.00000000   0.00000000   0.00000000   0.00000000   0.00000000   0.00000000   0.00000000   0.00000000   0.00000000   0.00000000   0.00000000   0.00000000   0.00000000   0.00000000   0.00000000   0.00000000   0.00000000   0.00000000   0.00000000   0.00000000   0.00000000   0.00000000   0.00000000   0.00000000   0.00000000   0.00000000   0.00000000   0.00000000   0.00000000   0.00000000   0.00000000   0.00000000   0.00000000   0.00000000   0.00000000   0.00000000   0.00000000   0.00000000   0.00000000   0.00000000 
 -0.00000000  -0.00660218  -0.02468379  -0.04978289  -0.07642113  -0.09989784  -0.11736616  -0.12797051  -0.13233295  -0.13183720  -0.12803368  -0.12228370  -0.11561746  -0.10872873  -0.10203376  -0.09574720  -0.08995099  -0.08464789  -0.07979889  -0.07534740  -0.07123339  -0.06740052  -0.06379870  -0.06038363  -0.05711462  -0.05395156  -0.05085170  -0.04776686  -0.04464150  -0.04141230  -0.03800957  -0.03436082  -0.03039682  -0.02605993  -0.02131415  -0.01615614  -0.01062543  -0.00481224   0.00113947   0.00703561   0.01264350   0.01771145   0.02199501   0.02528629   0.02744199   0.02840451   0.02821176   0.02699275   0.02494945   0.02232811   0.01938598   0.01636016   0.01344438   0.01077683   0.00843920   0.00646417   0.00484747   0.00356065   0.00256225   0.00180605   0.00124650   0.00084196   0.00055624   0.00035920   0.00022656   0.00013949   0.00008377   0.00004903   0.00002795   0.00001551   0.00000837   0.00000439   0.00000223   0.00000110   0.00000053   0.00000025   0.00000011   0.00000005   0.00000002   0.00000001   0.00000000   0.00000000   0.00000000   0.00000000   0.00000000   0.00000000   0.00000000   0.00000000   0.00000000   0.00000000   0.00000000   0.00000000   0.00000000   0.00000000   0.00000000   0.00000000   0.00000000   0.00000000   0.00000000   0.00000000   0.00000000   0.00000000   0.00000000   0.00000000   0.00000000   0.00000000   0.00000000   0.00000000   0.00000000   0.00000000   0.00000000   0.00000000   0.00000000   0.00000000   0.00000000   0.00000000   0.00000000   0.00000000   0.00000000   0.00000000   0.00000000   0.00000000   0.00000000   0.00000000   0.00000000   0.00000000   0.00000000   0.00000000   0.00000000   0.00000000   0.00000000   0.00000000   0.00000000   0.00000000   0.00000000   0.00000000   0.00000000   0.00000000   0.00000000   0.00000000   0.00000000   0.00000000   0.00000000   0.00000000   0.00000000   0.00000000   0.00000000   0.00000000   0.00000000   0.00000000   0.00000000 
 -0.00000000  -0.00992593  -0.03741644  -0.07642113  -0.11916646  -0.15847960  -0.18945189  -0.20998446  -0.22035933  -0.22232640  -0.21818955  -0.21016053  -0.20002942  -0.18907676  -0.17812303  -0.16763249  -0.15782205  -0.14875252  -0.14039605  -0.13268167  -0.12552327  -0.11883476  -0.11253649  -0.10655593  -0.10082477  -0.09527428  -0.08983008  -0.08440749  -0.07890839  -0.07322059  -0.06722038  -0.06077908  -0.05377376  -0.04610202  -0.03770002  -0.02856192  -0.01875816  -0.00844925   0.00210879   0.01257081   0.02252304   0.03151797   0.03912090   0.04496218   0.04878688   0.05049245   0.05014603   0.04797672   0.04434328   0.03968318   0.03445345   0.02907536   0.02389308   0.01915213   0.01499765   0.01148765   0.00861450   0.00632763   0.00455335   0.00320950   0.00221513   0.00149622   0.00098848   0.00063831   0.00040262   0.00024788   0.00014886   0.00008714   0.00004968   0.00002756   0.00001487   0.00000780   0.00000397   0.00000196   0.00000094   0.00000044   0.00000020   0.00000008   0.00000004   0.00000001   0.00000001   0.00000000   0.00000000   0.00000000   0.00000000   0.00000000   0.00000000   0.00000000   0.00000000   0.00000000   0.00000000   0.00000000   0.00000000   0.00000000   0.00000000   0.00000000   0.00000000   0.00000000   0.00000000   0.00000000   0.00000000   0.00000000   0.00000000   0.00000000   0.00000000   0.00000000   0.00000000   0.00000000   0.00000000   0.00000000   0.00000000   0.00000000   0.00000000   0.00000000   0.00000000   0.00000000   0.00000000   0.00000000   0.00000000   0.00000000   0.00000000   0.00000000   0.00000000   0.00000000   0.00000000   0.00000000   0.00000000   0.00000000   0.00000000   0.00000000   0.00000000   0.00000000   0.00000000   0.00000000   0.00000000   0.00000000   0.00000000   0.00000000   0.00000000   0.00000000   0.00000000   0.00000000   0.00000000   0.00000000   0.00000000   0.00000000   0.00000000   0.00000000   0.00000000   0.00000000   0.00000000 
 -0.00000000  -0.01268938  -0.04825129  -0.09989784  -0.15847960  -0.21488740  -0.26209097  -0.29620389  -0.31644580  -0.32432347  -0.32254248  -0.31406783  -0.30152549  -0.28694032  -0.27170901  -0.25669582  -0.24236845  -0.22892749  -0.21641011  -0.20476422  -0.19389676  -0.18370184  -0.17407432  -0.16491369  -0.15612160  -0.14759600  -0.13922406  -0.13087552  -0.12239836  -0.11361800  -0.10434162  -0.09436847  -0.08350669  -0.07159656  -0.05853854  -0.04432374  -0.02906248  -0.01300581   0.00344602   0.01975346   0.03526982   0.04929569   0.06115163   0.07025983   0.07622167   0.07887652   0.07832881   0.07493594   0.06925787   0.06197749   0.05380834   0.04540811   0.03731414   0.02990973   0.02342142   0.01793977   0.01345276   0.00988142   0.00711060   0.00501198   0.00345915   0.00233649   0.00154360   0.00099677   0.00062872   0.00038709   0.00023246   0.00013607   0.00007757   0.00004304   0.00002322   0.00001218   0.00000620   0.00000306   0.00000147   0.00000068   0.00000031   0.00000013   0.00000006   0.00000002   0.00000001   0.00000000   0.00000000   0.00000000   0.00000000   0.00000000   0.00000000   0.00000000   0.00000000   0.00000000   0.00000000   0.00000000   0.00000000   0.00000000   0.00000000   0.00000000   0.00000000   0.00000000   0.00000000   0.00000000   0.00000000   0.00000000   0.00000000   0.00000000   0.00000000   0.00000000   0.00000000   0.00000000   0.00000000   0.00000000   0.00000000   0.00000000   0.00000000   0.00000000   0.00000000   0.00000000   0.00000000   0.00000000   0.00000000   0.00000000   0.00000000   0.00000000   0.00000000   0.00000000   0.00000000   0.00000000   0.00000000   0.00000000   0.00000000   0.00000000   0.00000000   0.00000000   0.00000000   0.00000000   0.00000000   0.00000000   0.00000000   0.00000000   0.00000000   0.00000000   0.00000000   0.00000000   0.00000000   0.00000000   0.00000000   0.00000000   0.00000000   0.00000000   0.00000000   0.00000000   0.00000000 
 -0.00000000  -0.01458613  -0.05593432  -0.11736616  -0.18945189  -0.26209097  -0.32657543  -0.37705384  -0.41104475  -0.42902654  -0.43345460  -0.42766233  -0.41498642  -0.39824950  -0.37956627  -0.36036430  -0.34150970  -0.32346035  -0.30640435  -0.29036773  -0.27528927  -0.26106738  -0.24758550  -0.23472215  -0.22235103  -0.21033505  -0.19851795  -0.18671601  -0.17471259  -0.16225770  -0.14907451  -0.13487446  -0.11938170  -0.10236659  -0.08368620  -0.06332812  -0.04145167  -0.01841877   0.00519376   0.02860862   0.05089418   0.07104294   0.08807610   0.10116115   0.10972349   0.11353110   0.11273343   0.10784415   0.09966843   0.08918853   0.07743084   0.06534149   0.05369348   0.04303820   0.03370148   0.02581353   0.01935696   0.01421807   0.01023114   0.00721147   0.00497715   0.00336181   0.00222096   0.00143417   0.00090461   0.00055694   0.00033446   0.00019577   0.00011161   0.00006193   0.00003341   0.00001752   0.00000892   0.00000441   0.00000211   0.00000098   0.00000044   0.00000019   0.00000008   0.00000003   0.00000001   0.00000000   0.00000000   0.00000000   0.00000000   0.00000000   0.00000000   0.00000000   0.00000000   0.00000000   0.00000000   0.00000000   0.00000000   0.00000000   0.00000000   0.00000000   0.00000000   0.00000000   0.00000000   0.00000000   0.00000000   0.00000000   0.00000000   0.00000000   0.00000000   0.00000000   0.00000000   0.00000000   0.00000000   0.00000000   0.00000000   0.00000000   0.00000000   0.00000000   0.00000000   0.00000000   0.00000000   0.00000000   0.00000000   0.00000000   0.00000000   0.00000000   0.00000000   0.00000000   0.00000000   0.00000000   0.00000000   0.00000000   0.00000000   0.00000000   0.00000000   0.00000000   0.00000000   0.00000000   0.00000000   0.00000000   0.00000000   0.00000000   0.00000000   0.00000000   0.00000000   0.00000000   0.00000000   0.00000000   0.00000000   0.00000000   0.00000000   0.00000000   0.00000000   0.00000000   0.00000000 
 -0.00000000  -0.01558758  -0.06023701  -0.12797051  -0.20998446  -0.29620389  -0.37705384  -0.44503685  -0.49571280  -0.52786047  -0.54289633  -0.54387383  -0.53445334  -0.51812037  -0.49774783  -0.47545594  -0.45266360  -0.43022871  -0.40860641  -0.38798776  -0.36840484  -0.34980183  -0.33207725  -0.31510453  -0.29873745  -0.28280613  -0.26710842  -0.25140079  -0.23539232  -0.21874506  -0.20108358  -0.18201599  -0.16116745  -0.13822597  -0.11299757  -0.08546600  -0.05584878  -0.02463921   0.00737691   0.03914092   0.06938414   0.09673458   0.11985932   0.13762435   0.14924659   0.15440892   0.15331327   0.14665703   0.13553424   0.12127995   0.10528940   0.08884883   0.07300909   0.05851978   0.04582382   0.03509812   0.02631893   0.01933156   0.01391060   0.00980486   0.00676698   0.00457072   0.00301960   0.00194988   0.00122988   0.00075721   0.00045473   0.00026617   0.00015174   0.00008419   0.00004543   0.00002382   0.00001213   0.00000599   0.00000287   0.00000133   0.00000060   0.00000026   0.00000011   0.00000004   0.00000002   0.00000001   0.00000000   0.00000000   0.00000000   0.00000000   0.00000000   0.00000000   0.00000000   0.00000000   0.00000000   0.00000000   0.00000000   0.00000000   0.00000000   0.00000000   0.00000000   0.00000000   0.00000000   0.00000000   0.00000000   0.00000000   0.00000000   0.00000000   0.00000000   0.00000000   0.00000000   0.00000000   0.00000000   0.00000000   0.00000000   0.00000000   0.00000000   0.00000000   0.00000000   0.00000000   0.00000000   0.00000000   0.00000000   0.00000000   0.00000000   0.00000000   0.00000000   0.00000000   0.00000000   0.00000000   0.00000000   0.00000000   0.00000000   0.00000000   0.00000000   0.00000000   0.00000000   0.00000000   0.00000000   0.00000000   0.00000000   0.00000000   0.00000000   0.00000000   0.00000000   0.00000000   0.00000000   0.00000000   0.00000000   0.00000000   0.00000000   0.00000000   0.00000000   0.00000000   0.00000000 
 -0.00000000  -0.01583770  -0.06161476  -0.13233295  -0.22035933  -0.31644580  -0.41104475  -0.49571280  -0.56429613  -0.61359052  -0.64331578  -0.65548673  -0.65346451  -0.64102131  -0.62165025  -0.59819343  -0.57273909  -0.54668857  -0.52089917  -0.49583861  -0.47171719  -0.44858569  -0.42639926  -0.40505298  -0.38439636  -0.36423405  -0.34431898  -0.32434359  -0.30393427  -0.28265333  -0.26001258  -0.23550146  -0.20863132  -0.17899542  -0.14634123  -0.11064842  -0.07220203  -0.03164744   0.00998799   0.05132047   0.09069193   0.12630934   0.15643054   0.17957303   0.19471230   0.20143210   0.19999370   0.19130518   0.17679252   0.15819642   0.13733646   0.11589018   0.09522819   0.07632818   0.05976778   0.04577764   0.03432669   0.02521303   0.01814257   0.01278763   0.00882551   0.00596109   0.00393811   0.00254298   0.00160397   0.00098752   0.00059303   0.00034712   0.00019789   0.00010980   0.00005925   0.00003106   0.00001581   0.00000781   0.00000374   0.00000173   0.00000078   0.00000034   0.00000014   0.00000006   0.00000002   0.00000001   0.00000000   0.00000000   0.00000000   0.00000000   0.00000000   0.00000000   0.00000000   0.00000000   0.00000000   0.00000000   0.00000000   0.00000000   0.00000000   0.00000000   0.00000000   0.00000000   0.00000000   0.00000000   0.00000000   0.00000000   0.00000000   0.00000000   0.00000000   0.00000000   0.00000000   0.00000000   0.00000000   0.00000000   0.00000000   0.00000000   0.00000000   0.00000000   0.00000000   0.00000000   0.00000000   0.00000000   0.00000000   0.00000000   0.00000000   0.00000000   0.00000000   0.00000000   0.00000000   0.00000000   0.00000000   0.00000000   0.00000000   0.00000000   0.00000000   0.00000000   0.00000000   0.00000000   0.00000000   0.00000000   0.00000000   0.00000000   0.00000000   0.00000000   0.00000000   0.00000000   0.00000000   0.00000000   0.00000000   0.00000000   0.00000000   0.00000000   0.00000000   0.00000000   0.00000000 
 -0.00000000  -0.01554612  -0.06082025  -0.13183720  -0.22232640  -0.32432347  -0.42902654  -0.52786047  -0.61359052  -0.68123800  -0.72854629  -0.75586823  -0.76555071  -0.76106341  -0.74615893  -0.72426250  -0.69815047  -0.66987064  -0.64081340  -0.61184852  -0.58346937  -0.55591390  -0.52925194  -0.50343972  -0.47834753  -0.45376842  -0.42941568  -0.40491633  -0.37980736  -0.35354060  -0.32550150  -0.29504584  -0.26155643  -0.22451954  -0.18361664  -0.13882318  -0.09050125  -0.03946911   0.01297151   0.06506773   0.11471951   0.15965592   0.19767022   0.22688395   0.24599785   0.25448188   0.25266295   0.24168608   0.22335147   0.19985770   0.17350346   0.14640825   0.12030394   0.09642589   0.07550395   0.05782951   0.04336323   0.03184994   0.02291801   0.01615337   0.01114829   0.00752992   0.00497449   0.00321218   0.00202606   0.00124738   0.00074908   0.00043846   0.00024996   0.00013869   0.00007483   0.00003924   0.00001998   0.00000987   0.00000472   0.00000219   0.00000098   0.00000043   0.00000018   0.00000007   0.00000003   0.00000001   0.00000000   0.00000000   0.00000000   0.00000000   0.00000000   0.00000000   0.00000000   0.00000000   0.00000000   0.00000000   0.00000000   0.00000000   0.00000000   0.00000000   0.00000000   0.00000000   0.00000000   0.00000000   0.00000000   0.00000000   0.00000000   0.00000000   0.00000000   0.00000000   0.00000000   0.00000000   0.00000000   0.00000000   0.00000000   0.00000000   0.00000000   0.00000000   0.00000000   0.00000000   0.00000000   0.00000000   0.00000000   0.00000000   0.00000000   0.00000000   0.00000000   0.00000000   0.00000000   0.00000000   0.00000000   0.00000000   0.00000000   0.00000000   0.00000000   0.00000000   0.00000000   0.00000000   0.00000000   0.00000000   0.00000000   0.00000000   0.00000000   0.00000000   0.00000000   0.00000000   0.00000000   0.00000000   0.00000000   0.00000000   0.00000000   0.00000000   0.00000000   0.00000000   0.00000000 
 -0.00000000  -0.01491599  -0.05862105  -0.12803368  -0.21818955  -0.32254248  -0.43345460  -0.54289633  -0.64331578  -0.72854629  -0.79454249  -0.83973017  -0.86485997  -0.87243166  -0.86590416  -0.84894214  -0.82487164  -0.79639583  -0.76552749  -0.73365614  -0.70167266  -0.67009870  -0.63919327  -0.60902734  -0.57952788  -0.55049821  -0.52162277  -0.49246544  -0.46246944  -0.43096675  -0.39720366  -0.36038767  -0.31975861  -0.27468362  -0.22477081  -0.16999142  -0.11079422  -0.04819131   0.01620818   0.08023810   0.14130359   0.19659867   0.24339628   0.27937414   0.30292428   0.31338761   0.31116211   0.29765514   0.27508253   0.24615197   0.21369525   0.18032383   0.14817176   0.11876133   0.09299197   0.07122276   0.05340528   0.03922515   0.02822453   0.01989332   0.01372927   0.00927310   0.00612603   0.00395574   0.00249503   0.00153610   0.00092246   0.00053994   0.00030782   0.00017079   0.00009215   0.00004832   0.00002460   0.00001215   0.00000582   0.00000270   0.00000121   0.00000053   0.00000022   0.00000009   0.00000003   0.00000001   0.00000000   0.00000000   0.00000000   0.00000000   0.00000000   0.00000000   0.00000000   0.00000000   0.00000000   0.00000000   0.00000000   0.00000000   0.00000000   0.00000000   0.00000000   0.00000000   0.00000000   0.00000000   0.00000000   0.00000000   0.00000000   0.00000000   0.00000000   0.00000000   0.00000000   0.00000000   0.00000000   0.00000000   0.00000000   0.00000000   0.00000000   0.00000000   0.00000000   0.00000000   0.00000000   0.00000000   0.00000000   0.00000000   0.00000000   0.00000000   0.00000000   0.00000000   0.00000000   0.00000000   0.00000000   0.00000000   0.00000000   0.00000000   0.00000000   0.00000000   0.00000000   0.00000000   0.00000000   0.00000000   0.00000000   0.00000000   0.00000000   0.00000000   0.00000000   0.00000000   0.00000000   0.00000000   0.00000000   0.00000000   0.00000000   0.00000000   0.00000000   0.00000000   0.00000000 
 -0.00000000  -0.01410969  -0.05565221  -0.12228370  -0.21016053  -0.31406783  -0.42766233  -0.54387383  -0.65548673  -0.75586823  -0.83973017  -0.90374279  -0.94681306  -0.96993112  -0.97564233  -0.96733358  -0.94855447  -0.92252625  -0.89188397  -0.85861294  -0.82410582  -0.78927089  -0.75464365  -0.72047701  -0.68680251  -0.65346482  -0.62013717  -0.58632717  -0.55138297  -0.51450926  -0.47480144  -0.43130478  -0.38310197  -0.32942907  -0.26981362  -0.20422275  -0.13320166  -0.05797746   0.01950013   0.09660727   0.17020119   0.23688342   0.29335042   0.33678769   0.36524402   0.37791512   0.37527456   0.35901629   0.33181200   0.29692864   0.25778403   0.21753071   0.17874518   0.14326555   0.11217793   0.08591610   0.06442182   0.04731582   0.03404566   0.02399585   0.01656040   0.01118519   0.00738913   0.00477131   0.00300942   0.00185278   0.00111263   0.00065125   0.00037127   0.00020599   0.00011115   0.00005828   0.00002967   0.00001465   0.00000702   0.00000325   0.00000146   0.00000063   0.00000027   0.00000011   0.00000004   0.00000002   0.00000001   0.00000000   0.00000000   0.00000000   0.00000000   0.00000000   0.00000000   0.00000000   0.00000000   0.00000000   0.00000000   0.00000000   0.00000000   0.00000000   0.00000000   0.00000000   0.00000000   0.00000000   0.00000000   0.00000000   0.00000000   0.00000000   0.00000000   0.00000000   0.00000000   0.00000000   0.00000000   0.00000000   0.00000000   0.00000000   0.00000000   0.00000000   0.00000000   0.00000000   0.00000000   0.00000000   0.00000000   0.00000000   0.00000000   0.00000000   0.00000000   0.00000000   0.00000000   0.00000000   0.00000000   0.00000000   0.00000000   0.00000000   0.00000000   0.00000000   0.00000000   0.00000000   0.00000000   0.00000000   0.00000000   0.00000000   0.00000000   0.00000000   0.00000000   0.00000000   0.00000000   0.00000000   0.00000000   0.00000000   0.00000000   0.00000000   0.00000000   0.00000000   0.00000000 
 -0.00000000  -0.01324106  -0.05237200  -0.11561746  -0.20002942  -0.30152549  -0.41498642  -0.53445334  -0.65346451  -0.76555071  -0.86485997  -0.94681306  -1.00862977  -1.04956094  -1.07073964  -1.07470079  -1.06473511  -1.04427329  -1.01643722  -0.98379974  -0.94831883  -0.91138054  -0.87388798  -0.83635356  -0.79897256  -0.76167223  -0.72414005  -0.68584007  -0.64602798  -0.60377622  -0.55801923  -0.50762695  -0.45151134  -0.38876571  -0.31882999  -0.24166741  -0.15792954  -0.06907977   0.02255825   0.11385840   0.20107671   0.28016446   0.34718515   0.39878313   0.43262865   0.44775516   0.44471514   0.42551209   0.39331233   0.35199078   0.30560292   0.25789037   0.21191157   0.16984879   0.13299174   0.10185585   0.07637256   0.05609231   0.04036003   0.02844587   0.01963124   0.01325912   0.00875911   0.00565589   0.00356732   0.00219624   0.00131887   0.00077196   0.00044009   0.00024417   0.00013175   0.00006908   0.00003517   0.00001737   0.00000832   0.00000386   0.00000173   0.00000075   0.00000031   0.00000013   0.00000005   0.00000002   0.00000001   0.00000000   0.00000000   0.00000000   0.00000000   0.00000000   0.00000000   0.00000000   0.00000000   0.00000000   0.00000000   0.00000000   0.00000000   0.00000000   0.00000000   0.00000000   0.00000000   0.00000000   0.00000000   0.00000000   0.00000000   0.00000000   0.00000000   0.00000000   0.00000000   0.00000000   0.00000000   0.00000000   0.00000000   0.00000000   0.00000000   0.00000000   0.00000000   0.00000000   0.00000000   0.00000000   0.00000000   0.00000000   0.00000000   0.00000000   0.00000000   0.00000000   0.00000000   0.00000000   0.00000000   0.00000000   0.00000000   0.00000000   0.00000000   0.00000000   0.00000000   0.00000000   0.00000000   0.00000000   0.00000000   0.00000000   0.00000000   0.00000000   0.00000000   0.00000000   0.00000000   0.00000000   0.00000000   0.00000000   0.00000000   0.00000000   0.00000000   0.00000000   0.00000000 
 -0.00000000  -0.01238124  -0.04907522  -0.10872873  -0.18907676  -0.28694032  -0.39824950  -0.51812037  -0.64102131  -0.76106341  -0.87243166  -0.96993112  -1.04956094  -1.10897490  -1.14768112  -1.16690250  -1.16913980  -1.15758379  -1.13555153  -1.10607031  -1.07164793  -1.03419999  -0.99507569  -0.95512631  -0.91477829  -0.87409215  -0.83280371  -0.79035280  -0.74591021  -0.69841459  -0.64663146  -0.58924375  -0.52497986  -0.45277914  -0.37198719  -0.28256377  -0.18527682  -0.08184742   0.02499344   0.13157269   0.23349179   0.32599385   0.40445265   0.46492199   0.50465751   0.52251227   0.51911966   0.49681399   0.45929329   0.41108733   0.35693925   0.30122639   0.24752757   0.19839689   0.15534428   0.11897382   0.08920634   0.06551699   0.04714053   0.03322423   0.02292856   0.01548595   0.01023005   0.00660563   0.00416630   0.00256499   0.00154030   0.00090156   0.00051397   0.00028516   0.00015387   0.00008067   0.00004107   0.00002029   0.00000971   0.00000450   0.00000202   0.00000088   0.00000037   0.00000015   0.00000006   0.00000002   0.00000001   0.00000000   0.00000000   0.00000000   0.00000000   0.00000000   0.00000000   0.00000000   0.00000000   0.00000000   0.00000000   0.00000000   0.00000000   0.00000000   0.00000000   0.00000000   0.00000000   0.00000000   0.00000000   0.00000000   0.00000000   0.00000000   0.00000000   0.00000000   0.00000000   0.00000000   0.00000000   0.00000000   0.00000000   0.00000000   0.00000000   0.00000000   0.00000000   0.00000000   0.00000000   0.00000000   0.00000000   0.00000000   0.00000000   0.00000000   0.00000000   0.00000000   0.00000000   0.00000000   0.00000000   0.00000000   0.00000000   0.00000000   0.00000000   0.00000000   0.00000000   0.00000000   0.00000000   0.00000000   0.00000000   0.00000000   0.00000000   0.00000000   0.00000000   0.00000000   0.00000000   0.00000000   0.00000000   0.00000000   0.00000000   0.00000000   0.00000000   0.00000000   0.00000000 
 -0.00000000  -0.01156915  -0.04592933  -0.10203376  -0.17812303  -0.27170901  -0.37956627  -0.49774783  -0.62165025  -0.74615893  -0.86590416  -0.97564233  -1.07073964  -1.14768112  -1.20447881  -1.24084703  -1.25807251  -1.25861503  -1.24556839  -1.22213883  -1.19125349  -1.15533545  -1.11622073  -1.07516578  -1.03289603  -0.98966250  -0.94529132  -0.89922488  -0.85056239  -0.79811145  -0.74046366  -0.67610518  -0.60356927  -0.52163095  -0.42953516  -0.32723891  -0.21563671  -0.09672875   0.02631327   0.14922478   0.26689940   0.37381425   0.46459650   0.53465963   0.58080796   0.60169487   0.59803504   0.57251302   0.52939340   0.47390548   0.41152800   0.34731889   0.28541449   0.22876757   0.17912452   0.13718506   0.10285947   0.07554304   0.05435340   0.03830711   0.02643591   0.01785455   0.01179460   0.00761578   0.00480338   0.00295718   0.00177580   0.00103940   0.00059254   0.00032876   0.00017739   0.00009301   0.00004735   0.00002339   0.00001120   0.00000519   0.00000233   0.00000101   0.00000042   0.00000017   0.00000007   0.00000003   0.00000001   0.00000000   0.00000000   0.00000000   0.00000000   0.00000000   0.00000000   0.00000000   0.00000000   0.00000000   0.00000000   0.00000000   0.00000000   0.00000000   0.00000000   0.00000000   0.00000000   0.00000000   0.00000000   0.00000000   0.00000000   0.00000000   0.00000000   0.00000000   0.00000000   0.00000000   0.00000000   0.00000000   0.00000000   0.00000000   0.00000000   0.00000000   0.00000000   0.00000000   0.00000000   0.00000000   0.00000000   0.00000000   0.00000000   0.00000000   0.00000000   0.00000000   0.00000000   0.00000000   0.00000000   0.00000000   0.00000000   0.00000000   0.00000000   0.00000000   0.00000000   0.00000000   0.00000000   0.00000000   0.00000000   0.00000000   0.00000000   0.00000000   0.00000000   0.00000000   0.00000000   0.00000000   0.00000000   0.00000000   0.00000000   0.00000000   0.00000000   0.00000000   0.00000000 
 -0.00000000  -0.01082185  -0.04301320  -0.09574720  -0.16763249  -0.25669582  -0.36036430  -0.47545594  -0.59819343  -0.72426250  -0.84894214  -0.96733358  -1.07470079  -1.16690250  -1.24084703  -1.29485675  -1.32882266  -1.34408260  -1.34305275  -1.32872838  -1.30419549  -1.27225671  -1.23520682  -1.19473774  -1.15192847  -1.10727717  -1.06074749  -1.01181791  -0.95953577  -0.90258550  -0.83938362  -0.76821251  -0.68740055  -0.59554922  -0.49179730  -0.37610020  -0.24948932  -0.11426536   0.02592610   0.16618483   0.30064376   0.42295667   0.52694744   0.60733941   0.66044823   0.68470721   0.68091098   0.65211145   0.60317198   0.54006343   0.46904541   0.39589912   0.32535389   0.26078689   0.20419674   0.15638578   0.11725409   0.08611324   0.06195746   0.04366545   0.03013319   0.02035134   0.01344378   0.00868055   0.00547489   0.00337055   0.00202402   0.00118467   0.00067536   0.00037470   0.00020218   0.00010600   0.00005397   0.00002665   0.00001276   0.00000592   0.00000266   0.00000115   0.00000048   0.00000020   0.00000008   0.00000003   0.00000001   0.00000000   0.00000000   0.00000000   0.00000000   0.00000000   0.00000000   0.00000000   0.00000000   0.00000000   0.00000000   0.00000000   0.00000000   0.00000000   0.00000000   0.00000000   0.00000000   0.00000000   0.00000000   0.00000000   0.00000000   0.00000000   0.00000000   0.00000000   0.00000000   0.00000000   0.00000000   0.00000000   0.00000000   0.00000000   0.00000000   0.00000000   0.00000000   0.00000000   0.00000000   0.00000000   0.00000000   0.00000000   0.00000000   0.00000000   0.00000000   0.00000000   0.00000000   0.00000000   0.00000000   0.00000000   0.00000000   0.00000000   0.00000000   0.00000000   0.00000000   0.00000000   0.00000000   0.00000000   0.00000000   0.00000000   0.00000000   0.00000000   0.00000000   0.00000000   0.00000000   0.00000000   0.00000000   0.00000000   0.00000000   0.00000000   0.00000000   0.00000000   0.00000000 
 -0.00000000  -0.01014292  -0.04034964  -0.08995099  -0.15782205  -0.24236845  -0.34150970  -0.45266360  -0.57273909  -0.69815047  -0.82487164  -0.94855447  -1.06473511  -1.16913980  -1.25807251  -1.32882266  -1.37999114  -1.41162567  -1.42510393  -1.42278922  -1.40756235  -1.38235875  -1.34980632  -1.31199874  -1.27038913  -1.22576626  -1.17827729  -1.12747453  -1.07237915  -1.01156598  -0.94328009  -0.86559663  -0.77663202  -0.67480680  -0.55914927  -0.42961506  -0.28738307  -0.13507576   0.02315475   0.18172917   0.33396787   0.47264479   0.59072468   0.68219125   0.74283383   0.77084418   0.76709367   0.73501601   0.68010245   0.60910399   0.52910323   0.44664450   0.36708338   0.29424587   0.23039786   0.17645125   0.13229673   0.09715891   0.06990323   0.04926435   0.03399631   0.02296003   0.01516681   0.00979297   0.00617642   0.00380241   0.00228333   0.00133644   0.00076187   0.00042270   0.00022807   0.00011958   0.00006088   0.00003007   0.00001440   0.00000668   0.00000300   0.00000130   0.00000055   0.00000022   0.00000009   0.00000003   0.00000001   0.00000000   0.00000000   0.00000000   0.00000000   0.00000000   0.00000000   0.00000000   0.00000000   0.00000000   0.00000000   0.00000000   0.00000000   0.00000000   0.00000000   0.00000000   0.00000000   0.00000000   0.00000000   0.00000000   0.00000000   0.00000000   0.00000000   0.00000000   0.00000000   0.00000000   0.00000000   0.00000000   0.00000000   0.00000000   0.00000000   0.00000000   0.00000000   0.00000000   0.00000000   0.00000000   0.00000000   0.00000000   0.00000000   0.00000000   0.00000000   0.00000000   0.00000000   0.00000000   0.00000000   0.00000000   0.00000000   0.00000000   0.00000000   0.00000000   0.00000000   0.00000000   0.00000000   0.00000000   0.00000000   0.00000000   0.00000000   0.00000000   0.00000000   0.00000000   0.00000000   0.00000000   0.00000000   0.00000000   0.00000000   0.00000000   0.00000000   0.00000000   0.00000000 
 -0.00000000  -0.00952849  -0.03792950  -0.08464789  -0.14875252  -0.22892749  -0.32346035  -0.43022871  -0.54668857  -0.66987064  -0.79639583  -0.92252625  -1.04427329  -1.15758379  -1.25861503  -1.34408260  -1.41162567  -1.46009743  -1.48968109  -1.50177400  -1.49866078  -1.48306893  -1.45772502  -1.42500083  -1.38668461  -1.34386721  -1.29691250  -1.24548285  -1.18860261  -1.12475604  -1.05202574  -0.96828076  -0.87142202  -0.75968435  -0.63198301  -0.48827669  -0.32990276  -0.15982642   0.01726186   0.19506158   0.36603032   0.52200743   0.65504416   0.75833604   0.82710866   0.85928985   0.85582243   0.82053340   0.75956724   0.68048953   0.59124395   0.49917432   0.41029307   0.32889756   0.25753513   0.19723406   0.14787688   0.10859884   0.07813225   0.05506258   0.03799679   0.02566136   0.01695097   0.01094481   0.00690281   0.00424955   0.00255181   0.00149357   0.00085144   0.00047239   0.00025488   0.00013364   0.00006803   0.00003360   0.00001609   0.00000746   0.00000335   0.00000145   0.00000061   0.00000025   0.00000010   0.00000004   0.00000001   0.00000000   0.00000000   0.00000000   0.00000000   0.00000000   0.00000000   0.00000000   0.00000000   0.00000000   0.00000000   0.00000000   0.00000000   0.00000000   0.00000000   0.00000000   0.00000000   0.00000000   0.00000000   0.00000000   0.00000000   0.00000000   0.00000000   0.00000000   0.00000000   0.00000000   0.00000000   0.00000000   0.00000000   0.00000000   0.00000000   0.00000000   0.00000000   0.00000000   0.00000000   0.00000000   0.00000000   0.00000000   0.00000000   0.00000000   0.00000000   0.00000000   0.00000000   0.00000000   0.00000000   0.00000000   0.00000000   0.00000000   0.00000000   0.00000000   0.00000000   0.00000000   0.00000000   0.00000000   0.00000000   0.00000000   0.00000000   0.00000000   0.00000000   0.00000000   0.00000000   0.00000000   0.00000000   0.00000000   0.00000000   0.00000000   0.00000000   0.00000000   0.00000000 
 -0.00000000  -0.00897118  -0.03572789  -0.07979889  -0.14039605  -0.21641011  -0.30640435  -0.40860641  -0.52089917  -0.64081340  -0.76552749  -0.89188397  -1.01643722  -1.13555153  -1.24556839  -1.34305275  -1.42510393  -1.48968109  -1.53585922  -1.56392455  -1.57525550  -1.57200736  -1.55668548  -1.53171633  -1.49910138  -1.46018974  -1.41556537  -1.36502485  -1.30762352  -1.24177765  -1.16542156  -1.07622467  -0.97187336  -0.85041554  -0.71065338  -0.55255297  -0.37762161  -0.18918782   0.00748899   0.20534703   0.39593337   0.57010076   0.71893509   0.83479710   0.91231196   0.94912064   0.94623013   0.90786874   0.84085499   0.75359858   0.65493737   0.55304661   0.45462271   0.36445467   0.28538424   0.21856264   0.16386594   0.12033858   0.08657652   0.06101217   0.04210151   0.02843296   0.01878147   0.01212654   0.00764801   0.00470826   0.00282723   0.00165476   0.00094332   0.00052336   0.00028238   0.00014806   0.00007537   0.00003723   0.00001782   0.00000827   0.00000371   0.00000161   0.00000068   0.00000027   0.00000011   0.00000004   0.00000001   0.00000001   0.00000000   0.00000000   0.00000000   0.00000000   0.00000000   0.00000000   0.00000000   0.00000000   0.00000000   0.00000000   0.00000000   0.00000000   0.00000000   0.00000000   0.00000000   0.00000000   0.00000000   0.00000000   0.00000000   0.00000000   0.00000000   0.00000000   0.00000000   0.00000000   0.00000000   0.00000000   0.00000000   0.00000000   0.00000000   0.00000000   0.00000000   0.00000000   0.00000000   0.00000000   0.00000000   0.00000000   0.00000000   0.00000000   0.00000000   0.00000000   0.00000000   0.00000000   0.00000000   0.00000000   0.00000000   0.00000000   0.00000000   0.00000000   0.00000000   0.00000000   0.00000000   0.00000000   0.00000000   0.00000000   0.00000000   0.00000000   0.00000000   0.00000000   0.00000000   0.00000000   0.00000000   0.00000000   0.00000000   0.00000000   0.00000000   0.00000000   0.00000000 
