# coconut-me2b/v0.99.21 
# 
# momentum space matrix elements 
# partial wave J=2, L=1/1, S=1, T=1, MT=1 
# 
# momentum grid [fm^-1]
0.000000 0.066667 0.133333 0.200000 0.266667 0.333333 0.400000 0.466667 0.533333 0.600000 0.666667 0.733333 0.800000 0.866667 0.933333 1.000000 1.066667 1.133333 1.200000 1.266667 1.333333 1.400000 1.466667 1.533333 1.600000 1.666667 1.733333 1.800000 1.866667 1.933333 2.000000 2.066667 2.133333 2.200000 2.266667 2.333333 2.400000 2.466667 2.533333 2.600000 2.666667 2.733333 2.800000 2.866667 2.933333 3.000000 3.066667 3.133333 3.200000 3.266667 3.333333 3.400000 3.466667 3.533333 3.600000 3.666667 3.733333 3.800000 3.866667 3.933333 4.000000 4.066667 4.133333 4.200000 4.266667 4.333333 4.400000 4.466667 4.533333 4.600000 4.666667 4.733333 4.800000 4.866667 4.933333 5.000000 5.066667 5.133333 5.200000 5.266667 5.333333 5.400000 5.466667 5.533333 5.600000 5.666667 5.733333 5.800000 5.866667 5.933333 6.000000 6.066667 6.133333 6.200000 6.266667 6.333333 6.400000 6.466667 6.533333 6.600000 6.666667 6.733333 6.800000 6.866667 6.933333 7.000000 7.066667 7.133333 7.200000 7.266667 7.333333 7.400000 7.466667 7.533333 7.600000 7.666667 7.733333 7.800000 7.866667 7.933333 8.000000 8.066667 8.133333 8.200000 8.266667 8.333333 8.400000 8.466667 8.533333 8.600000 8.666667 8.733333 8.800000 8.866667 8.933333 9.000000 9.066667 9.133333 9.200000 9.266667 9.333333 9.400000 9.466667 9.533333 9.600000 9.666667 9.733333 9.800000 9.866667 9.933333 10.000000 
#
# matrix elements [MeV fm^3] 
  0.00000000   0.00000080   0.00000130   0.00000134   0.00000100   0.00000049   0.00000006  -0.00000016  -0.00000015  -0.00000004   0.00000005   0.00000006  -0.00000001  -0.00000007  -0.00000009  -0.00000007  -0.00000003  -0.00000001  -0.00000002  -0.00000005  -0.00000007  -0.00000006  -0.00000004  -0.00000002  -0.00000002  -0.00000003  -0.00000005  -0.00000004  -0.00000003  -0.00000002  -0.00000001  -0.00000002  -0.00000003  -0.00000003  -0.00000002  -0.00000001  -0.00000001  -0.00000001  -0.00000002  -0.00000002  -0.00000002  -0.00000001  -0.00000000  -0.00000000  -0.00000001  -0.00000001  -0.00000001  -0.00000001  -0.00000000   0.00000000  -0.00000000  -0.00000001  -0.00000001  -0.00000000   0.00000000   0.00000000   0.00000000  -0.00000000  -0.00000000  -0.00000000   0.00000000   0.00000000   0.00000000  -0.00000000  -0.00000000  -0.00000000   0.00000000   0.00000000   0.00000000   0.00000000  -0.00000000  -0.00000000  -0.00000000   0.00000000   0.00000000   0.00000000  -0.00000000  -0.00000000  -0.00000000   0.00000000   0.00000000   0.00000000  -0.00000000  -0.00000000  -0.00000000   0.00000000   0.00000000   0.00000000  -0.00000000  -0.00000000  -0.00000000  -0.00000000   0.00000000   0.00000000   0.00000000  -0.00000000  -0.00000000  -0.00000000   0.00000000   0.00000000   0.00000001  -0.00000000  -0.00000000  -0.00000000   0.00000000   0.00000000   0.00000000  -0.00000000  -0.00000000  -0.00000000   0.00000000   0.00000000   0.00000000   0.00000000  -0.00000000  -0.00000000   0.00000001   0.00000000   0.00000000   0.00000000  -0.00000000  -0.00000000  -0.00000000   0.00000000   0.00000000   0.00000000  -0.00000000  -0.00000000  -0.00000000   0.00000000   0.00000000   0.00000000  -0.00000000  -0.00000000  -0.00000000  -0.00000000   0.00000000   0.00000000   0.00000000   0.00000000  -0.00000000  -0.00000000  -0.00000000   0.00000000  -0.00000000   0.00000000   0.00000000   0.00000000   0.00000000   0.00000000  -0.00000000 
  0.00000080   4.98320865   8.10714613   8.43307813   6.33486438   3.16622638   0.44928043  -0.90593781  -0.91397264  -0.25699755   0.28548751   0.31707486  -0.05706850  -0.46202763  -0.59899919  -0.44440036  -0.19923341  -0.08380589  -0.16399416  -0.33322548  -0.43234168  -0.38750145  -0.25441769  -0.15052973  -0.14868450  -0.22459223  -0.29231826  -0.28529372  -0.20936794  -0.12791061  -0.10070633  -0.13389908  -0.18160773  -0.19140579  -0.14988643  -0.08964186  -0.05613517  -0.06720489  -0.10065410  -0.11760773  -0.09787758  -0.05565625  -0.02390594  -0.02392392  -0.04783061  -0.06800249  -0.06285844  -0.03514009  -0.00740504  -0.00058113  -0.01571635  -0.03463558  -0.03743379  -0.02015455   0.00289005   0.01306063   0.00414404  -0.01303459  -0.02135183  -0.01294299   0.00448354   0.01553272   0.01129978  -0.00311641  -0.01399301  -0.01168106   0.00108906   0.01239614   0.01229118   0.00154808  -0.00963475  -0.01125039  -0.00238964   0.00845208   0.01146789   0.00436490  -0.00598542  -0.01016485  -0.00475733   0.00490240   0.00994057   0.00606032  -0.00283663  -0.00854101  -0.00609564   0.00191658   0.00804038   0.00685779  -0.00024563  -0.00663120  -0.00659961  -0.00046559   0.00598745   0.00693837   0.00175981  -0.00463782  -0.00645213  -0.00224277   0.00395207   0.00647066   0.00318715  -0.00271584  -0.00582133  -0.00344244   0.00206335   0.00561074   0.00407156  -0.00097980  -0.00486035  -0.00411473   0.00041411   0.00450060   0.00446932   0.00049123  -0.00370611  -0.00432677  -0.00093513   0.00326619   0.00445189   0.00164950  -0.00247772  -0.00415733  -0.00195259   0.00201552   0.00410032   0.00247472  -0.00127509  -0.00369167  -0.00263151   0.00083724   0.00350015   0.00297016  -0.00017786  -0.00301670  -0.00298637  -0.00020020   0.00273659   0.00315853   0.00075494  -0.00221665  -0.00304869  -0.00104869   0.00189040   0.00307768   0.00148455  -0.00136922  -0.00286283  -0.00167976   0.00103430   0.00277630   0.00199138 
  0.00000130   8.10714613  13.27028767  13.97777462  10.77004424   5.74051259   1.28800349  -1.10088516  -1.36376771  -0.49912862   0.29492353   0.36825077  -0.17137359  -0.78482675  -1.01840611  -0.81623790  -0.46244692  -0.28414755  -0.38966943  -0.63194950  -0.77867257  -0.71608096  -0.51970432  -0.35981064  -0.34613030  -0.44764772  -0.54086426  -0.52716108  -0.41213927  -0.28654391  -0.23828836  -0.27847255  -0.34179477  -0.35168465  -0.28713938  -0.19430317  -0.13928384  -0.14908458  -0.19253364  -0.21334820  -0.18150068  -0.11674617  -0.06669792  -0.06275998  -0.09418292  -0.12112081  -0.11186761  -0.06975413  -0.02715748  -0.01462893  -0.03418502  -0.05980570  -0.06254361  -0.03629129  -0.00150694   0.01474678   0.00315676  -0.02086187  -0.03249126  -0.02007443   0.00549900   0.02199228   0.01633898  -0.00429049  -0.02007517  -0.01688851   0.00153326   0.01802221   0.01807870   0.00264553  -0.01360578  -0.01611911  -0.00341921   0.01229882   0.01680027   0.00663181  -0.00836395  -0.01453841  -0.00683435   0.00712925   0.01451134   0.00900053  -0.00385483  -0.01219084  -0.00875949   0.00279410   0.01170910   0.01008787  -0.00015037  -0.00943547  -0.00947816  -0.00065584   0.00870521   0.01015319   0.00271058  -0.00656368  -0.00925692  -0.00322393   0.00574063   0.00943793   0.00473959  -0.00379830  -0.00833984  -0.00495344   0.00299799   0.00816573   0.00598797  -0.00130370  -0.00694857  -0.00591918   0.00060846   0.00654013   0.00653728   0.00080685  -0.00528089  -0.00621974  -0.00134278   0.00474162   0.00649081   0.00246521  -0.00350862  -0.00596989  -0.00281157   0.00292497   0.00596559   0.00364280  -0.00177564  -0.00529338  -0.00378950   0.00121709   0.00508493   0.00434490  -0.00019650  -0.00431606  -0.00429847  -0.00028416   0.00397163   0.00460470   0.00114403  -0.00315965  -0.00438478  -0.00151014   0.00274195   0.00447719   0.00219046  -0.00193632  -0.00411303  -0.00242050   0.00150055   0.00403284   0.00291494 
  0.00000134   8.43307813  13.97777462  15.09701816  12.21020810   7.26193343   2.57757479  -0.29103541  -1.10198698  -0.65763405  -0.04900961   0.04673969  -0.38416397  -0.92887674  -1.18869212  -1.07609804  -0.80162354  -0.64004229  -0.70286238  -0.88820667  -1.00864804  -0.96085099  -0.79482848  -0.64618404  -0.61032691  -0.67075706  -0.73128641  -0.70936037  -0.60397100  -0.48532968  -0.42592464  -0.43881941  -0.47427093  -0.47013534  -0.40667273  -0.31858720  -0.25900430  -0.25165620  -0.27360545  -0.28010359  -0.24576393  -0.18481220  -0.13492986  -0.12217909  -0.13923239  -0.15462432  -0.14220793  -0.10338961  -0.06338488  -0.04698484  -0.05674954  -0.07253850  -0.07107945  -0.04680367  -0.01550712   0.00111740  -0.00494486  -0.02190292  -0.02993785  -0.01924389   0.00203469   0.01630515   0.01284689  -0.00301994  -0.01559142  -0.01331353   0.00125607   0.01462540   0.01507153   0.00301170  -0.01004610  -0.01238013  -0.00251390   0.01003925   0.01387491   0.00599016  -0.00597678  -0.01113184  -0.00523664   0.00583907   0.01188054   0.00769029  -0.00250307  -0.00929134  -0.00676767   0.00234335   0.00953344   0.00841137   0.00034148  -0.00713197  -0.00733542  -0.00042142   0.00706702   0.00835286   0.00252665  -0.00488439  -0.00715697  -0.00246925   0.00466123   0.00770072   0.00406180  -0.00272426  -0.00642891  -0.00384204   0.00245266   0.00662783   0.00498764  -0.00078063  -0.00532837  -0.00460421   0.00053914   0.00529179   0.00536869   0.00085805  -0.00401254  -0.00483729  -0.00101655   0.00383251   0.00528651   0.00213897  -0.00261739  -0.00463445  -0.00218297   0.00236990   0.00483333   0.00304054  -0.00125639  -0.00409506  -0.00295623   0.00100217   0.00410625   0.00356777  -0.00001956  -0.00331956  -0.00335573  -0.00019524   0.00320180   0.00374758   0.00102674  -0.00240464  -0.00341969  -0.00116972   0.00221125   0.00362394   0.00183936  -0.00143911  -0.00320035  -0.00189081   0.00121664   0.00325289   0.00239699 
  0.00000100   6.33486438  10.77004424  12.21020810  10.75646084   7.51169240   3.95177759   1.23266168  -0.20923033  -0.61867391  -0.56427149  -0.53139946  -0.70035277  -0.97880215  -1.18801474  -1.23582769  -1.16607730  -1.08891553  -1.07850465  -1.12485550  -1.16381701  -1.14345101  -1.06593114  -0.97635396  -0.91810502  -0.89770793  -0.88651020  -0.85150505  -0.78475469  -0.70692090  -0.64583380  -0.61188345  -0.59161302  -0.56254507  -0.51381850  -0.45423151  -0.40233854  -0.36928186  -0.35003352  -0.32968743  -0.29769321  -0.25679311  -0.21938604  -0.19570948  -0.18493742  -0.17671216  -0.16084062  -0.13597188  -0.10978458  -0.09129104  -0.08270623  -0.07806501  -0.06923096  -0.05337539  -0.03517831  -0.02218802  -0.01794344  -0.01910713  -0.01886221  -0.01312691  -0.00388964   0.00308799   0.00377310  -0.00053858  -0.00460673  -0.00406820   0.00080879   0.00571430   0.00644054   0.00267475  -0.00191825  -0.00317899  -0.00018628   0.00410907   0.00574411   0.00335029  -0.00075759  -0.00284839  -0.00119158   0.00249465   0.00475932   0.00360120   0.00019262  -0.00232801  -0.00176901   0.00119138   0.00374952   0.00359459   0.00096277  -0.00169113  -0.00200114   0.00018568   0.00276897   0.00338324   0.00153842  -0.00101885  -0.00197244  -0.00054663   0.00185858   0.00301783   0.00191935  -0.00037160  -0.00175554  -0.00103262   0.00105006   0.00254736   0.00211675   0.00020712  -0.00141343  -0.00130261   0.00036577   0.00201750   0.00215026   0.00068809  -0.00100047  -0.00138970  -0.00018106   0.00146929   0.00204539   0.00105425  -0.00056270  -0.00132887  -0.00058580   0.00093803   0.00183132   0.00129903  -0.00013788  -0.00115571  -0.00085155   0.00045250   0.00153888   0.00142464   0.00024448  -0.00090513  -0.00098810   0.00003451   0.00119868   0.00144045   0.00056300  -0.00061006  -0.00101061  -0.00030124   0.00083960   0.00136128   0.00080411  -0.00030025  -0.00093824  -0.00054698   0.00048745   0.00120583   0.00096148 
  0.00000049   3.16622638   5.74051259   7.26193343   7.51169240   6.57434085   4.81616145   2.76905388   0.95140932  -0.30271162  -0.92903752  -1.09582527  -1.07141234  -1.07398931  -1.18371006  -1.35203954  -1.48148052  -1.51148842  -1.45509828  -1.37402507  -1.32387915  -1.31546558  -1.31748413  -1.29066101  -1.22152013  -1.12975536  -1.04789385  -0.99383082  -0.95928690  -0.92111225  -0.86298471  -0.78834639  -0.71513985  -0.65907783  -0.62080976  -0.58725191  -0.54433078  -0.48914458  -0.43135882  -0.38381408  -0.35143143  -0.32799375  -0.30271253  -0.26996251  -0.23351333  -0.20214806  -0.18127349  -0.16818528  -0.15482823  -0.13506771  -0.10980434  -0.08565157  -0.06880833  -0.05980071  -0.05357513  -0.04443075  -0.03110455  -0.01754187  -0.00898979  -0.00717951  -0.00890534  -0.00903206  -0.00499986   0.00123151   0.00534211   0.00474435   0.00087094  -0.00225396  -0.00167074   0.00200375   0.00536901   0.00544720   0.00232402  -0.00108594  -0.00177986   0.00066026   0.00383615   0.00482020   0.00279370  -0.00033091  -0.00175477  -0.00033548   0.00247448   0.00405196   0.00300405   0.00035473  -0.00148487  -0.00093863   0.00136207   0.00324398   0.00300785   0.00092990  -0.00107271  -0.00123220   0.00049070   0.00244497   0.00284209   0.00136720  -0.00059898  -0.00128949  -0.00015422   0.00169431   0.00254678   0.00165727  -0.00012337  -0.00117427  -0.00059228   0.00102230   0.00216219   0.00180378   0.00031116  -0.00094226  -0.00084745   0.00045028   0.00172662   0.00181971   0.00067554  -0.00064156  -0.00094707  -0.00000900   0.00127477   0.00172441   0.00095233  -0.00031288  -0.00092056  -0.00035069   0.00083658   0.00154118   0.00113395   0.00001049  -0.00079817  -0.00057696   0.00043640   0.00129516   0.00122094   0.00030266  -0.00060958  -0.00069589   0.00009255   0.00101159   0.00122033   0.00054498  -0.00038279  -0.00072030  -0.00018276   0.00071433   0.00114408   0.00072563  -0.00014297  -0.00066641  -0.00038330 
  0.00000006   0.44928043   1.28800349   2.57757479   3.95177759   4.81616145   4.71245766   3.60540724   1.90832062   0.24295664  -0.89930333  -1.37966654  -1.39935017  -1.29753963  -1.31808957  -1.49582952  -1.70726089  -1.81266367  -1.77018949  -1.64788328  -1.54865451  -1.52404543  -1.54562261  -1.54518089  -1.47920395  -1.36175137  -1.24460021  -1.16938891  -1.13536265  -1.10698768  -1.04936551  -0.95806313  -0.85914918  -0.78331257  -0.73921516  -0.70879099  -0.66593290  -0.59998466  -0.52343744  -0.45894158  -0.41894234  -0.39617685  -0.37208005  -0.33403118  -0.28563989  -0.24181599  -0.21434851  -0.20146703  -0.19021286  -0.16851432  -0.13562509  -0.10191205  -0.07899039  -0.06956311  -0.06586094  -0.05737225  -0.04035877  -0.02064562  -0.00771294  -0.00592271  -0.01083833  -0.01355871  -0.00871407   0.00118095   0.00862935   0.00827166   0.00164408  -0.00450275  -0.00444094   0.00155697   0.00785373   0.00880984   0.00383392  -0.00235542  -0.00422211  -0.00039375   0.00533774   0.00767794   0.00464168  -0.00084077  -0.00379367  -0.00175103   0.00315936   0.00634525   0.00498257   0.00046207  -0.00305562  -0.00249989   0.00140532   0.00496329   0.00495584   0.00151141  -0.00215729  -0.00277330   0.00005725   0.00361350   0.00463687   0.00228363  -0.00121568  -0.00268833  -0.00091258   0.00236050   0.00410101   0.00277862  -0.00031724  -0.00234732  -0.00153982   0.00125295   0.00342074   0.00301371   0.00047651  -0.00183972  -0.00186690   0.00032413   0.00266306   0.00301876   0.00112513  -0.00124280  -0.00194144  -0.00040719   0.00188751   0.00283214   0.00160617  -0.00062162  -0.00181414  -0.00093546   0.00114456   0.00249722   0.00191247  -0.00002902  -0.00153660  -0.00126679   0.00047462   0.00205926   0.00204958   0.00049443  -0.00115912  -0.00141704  -0.00009252   0.00156265   0.00203314   0.00092021  -0.00072873  -0.00140970  -0.00053769   0.00104867   0.00188639   0.00123116  -0.00028741  -0.00127370  -0.00085191 
 -0.00000016  -0.90593781  -1.10088516  -0.29103541   1.23266168   2.76905388   3.60540724   3.39414473   2.29345759   0.81801640  -0.47664740  -1.27152379  -1.57375494  -1.60730057  -1.61496241  -1.71194857  -1.86619290  -1.98115258  -1.99571120  -1.92652828  -1.83811546  -1.78226810  -1.76138374  -1.73933328  -1.68116408  -1.58378072  -1.47429613  -1.38327470  -1.31938472  -1.26637290  -1.20138468  -1.11598121  -1.02170482  -0.93766649  -0.87320715  -0.82115054  -0.76614909  -0.69914712  -0.62479299  -0.55619565  -0.50293147  -0.46336769  -0.42744550  -0.38637043  -0.34004894  -0.29601917  -0.26168200  -0.23734394  -0.21618647  -0.19064163  -0.15904467  -0.12667291  -0.10067243  -0.08377687  -0.07239924  -0.06040440  -0.04477877  -0.02803973  -0.01549880  -0.01018598  -0.01011564  -0.01017414  -0.00665502  -0.00025028   0.00504957   0.00589766   0.00268416  -0.00092035  -0.00134460   0.00177249   0.00550090   0.00646651   0.00391936   0.00027412  -0.00121501   0.00059338   0.00382357   0.00542554   0.00397087   0.00084977  -0.00111938  -0.00029013   0.00239297   0.00436941   0.00383987   0.00134540  -0.00082969  -0.00079216   0.00127648   0.00337802   0.00357641   0.00173632  -0.00043487  -0.00100419   0.00043722   0.00247112   0.00320657   0.00200280  -0.00000540  -0.00100310  -0.00015861   0.00166625   0.00276050   0.00214031   0.00040796  -0.00085277  -0.00054319   0.00097711   0.00226954   0.00215524   0.00076986  -0.00060690  -0.00074851   0.00041229   0.00176386   0.00206164   0.00105748  -0.00031050  -0.00080667  -0.00002523   0.00127080   0.00187868   0.00125840  -0.00000060  -0.00074957  -0.00033800   0.00081364   0.00162850   0.00136886   0.00029333  -0.00060823  -0.00053364   0.00041086   0.00133441   0.00139211   0.00054907  -0.00041200  -0.00062415   0.00007568   0.00101932   0.00133695   0.00075133  -0.00018764  -0.00062490  -0.00018408   0.00070446   0.00121623   0.00089123   0.00004134  -0.00055358  -0.00036574 
 -0.00000015  -0.91397264  -1.36376771  -1.10198698  -0.20923033   0.95140932   1.90832062   2.29345759   1.98921482   1.14717076   0.08486346  -0.87400229  -1.53145259  -1.86170129  -1.96755372  -1.98896711  -2.02196414  -2.08734472  -2.15178867  -2.17358860  -2.13804034  -2.06313633  -1.98024647  -1.90984886  -1.85084396  -1.78808990  -1.70862336  -1.61262529  -1.51186347  -1.41918052  -1.33880516  -1.26494772  -1.18844949  -1.10496127  -1.01791668  -0.93472043  -0.86025205  -0.79338789  -0.72901384  -0.66316310  -0.59660277  -0.53400543  -0.47982509  -0.43462943  -0.39488896  -0.35606003  -0.31609326  -0.27645405  -0.24012784  -0.20866186  -0.18088141  -0.15420903  -0.12717621  -0.10080343  -0.07769676  -0.05978591  -0.04674543  -0.03640752  -0.02666418  -0.01711249  -0.00905269  -0.00398051  -0.00201154  -0.00163047  -0.00090301   0.00100018   0.00331797   0.00460788   0.00416529   0.00267871   0.00159763   0.00185195   0.00309267   0.00409486   0.00390265   0.00266603   0.00145021   0.00124454   0.00209198   0.00310276   0.00329317   0.00246306   0.00133271   0.00085585   0.00136024   0.00228733   0.00273256   0.00226701   0.00129632   0.00065959   0.00086118   0.00163639   0.00222264   0.00206232   0.00129136   0.00058706   0.00053928   0.00112690   0.00176277   0.00184267   0.00128656   0.00058852   0.00035079   0.00073997   0.00135516   0.00160969   0.00126431   0.00062817   0.00026039   0.00045879   0.00100245   0.00136935   0.00121629   0.00068055   0.00023907   0.00026758   0.00070643   0.00112959   0.00114059   0.00072812   0.00026291   0.00015109   0.00046735   0.00089880   0.00103961   0.00075957   0.00031239   0.00009460   0.00028361   0.00068475   0.00091853   0.00076861   0.00037188   0.00008400   0.00015183   0.00049397   0.00078411   0.00075288   0.00042940   0.00010610   0.00006698   0.00033128   0.00064374   0.00071309   0.00047625   0.00014891   0.00002276   0.00019964   0.00050474   0.00065221   0.00050675 
 -0.00000004  -0.25699755  -0.49912862  -0.65763405  -0.61867391  -0.30271162   0.24295664   0.81801640   1.14717076   1.02445120   0.43291057  -0.44031998  -1.30543166  -1.92298241  -2.21301695  -2.25952519  -2.22205403  -2.22383351  -2.29034092  -2.36667396  -2.38433798  -2.32009952  -2.20669217  -2.09800376  -2.02456152  -1.97567083  -1.91737735  -1.82575435  -1.70625443  -1.58568322  -1.48754582  -1.41349522  -1.34539856  -1.26354344  -1.16370688  -1.05896646  -0.96666204  -0.89335245  -0.83079075  -0.76509984  -0.68982683  -0.61120619  -0.54182083  -0.48919830  -0.44963443  -0.41210863  -0.36804619  -0.31804589  -0.27011007  -0.23173308  -0.20329270  -0.17838282  -0.15017482  -0.11768778  -0.08641361  -0.06313315  -0.04988746  -0.04246252  -0.03440559  -0.02266321  -0.00978122  -0.00098372   0.00092541  -0.00182680  -0.00401838  -0.00202410   0.00326013   0.00764773   0.00770434   0.00385095  -0.00016715  -0.00075688   0.00236484   0.00612647   0.00703945   0.00434104   0.00053350  -0.00101988   0.00085788   0.00421937   0.00589282   0.00437977   0.00111221  -0.00097275  -0.00013529   0.00266626   0.00476129   0.00423988   0.00162957  -0.00068916  -0.00070185   0.00144870   0.00368563   0.00394685   0.00203606  -0.00028071  -0.00094490   0.00053221   0.00269494   0.00353171   0.00230672   0.00017062  -0.00094983  -0.00011656   0.00181380   0.00303035   0.00243531   0.00060589  -0.00078859  -0.00053164   0.00106046   0.00247963   0.00242883   0.00098427  -0.00052205  -0.00074829   0.00044603   0.00191467   0.00230344   0.00127978  -0.00020127  -0.00080266  -0.00002571   0.00136690   0.00208126   0.00147867   0.00013192  -0.00073101  -0.00035782   0.00086272   0.00178777   0.00157726   0.00044453  -0.00056862  -0.00055953   0.00042265   0.00144960   0.00158001   0.00071206  -0.00034875  -0.00064509   0.00006092   0.00109265   0.00149762   0.00091805  -0.00010154  -0.00063259  -0.00021451   0.00074066   0.00134527   0.00105346 
  0.00000005   0.28548751   0.29492353  -0.04900961  -0.56427149  -0.92903752  -0.89930333  -0.47664740   0.08486346   0.43291057   0.32668750  -0.23300913  -1.02697679  -1.76339233  -2.24193742  -2.43485348  -2.45163477  -2.43335185  -2.45840090  -2.51667411  -2.55100527  -2.51932854  -2.42763188  -2.31671958  -2.22404096  -2.15612990  -2.09144328  -2.00535460  -1.89282098  -1.77051454  -1.66013547  -1.56987823  -1.48991488  -1.40368200  -1.30323734  -1.19515094  -1.09322202  -1.00598246  -0.93037730  -0.85631162  -0.77683239  -0.69441858  -0.61824355  -0.55564677  -0.50578519  -0.46080584  -0.41287800  -0.36051218  -0.30882658  -0.26416131  -0.22829709  -0.19736885  -0.16597020  -0.13232520  -0.09980758  -0.07370334  -0.05641857  -0.04548393  -0.03592609  -0.02461072  -0.01259417  -0.00356413  -0.00004466  -0.00090395  -0.00230552  -0.00104087   0.00286880   0.00657015   0.00723658   0.00469564   0.00150301   0.00055452   0.00251576   0.00537831   0.00642183   0.00469745   0.00178656   0.00025202   0.00129182   0.00373744   0.00522351   0.00436984   0.00196990   0.00017089   0.00047996   0.00244169   0.00414058   0.00399057   0.00214470   0.00027730   0.00000918   0.00145228   0.00317598   0.00356200   0.00226885   0.00048416  -0.00020986   0.00072198   0.00232932   0.00309360   0.00231963   0.00072883  -0.00024786   0.00021166   0.00160298   0.00260160   0.00228931   0.00096722  -0.00016201  -0.00011347   0.00099882   0.00210508   0.00218054   0.00116944   0.00000080  -0.00028582   0.00051637   0.00162334   0.00200303   0.00131684   0.00020231  -0.00033618   0.00015193   0.00117408   0.00177101   0.00139983   0.00041187  -0.00029382  -0.00010164   0.00077218   0.00150125   0.00141615   0.00060581  -0.00018613  -0.00025470   0.00042893   0.00121140   0.00136935   0.00076692  -0.00003820  -0.00032033   0.00015159   0.00091861   0.00126734   0.00088399   0.00012774  -0.00031364  -0.00005662   0.00063849   0.00112112   0.00095118 
  0.00000006   0.31707486   0.36825077   0.04673969  -0.53139946  -1.09582527  -1.37966654  -1.27152379  -0.87400229  -0.44031998  -0.23300913  -0.38983450  -0.86967281  -1.49767576  -2.07082049  -2.45713187  -2.63683724  -2.67613359  -2.66424267  -2.65837847  -2.66566437  -2.66147414  -2.62152015  -2.54264923  -2.44172511  -2.33976020  -2.24684289  -2.15882317  -2.06539230  -1.96077366  -1.84824148  -1.73630702  -1.63131364  -1.53305233  -1.43637624  -1.33649491  -1.23310643  -1.13027935  -1.03290953  -0.94317591  -0.85983445  -0.78039923  -0.70387092  -0.63158186  -0.56568021  -0.50687010  -0.45349268  -0.40267758  -0.35246486  -0.30308066  -0.25642381  -0.21438196  -0.17746952  -0.14482087  -0.11531779  -0.08871704  -0.06579333  -0.04747721  -0.03384133  -0.02384160  -0.01598888  -0.00931302  -0.00378738   0.00008259   0.00206280   0.00264905   0.00281032   0.00329931   0.00416612   0.00488492   0.00494034   0.00433444   0.00358541   0.00326321   0.00350506   0.00393762   0.00404628   0.00363879   0.00299280   0.00258104   0.00264378   0.00299359   0.00320783   0.00301496   0.00252330   0.00210159   0.00203802   0.00229120   0.00254637   0.00250896   0.00216304   0.00176899   0.00161763   0.00177145   0.00202200   0.00208903   0.00187219   0.00153002   0.00132572   0.00138844   0.00160564   0.00173521   0.00162665   0.00134994   0.00112244   0.00110862   0.00127643   0.00143511   0.00141224   0.00120613   0.00097939   0.00090666   0.00101854   0.00118075   0.00122098   0.00108410   0.00087617   0.00076291   0.00081934   0.00096658   0.00104867   0.00097491   0.00079820   0.00066194   0.00066827   0.00078838   0.00089336   0.00087339   0.00073516   0.00059149   0.00055628   0.00064252   0.00075437   0.00077697   0.00068003   0.00054189   0.00047542   0.00052560   0.00063155   0.00068481   0.00062825   0.00050559   0.00041871   0.00043425   0.00052492   0.00059712   0.00057717   0.00047685   0.00038004   0.00036504   0.00043433 
 -0.00000001  -0.05706850  -0.17137359  -0.38416397  -0.70035277  -1.07141234  -1.39935017  -1.57375494  -1.53145259  -1.30543166  -1.02697679  -0.86967281  -0.96183798  -1.31821343  -1.83312560  -2.33967048  -2.69798463  -2.85893087  -2.86850609  -2.81857850  -2.78252579  -2.77825984  -2.77632241  -2.73766805  -2.64848127  -2.52782842  -2.40823439  -2.30929318  -2.22602087  -2.13850136  -2.03161785  -1.90746156  -1.78154369  -1.66834215  -1.56963589  -1.47497386  -1.37238157  -1.25913198  -1.14356367  -1.03745169  -0.94639200  -0.86646584  -0.78921830  -0.70972373  -0.63047046  -0.55817564  -0.49705525  -0.44482953  -0.39480638  -0.34179811  -0.28644742  -0.23431803  -0.19090508  -0.15714942  -0.12924006  -0.10248141  -0.07550448  -0.05110938  -0.03326708  -0.02321722  -0.01818513  -0.01369361  -0.00721491   0.00012314   0.00513633   0.00585132   0.00344320   0.00121414   0.00170389   0.00461020   0.00732004   0.00743299   0.00492846   0.00207881   0.00131764   0.00307552   0.00551223   0.00628278   0.00465725   0.00208853   0.00080320   0.00177382   0.00391286   0.00514658   0.00431714   0.00217362   0.00061042   0.00091728   0.00265239   0.00411772   0.00393753   0.00227678   0.00062442   0.00039956   0.00168115   0.00319468   0.00351384   0.00234750   0.00075379   0.00013364   0.00095772   0.00238080   0.00305431   0.00235900   0.00093331   0.00005007   0.00044644   0.00168069   0.00257429   0.00230073   0.00111697   0.00009214   0.00011455   0.00109748   0.00209207   0.00217335   0.00127350   0.00021326  -0.00006915   0.00063130   0.00162621   0.00198506   0.00138331   0.00037544  -0.00013461   0.00027875   0.00119363   0.00174888   0.00143618   0.00054832  -0.00011041   0.00003279   0.00080840   0.00148047   0.00142933   0.00070863  -0.00002329  -0.00011691   0.00048097   0.00119638   0.00136586   0.00083958   0.00010234  -0.00018333   0.00021785   0.00091272   0.00125321   0.00093036   0.00024502  -0.00018137   0.00002154 
 -0.00000007  -0.46202763  -0.78482675  -0.92887674  -0.97880215  -1.07398931  -1.29753963  -1.60730057  -1.86170129  -1.92298241  -1.76339233  -1.49767576  -1.31821343  -1.37771735  -1.69896462  -2.16888100  -2.61432288  -2.90359607  -3.00732233  -2.98752172  -2.93519248  -2.90676904  -2.90086847  -2.88098225  -2.81679311  -2.70961510  -2.58666841  -2.47559306  -2.38344973  -2.29617216  -2.19516599  -2.07450375  -1.94447973  -1.82080863  -1.71076894  -1.60848015  -1.50211459  -1.38538578  -1.26300257  -1.14615883  -1.04305037  -0.95302875  -0.86887672  -0.78422666  -0.69909211  -0.61893747  -0.54885691  -0.48857029  -0.43268085  -0.37559233  -0.31640461  -0.25947330  -0.21043716  -0.17148162  -0.13997208  -0.11132479  -0.08322347  -0.05736038  -0.03737272  -0.02511103  -0.01869516  -0.01398413  -0.00794791  -0.00084515   0.00462635   0.00624007   0.00448712   0.00220492   0.00208785   0.00443339   0.00712384   0.00773283   0.00576041   0.00300183   0.00183354   0.00306813   0.00532074   0.00637194   0.00520164   0.00284046   0.00133986   0.00188083   0.00375895   0.00511021   0.00464036   0.00275841   0.00112706   0.00110972   0.00255959   0.00402150   0.00409955   0.00270911   0.00109391   0.00064835   0.00165618   0.00308319   0.00356443   0.00264696   0.00115932   0.00041196   0.00099675   0.00228279   0.00303406   0.00254766   0.00126644   0.00033484   0.00053944   0.00161299   0.00251541   0.00240137   0.00137597   0.00036482   0.00024827   0.00106797   0.00201926   0.00220804   0.00146175   0.00046002   0.00009100   0.00064134   0.00155741   0.00197421   0.00150790   0.00058701   0.00003812   0.00032504   0.00114090   0.00171048   0.00150665   0.00071967   0.00006249   0.00010903   0.00077876   0.00142964   0.00145657   0.00083836   0.00013948  -0.00001874   0.00047727   0.00114518   0.00136115   0.00092934   0.00024714  -0.00007187   0.00023964   0.00087007   0.00122746   0.00098412   0.00036656  -0.00006507   0.00006592 
 -0.00000009  -0.59899919  -1.01840611  -1.18869212  -1.18801474  -1.18371006  -1.31808957  -1.61496241  -1.96755372  -2.21301695  -2.24193742  -2.07082049  -1.83312560  -1.69896462  -1.77768123  -2.06344721  -2.45145487  -2.80612177  -3.03400217  -3.11882222  -3.10639432  -3.05975206  -3.01846430  -2.98546871  -2.94156822  -2.86981723  -2.77021736  -2.65709975  -2.54590340  -2.44209859  -2.34027057  -2.23175136  -2.11293823  -1.98760343  -1.86265918  -1.74219088  -1.62504062  -1.50733983  -1.38705337  -1.26639555  -1.15037086  -1.04314609  -0.94548326  -0.85510708  -0.76920566  -0.68667496  -0.60835676  -0.53550931  -0.46821464  -0.40520688  -0.34512873  -0.28792639  -0.23507940  -0.18849784  -0.14909921  -0.11627124  -0.08856288  -0.06487364  -0.04507591  -0.02962026  -0.01860905  -0.01123746  -0.00608613  -0.00195190   0.00154493   0.00407783   0.00528105   0.00533060   0.00493986   0.00483229   0.00520985   0.00569520   0.00576676   0.00526787   0.00453878   0.00408877   0.00413831   0.00444942   0.00457429   0.00427049   0.00370223   0.00326445   0.00321395   0.00344968   0.00362749   0.00348384   0.00306552   0.00266680   0.00254962   0.00271109   0.00290288   0.00286896   0.00257526   0.00222623   0.00206673   0.00215982   0.00234087   0.00237868   0.00218680   0.00189266   0.00171076   0.00174480   0.00190059   0.00198155   0.00187107   0.00163305   0.00144458   0.00143045   0.00155343   0.00165611   0.00160887   0.00142523   0.00124238   0.00119129   0.00127876   0.00138735   0.00138730   0.00125417   0.00108592   0.00100863   0.00106126   0.00116446   0.00119760   0.00110965   0.00096214   0.00086853   0.00088926   0.00097938   0.00103374   0.00098467   0.00086162   0.00076039   0.00075362   0.00082595   0.00089151   0.00087454   0.00077760   0.00067610   0.00064708   0.00069929   0.00076790   0.00077611   0.00070523   0.00060939   0.00056371   0.00059536   0.00066067   0.00068734   0.00064110   0.00055540   0.00049864 
 -0.00000007  -0.44440036  -0.81623790  -1.07609804  -1.23582769  -1.35203954  -1.49582952  -1.71194857  -1.98896711  -2.25952519  -2.43485348  -2.45713187  -2.33967048  -2.16888100  -2.06344721  -2.11254553  -2.32907251  -2.64542144  -2.95319386  -3.16142644  -3.23814010  -3.21314391  -3.14616570  -3.08529819  -3.04301258  -3.00108436  -2.93468942  -2.83484389  -2.71359331  -2.59176386  -2.48198227  -2.38095227  -2.27546756  -2.15520678  -2.02110329  -1.88330432  -1.75197732  -1.62955743  -1.51066504  -1.38875036  -1.26300458  -1.13957582  -1.02655956  -0.92754682  -0.83928168  -0.75501606  -0.67024229  -0.58584188  -0.50637375  -0.43555247  -0.37311515  -0.31562802  -0.26010528  -0.20695440  -0.15964635  -0.12159601  -0.09316236  -0.07137826  -0.05246270  -0.03474800  -0.01947053  -0.00892495  -0.00382111  -0.00224667  -0.00105750   0.00167750   0.00539401   0.00796817   0.00790944   0.00580397   0.00378856   0.00364857   0.00531310   0.00706370   0.00717855   0.00547697   0.00340304   0.00265695   0.00367059   0.00529166   0.00589363   0.00484992   0.00304120   0.00199343   0.00248342   0.00388177   0.00478299   0.00429835   0.00282565   0.00163298   0.00168371   0.00278798   0.00382451   0.00378620   0.00267719   0.00146486   0.00117081   0.00195225   0.00299726   0.00329372   0.00254589   0.00141056   0.00086851   0.00133037   0.00229010   0.00281570   0.00240356   0.00141483   0.00071748   0.00088625   0.00169629   0.00235505   0.00223660   0.00143916   0.00067053   0.00058863   0.00121036   0.00191881   0.00204126   0.00145762   0.00068985   0.00040938   0.00082639   0.00151546   0.00182037   0.00145395   0.00074529   0.00032279   0.00053709   0.00115316   0.00158093   0.00141947   0.00081336   0.00030533   0.00033352   0.00083859   0.00133221   0.00135138   0.00087641   0.00033570   0.00020518   0.00057632   0.00108437   0.00125138   0.00092202   0.00039506   0.00014029   0.00036841   0.00084732   0.00112440   0.00094242 
 -0.00000003  -0.19923341  -0.46244692  -0.80162354  -1.16607730  -1.48148052  -1.70726089  -1.86619290  -2.02196414  -2.22205403  -2.45163477  -2.63683724  -2.69798463  -2.61432288  -2.45145487  -2.32907251  -2.34973613  -2.53719423  -2.82517451  -3.10149111  -3.27493416  -3.32025916  -3.27612466  -3.20525397  -3.14964258  -3.11115461  -3.06472964  -2.98722523  -2.87725839  -2.75314967  -2.63523231  -2.52965974  -2.42649770  -2.31122832  -2.17810012  -2.03410429  -1.89178968  -1.75863040  -1.63241103  -1.50569940  -1.37433732  -1.24204994  -1.11750894  -1.00708531  -0.90993380  -0.81942720  -0.72916131  -0.63804410  -0.55032389  -0.47115301  -0.40202704  -0.34006421  -0.28132007  -0.22476312  -0.17325994  -0.13088240  -0.09917604  -0.07576388  -0.05636309  -0.03821607  -0.02184511  -0.00974518  -0.00342737  -0.00157543  -0.00089215   0.00128420   0.00502715   0.00822410   0.00883037   0.00686350   0.00439033   0.00365124   0.00511281   0.00719569   0.00782869   0.00634302   0.00400114   0.00276660   0.00351201   0.00529750   0.00630812   0.00552480   0.00359629   0.00217292   0.00237651   0.00381996   0.00502766   0.00481175   0.00332448   0.00185834   0.00163194   0.00269825   0.00394955   0.00416490   0.00311282   0.00171603   0.00117120   0.00186022   0.00304079   0.00356158   0.00291578   0.00167106   0.00091447   0.00125194   0.00228122   0.00299398   0.00270842   0.00167150   0.00080058   0.00083049   0.00165717   0.00246268   0.00247956   0.00168184   0.00078165   0.00055972   0.00115768   0.00197251   0.00222720   0.00167884   0.00081989   0.00040806   0.00077237   0.00152987   0.00195541   0.00164868   0.00088571   0.00034736   0.00049031   0.00114087   0.00167194   0.00158479   0.00095647   0.00035243   0.00029957   0.00081025   0.00138649   0.00148623   0.00101563   0.00040096   0.00018718   0.00054068   0.00110929   0.00135626   0.00105200   0.00047357   0.00013939   0.00033241   0.00085004   0.00120108   0.00105907 
 -0.00000001  -0.08380589  -0.28414755  -0.64004229  -1.08891553  -1.51148842  -1.81266367  -1.98115258  -2.08734472  -2.22383351  -2.43335185  -2.67613359  -2.85893087  -2.90359607  -2.80612177  -2.64542144  -2.53719423  -2.56536222  -2.73627092  -2.98240655  -3.20806036  -3.34378789  -3.37569971  -3.33688812  -3.27433630  -3.21739341  -3.16709437  -3.10742519  -3.02467764  -2.91898950  -2.80177765  -2.68469316  -2.57077567  -2.45436015  -2.32801672  -2.18958383  -2.04365604  -1.89743558  -1.75543359  -1.61759291  -1.48171325  -1.34726425  -1.21694821  -1.09486075  -0.98323432  -0.88078322  -0.78398708  -0.69001175  -0.59872750  -0.51232805  -0.43322623  -0.36222643  -0.29843518  -0.24066634  -0.18883656  -0.14405967  -0.10746980  -0.07894878  -0.05691958  -0.03932629  -0.02486899  -0.01342420  -0.00539363  -0.00068558   0.00171439   0.00324083   0.00483468   0.00646597   0.00748847   0.00745336   0.00663214   0.00581588   0.00563470   0.00604870   0.00645927   0.00630161   0.00555853   0.00474378   0.00440811   0.00464349   0.00503070   0.00504864   0.00454896   0.00386595   0.00348588   0.00359980   0.00394861   0.00408242   0.00377649   0.00322071   0.00282486   0.00283666   0.00312688   0.00332593   0.00317000   0.00273345   0.00234404   0.00227372   0.00249561   0.00272291   0.00268081   0.00235418   0.00198869   0.00185617   0.00200730   0.00223588   0.00227705   0.00204960   0.00172120   0.00154552   0.00162863   0.00183921   0.00193758   0.00179734   0.00151519   0.00131396   0.00133541   0.00151491   0.00164825   0.00158231   0.00135191   0.00114087   0.00110948   0.00124989   0.00139954   0.00139440   0.00121794   0.00101064   0.00093677   0.00103434   0.00118498   0.00122702   0.00110374   0.00091129   0.00080606   0.00086050   0.00100010   0.00107598   0.00100265   0.00083362   0.00070818   0.00072204   0.00084165   0.00093880   0.00091018   0.00077051   0.00063551   0.00061352   0.00070717   0.00081416   0.00082346 
 -0.00000002  -0.16399416  -0.38966943  -0.70286238  -1.07850465  -1.45509828  -1.77018949  -1.99571120  -2.15178867  -2.29034092  -2.45840090  -2.66424267  -2.86850609  -3.00732233  -3.03400217  -2.95319386  -2.82517451  -2.73627092  -2.75272827  -2.88578475  -3.08843145  -3.28426383  -3.40931162  -3.44138019  -3.40158713  -3.33160453  -3.26455768  -3.20856806  -3.15047578  -3.07265815  -2.96847323  -2.84573099  -2.71825871  -2.59436308  -2.47171824  -2.34163769  -2.19790361  -2.04247943  -1.88401814  -1.73137980  -1.58802407  -1.45158617  -1.31811711  -1.18671798  -1.06056689  -0.94392021  -0.83819115  -0.74070840  -0.64711844  -0.55516040  -0.46652004  -0.38533595  -0.31485523  -0.25515258  -0.20366641  -0.15777291  -0.11697779  -0.08287376  -0.05711656  -0.03937926  -0.02711440  -0.01724121  -0.00818521  -0.00049671   0.00436824   0.00589569   0.00532380   0.00477646   0.00559950   0.00742365   0.00874367   0.00841990   0.00673216   0.00509264   0.00475822   0.00574430   0.00689272   0.00697064   0.00577129   0.00424248   0.00358259   0.00416206   0.00523719   0.00566920   0.00495777   0.00365397   0.00281645   0.00304229   0.00395652   0.00459294   0.00428429   0.00324396   0.00233432   0.00226614   0.00296961   0.00369135   0.00369844   0.00293339   0.00203637   0.00174189   0.00221651   0.00293306   0.00317171   0.00267335   0.00185331   0.00140160   0.00165255   0.00229836   0.00269037   0.00243476   0.00173671   0.00119339   0.00124233   0.00177378   0.00224933   0.00220177   0.00165299   0.00107679   0.00095638   0.00134880   0.00184824   0.00196744   0.00157949   0.00102005   0.00076925   0.00101401   0.00148900   0.00173070   0.00150185   0.00099832   0.00065852   0.00076005   0.00117407   0.00149420   0.00141201   0.00099258   0.00060438   0.00057724   0.00090542   0.00126274   0.00130673   0.00098876   0.00058943   0.00045538   0.00068391   0.00104201   0.00118638   0.00097712   0.00059865   0.00038392   0.00050893 
