# coconut-me2b/v0.99.21 
# 
# momentum space matrix elements 
# partial wave J=2, L=1/1, S=1, T=1, MT=0 
# 
# momentum grid [fm^-1]
0.000000 0.066667 0.133333 0.200000 0.266667 0.333333 0.400000 0.466667 0.533333 0.600000 0.666667 0.733333 0.800000 0.866667 0.933333 1.000000 1.066667 1.133333 1.200000 1.266667 1.333333 1.400000 1.466667 1.533333 1.600000 1.666667 1.733333 1.800000 1.866667 1.933333 2.000000 2.066667 2.133333 2.200000 2.266667 2.333333 2.400000 2.466667 2.533333 2.600000 2.666667 2.733333 2.800000 2.866667 2.933333 3.000000 3.066667 3.133333 3.200000 3.266667 3.333333 3.400000 3.466667 3.533333 3.600000 3.666667 3.733333 3.800000 3.866667 3.933333 4.000000 4.066667 4.133333 4.200000 4.266667 4.333333 4.400000 4.466667 4.533333 4.600000 4.666667 4.733333 4.800000 4.866667 4.933333 5.000000 5.066667 5.133333 5.200000 5.266667 5.333333 5.400000 5.466667 5.533333 5.600000 5.666667 5.733333 5.800000 5.866667 5.933333 6.000000 6.066667 6.133333 6.200000 6.266667 6.333333 6.400000 6.466667 6.533333 6.600000 6.666667 6.733333 6.800000 6.866667 6.933333 7.000000 7.066667 7.133333 7.200000 7.266667 7.333333 7.400000 7.466667 7.533333 7.600000 7.666667 7.733333 7.800000 7.866667 7.933333 8.000000 8.066667 8.133333 8.200000 8.266667 8.333333 8.400000 8.466667 8.533333 8.600000 8.666667 8.733333 8.800000 8.866667 8.933333 9.000000 9.066667 9.133333 9.200000 9.266667 9.333333 9.400000 9.466667 9.533333 9.600000 9.666667 9.733333 9.800000 9.866667 9.933333 10.000000 
#
# matrix elements [MeV fm^3] 
 -0.00044144  -0.00000000  -0.00000001  -0.00000001  -0.00000002  -0.00000002  -0.00000003  -0.00000003  -0.00000004  -0.00000004  -0.00000004  -0.00000004  -0.00000005  -0.00000005  -0.00000005  -0.00000005  -0.00000005  -0.00000005  -0.00000005  -0.00000005  -0.00000004  -0.00000004  -0.00000004  -0.00000004  -0.00000004  -0.00000004  -0.00000003  -0.00000003  -0.00000003  -0.00000003  -0.00000003  -0.00000002  -0.00000002  -0.00000002  -0.00000002  -0.00000002  -0.00000002  -0.00000001  -0.00000001  -0.00000001  -0.00000001  -0.00000001  -0.00000001  -0.00000001  -0.00000001  -0.00000001  -0.00000001  -0.00000001  -0.00000000  -0.00000000  -0.00000000  -0.00000000  -0.00000000  -0.00000000  -0.00000000  -0.00000000  -0.00000000  -0.00000000  -0.00000000  -0.00000000  -0.00000000  -0.00000000  -0.00000000  -0.00000000  -0.00000000  -0.00000000  -0.00000000  -0.00000000  -0.00000000  -0.00000000  -0.00000000  -0.00000000  -0.00000000  -0.00000000  -0.00000000  -0.00000000  -0.00000000  -0.00000000  -0.00000000  -0.00000000  -0.00000000  -0.00000000  -0.00000000  -0.00000000  -0.00000000  -0.00000000  -0.00000000  -0.00000000  -0.00000000  -0.00000000  -0.00000000  -0.00000000  -0.00000000  -0.00000000  -0.00000000  -0.00000000  -0.00000000  -0.00000000  -0.00000000  -0.00000000  -0.00000000  -0.00000000  -0.00000000  -0.00000000  -0.00000000  -0.00000000  -0.00000000  -0.00000000  -0.00000000  -0.00000000  -0.00000000  -0.00000000  -0.00000000  -0.00000000  -0.00000000  -0.00000000  -0.00000000  -0.00000000  -0.00000000  -0.00000000  -0.00000000  -0.00000000  -0.00000000  -0.00000000  -0.00000000  -0.00000000  -0.00000000  -0.00000000  -0.00000000  -0.00000000  -0.00000000  -0.00000000  -0.00000000  -0.00000000  -0.00000000  -0.00000000  -0.00000000  -0.00000000  -0.00000000  -0.00000000  -0.00000000  -0.00000000  -0.00000000  -0.00000000  -0.00000000  -0.00000000  -0.00000000  -0.00000000  -0.00000000  -0.00000000  -0.00000000 
 -0.00000000  -0.02942541  -0.05932883  -0.08993085  -0.12105255  -0.15213448  -0.18237748  -0.21092354  -0.23700605  -0.26003711  -0.27963461  -0.29560856  -0.30792771  -0.31668156  -0.32204609  -0.32425603  -0.32358415  -0.32032612  -0.31478960  -0.30728620  -0.29812525  -0.28760868  -0.27602634  -0.26365174  -0.25073794  -0.23751359  -0.22417948  -0.21090559  -0.19782912  -0.18505387  -0.17265123  -0.16066321  -0.14910768  -0.13798571  -0.12729060  -0.11701752  -0.10717255  -0.09777872  -0.08887734  -0.08052287  -0.07277114  -0.06566297  -0.05920760  -0.05337181  -0.04808034  -0.04322939  -0.03870985  -0.03443206  -0.03034301  -0.02643035  -0.02271424  -0.01923291  -0.01602824  -0.01313556  -0.01057801  -0.00836456  -0.00649035  -0.00493842  -0.00368225  -0.00268879  -0.00192146  -0.00134293  -0.00091733  -0.00061201  -0.00039853  -0.00025312  -0.00015669  -0.00009447  -0.00005544  -0.00003164  -0.00001755  -0.00000945  -0.00000494  -0.00000250  -0.00000123  -0.00000058  -0.00000027  -0.00000012  -0.00000005  -0.00000002  -0.00000001  -0.00000000  -0.00000000  -0.00000000  -0.00000000  -0.00000000  -0.00000000  -0.00000000  -0.00000000  -0.00000000  -0.00000000  -0.00000000  -0.00000000  -0.00000000  -0.00000000  -0.00000000  -0.00000000  -0.00000000  -0.00000000  -0.00000000  -0.00000000  -0.00000000  -0.00000000  -0.00000000  -0.00000000  -0.00000000  -0.00000000  -0.00000000  -0.00000000  -0.00000000  -0.00000000  -0.00000000  -0.00000000  -0.00000000  -0.00000000  -0.00000000  -0.00000000  -0.00000000  -0.00000000  -0.00000000  -0.00000000  -0.00000000  -0.00000000  -0.00000000  -0.00000000  -0.00000000  -0.00000000  -0.00000000  -0.00000000  -0.00000000  -0.00000000  -0.00000000  -0.00000000  -0.00000000  -0.00000000  -0.00000000  -0.00000000  -0.00000000  -0.00000000  -0.00000000  -0.00000000  -0.00000000  -0.00000000  -0.00000000  -0.00000000  -0.00000000  -0.00000000  -0.00000000  -0.00000000  -0.00000000  -0.00000000 
 -0.00000001  -0.05932883  -0.11939861  -0.18052445  -0.24234924  -0.30385570  -0.36358790  -0.41995752  -0.47151558  -0.51712432  -0.55602301  -0.58781525  -0.61241403  -0.62997302  -0.64082150  -0.64541031  -0.64427015  -0.63798081  -0.62714868  -0.61239008  -0.59431826  -0.57353273  -0.55060973  -0.52609345  -0.50048766  -0.47424782  -0.44777394  -0.42140478  -0.39541388  -0.37000817  -0.34533012  -0.32146366  -0.29844473  -0.27627588  -0.25494431  -0.23444128  -0.21477993  -0.19600752  -0.17820805  -0.16149187  -0.14597222  -0.13173238  -0.11879247  -0.10708773  -0.09646927  -0.08673096  -0.07765586  -0.06906577  -0.06085545  -0.05300078  -0.04554245  -0.03855701  -0.03212824  -0.02632662  -0.02119819  -0.01676059  -0.01300375  -0.00989339  -0.00737615  -0.00538563  -0.00384837  -0.00268945  -0.00183699  -0.00122550  -0.00079796  -0.00050678  -0.00031370  -0.00018913  -0.00011098  -0.00006334  -0.00003513  -0.00001892  -0.00000989  -0.00000501  -0.00000246  -0.00000117  -0.00000054  -0.00000024  -0.00000010  -0.00000004  -0.00000002  -0.00000001  -0.00000000  -0.00000000  -0.00000000  -0.00000000  -0.00000000  -0.00000000  -0.00000000  -0.00000000  -0.00000000  -0.00000000  -0.00000000  -0.00000000  -0.00000000  -0.00000000  -0.00000000  -0.00000000  -0.00000000  -0.00000000  -0.00000000  -0.00000000  -0.00000000  -0.00000000  -0.00000000  -0.00000000  -0.00000000  -0.00000000  -0.00000000  -0.00000000  -0.00000000  -0.00000000  -0.00000000  -0.00000000  -0.00000000  -0.00000000  -0.00000000  -0.00000000  -0.00000000  -0.00000000  -0.00000000  -0.00000000  -0.00000000  -0.00000000  -0.00000000  -0.00000000  -0.00000000  -0.00000000  -0.00000000  -0.00000000  -0.00000000  -0.00000000  -0.00000000  -0.00000000  -0.00000000  -0.00000000  -0.00000000  -0.00000000  -0.00000000  -0.00000000  -0.00000000  -0.00000000  -0.00000000  -0.00000000  -0.00000000  -0.00000000  -0.00000000  -0.00000000  -0.00000000  -0.00000000  -0.00000000 
 -0.00000001  -0.08993085  -0.18052445  -0.27198024  -0.36374604  -0.45449597  -0.54234720  -0.62520296  -0.70109040  -0.76840322  -0.82601964  -0.87331421  -0.91010242  -0.93655588  -0.95311433  -0.96040830  -0.95919708  -0.95032150  -0.93466872  -0.91314566  -0.88665847  -0.85609540  -0.82231202  -0.78611741  -0.74826132  -0.70942211  -0.67019593  -0.63108785  -0.59250586  -0.55475881  -0.51805948  -0.48253357  -0.44823540  -0.41516980  -0.38331917  -0.35267249  -0.32325206  -0.29513177  -0.26844095  -0.24334880  -0.22002907  -0.19861078  -0.17912825  -0.16148855  -0.14547232  -0.13077409  -0.11707170  -0.10410052  -0.09170478  -0.07984969  -0.06859714  -0.05806230  -0.04837076  -0.03962788  -0.03190207  -0.02521905  -0.01956286  -0.01488118  -0.01109317  -0.00809840  -0.00578604  -0.00404309  -0.00276124  -0.00184188  -0.00119919  -0.00076153  -0.00047135  -0.00028416  -0.00016673  -0.00009514  -0.00005277  -0.00002842  -0.00001485  -0.00000752  -0.00000369  -0.00000176  -0.00000081  -0.00000036  -0.00000015  -0.00000006  -0.00000003  -0.00000001  -0.00000000  -0.00000000  -0.00000000  -0.00000000  -0.00000000  -0.00000000  -0.00000000  -0.00000000  -0.00000000  -0.00000000  -0.00000000  -0.00000000  -0.00000000  -0.00000000  -0.00000000  -0.00000000  -0.00000000  -0.00000000  -0.00000000  -0.00000000  -0.00000000  -0.00000000  -0.00000000  -0.00000000  -0.00000000  -0.00000000  -0.00000000  -0.00000000  -0.00000000  -0.00000000  -0.00000000  -0.00000000  -0.00000000  -0.00000000  -0.00000000  -0.00000000  -0.00000000  -0.00000000  -0.00000000  -0.00000000  -0.00000000  -0.00000000  -0.00000000  -0.00000000  -0.00000000  -0.00000000  -0.00000000  -0.00000000  -0.00000000  -0.00000000  -0.00000000  -0.00000000  -0.00000000  -0.00000000  -0.00000000  -0.00000000  -0.00000000  -0.00000000  -0.00000000  -0.00000000  -0.00000000  -0.00000000  -0.00000000  -0.00000000  -0.00000000  -0.00000000  -0.00000000  -0.00000000  -0.00000000 
 -0.00000002  -0.12105255  -0.24234924  -0.36374604  -0.48444652  -0.60294049  -0.71715204  -0.82473192  -0.92339147  -1.01118253  -1.08666917  -1.14898499  -1.19780274  -1.23325376  -1.25583009  -1.26629031  -1.26557930  -1.25476436  -1.23498604  -1.20742038  -1.17324933  -1.13363633  -1.08970520  -1.04252099  -0.99307208  -0.94225373  -0.89085335  -0.83953849  -0.78884868  -0.73919268  -0.69085242  -0.64399500  -0.59869352  -0.55495630  -0.51276277  -0.47210214  -0.43300890  -0.39558717  -0.36001559  -0.32652660  -0.29535913  -0.26669280  -0.24058121  -0.21690818  -0.19538872  -0.17562244  -0.15718588  -0.13973118  -0.12305447  -0.10711201  -0.09198788  -0.07783627  -0.06482451  -0.05309233  -0.04272983  -0.03376984  -0.02618950  -0.01991744  -0.01484427  -0.01083467  -0.00773956  -0.00540719  -0.00369226  -0.00246254  -0.00160305  -0.00101785  -0.00062993  -0.00037971  -0.00022277  -0.00012711  -0.00007049  -0.00003796  -0.00001983  -0.00001005  -0.00000493  -0.00000234  -0.00000108  -0.00000048  -0.00000021  -0.00000008  -0.00000003  -0.00000001  -0.00000000  -0.00000000  -0.00000000  -0.00000000  -0.00000000  -0.00000000  -0.00000000  -0.00000000  -0.00000000  -0.00000000  -0.00000000  -0.00000000  -0.00000000  -0.00000000  -0.00000000  -0.00000000  -0.00000000  -0.00000000  -0.00000000  -0.00000000  -0.00000000  -0.00000000  -0.00000000  -0.00000000  -0.00000000  -0.00000000  -0.00000000  -0.00000000  -0.00000000  -0.00000000  -0.00000000  -0.00000000  -0.00000000  -0.00000000  -0.00000000  -0.00000000  -0.00000000  -0.00000000  -0.00000000  -0.00000000  -0.00000000  -0.00000000  -0.00000000  -0.00000000  -0.00000000  -0.00000000  -0.00000000  -0.00000000  -0.00000000  -0.00000000  -0.00000000  -0.00000000  -0.00000000  -0.00000000  -0.00000000  -0.00000000  -0.00000000  -0.00000000  -0.00000000  -0.00000000  -0.00000000  -0.00000000  -0.00000000  -0.00000000  -0.00000000  -0.00000000  -0.00000000  -0.00000000  -0.00000000 
 -0.00000002  -0.15213448  -0.30385570  -0.45449597  -0.60294049  -0.74754842  -0.88621438  -1.01655841  -1.13619189  -1.24298548  -1.33527458  -1.41196852  -1.47256567  -1.51709982  -1.54604995  -1.56024007  -1.56074587  -1.54881557  -1.52580629  -1.49313373  -1.45223212  -1.40452119  -1.35137775  -1.29411029  -1.23393559  -1.17195743  -1.10914766  -1.04633092  -0.98417420  -0.92318325  -0.86370741  -0.80595459  -0.75001712  -0.69590823  -0.64360678  -0.59310548  -0.54445503  -0.49779448  -0.45335714  -0.41144446  -0.37236678  -0.33636085  -0.30350615  -0.27366994  -0.24650799  -0.22153088  -0.19821901  -0.17614558  -0.15506185  -0.13491736  -0.11581972  -0.09796263  -0.08155505  -0.06677046  -0.05371962  -0.04244127  -0.03290429  -0.02501686  -0.01863975  -0.01360148  -0.00971366  -0.00678487  -0.00463203  -0.00308871  -0.00201030  -0.00127622  -0.00078969  -0.00047594  -0.00027919  -0.00015928  -0.00008832  -0.00004755  -0.00002485  -0.00001259  -0.00000618  -0.00000294  -0.00000135  -0.00000060  -0.00000026  -0.00000011  -0.00000004  -0.00000002  -0.00000001  -0.00000000  -0.00000000  -0.00000000  -0.00000000  -0.00000000  -0.00000000  -0.00000000  -0.00000000  -0.00000000  -0.00000000  -0.00000000  -0.00000000  -0.00000000  -0.00000000  -0.00000000  -0.00000000  -0.00000000  -0.00000000  -0.00000000  -0.00000000  -0.00000000  -0.00000000  -0.00000000  -0.00000000  -0.00000000  -0.00000000  -0.00000000  -0.00000000  -0.00000000  -0.00000000  -0.00000000  -0.00000000  -0.00000000  -0.00000000  -0.00000000  -0.00000000  -0.00000000  -0.00000000  -0.00000000  -0.00000000  -0.00000000  -0.00000000  -0.00000000  -0.00000000  -0.00000000  -0.00000000  -0.00000000  -0.00000000  -0.00000000  -0.00000000  -0.00000000  -0.00000000  -0.00000000  -0.00000000  -0.00000000  -0.00000000  -0.00000000  -0.00000000  -0.00000000  -0.00000000  -0.00000000  -0.00000000  -0.00000000  -0.00000000  -0.00000000  -0.00000000  -0.00000000  -0.00000000 
 -0.00000003  -0.18237748  -0.36358790  -0.54234720  -0.71715204  -0.88621438  -1.04746070  -1.19861560  -1.33736481  -1.46156332  -1.56943583  -1.65972238  -1.73174496  -1.78539845  -1.82108720  -1.83963382  -1.84218171  -1.83010494  -1.80493114  -1.76827802  -1.72180161  -1.66715321  -1.60594253  -1.53970504  -1.46987242  -1.39774586  -1.32447267  -1.25102736  -1.17819890  -1.10658610  -1.03660329  -0.96849815  -0.90238262  -0.83827648  -0.77616088  -0.71603597  -0.65797367  -0.60215375  -0.54887077  -0.49850244  -0.45143826  -0.40798019  -0.36824192  -0.33208241  -0.29910613  -0.26874202  -0.24038074  -0.21352183  -0.18787574  -0.16338805  -0.14019146  -0.11851987  -0.09862364  -0.08070922  -0.06490679  -0.05125945  -0.03972615  -0.03019290  -0.02248896  -0.01640520  -0.01171260  -0.00817889  -0.00558231  -0.00372149  -0.00242161  -0.00153701  -0.00095088  -0.00057298  -0.00033605  -0.00019169  -0.00010627  -0.00005721  -0.00002989  -0.00001514  -0.00000743  -0.00000353  -0.00000162  -0.00000072  -0.00000031  -0.00000013  -0.00000005  -0.00000002  -0.00000001  -0.00000000  -0.00000000  -0.00000000  -0.00000000  -0.00000000  -0.00000000  -0.00000000  -0.00000000  -0.00000000  -0.00000000  -0.00000000  -0.00000000  -0.00000000  -0.00000000  -0.00000000  -0.00000000  -0.00000000  -0.00000000  -0.00000000  -0.00000000  -0.00000000  -0.00000000  -0.00000000  -0.00000000  -0.00000000  -0.00000000  -0.00000000  -0.00000000  -0.00000000  -0.00000000  -0.00000000  -0.00000000  -0.00000000  -0.00000000  -0.00000000  -0.00000000  -0.00000000  -0.00000000  -0.00000000  -0.00000000  -0.00000000  -0.00000000  -0.00000000  -0.00000000  -0.00000000  -0.00000000  -0.00000000  -0.00000000  -0.00000000  -0.00000000  -0.00000000  -0.00000000  -0.00000000  -0.00000000  -0.00000000  -0.00000000  -0.00000000  -0.00000000  -0.00000000  -0.00000000  -0.00000000  -0.00000000  -0.00000000  -0.00000000  -0.00000000  -0.00000000  -0.00000000  -0.00000000 
 -0.00000003  -0.21092354  -0.41995752  -0.62520296  -0.82473192  -1.01655841  -1.19861560  -1.36876556  -1.52486376  -1.66488056  -1.78705629  -1.89004969  -1.97304204  -2.03577713  -2.07853957  -2.10208874  -2.10757008  -2.09642174  -2.07028765  -2.03094183  -1.98022426  -1.91998679  -1.85204657  -1.77814512  -1.69991180  -1.61883105  -1.53621405  -1.45317599  -1.37062063  -1.28923467  -1.20949413  -1.13168490  -1.05593866  -0.98228351  -0.91070610  -0.84121862  -0.77392001  -0.70903770  -0.64693530  -0.58807540  -0.53293587  -0.48189358  -0.43510636  -0.39243472  -0.35344138  -0.31748236  -0.28386630  -0.25202534  -0.22163386  -0.19263678  -0.16519379  -0.13957965  -0.11608593  -0.09495103  -0.07632308  -0.06024768  -0.04667182  -0.03545734  -0.02640003  -0.01925133  -0.01373998  -0.00959159  -0.00654457  -0.00436178  -0.00283752  -0.00180055  -0.00111367  -0.00067093  -0.00039342  -0.00022437  -0.00012437  -0.00006694  -0.00003497  -0.00001771  -0.00000869  -0.00000413  -0.00000190  -0.00000084  -0.00000036  -0.00000015  -0.00000006  -0.00000002  -0.00000001  -0.00000000  -0.00000000  -0.00000000  -0.00000000  -0.00000000  -0.00000000  -0.00000000  -0.00000000  -0.00000000  -0.00000000  -0.00000000  -0.00000000  -0.00000000  -0.00000000  -0.00000000  -0.00000000  -0.00000000  -0.00000000  -0.00000000  -0.00000000  -0.00000000  -0.00000000  -0.00000000  -0.00000000  -0.00000000  -0.00000000  -0.00000000  -0.00000000  -0.00000000  -0.00000000  -0.00000000  -0.00000000  -0.00000000  -0.00000000  -0.00000000  -0.00000000  -0.00000000  -0.00000000  -0.00000000  -0.00000000  -0.00000000  -0.00000000  -0.00000000  -0.00000000  -0.00000000  -0.00000000  -0.00000000  -0.00000000  -0.00000000  -0.00000000  -0.00000000  -0.00000000  -0.00000000  -0.00000000  -0.00000000  -0.00000000  -0.00000000  -0.00000000  -0.00000000  -0.00000000  -0.00000000  -0.00000000  -0.00000000  -0.00000000  -0.00000000  -0.00000000  -0.00000000  -0.00000000 
 -0.00000004  -0.23700605  -0.47151558  -0.70109040  -0.92339147  -1.13619189  -1.33736481  -1.52486376  -1.69672128  -1.85108878  -1.98632269  -2.10109960  -2.19452783  -2.26622346  -2.31633371  -2.34550866  -2.35483537  -2.34575247  -2.31996032  -2.27933628  -2.22585919  -2.16154369  -2.08838305  -2.00829896  -1.92309695  -1.83442704  -1.74374981  -1.65230948  -1.56111556  -1.47093595  -1.38230394  -1.29554137  -1.21079944  -1.12811626  -1.04748748  -0.96894247  -0.89261378  -0.81878439  -0.74789601  -0.68050603  -0.61719136  -0.55841504  -0.50439050  -0.45499130  -0.40974940  -0.36795806  -0.32885271  -0.29180541  -0.25645993  -0.22276425  -0.19090720  -0.16120517  -0.13399058  -0.10953268  -0.08799572  -0.06942571  -0.05375537  -0.04081997  -0.03037962  -0.02214428  -0.01579868  -0.01102476  -0.00751993  -0.00501024  -0.00325841  -0.00206705  -0.00127816  -0.00076984  -0.00045132  -0.00025734  -0.00014261  -0.00007675  -0.00004008  -0.00002030  -0.00000996  -0.00000473  -0.00000217  -0.00000096  -0.00000041  -0.00000017  -0.00000007  -0.00000003  -0.00000001  -0.00000000  -0.00000000  -0.00000000  -0.00000000  -0.00000000  -0.00000000  -0.00000000  -0.00000000  -0.00000000  -0.00000000  -0.00000000  -0.00000000  -0.00000000  -0.00000000  -0.00000000  -0.00000000  -0.00000000  -0.00000000  -0.00000000  -0.00000000  -0.00000000  -0.00000000  -0.00000000  -0.00000000  -0.00000000  -0.00000000  -0.00000000  -0.00000000  -0.00000000  -0.00000000  -0.00000000  -0.00000000  -0.00000000  -0.00000000  -0.00000000  -0.00000000  -0.00000000  -0.00000000  -0.00000000  -0.00000000  -0.00000000  -0.00000000  -0.00000000  -0.00000000  -0.00000000  -0.00000000  -0.00000000  -0.00000000  -0.00000000  -0.00000000  -0.00000000  -0.00000000  -0.00000000  -0.00000000  -0.00000000  -0.00000000  -0.00000000  -0.00000000  -0.00000000  -0.00000000  -0.00000000  -0.00000000  -0.00000000  -0.00000000  -0.00000000  -0.00000000  -0.00000000  -0.00000000 
 -0.00000004  -0.26003711  -0.51712432  -0.76840322  -1.01118253  -1.24298548  -1.46156332  -1.66488056  -1.85108878  -2.01851332  -2.16567371  -2.29134411  -2.39463982  -2.47510258  -2.53275713  -2.56812333  -2.58218392  -2.57631943  -2.55222525  -2.51182408  -2.45718198  -2.39043195  -2.31370581  -2.22907399  -2.13849205  -2.04375387  -1.94645165  -1.84794420  -1.74933550  -1.65146622  -1.55492113  -1.46005487  -1.36703737  -1.27591824  -1.18670578  -1.09945210  -1.01433065  -0.93168879  -0.85205642  -0.77609696  -0.70449847  -0.63782282  -0.57635211  -0.51998589  -0.46823784  -0.42034996  -0.37549450  -0.33299152  -0.29246042  -0.25385636  -0.21739966  -0.18344917  -0.15237772  -0.12448403  -0.09994649  -0.07880907  -0.06098756  -0.04628809  -0.03443255  -0.02508714  -0.01789061  -0.01247957  -0.00850905  -0.00566726  -0.00368447  -0.00233661  -0.00144443  -0.00086975  -0.00050975  -0.00029059  -0.00016100  -0.00008662  -0.00004523  -0.00002290  -0.00001123  -0.00000533  -0.00000245  -0.00000109  -0.00000047  -0.00000019  -0.00000008  -0.00000003  -0.00000001  -0.00000000  -0.00000000  -0.00000000  -0.00000000  -0.00000000  -0.00000000  -0.00000000  -0.00000000  -0.00000000  -0.00000000  -0.00000000  -0.00000000  -0.00000000  -0.00000000  -0.00000000  -0.00000000  -0.00000000  -0.00000000  -0.00000000  -0.00000000  -0.00000000  -0.00000000  -0.00000000  -0.00000000  -0.00000000  -0.00000000  -0.00000000  -0.00000000  -0.00000000  -0.00000000  -0.00000000  -0.00000000  -0.00000000  -0.00000000  -0.00000000  -0.00000000  -0.00000000  -0.00000000  -0.00000000  -0.00000000  -0.00000000  -0.00000000  -0.00000000  -0.00000000  -0.00000000  -0.00000000  -0.00000000  -0.00000000  -0.00000000  -0.00000000  -0.00000000  -0.00000000  -0.00000000  -0.00000000  -0.00000000  -0.00000000  -0.00000000  -0.00000000  -0.00000000  -0.00000000  -0.00000000  -0.00000000  -0.00000000  -0.00000000  -0.00000000  -0.00000000  -0.00000000  -0.00000000 
 -0.00000004  -0.27963461  -0.55602301  -0.82601964  -1.08666917  -1.33527458  -1.56943583  -1.78705629  -1.98632269  -2.16567371  -2.32377856  -2.45954436  -2.57215820  -2.66115297  -2.72647320  -2.76851698  -2.78813952  -2.78661772  -2.76558522  -2.72695070  -2.67281113  -2.60536739  -2.52684613  -2.43942924  -2.34519098  -2.24604293  -2.14368731  -2.03957999  -1.93490549  -1.83056675  -1.72719271  -1.62516641  -1.52467501  -1.42578078  -1.32850826  -1.23293815  -1.13929268  -1.04799320  -0.95966898  -0.87510183  -0.79510437  -0.72035141  -0.65120819  -0.58761471  -0.52908023  -0.47480822  -0.42391881  -0.37568915  -0.32972097  -0.28598119  -0.24472414  -0.20635191  -0.17127724  -0.13982674  -0.11219065  -0.08840818  -0.06837532  -0.05186611  -0.03856152  -0.02808149  -0.02001663  -0.01395644  -0.00951210  -0.00633286  -0.00411571  -0.00260919  -0.00161241  -0.00097060  -0.00056870  -0.00032410  -0.00017952  -0.00009657  -0.00005041  -0.00002552  -0.00001251  -0.00000594  -0.00000273  -0.00000121  -0.00000052  -0.00000021  -0.00000009  -0.00000003  -0.00000001  -0.00000000  -0.00000000  -0.00000000  -0.00000000  -0.00000000  -0.00000000  -0.00000000  -0.00000000  -0.00000000  -0.00000000  -0.00000000  -0.00000000  -0.00000000  -0.00000000  -0.00000000  -0.00000000  -0.00000000  -0.00000000  -0.00000000  -0.00000000  -0.00000000  -0.00000000  -0.00000000  -0.00000000  -0.00000000  -0.00000000  -0.00000000  -0.00000000  -0.00000000  -0.00000000  -0.00000000  -0.00000000  -0.00000000  -0.00000000  -0.00000000  -0.00000000  -0.00000000  -0.00000000  -0.00000000  -0.00000000  -0.00000000  -0.00000000  -0.00000000  -0.00000000  -0.00000000  -0.00000000  -0.00000000  -0.00000000  -0.00000000  -0.00000000  -0.00000000  -0.00000000  -0.00000000  -0.00000000  -0.00000000  -0.00000000  -0.00000000  -0.00000000  -0.00000000  -0.00000000  -0.00000000  -0.00000000  -0.00000000  -0.00000000  -0.00000000  -0.00000000  -0.00000000  -0.00000000 
 -0.00000004  -0.29560856  -0.58781525  -0.87331421  -1.14898499  -1.41196852  -1.65972238  -1.89004969  -2.10109960  -2.29134411  -2.45954436  -2.60472483  -2.72617199  -2.82346320  -2.89651660  -2.94564172  -2.97156936  -2.97544772  -2.95880357  -2.92347632  -2.87153628  -2.80519743  -2.72673189  -2.63838996  -2.54232778  -2.44054364  -2.33482394  -2.22670052  -2.11742161  -2.00793950  -1.89891806  -1.79076301  -1.68367625  -1.57773327  -1.47297829  -1.36952656  -1.26765744  -1.16787654  -1.07092454  -0.97771513  -0.88920007  -0.80618255  -0.72912677  -0.65802895  -0.59240914  -0.53144615  -0.47422012  -0.41997507  -0.36830240  -0.31918564  -0.27291574  -0.22993887  -0.19070697  -0.15557275  -0.12473578  -0.09822754  -0.07592103  -0.05755507  -0.04276673  -0.03112709  -0.02217632  -0.01545491  -0.01052868  -0.00700672  -0.00455184  -0.00288461  -0.00178199  -0.00107233  -0.00062811  -0.00035786  -0.00019816  -0.00010657  -0.00005562  -0.00002815  -0.00001380  -0.00000655  -0.00000301  -0.00000133  -0.00000057  -0.00000024  -0.00000009  -0.00000004  -0.00000001  -0.00000000  -0.00000000  -0.00000000  -0.00000000  -0.00000000  -0.00000000  -0.00000000  -0.00000000  -0.00000000  -0.00000000  -0.00000000  -0.00000000  -0.00000000  -0.00000000  -0.00000000  -0.00000000  -0.00000000  -0.00000000  -0.00000000  -0.00000000  -0.00000000  -0.00000000  -0.00000000  -0.00000000  -0.00000000  -0.00000000  -0.00000000  -0.00000000  -0.00000000  -0.00000000  -0.00000000  -0.00000000  -0.00000000  -0.00000000  -0.00000000  -0.00000000  -0.00000000  -0.00000000  -0.00000000  -0.00000000  -0.00000000  -0.00000000  -0.00000000  -0.00000000  -0.00000000  -0.00000000  -0.00000000  -0.00000000  -0.00000000  -0.00000000  -0.00000000  -0.00000000  -0.00000000  -0.00000000  -0.00000000  -0.00000000  -0.00000000  -0.00000000  -0.00000000  -0.00000000  -0.00000000  -0.00000000  -0.00000000  -0.00000000  -0.00000000  -0.00000000  -0.00000000  -0.00000000 
 -0.00000005  -0.30792771  -0.61241403  -0.91010242  -1.19780274  -1.47256567  -1.73174496  -1.97304204  -2.19452783  -2.39463982  -2.57215820  -2.72617199  -2.85605109  -2.96143895  -3.04227127  -3.09881301  -3.13169609  -3.14193856  -3.13093357  -3.10040651  -3.05234705  -2.98892630  -2.91240845  -2.82506394  -2.72908859  -2.62653127  -2.51923222  -2.40877418  -2.29644893  -2.18324250  -2.06984232  -1.95666933  -1.84393651  -1.73173238  -1.62012383  -1.50926668  -1.39950590  -1.29144228  -1.18594063  -1.08406093  -0.98690975  -0.89543524  -0.81021761  -0.73132636  -0.65830862  -0.59033359  -0.52645437  -0.46589237  -0.40823642  -0.35349178  -0.30198877  -0.25421831  -0.21067070  -0.17172277  -0.13758064  -0.10826478  -0.08362184  -0.06335208  -0.04704555  -0.03422168  -0.02436784  -0.01697353  -0.01155770  -0.00768804  -0.00499233  -0.00316249  -0.00195292  -0.00117477  -0.00068788  -0.00039179  -0.00021688  -0.00011661  -0.00006084  -0.00003078  -0.00001509  -0.00000716  -0.00000329  -0.00000146  -0.00000062  -0.00000026  -0.00000010  -0.00000004  -0.00000001  -0.00000001  -0.00000000  -0.00000000  -0.00000000  -0.00000000  -0.00000000  -0.00000000  -0.00000000  -0.00000000  -0.00000000  -0.00000000  -0.00000000  -0.00000000  -0.00000000  -0.00000000  -0.00000000  -0.00000000  -0.00000000  -0.00000000  -0.00000000  -0.00000000  -0.00000000  -0.00000000  -0.00000000  -0.00000000  -0.00000000  -0.00000000  -0.00000000  -0.00000000  -0.00000000  -0.00000000  -0.00000000  -0.00000000  -0.00000000  -0.00000000  -0.00000000  -0.00000000  -0.00000000  -0.00000000  -0.00000000  -0.00000000  -0.00000000  -0.00000000  -0.00000000  -0.00000000  -0.00000000  -0.00000000  -0.00000000  -0.00000000  -0.00000000  -0.00000000  -0.00000000  -0.00000000  -0.00000000  -0.00000000  -0.00000000  -0.00000000  -0.00000000  -0.00000000  -0.00000000  -0.00000000  -0.00000000  -0.00000000  -0.00000000  -0.00000000  -0.00000000  -0.00000000  -0.00000000 
 -0.00000005  -0.31668156  -0.62997302  -0.93655588  -1.23325376  -1.51709982  -1.78539845  -2.03577713  -2.26622346  -2.47510258  -2.66115297  -2.82346320  -2.96143895  -3.07477404  -3.16343848  -3.22768865  -3.26809313  -3.28555866  -3.28133935  -3.25701831  -3.21446013  -3.15574023  -3.08306031  -2.99865901  -2.90472476  -2.80331583  -2.69629120  -2.58525525  -2.47151954  -2.35608516  -2.23964922  -2.12263856  -2.00527208  -1.88765016  -1.76986478  -1.65211802  -1.53482911  -1.41870516  -1.30474848  -1.19418045  -1.08827901  -0.98815480  -0.89452222  -0.80754210  -0.72680606  -0.65148962  -0.58063261  -0.51344492  -0.44952096  -0.38889301  -0.33193347  -0.27917863  -0.23115612  -0.18826463  -0.15071381  -0.11850972  -0.09146900  -0.06924985  -0.05139211  -0.03736067  -0.02658770  -0.01850976  -0.01259732  -0.00837556  -0.00543632  -0.00344227  -0.00212483  -0.00127770  -0.00074789  -0.00042582  -0.00023565  -0.00012666  -0.00006606  -0.00003341  -0.00001638  -0.00000777  -0.00000357  -0.00000158  -0.00000068  -0.00000028  -0.00000011  -0.00000004  -0.00000002  -0.00000001  -0.00000000  -0.00000000  -0.00000000  -0.00000000  -0.00000000  -0.00000000  -0.00000000  -0.00000000  -0.00000000  -0.00000000  -0.00000000  -0.00000000  -0.00000000  -0.00000000  -0.00000000  -0.00000000  -0.00000000  -0.00000000  -0.00000000  -0.00000000  -0.00000000  -0.00000000  -0.00000000  -0.00000000  -0.00000000  -0.00000000  -0.00000000  -0.00000000  -0.00000000  -0.00000000  -0.00000000  -0.00000000  -0.00000000  -0.00000000  -0.00000000  -0.00000000  -0.00000000  -0.00000000  -0.00000000  -0.00000000  -0.00000000  -0.00000000  -0.00000000  -0.00000000  -0.00000000  -0.00000000  -0.00000000  -0.00000000  -0.00000000  -0.00000000  -0.00000000  -0.00000000  -0.00000000  -0.00000000  -0.00000000  -0.00000000  -0.00000000  -0.00000000  -0.00000000  -0.00000000  -0.00000000  -0.00000000  -0.00000000  -0.00000000  -0.00000000  -0.00000000  -0.00000000 
 -0.00000005  -0.32204609  -0.64082150  -0.95311433  -1.25583009  -1.54604995  -1.82108720  -2.07853957  -2.31633371  -2.53275713  -2.72647320  -2.89651660  -3.04227127  -3.16343848  -3.26000710  -3.33223751  -3.38066399  -3.40611022  -3.40970429  -3.39287812  -3.35734170  -3.30503059  -3.23803239  -3.15850082  -3.06856643  -2.97025133  -2.86539351  -2.75558533  -2.64213047  -2.52602309  -2.40795339  -2.28834253  -2.16740853  -2.04526115  -1.92201909  -1.79793590  -1.67351357  -1.54957677  -1.42727898  -1.30801860  -1.19326214  -1.08430110  -0.98200299  -0.88663898  -0.79786343  -0.71487489  -0.63671434  -0.56259166  -0.49211532  -0.42534996  -0.36271272  -0.30478572  -0.25213263  -0.20517158  -0.16411249  -0.12894333  -0.09944704  -0.07523613  -0.05579690  -0.04053688  -0.02883062  -0.02005978  -0.01364489  -0.00906745  -0.00588259  -0.00372317  -0.00229724  -0.00138082  -0.00080794  -0.00045985  -0.00025439  -0.00013669  -0.00007127  -0.00003604  -0.00001766  -0.00000838  -0.00000384  -0.00000170  -0.00000073  -0.00000030  -0.00000012  -0.00000005  -0.00000002  -0.00000001  -0.00000000  -0.00000000  -0.00000000  -0.00000000  -0.00000000  -0.00000000  -0.00000000  -0.00000000  -0.00000000  -0.00000000  -0.00000000  -0.00000000  -0.00000000  -0.00000000  -0.00000000  -0.00000000  -0.00000000  -0.00000000  -0.00000000  -0.00000000  -0.00000000  -0.00000000  -0.00000000  -0.00000000  -0.00000000  -0.00000000  -0.00000000  -0.00000000  -0.00000000  -0.00000000  -0.00000000  -0.00000000  -0.00000000  -0.00000000  -0.00000000  -0.00000000  -0.00000000  -0.00000000  -0.00000000  -0.00000000  -0.00000000  -0.00000000  -0.00000000  -0.00000000  -0.00000000  -0.00000000  -0.00000000  -0.00000000  -0.00000000  -0.00000000  -0.00000000  -0.00000000  -0.00000000  -0.00000000  -0.00000000  -0.00000000  -0.00000000  -0.00000000  -0.00000000  -0.00000000  -0.00000000  -0.00000000  -0.00000000  -0.00000000  -0.00000000  -0.00000000  -0.00000000 
 -0.00000005  -0.32425603  -0.64541031  -0.96040830  -1.26629031  -1.56024007  -1.83963382  -2.10208874  -2.34550866  -2.56812333  -2.76851698  -2.94564172  -3.09881301  -3.22768865  -3.33223751  -3.41270863  -3.46961091  -3.50370799  -3.51602383  -3.50784718  -3.48072153  -3.43641207  -3.37684853  -3.30404936  -3.22003583  -3.12674517  -3.02595057  -2.91919457  -2.80774130  -2.69255254  -2.57429195  -2.45336104  -2.32996812  -2.20422842  -2.07628788  -1.94645603  -1.81532562  -1.68385005  -1.55334762  -1.42540964  -1.30170873  -1.18373608  -1.07253189  -0.96849727  -0.87136822  -0.78038362  -0.69460052  -0.61324068  -0.53593515  -0.46278632  -0.39425859  -0.33098013  -0.27354918  -0.22240059  -0.17774112  -0.13953684  -0.10753312  -0.08129318  -0.06024647  -0.04374032  -0.03108933  -0.02161845  -0.01469682  -0.00976130  -0.00632955  -0.00400416  -0.00246951  -0.00148374  -0.00086781  -0.00049374  -0.00027305  -0.00014666  -0.00007645  -0.00003864  -0.00001893  -0.00000898  -0.00000412  -0.00000183  -0.00000078  -0.00000032  -0.00000013  -0.00000005  -0.00000002  -0.00000001  -0.00000000  -0.00000000  -0.00000000  -0.00000000  -0.00000000  -0.00000000  -0.00000000  -0.00000000  -0.00000000  -0.00000000  -0.00000000  -0.00000000  -0.00000000  -0.00000000  -0.00000000  -0.00000000  -0.00000000  -0.00000000  -0.00000000  -0.00000000  -0.00000000  -0.00000000  -0.00000000  -0.00000000  -0.00000000  -0.00000000  -0.00000000  -0.00000000  -0.00000000  -0.00000000  -0.00000000  -0.00000000  -0.00000000  -0.00000000  -0.00000000  -0.00000000  -0.00000000  -0.00000000  -0.00000000  -0.00000000  -0.00000000  -0.00000000  -0.00000000  -0.00000000  -0.00000000  -0.00000000  -0.00000000  -0.00000000  -0.00000000  -0.00000000  -0.00000000  -0.00000000  -0.00000000  -0.00000000  -0.00000000  -0.00000000  -0.00000000  -0.00000000  -0.00000000  -0.00000000  -0.00000000  -0.00000000  -0.00000000  -0.00000000  -0.00000000  -0.00000000  -0.00000000 
 -0.00000005  -0.32358415  -0.64427015  -0.95919708  -1.26557930  -1.56074587  -1.84218171  -2.10757008  -2.35483537  -2.58218392  -2.78813952  -2.97156936  -3.13169609  -3.26809313  -3.38066399  -3.46961091  -3.53540211  -3.57874683  -3.60058274  -3.60207182  -3.58459481  -3.54973222  -3.49922477  -3.43491260  -3.35865886  -3.27226644  -3.17739725  -3.07550251  -2.96777143  -2.85510432  -2.73811562  -2.61717047  -2.49245652  -2.36408883  -2.23223970  -2.09727815  -1.95989506  -1.82118310  -1.68263888  -1.54606230  -1.41334971  -1.28621098  -1.16587880  -1.05290420  -0.94712414  -0.84783552  -0.75412664  -0.66524321  -0.58084745  -0.50108470  -0.42646898  -0.35767444  -0.29533214  -0.23989071  -0.19155013  -0.15025070  -0.11569633  -0.08739728  -0.06472300  -0.04695789  -0.03335442  -0.02317914  -0.01574859  -0.01045406  -0.00677521  -0.00428397  -0.00264085  -0.00158598  -0.00092723  -0.00052733  -0.00029151  -0.00015652  -0.00008156  -0.00004122  -0.00002018  -0.00000957  -0.00000439  -0.00000194  -0.00000083  -0.00000034  -0.00000014  -0.00000005  -0.00000002  -0.00000001  -0.00000000  -0.00000000  -0.00000000  -0.00000000  -0.00000000  -0.00000000  -0.00000000  -0.00000000  -0.00000000  -0.00000000  -0.00000000  -0.00000000  -0.00000000  -0.00000000  -0.00000000  -0.00000000  -0.00000000  -0.00000000  -0.00000000  -0.00000000  -0.00000000  -0.00000000  -0.00000000  -0.00000000  -0.00000000  -0.00000000  -0.00000000  -0.00000000  -0.00000000  -0.00000000  -0.00000000  -0.00000000  -0.00000000  -0.00000000  -0.00000000  -0.00000000  -0.00000000  -0.00000000  -0.00000000  -0.00000000  -0.00000000  -0.00000000  -0.00000000  -0.00000000  -0.00000000  -0.00000000  -0.00000000  -0.00000000  -0.00000000  -0.00000000  -0.00000000  -0.00000000  -0.00000000  -0.00000000  -0.00000000  -0.00000000  -0.00000000  -0.00000000  -0.00000000  -0.00000000  -0.00000000  -0.00000000  -0.00000000  -0.00000000  -0.00000000  -0.00000000  -0.00000000 
 -0.00000005  -0.32032612  -0.63798081  -0.95032150  -1.25476436  -1.54881557  -1.83010494  -2.09642174  -2.34575247  -2.57631943  -2.78661772  -2.97544772  -3.14193856  -3.28555866  -3.40611022  -3.50370799  -3.57874683  -3.63186628  -3.66392049  -3.67595808  -3.66920888  -3.64506896  -3.60507393  -3.55085431  -3.48407322  -3.40635234  -3.31919527  -3.22391812  -3.12159658  -3.01303716  -2.89877914  -2.77913185  -2.65424896  -2.52423767  -2.38929421  -2.24984930  -2.10669818  -1.96108263  -1.81469023  -1.66954472  -1.52778339  -1.39135350  -1.26169996  -1.13954373  -1.02484213  -0.91696792  -0.81505597  -0.71838796  -0.62666577  -0.54008273  -0.45920442  -0.38475066  -0.31738327  -0.25756151  -0.20547483  -0.16103380  -0.12389701  -0.09351829  -0.06920401  -0.05017318  -0.03561417  -0.02473367  -0.01679459  -0.01114201  -0.00721715  -0.00456106  -0.00281029  -0.00168696  -0.00098584  -0.00056043  -0.00030969  -0.00016622  -0.00008659  -0.00004374  -0.00002141  -0.00001015  -0.00000465  -0.00000206  -0.00000088  -0.00000036  -0.00000014  -0.00000006  -0.00000002  -0.00000001  -0.00000000  -0.00000000  -0.00000000  -0.00000000  -0.00000000  -0.00000000  -0.00000000  -0.00000000  -0.00000000  -0.00000000  -0.00000000  -0.00000000  -0.00000000  -0.00000000  -0.00000000  -0.00000000  -0.00000000  -0.00000000  -0.00000000  -0.00000000  -0.00000000  -0.00000000  -0.00000000  -0.00000000  -0.00000000  -0.00000000  -0.00000000  -0.00000000  -0.00000000  -0.00000000  -0.00000000  -0.00000000  -0.00000000  -0.00000000  -0.00000000  -0.00000000  -0.00000000  -0.00000000  -0.00000000  -0.00000000  -0.00000000  -0.00000000  -0.00000000  -0.00000000  -0.00000000  -0.00000000  -0.00000000  -0.00000000  -0.00000000  -0.00000000  -0.00000000  -0.00000000  -0.00000000  -0.00000000  -0.00000000  -0.00000000  -0.00000000  -0.00000000  -0.00000000  -0.00000000  -0.00000000  -0.00000000  -0.00000000  -0.00000000  -0.00000000  -0.00000000  -0.00000000 
 -0.00000005  -0.31478960  -0.62714868  -0.93466872  -1.23498604  -1.52580629  -1.80493114  -2.07028765  -2.31996032  -2.55222525  -2.76558522  -2.95880357  -3.13093357  -3.28133935  -3.40970429  -3.51602383  -3.60058274  -3.66392049  -3.70679242  -3.73013427  -3.73503462  -3.72271327  -3.69449830  -3.65179343  -3.59603089  -3.52861092  -3.45083444  -3.36383843  -3.26854455  -3.16563039  -3.05553132  -2.93847859  -2.81457603  -2.68391315  -2.54670580  -2.40344694  -2.25504105  -2.10288749  -1.94887648  -1.79526976  -1.64446189  -1.49865553  -1.35952701  -1.22798682  -1.10413187  -0.98742848  -0.87707329  -0.77239585  -0.67314591  -0.57956945  -0.49228524  -0.41205802  -0.33957801  -0.27531177  -0.21943436  -0.17182267  -0.13208629  -0.09961927  -0.07366216  -0.05336634  -0.03785447  -0.02627222  -0.01782816  -0.01182071  -0.00765248  -0.00483362  -0.00297673  -0.00178602  -0.00104326  -0.00059282  -0.00032746  -0.00017569  -0.00009149  -0.00004620  -0.00002261  -0.00001071  -0.00000491  -0.00000217  -0.00000093  -0.00000038  -0.00000015  -0.00000006  -0.00000002  -0.00000001  -0.00000000  -0.00000000  -0.00000000  -0.00000000  -0.00000000  -0.00000000  -0.00000000  -0.00000000  -0.00000000  -0.00000000  -0.00000000  -0.00000000  -0.00000000  -0.00000000  -0.00000000  -0.00000000  -0.00000000  -0.00000000  -0.00000000  -0.00000000  -0.00000000  -0.00000000  -0.00000000  -0.00000000  -0.00000000  -0.00000000  -0.00000000  -0.00000000  -0.00000000  -0.00000000  -0.00000000  -0.00000000  -0.00000000  -0.00000000  -0.00000000  -0.00000000  -0.00000000  -0.00000000  -0.00000000  -0.00000000  -0.00000000  -0.00000000  -0.00000000  -0.00000000  -0.00000000  -0.00000000  -0.00000000  -0.00000000  -0.00000000  -0.00000000  -0.00000000  -0.00000000  -0.00000000  -0.00000000  -0.00000000  -0.00000000  -0.00000000  -0.00000000  -0.00000000  -0.00000000  -0.00000000  -0.00000000  -0.00000000  -0.00000000  -0.00000000  -0.00000000  -0.00000000 
