# coconut-me2b/v0.99.21 
# 
# momentum space matrix elements 
# partial wave J=0, L=0/0, S=0, T=1, MT=0 
# 
# momentum grid [fm^-1]
0.000000 0.066667 0.133333 0.200000 0.266667 0.333333 0.400000 0.466667 0.533333 0.600000 0.666667 0.733333 0.800000 0.866667 0.933333 1.000000 1.066667 1.133333 1.200000 1.266667 1.333333 1.400000 1.466667 1.533333 1.600000 1.666667 1.733333 1.800000 1.866667 1.933333 2.000000 2.066667 2.133333 2.200000 2.266667 2.333333 2.400000 2.466667 2.533333 2.600000 2.666667 2.733333 2.800000 2.866667 2.933333 3.000000 3.066667 3.133333 3.200000 3.266667 3.333333 3.400000 3.466667 3.533333 3.600000 3.666667 3.733333 3.800000 3.866667 3.933333 4.000000 4.066667 4.133333 4.200000 4.266667 4.333333 4.400000 4.466667 4.533333 4.600000 4.666667 4.733333 4.800000 4.866667 4.933333 5.000000 5.066667 5.133333 5.200000 5.266667 5.333333 5.400000 5.466667 5.533333 5.600000 5.666667 5.733333 5.800000 5.866667 5.933333 6.000000 6.066667 6.133333 6.200000 6.266667 6.333333 6.400000 6.466667 6.533333 6.600000 6.666667 6.733333 6.800000 6.866667 6.933333 7.000000 7.066667 7.133333 7.200000 7.266667 7.333333 7.400000 7.466667 7.533333 7.600000 7.666667 7.733333 7.800000 7.866667 7.933333 8.000000 8.066667 8.133333 8.200000 8.266667 8.333333 8.400000 8.466667 8.533333 8.600000 8.666667 8.733333 8.800000 8.866667 8.933333 9.000000 9.066667 9.133333 9.200000 9.266667 9.333333 9.400000 9.466667 9.533333 9.600000 9.666667 9.733333 9.800000 9.866667 9.933333 10.000000 
#
# matrix elements [MeV fm^3] 
-46.70986412 -46.48659913 -45.80740949 -44.72480326 -43.30211339 -41.61065130 -39.71962276 -37.68933600 -35.56811263 -33.39212429 -31.18696483 -28.96991039 -26.75217898 -24.54084650 -22.34031502 -20.15336084 -17.98184369 -15.82716990 -13.69059234 -11.57341487  -9.47715285  -7.40368882  -5.35545148  -3.33563780  -1.34848971   0.60037266   2.50357126   4.35156983   6.13229975   7.83088278   9.42954788  10.90785979  12.24338451  13.41289478  14.39415289  15.16818558  15.72178752  16.04978463  16.15642447  16.05524458  15.76701705  15.31593413  14.72498493  14.01215822  13.18922026  12.26399967  11.24548696  10.14941462   9.00142961   7.83609378   6.69215239   5.60632757   4.60817821   3.71744889   2.94388897   2.28868674   1.74657593   1.30796612   0.96077633   0.69187407   0.48813651   0.33719059   0.22789119   0.15058703   0.09721644   0.06127216   0.03767321   0.02257970   0.01318213   0.00749024   0.00413909   0.00222262   0.00115885   0.00058617   0.00028741   0.00013649   0.00006272   0.00002787   0.00001196   0.00000496   0.00000198   0.00000076   0.00000028   0.00000010   0.00000003   0.00000001   0.00000000   0.00000000   0.00000000   0.00000000   0.00000000   0.00000000   0.00000000   0.00000000   0.00000000   0.00000000   0.00000000   0.00000000   0.00000000   0.00000000   0.00000000   0.00000000   0.00000000   0.00000000   0.00000000   0.00000000   0.00000000   0.00000000   0.00000000   0.00000000   0.00000000   0.00000000   0.00000000   0.00000000   0.00000000   0.00000000   0.00000000   0.00000000   0.00000000   0.00000000   0.00000000   0.00000000   0.00000000   0.00000000   0.00000000   0.00000000   0.00000000   0.00000000   0.00000000   0.00000000   0.00000000   0.00000000   0.00000000   0.00000000   0.00000000   0.00000000   0.00000000   0.00000000   0.00000000   0.00000000   0.00000000   0.00000000   0.00000000   0.00000000   0.00000000   0.00000000   0.00000000   0.00000000   0.00000000   0.00000000   0.00000000 
-46.48659913 -46.25942181 -45.59292271 -44.52904272 -43.12835391 -41.45957643 -39.59000557 -37.57886682 -35.47410385 -33.31197966 -31.11842184 -28.91111849 -26.70168238 -24.49752352 -22.30330622 -20.12200212 -17.95561087 -15.80563568 -13.67339444 -11.56023312  -9.46769316  -7.39767227  -5.35260702  -3.33569771  -1.35118689   0.59530602   2.49640393   4.34257116   6.12173855   7.81902588   9.41665818  10.89419413  12.22919124  13.39841110  14.37960220  15.15377471  15.70770407  16.03619448  16.14346971  16.04304194  15.75565706  15.30548114  14.71547799  14.00361282  13.18163067  12.25734157  11.23972025  10.14448605   8.99727548   7.83264265   6.68932795   5.60405153   4.60637308   3.71604052   2.94280851   2.28787210   1.74597259   1.30752743   0.96046336   0.69165514   0.48798642   0.33708983   0.22782499   0.15054450   0.09718973   0.06125578   0.03766341   0.02257398   0.01317887   0.00748844   0.00413812   0.00222212   0.00115859   0.00058605   0.00028735   0.00013646   0.00006271   0.00002786   0.00001196   0.00000495   0.00000198   0.00000076   0.00000028   0.00000010   0.00000003   0.00000001   0.00000000   0.00000000   0.00000000   0.00000000   0.00000000   0.00000000   0.00000000   0.00000000   0.00000000   0.00000000   0.00000000   0.00000000   0.00000000   0.00000000   0.00000000   0.00000000   0.00000000   0.00000000   0.00000000   0.00000000   0.00000000   0.00000000   0.00000000   0.00000000   0.00000000   0.00000000   0.00000000   0.00000000   0.00000000   0.00000000   0.00000000   0.00000000   0.00000000   0.00000000   0.00000000   0.00000000   0.00000000   0.00000000   0.00000000   0.00000000   0.00000000   0.00000000   0.00000000   0.00000000   0.00000000   0.00000000   0.00000000   0.00000000   0.00000000   0.00000000   0.00000000   0.00000000   0.00000000   0.00000000   0.00000000   0.00000000   0.00000000   0.00000000   0.00000000   0.00000000   0.00000000   0.00000000   0.00000000   0.00000000   0.00000000 
-45.80740949 -45.59292271 -44.96229625 -43.95163840 -42.61393734 -41.01064900 -39.20355786 -37.24862493 -35.19251990 -33.07161358 -30.91269492 -28.73459039 -26.55003724 -24.36741525 -22.19215967 -20.02782186 -17.87681963 -15.74094740 -13.62171933 -11.52060897  -9.43923710  -7.37954762  -5.34400137  -3.33580884  -1.35921460   0.58016401   2.47495299   4.31561839   6.09008973   7.78348095   9.37800562  10.85320440  12.18660948  13.35494935  14.33593121  15.11051571  15.66542070  15.99538543  16.10456231  16.00638750  15.72152833  15.27407226  14.68690721  13.97792763  13.15881474  12.23732274  11.22237873  10.12966254   8.98477917   7.82225937   6.68082871   5.59720128   4.60093917   3.71180016   2.93955485   2.28541845   1.74415501   1.30620560   0.95952017   0.69099519   0.48753392   0.33678598   0.22762532   0.15041618   0.09710914   0.06120635   0.03763382   0.02255671   0.01316905   0.00748300   0.00413519   0.00222058   0.00115781   0.00058566   0.00028717   0.00013638   0.00006267   0.00002785   0.00001195   0.00000495   0.00000198   0.00000076   0.00000028   0.00000010   0.00000003   0.00000001   0.00000000   0.00000000   0.00000000   0.00000000   0.00000000   0.00000000   0.00000000   0.00000000   0.00000000   0.00000000   0.00000000   0.00000000   0.00000000   0.00000000   0.00000000   0.00000000   0.00000000   0.00000000   0.00000000   0.00000000   0.00000000   0.00000000   0.00000000   0.00000000   0.00000000   0.00000000   0.00000000   0.00000000   0.00000000   0.00000000   0.00000000   0.00000000   0.00000000   0.00000000   0.00000000   0.00000000   0.00000000   0.00000000   0.00000000   0.00000000   0.00000000   0.00000000   0.00000000   0.00000000   0.00000000   0.00000000   0.00000000   0.00000000   0.00000000   0.00000000   0.00000000   0.00000000   0.00000000   0.00000000   0.00000000   0.00000000   0.00000000   0.00000000   0.00000000   0.00000000   0.00000000   0.00000000   0.00000000   0.00000000   0.00000000 
-44.72480326 -44.52904272 -43.95163840 -43.02075314 -41.77877398 -40.27660481 -38.56758891 -36.70227767 -34.72484159 -32.67133802 -30.56955581 -28.43990321 -26.29679251 -24.15010789 -22.00651374 -19.87050426 -17.74518739 -15.63284383 -13.53531846 -11.45430152  -9.39154942  -7.34908570  -5.32941330  -3.33576082  -1.37237656   0.55512551   2.43937679   4.27084671   6.03746315   7.72433101   9.31364548  10.78491790  12.11563903  13.28248285  14.26308839  15.03833431  15.59484304  15.92724588  16.03957671  15.94514515  15.66448760  15.22156052  14.63912516  13.93495774  13.12063277  12.20381091  11.19333940  10.10483170   8.96383972   7.80485478   6.66657731   5.58571089   4.59182125   3.70468241   2.93409129   2.28129673   1.74110061   1.30398343   0.95793390   0.68988484   0.48677229   0.33627436   0.22728898   0.15019994   0.09697327   0.06112298   0.03758390   0.02252756   0.01315246   0.00747381   0.00413024   0.00221799   0.00115649   0.00058501   0.00028686   0.00013623   0.00006261   0.00002782   0.00001194   0.00000495   0.00000198   0.00000076   0.00000028   0.00000010   0.00000003   0.00000001   0.00000000   0.00000000   0.00000000   0.00000000   0.00000000   0.00000000   0.00000000   0.00000000   0.00000000   0.00000000   0.00000000   0.00000000   0.00000000   0.00000000   0.00000000   0.00000000   0.00000000   0.00000000   0.00000000   0.00000000   0.00000000   0.00000000   0.00000000   0.00000000   0.00000000   0.00000000   0.00000000   0.00000000   0.00000000   0.00000000   0.00000000   0.00000000   0.00000000   0.00000000   0.00000000   0.00000000   0.00000000   0.00000000   0.00000000   0.00000000   0.00000000   0.00000000   0.00000000   0.00000000   0.00000000   0.00000000   0.00000000   0.00000000   0.00000000   0.00000000   0.00000000   0.00000000   0.00000000   0.00000000   0.00000000   0.00000000   0.00000000   0.00000000   0.00000000   0.00000000   0.00000000   0.00000000   0.00000000   0.00000000   0.00000000 
-43.30211339 -43.12835391 -42.61393734 -41.77877398 -40.65383942 -39.27806436 -37.69450788 -35.94644160 -34.07402064 -32.11202854 -30.08884593 -28.02647226 -25.94125109 -23.84492908 -21.74576403 -19.64951268 -17.56022976 -15.48087543 -13.41376355 -11.36089538  -9.32422418  -7.30589034  -5.30845945  -3.33518762  -1.39032952   0.52050552   2.38995685   4.20849958   5.96406052   7.64173329   9.22368882  10.68939897  12.01629800  13.18098501  14.16100497  14.93712300  15.49582895  15.83160395  15.94831652  15.85909955  15.58430638  15.14770995  14.57189386  13.87446825  13.06685746  12.15659028  11.15240112  10.06980933   8.93429139   7.78028236   6.64644647   5.56947174   4.57892829   3.69461232   2.92635732   2.27545896   1.73677208   1.30083250   0.95568334   0.68830859   0.48569044   0.33554719   0.22681064   0.14989221   0.09677980   0.06100419   0.03751272   0.02248597   0.01312878   0.00746068   0.00412316   0.00221427   0.00115460   0.00058407   0.00028641   0.00013602   0.00006251   0.00002778   0.00001192   0.00000494   0.00000197   0.00000076   0.00000028   0.00000010   0.00000003   0.00000001   0.00000000   0.00000000   0.00000000   0.00000000   0.00000000   0.00000000   0.00000000   0.00000000   0.00000000   0.00000000   0.00000000   0.00000000   0.00000000   0.00000000   0.00000000   0.00000000   0.00000000   0.00000000   0.00000000   0.00000000   0.00000000   0.00000000   0.00000000   0.00000000   0.00000000   0.00000000   0.00000000   0.00000000   0.00000000   0.00000000   0.00000000   0.00000000   0.00000000   0.00000000   0.00000000   0.00000000   0.00000000   0.00000000   0.00000000   0.00000000   0.00000000   0.00000000   0.00000000   0.00000000   0.00000000   0.00000000   0.00000000   0.00000000   0.00000000   0.00000000   0.00000000   0.00000000   0.00000000   0.00000000   0.00000000   0.00000000   0.00000000   0.00000000   0.00000000   0.00000000   0.00000000   0.00000000   0.00000000   0.00000000   0.00000000 
-41.61065130 -41.45957643 -41.01064900 -40.27660481 -39.27806436 -38.04239278 -36.60186072 -34.99122474 -33.24510148 -31.39562872 -29.47081562 -27.49374827 -25.48256777 -23.45098541 -21.40906787 -19.36407832 -17.32124250 -15.28438417 -13.25642602 -11.23978026  -9.23666425  -7.24937754  -5.28057265  -3.33354505  -1.41255958   0.47677988   2.32712361   4.12895540   5.87020268   7.53594688   9.10833029  10.56677657  11.88864994  13.05045574  14.02962036  14.80676508  15.36821120  15.70824829  15.83053350  15.74797336  15.48068618  15.05220895  14.48489637  13.79614417  12.99718233  12.09536856  11.09929034  10.02434416   8.89590756   7.74834135   6.62026150   5.54833452   4.56213498   3.68148666   2.91626946   2.26783892   1.73111793   1.29671353   0.95273916   0.68624497   0.48427299   0.33459372   0.22618296   0.14948809   0.09652552   0.06084794   0.03741902   0.02243118   0.01309756   0.00744336   0.00411381   0.00220937   0.00115210   0.00058284   0.00028581   0.00013575   0.00006239   0.00002772   0.00001190   0.00000493   0.00000197   0.00000076   0.00000028   0.00000010   0.00000003   0.00000001   0.00000000   0.00000000   0.00000000   0.00000000   0.00000000   0.00000000   0.00000000   0.00000000   0.00000000   0.00000000   0.00000000   0.00000000   0.00000000   0.00000000   0.00000000   0.00000000   0.00000000   0.00000000   0.00000000   0.00000000   0.00000000   0.00000000   0.00000000   0.00000000   0.00000000   0.00000000   0.00000000   0.00000000   0.00000000   0.00000000   0.00000000   0.00000000   0.00000000   0.00000000   0.00000000   0.00000000   0.00000000   0.00000000   0.00000000   0.00000000   0.00000000   0.00000000   0.00000000   0.00000000   0.00000000   0.00000000   0.00000000   0.00000000   0.00000000   0.00000000   0.00000000   0.00000000   0.00000000   0.00000000   0.00000000   0.00000000   0.00000000   0.00000000   0.00000000   0.00000000   0.00000000   0.00000000   0.00000000   0.00000000   0.00000000 
-39.71962276 -39.59000557 -39.20355786 -38.56758891 -37.69450788 -36.60186072 -35.31191361 -33.85059924 -32.24587400 -30.52577575 -28.71659510 -26.84151835 -24.91991500 -22.96723748 -20.99536589 -19.01319334 -17.02728141 -15.04247802 -13.06244983 -11.09012335  -9.12805339  -7.17874697  -5.24497256  -3.33008006  -1.43835013   0.42461893   2.25149140   4.03276369   5.75636674   7.40737055   8.96788609  10.41728209  11.73284106  12.89095763  13.86891689  14.64716770  15.21182834  15.55695679  15.68595389  15.61145089  15.35327967  14.93468888  14.37775293  13.69960424  12.91123342  12.01978671  11.03366930   9.96812457   8.84840611   7.70878106   6.58780373   5.52211200   4.54128393   3.66517560   2.90372260   2.25835316   1.72407317   1.29157693   0.94906427   0.68366684   0.48250052   0.33340032   0.22539659   0.14898133   0.09620636   0.06065163   0.03730119   0.02236221   0.01305823   0.00742151   0.00410201   0.00220317   0.00114893   0.00058127   0.00028506   0.00013540   0.00006223   0.00002766   0.00001187   0.00000492   0.00000197   0.00000076   0.00000028   0.00000010   0.00000003   0.00000001   0.00000000   0.00000000   0.00000000   0.00000000   0.00000000   0.00000000   0.00000000   0.00000000   0.00000000   0.00000000   0.00000000   0.00000000   0.00000000   0.00000000   0.00000000   0.00000000   0.00000000   0.00000000   0.00000000   0.00000000   0.00000000   0.00000000   0.00000000   0.00000000   0.00000000   0.00000000   0.00000000   0.00000000   0.00000000   0.00000000   0.00000000   0.00000000   0.00000000   0.00000000   0.00000000   0.00000000   0.00000000   0.00000000   0.00000000   0.00000000   0.00000000   0.00000000   0.00000000   0.00000000   0.00000000   0.00000000   0.00000000   0.00000000   0.00000000   0.00000000   0.00000000   0.00000000   0.00000000   0.00000000   0.00000000   0.00000000   0.00000000   0.00000000   0.00000000   0.00000000   0.00000000   0.00000000   0.00000000   0.00000000   0.00000000 
-37.68933600 -37.57886682 -37.24862493 -36.70227767 -35.94644160 -34.99122474 -33.85059924 -32.54233655 -31.08734271 -29.50842861 -27.82875638 -26.07031412 -24.25273563 -22.39263278 -20.50343591 -18.59561881 -16.67714620 -14.75400369 -12.83071951 -10.91083563  -8.99732180  -7.09294673  -5.20062924  -3.32379283  -1.46674219   0.36492888   2.16390165   3.92068974   5.62323198   7.25658935   8.80284099  10.24129616  11.54914637  12.70266092  13.67896318  14.45830313  15.02656358  15.37753268  15.51431143  15.44920807  15.20171735  14.79474764  14.25004146  13.58441856  12.80858421  11.92943148  10.95514638   9.90078709   8.79145642   7.66130660   6.54881514   5.49058266   4.51618855   3.64552491   2.88859171   2.24690224   1.71556028   1.28536349   0.94461437   0.68054175   0.48034974   0.33195069   0.22444037   0.14836446   0.09581744   0.06041216   0.03715730   0.02227789   0.01301009   0.00739475   0.00408753   0.00219556   0.00114504   0.00057934   0.00028414   0.00013497   0.00006204   0.00002757   0.00001184   0.00000490   0.00000196   0.00000075   0.00000028   0.00000010   0.00000003   0.00000001   0.00000000   0.00000000   0.00000000   0.00000000   0.00000000   0.00000000   0.00000000   0.00000000   0.00000000   0.00000000   0.00000000   0.00000000   0.00000000   0.00000000   0.00000000   0.00000000   0.00000000   0.00000000   0.00000000   0.00000000   0.00000000   0.00000000   0.00000000   0.00000000   0.00000000   0.00000000   0.00000000   0.00000000   0.00000000   0.00000000   0.00000000   0.00000000   0.00000000   0.00000000   0.00000000   0.00000000   0.00000000   0.00000000   0.00000000   0.00000000   0.00000000   0.00000000   0.00000000   0.00000000   0.00000000   0.00000000   0.00000000   0.00000000   0.00000000   0.00000000   0.00000000   0.00000000   0.00000000   0.00000000   0.00000000   0.00000000   0.00000000   0.00000000   0.00000000   0.00000000   0.00000000   0.00000000   0.00000000   0.00000000   0.00000000 
-35.56811263 -35.47410385 -35.19251990 -34.72484159 -34.07402064 -33.24510148 -32.24587400 -31.08734271 -29.78379446 -28.35232880 -26.81187568 -25.18189966 -23.48109022 -21.72631575 -19.93199845 -18.10992181 -16.26937786 -14.41752312 -12.55982693 -10.70053431  -8.84310655  -6.99063243  -5.14622090  -3.31339285  -1.49648856   0.29889973   2.06547275   3.79376641   5.47173299   7.08442885   8.61390304  10.03940334  11.33802374  12.48589630  13.45996506  14.24025740  14.81239067  15.16984719  15.31538665  15.26094809  15.02563959  14.63197790  14.10132226  13.45012988  12.68877377  11.82385077  10.86328888   9.82192700   8.72468804   7.60558585   6.50300393   5.45349516   4.48663654   3.62235874   2.87073392   2.23337240   1.70549044   1.27800526   0.93933855   0.67683234   0.47779387   0.33022602   0.22330140   0.14762883   0.09535310   0.06012592   0.03698510   0.02217687   0.01295234   0.00736261   0.00407013   0.00218640   0.00114036   0.00057702   0.00028302   0.00013444   0.00006180   0.00002747   0.00001179   0.00000489   0.00000195   0.00000075   0.00000028   0.00000010   0.00000003   0.00000001   0.00000000   0.00000000   0.00000000   0.00000000   0.00000000   0.00000000   0.00000000   0.00000000   0.00000000   0.00000000   0.00000000   0.00000000   0.00000000   0.00000000   0.00000000   0.00000000   0.00000000   0.00000000   0.00000000   0.00000000   0.00000000   0.00000000   0.00000000   0.00000000   0.00000000   0.00000000   0.00000000   0.00000000   0.00000000   0.00000000   0.00000000   0.00000000   0.00000000   0.00000000   0.00000000   0.00000000   0.00000000   0.00000000   0.00000000   0.00000000   0.00000000   0.00000000   0.00000000   0.00000000   0.00000000   0.00000000   0.00000000   0.00000000   0.00000000   0.00000000   0.00000000   0.00000000   0.00000000   0.00000000   0.00000000   0.00000000   0.00000000   0.00000000   0.00000000   0.00000000   0.00000000   0.00000000   0.00000000   0.00000000   0.00000000 
-33.39212429 -33.31197966 -33.07161358 -32.67133802 -32.11202854 -31.39562872 -30.52577575 -29.50842861 -28.35232880 -27.06911268 -25.67295638 -24.17976650 -22.60607949 -20.96792437 -19.27989242 -17.55455946 -15.80228285 -14.03130288 -12.24804211 -10.45750467  -8.66370913  -6.87012243  -5.08008728  -3.29725048  -1.52600330   0.22805808   1.95765509   3.65335110   5.30311851   6.89201522   8.40206434   9.81245299  11.10017413  12.24121399  13.21232290  13.99328513  14.56942574  14.93388810  15.08905164  15.04644221  14.82473333  14.44599982  13.93116666  13.29627842  12.55132805  11.70257152  10.75763805   9.73111072   8.64770087   7.54125779   6.45005129   5.41057375   4.45239421   3.59548294   2.84999118   2.21763746   1.69376499   1.26942663   0.93318007   0.67249695   0.47480297   0.32820528   0.22196523   0.14676476   0.09480701   0.05978886   0.03678208   0.02205763   0.01288409   0.00732458   0.00404951   0.00217553   0.00113480   0.00057426   0.00028169   0.00013382   0.00006152   0.00002735   0.00001174   0.00000487   0.00000194   0.00000075   0.00000028   0.00000010   0.00000003   0.00000001   0.00000000   0.00000000   0.00000000   0.00000000   0.00000000   0.00000000   0.00000000   0.00000000   0.00000000   0.00000000   0.00000000   0.00000000   0.00000000   0.00000000   0.00000000   0.00000000   0.00000000   0.00000000   0.00000000   0.00000000   0.00000000   0.00000000   0.00000000   0.00000000   0.00000000   0.00000000   0.00000000   0.00000000   0.00000000   0.00000000   0.00000000   0.00000000   0.00000000   0.00000000   0.00000000   0.00000000   0.00000000   0.00000000   0.00000000   0.00000000   0.00000000   0.00000000   0.00000000   0.00000000   0.00000000   0.00000000   0.00000000   0.00000000   0.00000000   0.00000000   0.00000000   0.00000000   0.00000000   0.00000000   0.00000000   0.00000000   0.00000000   0.00000000   0.00000000   0.00000000   0.00000000   0.00000000   0.00000000   0.00000000   0.00000000 
-31.18696483 -31.11842184 -30.91269492 -30.56955581 -30.08884593 -29.47081562 -28.71659510 -27.82875638 -26.81187568 -25.67295638 -24.42155715 -23.06951719 -21.63028141 -20.11795862 -18.54633074 -16.92802732 -15.27400039 -13.59332836 -11.89329648 -10.17966654  -8.45705345  -6.72935143  -5.00018063  -3.27334568  -1.55330828   0.15432282   1.84228916   3.50118619   5.11901374   6.68083908   8.16866588   9.56162443  10.83660649  11.96944750  12.93669356  13.71786913  14.29798393  14.66981287  14.83531941  14.80557501  14.59877300  14.23649755  13.73918925  13.12242996  12.39578398  11.56512029  10.63772635   9.62789024   8.56007700   7.46794222   6.38961924   5.36152458   4.41321144   3.56468905   2.82619320   2.19956119   1.68027712   1.25954562   0.92607732   0.66749025   0.47134440   0.32586550   0.22041610   0.14576167   0.09417222   0.05939656   0.03654548   0.02191848   0.01280435   0.00728008   0.00402535   0.00216278   0.00112826   0.00057101   0.00028012   0.00013309   0.00006119   0.00002720   0.00001168   0.00000484   0.00000193   0.00000074   0.00000028   0.00000010   0.00000003   0.00000001   0.00000000   0.00000000   0.00000000   0.00000000   0.00000000   0.00000000   0.00000000   0.00000000   0.00000000   0.00000000   0.00000000   0.00000000   0.00000000   0.00000000   0.00000000   0.00000000   0.00000000   0.00000000   0.00000000   0.00000000   0.00000000   0.00000000   0.00000000   0.00000000   0.00000000   0.00000000   0.00000000   0.00000000   0.00000000   0.00000000   0.00000000   0.00000000   0.00000000   0.00000000   0.00000000   0.00000000   0.00000000   0.00000000   0.00000000   0.00000000   0.00000000   0.00000000   0.00000000   0.00000000   0.00000000   0.00000000   0.00000000   0.00000000   0.00000000   0.00000000   0.00000000   0.00000000   0.00000000   0.00000000   0.00000000   0.00000000   0.00000000   0.00000000   0.00000000   0.00000000   0.00000000   0.00000000   0.00000000   0.00000000   0.00000000 
-28.96991039 -28.91111849 -28.73459039 -28.43990321 -28.02647226 -27.49374827 -26.84151835 -26.07031412 -25.18189966 -24.17976650 -23.06951719 -21.85900068 -20.55810039 -19.17816985 -17.73122518 -16.22908241 -14.68262956 -13.10135847 -11.49318997  -9.86455348  -8.22064970  -6.56582634  -4.90401710  -3.23921651  -1.57597916   0.08006165   1.72166447   3.33946031   4.92148382   6.45282074   7.91546406   9.28849403  10.54870475  11.67177991  12.63405516  13.41478302  13.99863926  14.37800517  14.55439659  14.53839298  14.34766479  14.00325910  13.52508324  12.92820680  12.22171627  11.41104610  10.50309678   9.51181923   8.46139418   7.38525071   6.32135958   5.30604289   4.36882748   3.52975876   2.79916110   2.17900002   1.66491399   1.24827537   0.91796485   0.66176402   0.46738341   0.32318220   0.21863712   0.14460820   0.09344131   0.05894425   0.03627233   0.02175763   0.01271205   0.00722852   0.00399733   0.00214797   0.00112066   0.00056722   0.00027829   0.00013223   0.00006080   0.00002703   0.00001161   0.00000481   0.00000192   0.00000074   0.00000027   0.00000010   0.00000003   0.00000001   0.00000000   0.00000000   0.00000000   0.00000000   0.00000000   0.00000000   0.00000000   0.00000000   0.00000000   0.00000000   0.00000000   0.00000000   0.00000000   0.00000000   0.00000000   0.00000000   0.00000000   0.00000000   0.00000000   0.00000000   0.00000000   0.00000000   0.00000000   0.00000000   0.00000000   0.00000000   0.00000000   0.00000000   0.00000000   0.00000000   0.00000000   0.00000000   0.00000000   0.00000000   0.00000000   0.00000000   0.00000000   0.00000000   0.00000000   0.00000000   0.00000000   0.00000000   0.00000000   0.00000000   0.00000000   0.00000000   0.00000000   0.00000000   0.00000000   0.00000000   0.00000000   0.00000000   0.00000000   0.00000000   0.00000000   0.00000000   0.00000000   0.00000000   0.00000000   0.00000000   0.00000000   0.00000000   0.00000000   0.00000000   0.00000000 
-26.75217898 -26.70168238 -26.55003724 -26.29679251 -25.94125109 -25.48256777 -24.91991500 -24.25273563 -23.48109022 -22.60607949 -21.63028141 -20.55810039 -19.39590776 -18.15188184 -16.83553706 -15.45703307 -14.02642665 -12.55303654 -11.04503681  -9.50931564  -7.95157180  -6.37658956  -4.78863237  -3.19191032  -1.59109354   0.00814552   1.59857659   3.17086785   4.71309565   6.21037403   7.64469608   8.99510172  10.23829463  11.34981026  12.30577245  13.08515478  13.67228576  14.05913305  14.24673816  14.24515537  14.07149336  13.74621857  13.28865830  12.71332114  12.02876653  11.23994554  10.35332417   9.38247098   8.35124062   7.29279894   6.24492396   5.24382119   4.31897748   3.49046913   2.76871132   2.15580607   1.64755899   1.23552589   0.90877471   0.65526802   0.46288371   0.32012976   0.21661064   0.14329247   0.09260646   0.05842693   0.03595951   0.02157317   0.01260607   0.00716923   0.00396506   0.00213091   0.00111189   0.00056285   0.00027617   0.00013124   0.00006035   0.00002683   0.00001152   0.00000478   0.00000191   0.00000074   0.00000027   0.00000010   0.00000003   0.00000001   0.00000000   0.00000000   0.00000000   0.00000000   0.00000000   0.00000000   0.00000000   0.00000000   0.00000000   0.00000000   0.00000000   0.00000000   0.00000000   0.00000000   0.00000000   0.00000000   0.00000000   0.00000000   0.00000000   0.00000000   0.00000000   0.00000000   0.00000000   0.00000000   0.00000000   0.00000000   0.00000000   0.00000000   0.00000000   0.00000000   0.00000000   0.00000000   0.00000000   0.00000000   0.00000000   0.00000000   0.00000000   0.00000000   0.00000000   0.00000000   0.00000000   0.00000000   0.00000000   0.00000000   0.00000000   0.00000000   0.00000000   0.00000000   0.00000000   0.00000000   0.00000000   0.00000000   0.00000000   0.00000000   0.00000000   0.00000000   0.00000000   0.00000000   0.00000000   0.00000000   0.00000000   0.00000000   0.00000000   0.00000000   0.00000000 
-24.54084650 -24.49752352 -24.36741525 -24.15010789 -23.84492908 -23.45098541 -22.96723748 -22.39263278 -21.72631575 -20.96792437 -20.11795862 -19.17816985 -18.15188184 -17.04413593 -15.86157595 -14.61205894 -13.30406774 -11.94606842 -10.54596519  -9.11076048  -7.64645922  -6.15819756  -4.65054717  -3.12794201  -1.59518482  -0.05800209   1.47637910   2.99866348   4.49697486   5.95646561   7.35914109   8.68401345   9.90770703  11.00561719  11.95365998  12.73052882  13.32019772  13.71420683  13.91310240  13.92638577  13.77056962  13.46550002  13.02988013  12.47761039  11.81667422  11.05148950  10.18803811   9.23945779   8.22923133   7.19022016   6.15997495   5.17455826   4.26339971   3.44659836   2.73466023   2.12983070   1.62809444   1.22120603   0.89843781   0.64795108   0.45780822   0.31668192   0.21431850   0.14180223   0.09165960   0.05783942   0.03560378   0.02136314   0.01248524   0.00710156   0.00392819   0.00211138   0.00110185   0.00055783   0.00027375   0.00013010   0.00005984   0.00002661   0.00001143   0.00000474   0.00000189   0.00000073   0.00000027   0.00000010   0.00000003   0.00000001   0.00000000   0.00000000   0.00000000   0.00000000   0.00000000   0.00000000   0.00000000   0.00000000   0.00000000   0.00000000   0.00000000   0.00000000   0.00000000   0.00000000   0.00000000   0.00000000   0.00000000   0.00000000   0.00000000   0.00000000   0.00000000   0.00000000   0.00000000   0.00000000   0.00000000   0.00000000   0.00000000   0.00000000   0.00000000   0.00000000   0.00000000   0.00000000   0.00000000   0.00000000   0.00000000   0.00000000   0.00000000   0.00000000   0.00000000   0.00000000   0.00000000   0.00000000   0.00000000   0.00000000   0.00000000   0.00000000   0.00000000   0.00000000   0.00000000   0.00000000   0.00000000   0.00000000   0.00000000   0.00000000   0.00000000   0.00000000   0.00000000   0.00000000   0.00000000   0.00000000   0.00000000   0.00000000   0.00000000   0.00000000   0.00000000 
-22.34031502 -22.30330622 -22.19215967 -22.00651374 -21.74576403 -21.40906787 -20.99536589 -20.50343591 -19.93199845 -19.27989242 -18.54633074 -17.73122518 -16.83553706 -15.86157595 -14.81315032 -13.69549301 -12.51494539 -11.27846495  -9.99308239  -8.66544649  -7.30155703  -5.90672557  -4.48575070  -3.04326528  -1.58420662  -0.11436527   1.35902661   2.82670800   4.27685429   5.69466579   7.06217339   8.35837641   9.55983467  10.64181648  11.58003992  12.35292351  12.94408639  13.34463424  13.55460403  13.58292267  13.44547828  13.16146147  12.74891068  12.22107336  11.58530880  10.84545139  10.00694726   9.08245166   8.09502552   7.07717975   6.06619808   5.09796899   4.20184353   3.39793209   2.69682908   2.10092834   1.60640448   1.20522563   0.88688560   0.63976221   0.45211990   0.31281239   0.21174248   0.14012515   0.09059260   0.05717649   0.03520186   0.02112554   0.01234838   0.00702481   0.00388632   0.00208917   0.00109041   0.00055211   0.00027098   0.00012880   0.00005924   0.00002635   0.00001132   0.00000469   0.00000188   0.00000072   0.00000027   0.00000010   0.00000003   0.00000001   0.00000000   0.00000000   0.00000000   0.00000000   0.00000000   0.00000000   0.00000000   0.00000000   0.00000000   0.00000000   0.00000000   0.00000000   0.00000000   0.00000000   0.00000000   0.00000000   0.00000000   0.00000000   0.00000000   0.00000000   0.00000000   0.00000000   0.00000000   0.00000000   0.00000000   0.00000000   0.00000000   0.00000000   0.00000000   0.00000000   0.00000000   0.00000000   0.00000000   0.00000000   0.00000000   0.00000000   0.00000000   0.00000000   0.00000000   0.00000000   0.00000000   0.00000000   0.00000000   0.00000000   0.00000000   0.00000000   0.00000000   0.00000000   0.00000000   0.00000000   0.00000000   0.00000000   0.00000000   0.00000000   0.00000000   0.00000000   0.00000000   0.00000000   0.00000000   0.00000000   0.00000000   0.00000000   0.00000000   0.00000000   0.00000000 
-20.15336084 -20.12200212 -20.02782186 -19.87050426 -19.64951268 -19.36407832 -19.01319334 -18.59561881 -18.10992181 -17.55455946 -16.92802732 -16.22908241 -15.45703307 -14.61205894 -13.69549301 -12.70997989 -11.65944004 -10.54882293  -9.38370454  -8.16984183  -6.91280939  -5.61781207  -4.28971271  -2.93326524  -1.55351407  -0.15631050   1.25110422   2.65950091   4.05710945   5.42918689   6.75780339   8.02196242   9.19817767  10.26160848  11.18779089  11.95488086  12.54614989  12.95227015  13.17276301  13.21596684  13.09712317  12.83473766  12.44614791  11.94390658  11.33470236  10.62173589   9.80986440   8.91120585   7.94834489   6.95339062   5.96331462   5.01379490   4.13407800   3.34427033   2.65504944   2.06896074   1.58237836   1.18749803   0.87405179   0.63065191   0.44578262   0.30849544   0.20886469   0.13824909   0.08939743   0.05643297   0.03475051   0.02085837   0.01219431   0.00693830   0.00383907   0.00206409   0.00107747   0.00054564   0.00026784   0.00012733   0.00005857   0.00002605   0.00001119   0.00000464   0.00000186   0.00000071   0.00000026   0.00000009   0.00000003   0.00000001   0.00000000   0.00000000   0.00000000   0.00000000   0.00000000   0.00000000   0.00000000   0.00000000   0.00000000   0.00000000   0.00000000   0.00000000   0.00000000   0.00000000   0.00000000   0.00000000   0.00000000   0.00000000   0.00000000   0.00000000   0.00000000   0.00000000   0.00000000   0.00000000   0.00000000   0.00000000   0.00000000   0.00000000   0.00000000   0.00000000   0.00000000   0.00000000   0.00000000   0.00000000   0.00000000   0.00000000   0.00000000   0.00000000   0.00000000   0.00000000   0.00000000   0.00000000   0.00000000   0.00000000   0.00000000   0.00000000   0.00000000   0.00000000   0.00000000   0.00000000   0.00000000   0.00000000   0.00000000   0.00000000   0.00000000   0.00000000   0.00000000   0.00000000   0.00000000   0.00000000   0.00000000   0.00000000   0.00000000   0.00000000   0.00000000 
-17.98184369 -17.95561087 -17.87681963 -17.74518739 -17.56022976 -17.32124250 -17.02728141 -16.67714620 -16.26937786 -15.80228285 -15.27400039 -14.68262956 -14.02642665 -13.30406774 -12.51494539 -11.65944004 -10.73908948  -9.75659251  -8.71562968  -7.62054919  -6.47601886  -5.28675839  -4.05743837  -2.79278353  -1.49787089  -0.17858311   1.15783733   2.50219452   3.84277602   5.16490387   6.45070142   7.67919491   8.82687369   9.86881110  10.78038355  11.53950431  12.12911281  12.53945738  12.76954608  12.82712290  12.72676823  12.48627980  12.12226353  11.64653946  11.06508174  10.38040782   9.59673185   8.72557692   7.78899255   6.81862916   5.85109498   4.92181529   4.05990089   3.28543476   2.60916904   2.03380152   1.55591386   1.16794263   0.85987435   0.62057356   0.43876219   0.30370658   0.20566802   0.13616240   0.08806635   0.05560385   0.03424656   0.02055972   0.01202187   0.00684137   0.00378606   0.00203591   0.00106293   0.00053836   0.00026430   0.00012566   0.00005782   0.00002572   0.00001105   0.00000458   0.00000183   0.00000071   0.00000026   0.00000009   0.00000003   0.00000001   0.00000000   0.00000000   0.00000000   0.00000000   0.00000000   0.00000000   0.00000000   0.00000000   0.00000000   0.00000000   0.00000000   0.00000000   0.00000000   0.00000000   0.00000000   0.00000000   0.00000000   0.00000000   0.00000000   0.00000000   0.00000000   0.00000000   0.00000000   0.00000000   0.00000000   0.00000000   0.00000000   0.00000000   0.00000000   0.00000000   0.00000000   0.00000000   0.00000000   0.00000000   0.00000000   0.00000000   0.00000000   0.00000000   0.00000000   0.00000000   0.00000000   0.00000000   0.00000000   0.00000000   0.00000000   0.00000000   0.00000000   0.00000000   0.00000000   0.00000000   0.00000000   0.00000000   0.00000000   0.00000000   0.00000000   0.00000000   0.00000000   0.00000000   0.00000000   0.00000000   0.00000000   0.00000000   0.00000000   0.00000000   0.00000000 
-15.82716990 -15.80563568 -15.74094740 -15.63284383 -15.48087543 -15.28438417 -15.04247802 -14.75400369 -14.41752312 -14.03130288 -13.59332836 -13.10135847 -12.55303654 -11.94606842 -11.27846495 -10.54882293  -9.75659251  -8.90226300  -7.98740891  -7.01457962  -5.98707486  -4.90869665  -3.78358119  -2.61619011  -1.41149386  -0.17533496   1.08507404   2.36058269   3.63954315   4.90735154   6.14619876   7.33515395   8.45070694   9.46787302  10.36189792  11.11048002  11.69625119  12.10905489  12.34739769  12.41843227  12.33607166  12.11738997  11.77823681  11.32966675  10.77689889  10.12171984   9.36764633   8.52554660   7.61687197   6.67275154   5.72937247   4.82185864   3.97914817   3.22127640   2.55905789   1.99534095   1.52692110   1.14648772   0.84429757   0.60948494   0.43102742   0.29842335   0.20213670   0.13385428   0.08659217   0.05468445   0.03368708   0.02022776   0.01182997   0.00673338   0.00372695   0.00200446   0.00104668   0.00053021   0.00026034   0.00012380   0.00005696   0.00002534   0.00001089   0.00000452   0.00000181   0.00000070   0.00000026   0.00000009   0.00000003   0.00000001   0.00000000   0.00000000   0.00000000   0.00000000   0.00000000   0.00000000   0.00000000   0.00000000   0.00000000   0.00000000   0.00000000   0.00000000   0.00000000   0.00000000   0.00000000   0.00000000   0.00000000   0.00000000   0.00000000   0.00000000   0.00000000   0.00000000   0.00000000   0.00000000   0.00000000   0.00000000   0.00000000   0.00000000   0.00000000   0.00000000   0.00000000   0.00000000   0.00000000   0.00000000   0.00000000   0.00000000   0.00000000   0.00000000   0.00000000   0.00000000   0.00000000   0.00000000   0.00000000   0.00000000   0.00000000   0.00000000   0.00000000   0.00000000   0.00000000   0.00000000   0.00000000   0.00000000   0.00000000   0.00000000   0.00000000   0.00000000   0.00000000   0.00000000   0.00000000   0.00000000   0.00000000   0.00000000   0.00000000   0.00000000   0.00000000 
-13.69059234 -13.67339444 -13.62171933 -13.53531846 -13.41376355 -13.25642602 -13.06244983 -12.83071951 -12.55982693 -12.24804211 -11.89329648 -11.49318997 -11.04503681 -10.54596519  -9.99308239  -9.38370454  -8.71562968  -7.98740891  -7.19855505  -6.34963612  -5.44223770  -4.47883109  -3.46262843  -2.39751788  -1.28814920  -0.14019532   1.03923023   2.24105577   3.45371505   4.66269142   5.85025943   6.99555301   8.07509039   9.06386154   9.93701712  10.67207662  11.25139808  11.66444905  11.90925628  11.99239388  11.92711011  11.72974780  11.41538262  10.99427669  10.47085820   9.84613819   9.12288245   8.31124290   7.43200553   6.51570969   5.59805696   4.71381419   3.89170363   3.15168349   2.50461459   1.95349102   1.49532633   1.12307345   0.82727425   0.59734985   0.42255127   0.29262609   0.19825680   0.13131513   0.08496843   0.05367057   0.03306936   0.01986083   0.01161762   0.00661375   0.00366139   0.00196954   0.00102862   0.00052114   0.00025592   0.00012172   0.00005602   0.00002492   0.00001071   0.00000444   0.00000178   0.00000068   0.00000025   0.00000009   0.00000003   0.00000001   0.00000000   0.00000000   0.00000000   0.00000000   0.00000000   0.00000000   0.00000000   0.00000000   0.00000000   0.00000000   0.00000000   0.00000000   0.00000000   0.00000000   0.00000000   0.00000000   0.00000000   0.00000000   0.00000000   0.00000000   0.00000000   0.00000000   0.00000000   0.00000000   0.00000000   0.00000000   0.00000000   0.00000000   0.00000000   0.00000000   0.00000000   0.00000000   0.00000000   0.00000000   0.00000000   0.00000000   0.00000000   0.00000000   0.00000000   0.00000000   0.00000000   0.00000000   0.00000000   0.00000000   0.00000000   0.00000000   0.00000000   0.00000000   0.00000000   0.00000000   0.00000000   0.00000000   0.00000000   0.00000000   0.00000000   0.00000000   0.00000000   0.00000000   0.00000000   0.00000000   0.00000000   0.00000000   0.00000000   0.00000000   0.00000000 
