# coconut-me2b/v0.99.21 
# 
# momentum space matrix elements 
# partial wave J=0, L=1/1, S=1, T=1, MT=-1 
# 
# momentum grid [fm^-1]
0.000000 0.066667 0.133333 0.200000 0.266667 0.333333 0.400000 0.466667 0.533333 0.600000 0.666667 0.733333 0.800000 0.866667 0.933333 1.000000 1.066667 1.133333 1.200000 1.266667 1.333333 1.400000 1.466667 1.533333 1.600000 1.666667 1.733333 1.800000 1.866667 1.933333 2.000000 2.066667 2.133333 2.200000 2.266667 2.333333 2.400000 2.466667 2.533333 2.600000 2.666667 2.733333 2.800000 2.866667 2.933333 3.000000 3.066667 3.133333 3.200000 3.266667 3.333333 3.400000 3.466667 3.533333 3.600000 3.666667 3.733333 3.800000 3.866667 3.933333 4.000000 4.066667 4.133333 4.200000 4.266667 4.333333 4.400000 4.466667 4.533333 4.600000 4.666667 4.733333 4.800000 4.866667 4.933333 5.000000 5.066667 5.133333 5.200000 5.266667 5.333333 5.400000 5.466667 5.533333 5.600000 5.666667 5.733333 5.800000 5.866667 5.933333 6.000000 6.066667 6.133333 6.200000 6.266667 6.333333 6.400000 6.466667 6.533333 6.600000 6.666667 6.733333 6.800000 6.866667 6.933333 7.000000 7.066667 7.133333 7.200000 7.266667 7.333333 7.400000 7.466667 7.533333 7.600000 7.666667 7.733333 7.800000 7.866667 7.933333 8.000000 8.066667 8.133333 8.200000 8.266667 8.333333 8.400000 8.466667 8.533333 8.600000 8.666667 8.733333 8.800000 8.866667 8.933333 9.000000 9.066667 9.133333 9.200000 9.266667 9.333333 9.400000 9.466667 9.533333 9.600000 9.666667 9.733333 9.800000 9.866667 9.933333 10.000000 
#
# matrix elements [MeV fm^3] 
  0.00000000  -0.00000005  -0.00000009  -0.00000013  -0.00000015  -0.00000017  -0.00000018  -0.00000019  -0.00000018  -0.00000018  -0.00000017  -0.00000015  -0.00000014  -0.00000013  -0.00000011  -0.00000010  -0.00000009  -0.00000007  -0.00000006  -0.00000005  -0.00000004  -0.00000003  -0.00000002  -0.00000001  -0.00000000   0.00000000   0.00000001   0.00000002   0.00000002   0.00000003   0.00000003   0.00000003   0.00000003   0.00000003   0.00000003   0.00000003   0.00000003   0.00000002   0.00000002   0.00000001   0.00000000  -0.00000001  -0.00000001  -0.00000002  -0.00000003  -0.00000003  -0.00000004  -0.00000004  -0.00000004  -0.00000004  -0.00000003  -0.00000003  -0.00000003  -0.00000002  -0.00000002  -0.00000001  -0.00000001  -0.00000001  -0.00000001  -0.00000000  -0.00000000  -0.00000000  -0.00000000  -0.00000000  -0.00000000  -0.00000000  -0.00000000  -0.00000000  -0.00000000  -0.00000000  -0.00000000  -0.00000000  -0.00000000  -0.00000000  -0.00000000  -0.00000000  -0.00000000  -0.00000000  -0.00000000  -0.00000000  -0.00000000  -0.00000000  -0.00000000  -0.00000000  -0.00000000  -0.00000000  -0.00000000  -0.00000000  -0.00000000  -0.00000000  -0.00000000  -0.00000000  -0.00000000  -0.00000000  -0.00000000  -0.00000000  -0.00000000  -0.00000000  -0.00000000  -0.00000000  -0.00000000  -0.00000000  -0.00000000  -0.00000000  -0.00000000  -0.00000000  -0.00000000  -0.00000000  -0.00000000  -0.00000000  -0.00000000  -0.00000000  -0.00000000  -0.00000000  -0.00000000  -0.00000000  -0.00000000  -0.00000000  -0.00000000  -0.00000000  -0.00000000  -0.00000000  -0.00000000  -0.00000000  -0.00000000  -0.00000000  -0.00000000  -0.00000000  -0.00000000  -0.00000000  -0.00000000  -0.00000000  -0.00000000  -0.00000000  -0.00000000  -0.00000000  -0.00000000  -0.00000000  -0.00000000  -0.00000000  -0.00000000  -0.00000000  -0.00000000  -0.00000000  -0.00000000  -0.00000000  -0.00000000  -0.00000000  -0.00000000  -0.00000000  -0.00000000 
 -0.00000005  -0.30942558  -0.59358621  -0.83252157  -1.01478167  -1.13771638  -1.20551986  -1.22639531  -1.20998989  -1.16564016  -1.10145326  -1.02400322  -0.93838519  -0.84843067  -0.75696378  -0.66603835  -0.57713326  -0.49130271  -0.40928741  -0.33159469  -0.25855629  -0.19037065  -0.12713595  -0.06887807  -0.01557702   0.03280626   0.07630162   0.11489997   0.14852353   0.17699834   0.20003257   0.21720526   0.22797058   0.23168343   0.22765143   0.21521795   0.19387778   0.16342351   0.12411302   0.07683851   0.02326377  -0.03411711  -0.09205238  -0.14677911  -0.19444945  -0.23168184  -0.25611691  -0.26682097  -0.26440534  -0.25081935  -0.22888927  -0.20175613  -0.17237209  -0.14315961  -0.11586054  -0.09154292  -0.07070691  -0.05343095  -0.03951525  -0.02860007  -0.02025243  -0.01402489  -0.00949280  -0.00627622  -0.00405071  -0.00255038  -0.00156539  -0.00093601  -0.00054484  -0.00030851  -0.00016980  -0.00009078  -0.00004710  -0.00002370  -0.00001156  -0.00000546  -0.00000249  -0.00000110  -0.00000047  -0.00000019  -0.00000008  -0.00000003  -0.00000001  -0.00000000  -0.00000000  -0.00000000  -0.00000000  -0.00000000  -0.00000000  -0.00000000  -0.00000000  -0.00000000  -0.00000000  -0.00000000  -0.00000000  -0.00000000  -0.00000000  -0.00000000  -0.00000000  -0.00000000  -0.00000000  -0.00000000  -0.00000000  -0.00000000  -0.00000000  -0.00000000  -0.00000000  -0.00000000  -0.00000000  -0.00000000  -0.00000000  -0.00000000  -0.00000000  -0.00000000  -0.00000000  -0.00000000  -0.00000000  -0.00000000  -0.00000000  -0.00000000  -0.00000000  -0.00000000  -0.00000000  -0.00000000  -0.00000000  -0.00000000  -0.00000000  -0.00000000  -0.00000000  -0.00000000  -0.00000000  -0.00000000  -0.00000000  -0.00000000  -0.00000000  -0.00000000  -0.00000000  -0.00000000  -0.00000000  -0.00000000  -0.00000000  -0.00000000  -0.00000000  -0.00000000  -0.00000000  -0.00000000  -0.00000000  -0.00000000  -0.00000000  -0.00000000  -0.00000000 
 -0.00000009  -0.59358621  -1.14109586  -1.60544068  -1.96425358  -2.21090847  -2.35161531  -2.40065265  -2.37571721  -2.29450559  -2.17275827  -2.02347866  -1.85689355  -1.68078319  -1.50093568  -1.32159212  -1.14582537  -0.97583805  -0.81318621  -0.65894281  -0.51381630  -0.37823844  -0.25243266  -0.13647221  -0.03033436   0.06604463   0.15271212   0.22963904   0.29665994   0.35341777   0.39932050   0.43351864   0.45491410   0.46221148   0.45402265   0.42903286   0.38623250   0.32520971   0.24648524   0.15184994   0.04463842  -0.07015446  -0.18602001  -0.29542963  -0.39068786  -0.46503512  -0.51375904  -0.53500069  -0.52999220  -0.50264161  -0.45860986  -0.40418550  -0.34527722  -0.28673219  -0.23203435  -0.18331868  -0.14158347  -0.10698307  -0.07911535  -0.05725836  -0.04054400  -0.02807553  -0.01900218  -0.01256288  -0.00810784  -0.00510462  -0.00313304  -0.00187330  -0.00109039  -0.00061740  -0.00033981  -0.00018167  -0.00009426  -0.00004743  -0.00002313  -0.00001092  -0.00000499  -0.00000220  -0.00000094  -0.00000039  -0.00000015  -0.00000006  -0.00000002  -0.00000001  -0.00000000  -0.00000000  -0.00000000  -0.00000000  -0.00000000  -0.00000000  -0.00000000  -0.00000000  -0.00000000  -0.00000000  -0.00000000  -0.00000000  -0.00000000  -0.00000000  -0.00000000  -0.00000000  -0.00000000  -0.00000000  -0.00000000  -0.00000000  -0.00000000  -0.00000000  -0.00000000  -0.00000000  -0.00000000  -0.00000000  -0.00000000  -0.00000000  -0.00000000  -0.00000000  -0.00000000  -0.00000000  -0.00000000  -0.00000000  -0.00000000  -0.00000000  -0.00000000  -0.00000000  -0.00000000  -0.00000000  -0.00000000  -0.00000000  -0.00000000  -0.00000000  -0.00000000  -0.00000000  -0.00000000  -0.00000000  -0.00000000  -0.00000000  -0.00000000  -0.00000000  -0.00000000  -0.00000000  -0.00000000  -0.00000000  -0.00000000  -0.00000000  -0.00000000  -0.00000000  -0.00000000  -0.00000000  -0.00000000  -0.00000000  -0.00000000  -0.00000000  -0.00000000 
 -0.00000013  -0.83252157  -1.60544068  -2.26945096  -2.79264186  -3.16266551  -3.38428810  -3.47416552  -3.45505008  -3.35102357  -3.18440154  -2.97420957  -2.73578590  -2.48103068  -2.21893624  -1.95617475  -1.69763056  -1.44683625  -1.20630920  -0.97780274  -0.76249147  -0.56110985  -0.37406088  -0.20150805  -0.04346070   0.10014079   0.22933649   0.34405543   0.44402458   0.52868544   0.59712893   0.64806188   0.67982080   0.69044968   0.67785763   0.64006886   0.57557081   0.48375311   0.36540926   0.22324157   0.06226958  -0.10999773  -0.28378434  -0.44779038  -0.59047335  -0.70170256  -0.77442529  -0.80587417  -0.79792105  -0.75645141  -0.68997739  -0.60794812  -0.51923753  -0.43112182  -0.34882763  -0.27555461  -0.21279508  -0.16077435  -0.11888279  -0.08603140  -0.06091263  -0.04217683  -0.02854416  -0.01887003  -0.01217756  -0.00766640  -0.00470510  -0.00281312  -0.00163734  -0.00092705  -0.00051022  -0.00027276  -0.00014152  -0.00007121  -0.00003472  -0.00001639  -0.00000749  -0.00000331  -0.00000141  -0.00000058  -0.00000023  -0.00000009  -0.00000003  -0.00000001  -0.00000000  -0.00000000  -0.00000000  -0.00000000  -0.00000000  -0.00000000  -0.00000000  -0.00000000  -0.00000000  -0.00000000  -0.00000000  -0.00000000  -0.00000000  -0.00000000  -0.00000000  -0.00000000  -0.00000000  -0.00000000  -0.00000000  -0.00000000  -0.00000000  -0.00000000  -0.00000000  -0.00000000  -0.00000000  -0.00000000  -0.00000000  -0.00000000  -0.00000000  -0.00000000  -0.00000000  -0.00000000  -0.00000000  -0.00000000  -0.00000000  -0.00000000  -0.00000000  -0.00000000  -0.00000000  -0.00000000  -0.00000000  -0.00000000  -0.00000000  -0.00000000  -0.00000000  -0.00000000  -0.00000000  -0.00000000  -0.00000000  -0.00000000  -0.00000000  -0.00000000  -0.00000000  -0.00000000  -0.00000000  -0.00000000  -0.00000000  -0.00000000  -0.00000000  -0.00000000  -0.00000000  -0.00000000  -0.00000000  -0.00000000  -0.00000000  -0.00000000  -0.00000000 
 -0.00000015  -1.01478167  -1.96425358  -2.79264186  -3.46090115  -3.94997948  -4.25984800  -4.40528895  -4.41020152  -4.30215039  -4.10824675  -3.85267717  -3.55564626  -3.23327649  -2.89802554  -2.55930272  -2.22409633  -1.89752293  -1.58327066  -1.28394087  -1.00130635  -0.73650774  -0.49020884  -0.26272805  -0.05415911   0.13550982   0.30627409   0.45798761   0.59023961   0.70224240   0.79274429   0.85998536   0.90171689   0.91530648   0.89794979   0.84700537   0.76045969   0.63751261   0.47924509   0.28929005   0.07437305  -0.15546283  -0.38715855  -0.60563454  -0.79550186  -0.94326892  -1.03956142  -1.08072854  -1.06930993  -1.01319634  -0.92377581  -0.81367738  -0.69475312  -0.57671471  -0.46653233  -0.36846688  -0.28449860  -0.21491634  -0.15889532  -0.11497228  -0.08139384  -0.05635206  -0.03813361  -0.02520699  -0.01626557  -0.01023914  -0.00628356  -0.00375658  -0.00218631  -0.00123779  -0.00068120  -0.00036414  -0.00018892  -0.00009506  -0.00004635  -0.00002188  -0.00000999  -0.00000441  -0.00000188  -0.00000077  -0.00000031  -0.00000012  -0.00000004  -0.00000002  -0.00000001  -0.00000000  -0.00000000  -0.00000000  -0.00000000  -0.00000000  -0.00000000  -0.00000000  -0.00000000  -0.00000000  -0.00000000  -0.00000000  -0.00000000  -0.00000000  -0.00000000  -0.00000000  -0.00000000  -0.00000000  -0.00000000  -0.00000000  -0.00000000  -0.00000000  -0.00000000  -0.00000000  -0.00000000  -0.00000000  -0.00000000  -0.00000000  -0.00000000  -0.00000000  -0.00000000  -0.00000000  -0.00000000  -0.00000000  -0.00000000  -0.00000000  -0.00000000  -0.00000000  -0.00000000  -0.00000000  -0.00000000  -0.00000000  -0.00000000  -0.00000000  -0.00000000  -0.00000000  -0.00000000  -0.00000000  -0.00000000  -0.00000000  -0.00000000  -0.00000000  -0.00000000  -0.00000000  -0.00000000  -0.00000000  -0.00000000  -0.00000000  -0.00000000  -0.00000000  -0.00000000  -0.00000000  -0.00000000  -0.00000000  -0.00000000  -0.00000000  -0.00000000 
 -0.00000017  -1.13771638  -2.21090847  -3.16266551  -3.94997948  -4.54757587  -4.94862526  -5.16243411  -5.21001492  -5.11889995  -4.91847471  -4.63659678  -4.29766543  -3.92189192  -3.52536260  -3.12051637  -2.71676752  -2.32111748  -1.93868434  -1.57313096  -1.22699973  -0.90197358  -0.59908509  -0.31889390  -0.06164849   0.17255648   0.38362112   0.57127943   0.73494216   0.87355490   0.98548881   1.06848606   1.11968575   1.13575763   1.11316926   1.04860695   0.93955856   0.78504546   0.58645550   0.34837753   0.07927115  -0.20825977  -0.49785221  -0.77063547  -1.00737472  -1.19123076  -1.31053232  -1.36077800  -1.34521219  -1.27376765  -1.16074080  -1.02196603  -0.87229053  -0.72386986  -0.58541873  -0.46225472  -0.35683790  -0.26951085  -0.19922352  -0.14412892  -0.10201949  -0.07062193  -0.04778372  -0.03158196  -0.02037685  -0.01282578  -0.00787013  -0.00470464  -0.00273783  -0.00154990  -0.00085290  -0.00045588  -0.00023650  -0.00011899  -0.00005801  -0.00002738  -0.00001251  -0.00000552  -0.00000235  -0.00000097  -0.00000038  -0.00000015  -0.00000005  -0.00000002  -0.00000001  -0.00000000  -0.00000000  -0.00000000  -0.00000000  -0.00000000  -0.00000000  -0.00000000  -0.00000000  -0.00000000  -0.00000000  -0.00000000  -0.00000000  -0.00000000  -0.00000000  -0.00000000  -0.00000000  -0.00000000  -0.00000000  -0.00000000  -0.00000000  -0.00000000  -0.00000000  -0.00000000  -0.00000000  -0.00000000  -0.00000000  -0.00000000  -0.00000000  -0.00000000  -0.00000000  -0.00000000  -0.00000000  -0.00000000  -0.00000000  -0.00000000  -0.00000000  -0.00000000  -0.00000000  -0.00000000  -0.00000000  -0.00000000  -0.00000000  -0.00000000  -0.00000000  -0.00000000  -0.00000000  -0.00000000  -0.00000000  -0.00000000  -0.00000000  -0.00000000  -0.00000000  -0.00000000  -0.00000000  -0.00000000  -0.00000000  -0.00000000  -0.00000000  -0.00000000  -0.00000000  -0.00000000  -0.00000000  -0.00000000  -0.00000000  -0.00000000  -0.00000000 
 -0.00000018  -1.20551986  -2.35161531  -3.38428810  -4.25984800  -4.94862526  -5.43686899  -5.72640596  -5.83213747  -5.77804799  -5.59276647  -5.30566410  -4.94407480  -4.53174918  -4.08831969  -3.62942923  -3.16720280  -2.71083461  -2.26715930  -1.84114860  -1.43631939  -1.05506293  -0.69891420  -0.36878208  -0.06515823   0.21168196   0.46147933   0.68379110   0.87779783   1.04213070   1.17473977   1.27282961   1.33289281   1.35087373   1.32249291   1.24375561   1.11165346   0.92504305   0.68564295   0.39902932   0.07543070  -0.26995496  -0.61743440  -0.94433116  -1.22756491  -1.44696488  -1.58859295  -1.64713749  -1.62659317  -1.53897986  -1.40154233  -1.23335158  -1.05227065  -0.87290924  -0.70572764  -0.55709437  -0.42993923  -0.32464642  -0.23992822  -0.17354223  -0.12281649  -0.08500375  -0.05750538  -0.03800162  -0.02451537  -0.01542864  -0.00946611  -0.00565803  -0.00329228  -0.00186359  -0.00102541  -0.00054804  -0.00028429  -0.00014302  -0.00006972  -0.00003291  -0.00001503  -0.00000663  -0.00000283  -0.00000116  -0.00000046  -0.00000018  -0.00000006  -0.00000002  -0.00000001  -0.00000000  -0.00000000  -0.00000000  -0.00000000  -0.00000000  -0.00000000  -0.00000000  -0.00000000  -0.00000000  -0.00000000  -0.00000000  -0.00000000  -0.00000000  -0.00000000  -0.00000000  -0.00000000  -0.00000000  -0.00000000  -0.00000000  -0.00000000  -0.00000000  -0.00000000  -0.00000000  -0.00000000  -0.00000000  -0.00000000  -0.00000000  -0.00000000  -0.00000000  -0.00000000  -0.00000000  -0.00000000  -0.00000000  -0.00000000  -0.00000000  -0.00000000  -0.00000000  -0.00000000  -0.00000000  -0.00000000  -0.00000000  -0.00000000  -0.00000000  -0.00000000  -0.00000000  -0.00000000  -0.00000000  -0.00000000  -0.00000000  -0.00000000  -0.00000000  -0.00000000  -0.00000000  -0.00000000  -0.00000000  -0.00000000  -0.00000000  -0.00000000  -0.00000000  -0.00000000  -0.00000000  -0.00000000  -0.00000000  -0.00000000  -0.00000000  -0.00000000 
 -0.00000019  -1.22639531  -2.40065265  -3.47416552  -4.40528895  -5.16243411  -5.72640596  -6.09146282  -6.26471002  -6.26383554  -6.11369066  -5.84253959  -5.47877612  -5.04859057  -4.57468104  -4.07582423  -3.56701369  -3.05989374  -2.56329518  -2.08376057  -1.62600938  -1.19333220  -0.78792352  -0.41117026  -0.06391400   0.25329911   0.53997264   0.79541760   1.01852111   1.20754157   1.35995421   1.47237732   1.54061475   1.55985155   1.52503767   1.43148588   1.27569372   1.05636876   0.77558838   0.43995327   0.06150251  -0.34193206  -0.74729524  -1.12808708  -1.45738161  -1.71169503  -1.87485761  -1.94079494  -1.91430543  -1.80954915  -1.64676615  -1.44830071  -1.23505596  -1.02410748  -0.82766225  -0.65313270  -0.50390638  -0.38039480  -0.28105787  -0.20324419  -0.14380546  -0.09951050  -0.06730653  -0.04447070  -0.02868392  -0.01804928  -0.01107236  -0.00661720  -0.00384990  -0.00217896  -0.00119880  -0.00064064  -0.00033229  -0.00016715  -0.00008148  -0.00003846  -0.00001756  -0.00000775  -0.00000330  -0.00000136  -0.00000054  -0.00000021  -0.00000008  -0.00000003  -0.00000001  -0.00000000  -0.00000000  -0.00000000  -0.00000000  -0.00000000  -0.00000000  -0.00000000  -0.00000000  -0.00000000  -0.00000000  -0.00000000  -0.00000000  -0.00000000  -0.00000000  -0.00000000  -0.00000000  -0.00000000  -0.00000000  -0.00000000  -0.00000000  -0.00000000  -0.00000000  -0.00000000  -0.00000000  -0.00000000  -0.00000000  -0.00000000  -0.00000000  -0.00000000  -0.00000000  -0.00000000  -0.00000000  -0.00000000  -0.00000000  -0.00000000  -0.00000000  -0.00000000  -0.00000000  -0.00000000  -0.00000000  -0.00000000  -0.00000000  -0.00000000  -0.00000000  -0.00000000  -0.00000000  -0.00000000  -0.00000000  -0.00000000  -0.00000000  -0.00000000  -0.00000000  -0.00000000  -0.00000000  -0.00000000  -0.00000000  -0.00000000  -0.00000000  -0.00000000  -0.00000000  -0.00000000  -0.00000000  -0.00000000  -0.00000000  -0.00000000  -0.00000000 
 -0.00000018  -1.20998989  -2.37571721  -3.45505008  -4.41020152  -5.21001492  -5.83213747  -6.26471002  -6.50710333  -6.56933494  -6.47013216  -6.23403114  -5.88818785  -5.45957189  -4.97296035  -4.44982180  -3.90794186  -3.36154492  -2.82168092  -2.29671016  -1.79278934  -1.31431558  -0.86431918  -0.44481308  -0.05711314   0.29785768   0.61927324   0.90611581   1.15690374   1.36945311   1.54070013   1.66661873   1.74227352   1.76204945   1.72009713   1.61102260   1.43083076   1.17809771   0.85529162   0.47008060   0.03636232  -0.42535122  -0.88860592  -1.32305729  -1.69793296  -1.98645683  -2.17026750  -2.24258168  -2.20906238  -2.08607030  -1.89689407  -1.66719273  -1.42093681  -1.17768086  -0.95137937  -0.75048046  -0.57881555  -0.43680701  -0.32264574  -0.23325588  -0.16499933  -0.11414985  -0.07719156  -0.05099162  -0.03288372  -0.02068832  -0.01268915  -0.00758225  -0.00441071  -0.00249602  -0.00137306  -0.00073367  -0.00038050  -0.00019138  -0.00009328  -0.00004402  -0.00002010  -0.00000887  -0.00000378  -0.00000156  -0.00000062  -0.00000024  -0.00000009  -0.00000003  -0.00000001  -0.00000000  -0.00000000  -0.00000000  -0.00000000  -0.00000000  -0.00000000  -0.00000000  -0.00000000  -0.00000000  -0.00000000  -0.00000000  -0.00000000  -0.00000000  -0.00000000  -0.00000000  -0.00000000  -0.00000000  -0.00000000  -0.00000000  -0.00000000  -0.00000000  -0.00000000  -0.00000000  -0.00000000  -0.00000000  -0.00000000  -0.00000000  -0.00000000  -0.00000000  -0.00000000  -0.00000000  -0.00000000  -0.00000000  -0.00000000  -0.00000000  -0.00000000  -0.00000000  -0.00000000  -0.00000000  -0.00000000  -0.00000000  -0.00000000  -0.00000000  -0.00000000  -0.00000000  -0.00000000  -0.00000000  -0.00000000  -0.00000000  -0.00000000  -0.00000000  -0.00000000  -0.00000000  -0.00000000  -0.00000000  -0.00000000  -0.00000000  -0.00000000  -0.00000000  -0.00000000  -0.00000000  -0.00000000  -0.00000000  -0.00000000  -0.00000000  -0.00000000 
 -0.00000018  -1.16564016  -2.29450559  -3.35102357  -4.30215039  -5.11889995  -5.77804799  -6.26383554  -6.56933494  -6.69705707  -6.65846383  -6.47233092  -6.16227287  -5.75399803  -5.27287087  -4.74215061  -4.18199700  -3.60912532  -3.03690477  -2.47570228  -1.93332717  -1.41549196  -0.92625074  -0.46840591  -0.04388825   0.34588072   0.69963808   1.01594118   1.29285167   1.52766197   1.71669416   1.85520979   1.93747490   1.95702626   1.90718105   1.78182086   1.57645853   1.28955764   0.92401277   0.48860757  -0.00084737  -0.52110741  -1.04227747  -1.53014419  -1.95008730  -2.27206103  -2.47555642  -2.55314112  -2.51141031  -2.36899216  -2.15228286  -1.89030189  -1.61011697  -1.33377563  -1.07698030  -0.84920520  -0.65470996  -0.49390943  -0.36470701  -0.26358536  -0.18640190  -0.12892319  -0.08716064  -0.05756400  -0.03711425  -0.02334523  -0.01431607  -0.00855288  -0.00497451  -0.00281462  -0.00154809  -0.00082708  -0.00042888  -0.00021569  -0.00010511  -0.00004960  -0.00002264  -0.00000999  -0.00000426  -0.00000175  -0.00000069  -0.00000027  -0.00000010  -0.00000003  -0.00000001  -0.00000000  -0.00000000  -0.00000000  -0.00000000  -0.00000000  -0.00000000  -0.00000000  -0.00000000  -0.00000000  -0.00000000  -0.00000000  -0.00000000  -0.00000000  -0.00000000  -0.00000000  -0.00000000  -0.00000000  -0.00000000  -0.00000000  -0.00000000  -0.00000000  -0.00000000  -0.00000000  -0.00000000  -0.00000000  -0.00000000  -0.00000000  -0.00000000  -0.00000000  -0.00000000  -0.00000000  -0.00000000  -0.00000000  -0.00000000  -0.00000000  -0.00000000  -0.00000000  -0.00000000  -0.00000000  -0.00000000  -0.00000000  -0.00000000  -0.00000000  -0.00000000  -0.00000000  -0.00000000  -0.00000000  -0.00000000  -0.00000000  -0.00000000  -0.00000000  -0.00000000  -0.00000000  -0.00000000  -0.00000000  -0.00000000  -0.00000000  -0.00000000  -0.00000000  -0.00000000  -0.00000000  -0.00000000  -0.00000000  -0.00000000  -0.00000000  -0.00000000 
 -0.00000017  -1.10145326  -2.17275827  -3.18440154  -4.10824675  -4.91847471  -5.59276647  -6.11369066  -6.47013216  -6.65846383  -6.68308814  -6.55604516  -6.29562244  -5.92422139  -5.46596509  -4.94455140  -4.38168299  -3.79616644  -3.20358837  -2.61639554  -2.04420853  -1.49424321  -0.97176443  -0.48053638  -0.02325859   0.39801265   0.78145608   1.12509408   1.42643050   1.68214041   1.88784524   2.03801564   2.12605059   2.14458290   2.08605635   1.94360680   1.71225422   1.39036973   0.98131318   0.49503683  -0.05067564  -0.62978867  -1.20891914  -1.74995751  -2.21443328  -2.56905529  -2.79121498  -2.87289590  -2.82169872  -2.65859162  -2.41314193  -2.11777861  -1.80269819  -1.49245562  -1.20450100  -0.94932371  -0.73159415  -0.55169954  -0.40723569  -0.29422554  -0.20800631  -0.14382459  -0.09720900  -0.06418421  -0.04137290  -0.02601821  -0.01595192  -0.00952831  -0.00554082  -0.00313450  -0.00172374  -0.00092078  -0.00047740  -0.00024005  -0.00011697  -0.00005519  -0.00002519  -0.00001112  -0.00000474  -0.00000195  -0.00000077  -0.00000029  -0.00000011  -0.00000004  -0.00000001  -0.00000000  -0.00000000  -0.00000000  -0.00000000  -0.00000000  -0.00000000  -0.00000000  -0.00000000  -0.00000000  -0.00000000  -0.00000000  -0.00000000  -0.00000000  -0.00000000  -0.00000000  -0.00000000  -0.00000000  -0.00000000  -0.00000000  -0.00000000  -0.00000000  -0.00000000  -0.00000000  -0.00000000  -0.00000000  -0.00000000  -0.00000000  -0.00000000  -0.00000000  -0.00000000  -0.00000000  -0.00000000  -0.00000000  -0.00000000  -0.00000000  -0.00000000  -0.00000000  -0.00000000  -0.00000000  -0.00000000  -0.00000000  -0.00000000  -0.00000000  -0.00000000  -0.00000000  -0.00000000  -0.00000000  -0.00000000  -0.00000000  -0.00000000  -0.00000000  -0.00000000  -0.00000000  -0.00000000  -0.00000000  -0.00000000  -0.00000000  -0.00000000  -0.00000000  -0.00000000  -0.00000000  -0.00000000  -0.00000000  -0.00000000  -0.00000000  -0.00000000 
 -0.00000015  -1.02400322  -2.02347866  -2.97420957  -3.85267717  -4.63659678  -5.30566410  -5.84253959  -6.23403114  -6.47233092  -6.55604516  -6.49068843  -6.28836881  -5.96659560  -5.54642056  -5.05033116  -4.50034101  -3.91657804  -3.31646387  -2.71441364  -2.12191059  -1.54780798  -0.99874737  -0.47962485   0.00593014   0.45507851   0.86530561   1.23397507   1.55791838   1.83308686   2.05430284   2.21515666   2.30810217   2.32480445   2.25678780   2.09641708   1.83821703   1.48048711   1.02709415   0.48921655  -0.11332345  -0.75163570  -1.38879769  -1.98277354  -2.49123970  -2.87768541  -3.11745374  -3.20201366  -3.14004947  -2.95494632  -2.67950983  -2.34962973  -1.99866399  -1.65368922  -1.33390194  -1.05079420  -0.80942808  -0.61014155  -0.45020151  -0.32515189  -0.22979350  -0.15883974  -0.10732625  -0.07084498  -0.04565468  -0.02870397  -0.01759458  -0.01050725  -0.00610885  -0.00345517  -0.00189975  -0.00101462  -0.00052597  -0.00026443  -0.00012883  -0.00006078  -0.00002774  -0.00001224  -0.00000521  -0.00000214  -0.00000085  -0.00000032  -0.00000012  -0.00000004  -0.00000001  -0.00000000  -0.00000000  -0.00000000  -0.00000000  -0.00000000  -0.00000000  -0.00000000  -0.00000000  -0.00000000  -0.00000000  -0.00000000  -0.00000000  -0.00000000  -0.00000000  -0.00000000  -0.00000000  -0.00000000  -0.00000000  -0.00000000  -0.00000000  -0.00000000  -0.00000000  -0.00000000  -0.00000000  -0.00000000  -0.00000000  -0.00000000  -0.00000000  -0.00000000  -0.00000000  -0.00000000  -0.00000000  -0.00000000  -0.00000000  -0.00000000  -0.00000000  -0.00000000  -0.00000000  -0.00000000  -0.00000000  -0.00000000  -0.00000000  -0.00000000  -0.00000000  -0.00000000  -0.00000000  -0.00000000  -0.00000000  -0.00000000  -0.00000000  -0.00000000  -0.00000000  -0.00000000  -0.00000000  -0.00000000  -0.00000000  -0.00000000  -0.00000000  -0.00000000  -0.00000000  -0.00000000  -0.00000000  -0.00000000  -0.00000000  -0.00000000  -0.00000000 
 -0.00000014  -0.93838519  -1.85689355  -2.73578590  -3.55564626  -4.29766543  -4.94407480  -5.47877612  -5.88818785  -6.16227287  -6.29562244  -6.28836881  -6.14663642  -5.88228563  -5.51187933  -5.05504927  -4.53262705  -3.96493596  -3.37051865  -2.76539428  -2.16279220  -1.57323853  -1.00486739  -0.46385678   0.04507537   0.51815243   0.95202031   1.34324717   1.68786442   1.98098025   2.21650721   2.38705483   2.48404389   2.49809977   2.41977496   2.24063393   1.95470201   1.56022820   1.06163043   0.47137467  -0.18860817  -0.88650516  -1.58179933  -2.22849630  -2.78041639  -3.19785667  -3.45416611  -3.54037226  -3.46632499  -3.25790646  -2.95122988  -2.58569802  -2.19786285  -1.81733596  -1.46505754  -1.15350820  -0.88812112  -0.66916202  -0.49354667  -0.35632026  -0.25173062  -0.17394490  -0.11749568  -0.07753485  -0.04995200  -0.03139759  -0.01924095  -0.01148777  -0.00667745  -0.00377600  -0.00207574  -0.00110841  -0.00057449  -0.00028878  -0.00014067  -0.00006635  -0.00003028  -0.00001336  -0.00000569  -0.00000234  -0.00000093  -0.00000035  -0.00000013  -0.00000005  -0.00000002  -0.00000001  -0.00000000  -0.00000000  -0.00000000  -0.00000000  -0.00000000  -0.00000000  -0.00000000  -0.00000000  -0.00000000  -0.00000000  -0.00000000  -0.00000000  -0.00000000  -0.00000000  -0.00000000  -0.00000000  -0.00000000  -0.00000000  -0.00000000  -0.00000000  -0.00000000  -0.00000000  -0.00000000  -0.00000000  -0.00000000  -0.00000000  -0.00000000  -0.00000000  -0.00000000  -0.00000000  -0.00000000  -0.00000000  -0.00000000  -0.00000000  -0.00000000  -0.00000000  -0.00000000  -0.00000000  -0.00000000  -0.00000000  -0.00000000  -0.00000000  -0.00000000  -0.00000000  -0.00000000  -0.00000000  -0.00000000  -0.00000000  -0.00000000  -0.00000000  -0.00000000  -0.00000000  -0.00000000  -0.00000000  -0.00000000  -0.00000000  -0.00000000  -0.00000000  -0.00000000  -0.00000000  -0.00000000  -0.00000000  -0.00000000  -0.00000000  -0.00000000 
 -0.00000013  -0.84843067  -1.68078319  -2.48103068  -3.23327649  -3.92189192  -4.53174918  -5.04859057  -5.45957189  -5.75399803  -5.92422139  -5.96659560  -5.88228563  -5.67767771  -5.36416741  -4.95725680  -4.47511058  -3.93689211  -3.36123449  -2.76509965  -2.16311856  -1.56737354  -0.98751704  -0.43111293   0.09589217   0.58863178   1.04275985   1.45390183   1.81714895   2.12663425   2.37523771   2.55447632   2.65464004   2.66523436   2.57578134   2.37701154   2.06244472   1.63030077   1.08559476   0.44214479  -0.27593567  -1.03383924  -1.78739694  -2.48662262  -3.08147792  -3.52909715  -3.80089220  -3.88752537  -3.80009647  -3.56706633  -3.22792542  -2.82564132  -2.39999109  -1.98313275  -1.59774545  -1.25728242  -0.96752582  -0.72864527  -0.53718264  -0.38766450  -0.27376950  -0.18910582  -0.12769357  -0.08423779  -0.05425428  -0.03409228  -0.02088679  -0.01246732  -0.00724513  -0.00409610  -0.00225123  -0.00120188  -0.00062281  -0.00031301  -0.00015245  -0.00007190  -0.00003280  -0.00001447  -0.00000616  -0.00000253  -0.00000100  -0.00000038  -0.00000014  -0.00000005  -0.00000002  -0.00000001  -0.00000000  -0.00000000  -0.00000000  -0.00000000  -0.00000000  -0.00000000  -0.00000000  -0.00000000  -0.00000000  -0.00000000  -0.00000000  -0.00000000  -0.00000000  -0.00000000  -0.00000000  -0.00000000  -0.00000000  -0.00000000  -0.00000000  -0.00000000  -0.00000000  -0.00000000  -0.00000000  -0.00000000  -0.00000000  -0.00000000  -0.00000000  -0.00000000  -0.00000000  -0.00000000  -0.00000000  -0.00000000  -0.00000000  -0.00000000  -0.00000000  -0.00000000  -0.00000000  -0.00000000  -0.00000000  -0.00000000  -0.00000000  -0.00000000  -0.00000000  -0.00000000  -0.00000000  -0.00000000  -0.00000000  -0.00000000  -0.00000000  -0.00000000  -0.00000000  -0.00000000  -0.00000000  -0.00000000  -0.00000000  -0.00000000  -0.00000000  -0.00000000  -0.00000000  -0.00000000  -0.00000000  -0.00000000  -0.00000000  -0.00000000  -0.00000000 
 -0.00000011  -0.75696378  -1.50093568  -2.21893624  -2.89802554  -3.52536260  -4.08831969  -4.57468104  -4.97296035  -5.27287087  -5.46596509  -5.54642056  -5.51187933  -5.36416741  -5.10966627  -4.75913658  -4.32692730  -3.82969821  -3.28494046  -2.70961535  -2.11914486  -1.52684532  -0.94377560  -0.37890764   0.16048513   0.66831063   1.13908024   1.56732322   1.94704046   2.27124635   2.53165391   2.71856501   2.82103145   2.82735077   2.72594995   2.50668810   2.16257130   1.69181157   1.10006851   0.40257922  -0.37428393  -1.19264542  -2.00462567  -2.75621397  -3.39351246  -3.87052466  -4.15678523  -4.24266961  -4.14061301  -3.88173629  -3.50897537  -3.06891175  -2.60457577  -2.15068025  -1.73163593  -1.36185060  -1.04743202  -0.78842908  -0.58098701  -0.41909438  -0.29584513  -0.20427676  -0.13788851  -0.09093276  -0.05854777  -0.03677929  -0.02252669  -0.01344262  -0.00780995  -0.00441438  -0.00242561  -0.00129470  -0.00067078  -0.00033706  -0.00016413  -0.00007739  -0.00003530  -0.00001557  -0.00000663  -0.00000273  -0.00000108  -0.00000041  -0.00000015  -0.00000005  -0.00000002  -0.00000001  -0.00000000  -0.00000000  -0.00000000  -0.00000000  -0.00000000  -0.00000000  -0.00000000  -0.00000000  -0.00000000  -0.00000000  -0.00000000  -0.00000000  -0.00000000  -0.00000000  -0.00000000  -0.00000000  -0.00000000  -0.00000000  -0.00000000  -0.00000000  -0.00000000  -0.00000000  -0.00000000  -0.00000000  -0.00000000  -0.00000000  -0.00000000  -0.00000000  -0.00000000  -0.00000000  -0.00000000  -0.00000000  -0.00000000  -0.00000000  -0.00000000  -0.00000000  -0.00000000  -0.00000000  -0.00000000  -0.00000000  -0.00000000  -0.00000000  -0.00000000  -0.00000000  -0.00000000  -0.00000000  -0.00000000  -0.00000000  -0.00000000  -0.00000000  -0.00000000  -0.00000000  -0.00000000  -0.00000000  -0.00000000  -0.00000000  -0.00000000  -0.00000000  -0.00000000  -0.00000000  -0.00000000  -0.00000000  -0.00000000  -0.00000000  -0.00000000 
 -0.00000010  -0.66603835  -1.32159212  -1.95617475  -2.55930272  -3.12051637  -3.62942923  -4.07582423  -4.44982180  -4.74215061  -4.94455140  -5.05033116  -5.05504927  -4.95725680  -4.75913658  -4.46684180  -4.09035259  -3.64278681  -3.13927579  -2.59565875  -2.02728605  -1.44814679  -0.87040895  -0.30435002   0.24140575   0.75944312   1.24299527   1.68534336   2.07924205   2.41643449   2.68732216   2.88085941   2.98474378   2.98596949   2.87179833   2.63117685   2.25658753   1.74625541   1.10653274   0.35414366  -0.48220329  -1.36149064  -2.23207091  -3.03587846  -3.71515864  -4.22081986  -4.52058246  -4.60461495  -4.48677302  -4.20091646  -3.79349083  -3.31473588  -2.81095833  -2.31942980  -1.86628166  -1.46685585  -1.12756101  -0.84830049  -0.62480058  -0.45049346  -0.31787425  -0.21939957  -0.14804079  -0.09759330  -0.06281528  -0.03944772  -0.02415390  -0.01440961  -0.00836953  -0.00472948  -0.00259814  -0.00138648  -0.00071817  -0.00036080  -0.00017566  -0.00008281  -0.00003777  -0.00001665  -0.00000709  -0.00000291  -0.00000115  -0.00000044  -0.00000016  -0.00000006  -0.00000002  -0.00000001  -0.00000000  -0.00000000  -0.00000000  -0.00000000  -0.00000000  -0.00000000  -0.00000000  -0.00000000  -0.00000000  -0.00000000  -0.00000000  -0.00000000  -0.00000000  -0.00000000  -0.00000000  -0.00000000  -0.00000000  -0.00000000  -0.00000000  -0.00000000  -0.00000000  -0.00000000  -0.00000000  -0.00000000  -0.00000000  -0.00000000  -0.00000000  -0.00000000  -0.00000000  -0.00000000  -0.00000000  -0.00000000  -0.00000000  -0.00000000  -0.00000000  -0.00000000  -0.00000000  -0.00000000  -0.00000000  -0.00000000  -0.00000000  -0.00000000  -0.00000000  -0.00000000  -0.00000000  -0.00000000  -0.00000000  -0.00000000  -0.00000000  -0.00000000  -0.00000000  -0.00000000  -0.00000000  -0.00000000  -0.00000000  -0.00000000  -0.00000000  -0.00000000  -0.00000000  -0.00000000  -0.00000000  -0.00000000  -0.00000000  -0.00000000  -0.00000000 
 -0.00000009  -0.57713326  -1.14582537  -1.69763056  -2.22409633  -2.71676752  -3.16720280  -3.56701369  -3.90794186  -4.18199700  -4.38168299  -4.50034101  -4.53262705  -4.47511058  -4.32692730  -4.09035259  -3.77111590  -3.37829300  -2.92371599  -2.42099742  -1.88439589  -1.32778635  -0.76393331  -0.20414969   0.34167859   0.86478296   1.35701771   1.81027786   2.21591775   2.56425208   2.84421890   3.04328464   3.14766911   3.14296185   3.01518483   2.75232810   2.34633907   1.79547629   1.10683277   0.29868743  -0.59783877  -1.53851517  -2.46787308  -3.32376695  -4.04459393  -4.57820848  -4.89058315  -4.97176049  -4.83709962  -4.52327331  -4.08029405  -3.56209651  -3.01827958  -2.48867139  -2.00110845  -1.57184362  -1.20756048  -0.90799214  -0.66842472  -0.48171736  -0.33975420  -0.23440284  -0.15810192  -0.10418724  -0.06703598  -0.04208442  -0.02576032  -0.01536343  -0.00892106  -0.00503981  -0.00276792  -0.00147673  -0.00076475  -0.00038411  -0.00018697  -0.00008813  -0.00004019  -0.00001772  -0.00000754  -0.00000310  -0.00000123  -0.00000047  -0.00000017  -0.00000006  -0.00000002  -0.00000001  -0.00000000  -0.00000000  -0.00000000  -0.00000000  -0.00000000  -0.00000000  -0.00000000  -0.00000000  -0.00000000  -0.00000000  -0.00000000  -0.00000000  -0.00000000  -0.00000000  -0.00000000  -0.00000000  -0.00000000  -0.00000000  -0.00000000  -0.00000000  -0.00000000  -0.00000000  -0.00000000  -0.00000000  -0.00000000  -0.00000000  -0.00000000  -0.00000000  -0.00000000  -0.00000000  -0.00000000  -0.00000000  -0.00000000  -0.00000000  -0.00000000  -0.00000000  -0.00000000  -0.00000000  -0.00000000  -0.00000000  -0.00000000  -0.00000000  -0.00000000  -0.00000000  -0.00000000  -0.00000000  -0.00000000  -0.00000000  -0.00000000  -0.00000000  -0.00000000  -0.00000000  -0.00000000  -0.00000000  -0.00000000  -0.00000000  -0.00000000  -0.00000000  -0.00000000  -0.00000000  -0.00000000  -0.00000000  -0.00000000  -0.00000000  -0.00000000 
 -0.00000007  -0.49130271  -0.97583805  -1.44683625  -1.89752293  -2.32111748  -2.71083461  -3.05989374  -3.36154492  -3.60912532  -3.79616644  -3.91657804  -3.96493596  -3.93689211  -3.82969821  -3.64278681  -3.37829300  -3.04135704  -2.64006056  -2.18493983  -1.68816031  -1.16255609  -0.62077286  -0.07469437   0.46477302   0.98758052   1.48416466   1.94492884   2.35968674   2.71717034   3.00469988   3.20810879   3.31201081   3.30048529   3.15823687   2.87225328   2.43393464   1.84159285   1.10310890   0.23838234  -0.71898101  -1.72147173  -2.70975437  -3.61758762  -4.37953832  -4.94045586  -5.26463634  -5.34207785  -5.18972201  -4.84712088  -4.36790093  -3.80971740  -3.22546689  -2.65752346  -2.13540735  -1.67625576  -1.28700015  -0.96717917  -0.71161928  -0.51259227  -0.36136189  -0.24920135  -0.16801420  -0.11067642  -0.07118524  -0.04467387  -0.02733645  -0.01629841  -0.00946121  -0.00534348  -0.00293393  -0.00156491  -0.00081022  -0.00040686  -0.00019800  -0.00009331  -0.00004254  -0.00001875  -0.00000798  -0.00000328  -0.00000130  -0.00000050  -0.00000018  -0.00000006  -0.00000002  -0.00000001  -0.00000000  -0.00000000  -0.00000000  -0.00000000  -0.00000000  -0.00000000  -0.00000000  -0.00000000  -0.00000000  -0.00000000  -0.00000000  -0.00000000  -0.00000000  -0.00000000  -0.00000000  -0.00000000  -0.00000000  -0.00000000  -0.00000000  -0.00000000  -0.00000000  -0.00000000  -0.00000000  -0.00000000  -0.00000000  -0.00000000  -0.00000000  -0.00000000  -0.00000000  -0.00000000  -0.00000000  -0.00000000  -0.00000000  -0.00000000  -0.00000000  -0.00000000  -0.00000000  -0.00000000  -0.00000000  -0.00000000  -0.00000000  -0.00000000  -0.00000000  -0.00000000  -0.00000000  -0.00000000  -0.00000000  -0.00000000  -0.00000000  -0.00000000  -0.00000000  -0.00000000  -0.00000000  -0.00000000  -0.00000000  -0.00000000  -0.00000000  -0.00000000  -0.00000000  -0.00000000  -0.00000000  -0.00000000  -0.00000000  -0.00000000  -0.00000000 
 -0.00000006  -0.40928741  -0.81318621  -1.20630920  -1.58327066  -1.93868434  -2.26715930  -2.56329518  -2.82168092  -3.03690477  -3.20358837  -3.31646387  -3.37051865  -3.36123449  -3.28494046  -3.13927579  -2.92371599  -2.64006056  -2.29274018  -1.88880990  -1.43757494  -0.94992211  -0.43753834   0.08776938   0.61449213   1.13151290   1.62790674   2.09253791   2.51357059   2.87801455   3.17142314   3.37785248   3.48018087   3.46087077   3.30323130   2.99320197   2.52162327   1.88687980   1.09768578   0.17562307  -0.84315201  -1.90779568  -2.95507265  -3.91464395  -4.71727749  -5.30487755  -5.64014151  -5.71310489  -5.54236503  -5.17040849  -4.65450868  -4.05605201  -3.43122467  -2.82492521  -2.26832880  -1.77942628  -1.36536876  -1.02547716  -0.75410116  -0.54291407  -0.38255328  -0.26369566  -0.17771052  -0.11701661  -0.07523457  -0.04719819  -0.02887132  -0.01720799  -0.00998618  -0.00563834  -0.00309498  -0.00165038  -0.00085426  -0.00042887  -0.00020867  -0.00009831  -0.00004481  -0.00001975  -0.00000841  -0.00000345  -0.00000137  -0.00000052  -0.00000019  -0.00000007  -0.00000002  -0.00000001  -0.00000000  -0.00000000  -0.00000000  -0.00000000  -0.00000000  -0.00000000  -0.00000000  -0.00000000  -0.00000000  -0.00000000  -0.00000000  -0.00000000  -0.00000000  -0.00000000  -0.00000000  -0.00000000  -0.00000000  -0.00000000  -0.00000000  -0.00000000  -0.00000000  -0.00000000  -0.00000000  -0.00000000  -0.00000000  -0.00000000  -0.00000000  -0.00000000  -0.00000000  -0.00000000  -0.00000000  -0.00000000  -0.00000000  -0.00000000  -0.00000000  -0.00000000  -0.00000000  -0.00000000  -0.00000000  -0.00000000  -0.00000000  -0.00000000  -0.00000000  -0.00000000  -0.00000000  -0.00000000  -0.00000000  -0.00000000  -0.00000000  -0.00000000  -0.00000000  -0.00000000  -0.00000000  -0.00000000  -0.00000000  -0.00000000  -0.00000000  -0.00000000  -0.00000000  -0.00000000  -0.00000000  -0.00000000  -0.00000000  -0.00000000  -0.00000000 
