# coconut-me2b/v0.99.21 
# 
# momentum space matrix elements 
# partial wave J=1, L=2/2, S=1, T=0, MT=0 
# 
# momentum grid [fm^-1]
0.000000 0.066667 0.133333 0.200000 0.266667 0.333333 0.400000 0.466667 0.533333 0.600000 0.666667 0.733333 0.800000 0.866667 0.933333 1.000000 1.066667 1.133333 1.200000 1.266667 1.333333 1.400000 1.466667 1.533333 1.600000 1.666667 1.733333 1.800000 1.866667 1.933333 2.000000 2.066667 2.133333 2.200000 2.266667 2.333333 2.400000 2.466667 2.533333 2.600000 2.666667 2.733333 2.800000 2.866667 2.933333 3.000000 3.066667 3.133333 3.200000 3.266667 3.333333 3.400000 3.466667 3.533333 3.600000 3.666667 3.733333 3.800000 3.866667 3.933333 4.000000 4.066667 4.133333 4.200000 4.266667 4.333333 4.400000 4.466667 4.533333 4.600000 4.666667 4.733333 4.800000 4.866667 4.933333 5.000000 5.066667 5.133333 5.200000 5.266667 5.333333 5.400000 5.466667 5.533333 5.600000 5.666667 5.733333 5.800000 5.866667 5.933333 6.000000 6.066667 6.133333 6.200000 6.266667 6.333333 6.400000 6.466667 6.533333 6.600000 6.666667 6.733333 6.800000 6.866667 6.933333 7.000000 7.066667 7.133333 7.200000 7.266667 7.333333 7.400000 7.466667 7.533333 7.600000 7.666667 7.733333 7.800000 7.866667 7.933333 8.000000 8.066667 8.133333 8.200000 8.266667 8.333333 8.400000 8.466667 8.533333 8.600000 8.666667 8.733333 8.800000 8.866667 8.933333 9.000000 9.066667 9.133333 9.200000 9.266667 9.333333 9.400000 9.466667 9.533333 9.600000 9.666667 9.733333 9.800000 9.866667 9.933333 10.000000 
#
# matrix elements [MeV fm^3] 
  0.00258575   0.00000000   0.00000000   0.00000000   0.00000000   0.00000000   0.00000000   0.00000000   0.00000000   0.00000000   0.00000000   0.00000000   0.00000000   0.00000000   0.00000000   0.00000000   0.00000000   0.00000000   0.00000000   0.00000000   0.00000000   0.00000000   0.00000000   0.00000000   0.00000000   0.00000000   0.00000000   0.00000000   0.00000000   0.00000000   0.00000000   0.00000000   0.00000000   0.00000000   0.00000000   0.00000000  -0.00000000  -0.00000000  -0.00000000   0.00000000  -0.00000000  -0.00000000  -0.00000000  -0.00000000   0.00000000  -0.00000000  -0.00000000  -0.00000000  -0.00000000  -0.00000000  -0.00000000  -0.00000000  -0.00000000   0.00000000  -0.00000000  -0.00000000   0.00000000  -0.00000000  -0.00000000  -0.00000000  -0.00000000  -0.00000000  -0.00000000  -0.00000000  -0.00000000  -0.00000000  -0.00000000  -0.00000000  -0.00000000  -0.00000000  -0.00000000  -0.00000000  -0.00000000   0.00000000  -0.00000000  -0.00000000  -0.00000000  -0.00000000  -0.00000000  -0.00000000  -0.00000000  -0.00000000  -0.00000000  -0.00000000   0.00000000  -0.00000000  -0.00000000   0.00000000  -0.00000000  -0.00000000  -0.00000000  -0.00000000  -0.00000000  -0.00000000  -0.00000000  -0.00000000  -0.00000000  -0.00000000  -0.00000000   0.00000000  -0.00000000  -0.00000000  -0.00000000   0.00000000  -0.00000000  -0.00000000  -0.00000000  -0.00000000  -0.00000000  -0.00000000  -0.00000000  -0.00000000  -0.00000000  -0.00000000  -0.00000000  -0.00000000  -0.00000000  -0.00000000   0.00000000  -0.00000000  -0.00000000  -0.00000000  -0.00000000  -0.00000000  -0.00000000   0.00000000  -0.00000000  -0.00000000  -0.00000000  -0.00000000  -0.00000000  -0.00000000   0.00000000  -0.00000000  -0.00000000  -0.00000000  -0.00000000   0.00000000  -0.00000000  -0.00000000  -0.00000000   0.00000000   0.00000000  -0.00000000  -0.00000000  -0.00000000  -0.00000000  -0.00000000  -0.00000000  -0.00000000  -0.00000000 
  0.00000000   0.00198269   0.00744010   0.01510685   0.02343096   0.03106287   0.03713433   0.04129206   0.04357594   0.04425287   0.04367700   0.04219967   0.04012425   0.03769139   0.03508089   0.03242086   0.02979862   0.02727087   0.02487201   0.02262065   0.02052434   0.01858308   0.01679171   0.01514167   0.01362215   0.01222097   0.01092517   0.00972156   0.00859716   0.00753974   0.00653829   0.00558372   0.00466950   0.00379239   0.00295307   0.00215660   0.00141233   0.00073338   0.00013516  -0.00036682  -0.00075987  -0.00103704  -0.00119958  -0.00125784  -0.00123029  -0.00114051  -0.00101313  -0.00086988  -0.00072698  -0.00059458  -0.00047762  -0.00037756  -0.00029391  -0.00022530  -0.00016998  -0.00012615  -0.00009204  -0.00006597  -0.00004642  -0.00003205  -0.00002170  -0.00001439  -0.00000934  -0.00000594  -0.00000369  -0.00000224  -0.00000132  -0.00000077  -0.00000043  -0.00000024  -0.00000013  -0.00000007  -0.00000003  -0.00000002  -0.00000001  -0.00000000  -0.00000000  -0.00000000  -0.00000000  -0.00000000  -0.00000000  -0.00000000  -0.00000000  -0.00000000  -0.00000000  -0.00000000  -0.00000000  -0.00000000  -0.00000000  -0.00000000  -0.00000000  -0.00000000  -0.00000000  -0.00000000  -0.00000000  -0.00000000  -0.00000000  -0.00000000  -0.00000000  -0.00000000  -0.00000000  -0.00000000  -0.00000000  -0.00000000  -0.00000000  -0.00000000  -0.00000000  -0.00000000  -0.00000000  -0.00000000  -0.00000000  -0.00000000  -0.00000000  -0.00000000  -0.00000000  -0.00000000  -0.00000000  -0.00000000  -0.00000000  -0.00000000  -0.00000000  -0.00000000  -0.00000000  -0.00000000  -0.00000000  -0.00000000  -0.00000000  -0.00000000  -0.00000000  -0.00000000  -0.00000000  -0.00000000  -0.00000000  -0.00000000  -0.00000000  -0.00000000  -0.00000000  -0.00000000  -0.00000000  -0.00000000  -0.00000000  -0.00000000  -0.00000000  -0.00000000  -0.00000000  -0.00000000  -0.00000000  -0.00000000  -0.00000000  -0.00000000  -0.00000000 
  0.00000000   0.00744010   0.02801112   0.05715737   0.08918146   0.11898021   0.14311849   0.16005241   0.16975712   0.17313909   0.17150543   0.16620175   0.15841762   0.14911305   0.13901543   0.12864937   0.11837689   0.10843622   0.09897470   0.09007457   0.08177231   0.07407278   0.06695920   0.06040025   0.05435503   0.04877656   0.04361445   0.03881700   0.03433322   0.03011475   0.02611819   0.02230752   0.01865697   0.01515382   0.01180103   0.00861883   0.00564485   0.00293156   0.00054067  -0.00146580  -0.00303698  -0.00414508  -0.00479501  -0.00502812  -0.00491816  -0.00455942  -0.00405034  -0.00347773  -0.00290653  -0.00237723  -0.00190965  -0.00150962  -0.00117520  -0.00090085  -0.00067967  -0.00050443  -0.00036803  -0.00026380  -0.00018564  -0.00012817  -0.00008676  -0.00005754  -0.00003737  -0.00002374  -0.00001474  -0.00000895  -0.00000530  -0.00000306  -0.00000172  -0.00000095  -0.00000050  -0.00000026  -0.00000013  -0.00000006  -0.00000003  -0.00000001  -0.00000001  -0.00000000  -0.00000000  -0.00000000  -0.00000000  -0.00000000  -0.00000000  -0.00000000  -0.00000000  -0.00000000  -0.00000000  -0.00000000  -0.00000000  -0.00000000  -0.00000000  -0.00000000  -0.00000000  -0.00000000  -0.00000000  -0.00000000  -0.00000000  -0.00000000  -0.00000000  -0.00000000  -0.00000000  -0.00000000  -0.00000000  -0.00000000  -0.00000000  -0.00000000  -0.00000000  -0.00000000  -0.00000000  -0.00000000  -0.00000000  -0.00000000  -0.00000000  -0.00000000  -0.00000000  -0.00000000  -0.00000000  -0.00000000  -0.00000000  -0.00000000  -0.00000000  -0.00000000  -0.00000000  -0.00000000  -0.00000000  -0.00000000  -0.00000000  -0.00000000  -0.00000000  -0.00000000  -0.00000000  -0.00000000  -0.00000000  -0.00000000  -0.00000000  -0.00000000  -0.00000000  -0.00000000  -0.00000000  -0.00000000  -0.00000000  -0.00000000  -0.00000000  -0.00000000  -0.00000000  -0.00000000  -0.00000000  -0.00000000  -0.00000000  -0.00000000  -0.00000000 
  0.00000000   0.01510685   0.05715737   0.11750877   0.18503196   0.24930626   0.30283541   0.34177879   0.36547726   0.37540418   0.37409389   0.36433780   0.34870728   0.32933982   0.30789329   0.28558783   0.26328178   0.24155198   0.22076498   0.20113460   0.18276599   0.16568820   0.14987771   0.13527510   0.12179693   0.10934423   0.09780884   0.08707859   0.07704194   0.06759267   0.05863509   0.05008974   0.04189982   0.03403766   0.02651056   0.01936458   0.01268469   0.00658918   0.00121705  -0.00329202  -0.00682342  -0.00931449  -0.01077600  -0.01130075  -0.01105435  -0.01024863  -0.00910483  -0.00781805  -0.00653429  -0.00534458  -0.00429353  -0.00339426  -0.00264244  -0.00202563  -0.00152834  -0.00113431  -0.00082761  -0.00059323  -0.00041748  -0.00028824  -0.00019512  -0.00012941  -0.00008404  -0.00005339  -0.00003316  -0.00002012  -0.00001192  -0.00000688  -0.00000388  -0.00000213  -0.00000113  -0.00000059  -0.00000030  -0.00000015  -0.00000007  -0.00000003  -0.00000001  -0.00000001  -0.00000000  -0.00000000  -0.00000000  -0.00000000  -0.00000000  -0.00000000  -0.00000000  -0.00000000  -0.00000000  -0.00000000  -0.00000000  -0.00000000  -0.00000000  -0.00000000  -0.00000000  -0.00000000  -0.00000000  -0.00000000  -0.00000000  -0.00000000  -0.00000000  -0.00000000  -0.00000000  -0.00000000  -0.00000000  -0.00000000  -0.00000000  -0.00000000  -0.00000000  -0.00000000  -0.00000000  -0.00000000  -0.00000000  -0.00000000  -0.00000000  -0.00000000  -0.00000000  -0.00000000  -0.00000000  -0.00000000  -0.00000000  -0.00000000  -0.00000000  -0.00000000  -0.00000000  -0.00000000  -0.00000000  -0.00000000  -0.00000000  -0.00000000  -0.00000000  -0.00000000  -0.00000000  -0.00000000  -0.00000000  -0.00000000  -0.00000000  -0.00000000  -0.00000000  -0.00000000  -0.00000000  -0.00000000  -0.00000000  -0.00000000  -0.00000000  -0.00000000  -0.00000000  -0.00000000  -0.00000000  -0.00000000  -0.00000000  -0.00000000  -0.00000000 
  0.00000000   0.02343096   0.08918146   0.18503196   0.29468590   0.40204767   0.49459849   0.56497993   0.61082457   0.63349697   0.63652350   0.62424899   0.60093443   0.57027898   0.53524948   0.49809150   0.46042583   0.42337110   0.38766135   0.35374558   0.32186658   0.29212039   0.26450007   0.23892733   0.21527515   0.19338428   0.17307550   0.15415966   0.13644651   0.11975360   0.10391574   0.08879562   0.07429528   0.06036782   0.04702791   0.03435871   0.02251209   0.01169893   0.00216675  -0.00583582  -0.01210468  -0.01652801  -0.01912437  -0.02005802  -0.01962261  -0.01819398  -0.01616470  -0.01388118  -0.01160261  -0.00949071  -0.00762473  -0.00602809  -0.00469311  -0.00359779  -0.00271465  -0.00201485  -0.00147012  -0.00105381  -0.00074162  -0.00051207  -0.00034665  -0.00022992  -0.00014930  -0.00009485  -0.00005891  -0.00003575  -0.00002117  -0.00001223  -0.00000689  -0.00000378  -0.00000202  -0.00000105  -0.00000053  -0.00000026  -0.00000012  -0.00000006  -0.00000003  -0.00000001  -0.00000000  -0.00000000  -0.00000000  -0.00000000  -0.00000000  -0.00000000  -0.00000000  -0.00000000  -0.00000000  -0.00000000  -0.00000000  -0.00000000  -0.00000000  -0.00000000  -0.00000000  -0.00000000  -0.00000000  -0.00000000  -0.00000000  -0.00000000  -0.00000000  -0.00000000  -0.00000000  -0.00000000  -0.00000000  -0.00000000  -0.00000000  -0.00000000  -0.00000000  -0.00000000  -0.00000000  -0.00000000  -0.00000000  -0.00000000  -0.00000000  -0.00000000  -0.00000000  -0.00000000  -0.00000000  -0.00000000  -0.00000000  -0.00000000  -0.00000000  -0.00000000  -0.00000000  -0.00000000  -0.00000000  -0.00000000  -0.00000000  -0.00000000  -0.00000000  -0.00000000  -0.00000000  -0.00000000  -0.00000000  -0.00000000  -0.00000000  -0.00000000  -0.00000000  -0.00000000  -0.00000000  -0.00000000  -0.00000000  -0.00000000  -0.00000000  -0.00000000  -0.00000000  -0.00000000  -0.00000000  -0.00000000  -0.00000000  -0.00000000  -0.00000000 
  0.00000000   0.03106287   0.11898021   0.24930626   0.40204767   0.55630875   0.69446128   0.80470500   0.88165469   0.92535031   0.93948034   0.92956368   0.90153640   0.86087176   0.81216084   0.75900695   0.70409517   0.64933714   0.59603155   0.54501065   0.49676157   0.45152121   0.40934768   0.37017289   0.33384102   0.30013661   0.26880589   0.23957393   0.21215974   0.18629101   0.16171975   0.13823927   0.11570262   0.09404118   0.07328137   0.05355560   0.03510291   0.01825399   0.00339641  -0.00908070  -0.01885770  -0.02575899  -0.02981240  -0.03127317  -0.03059852  -0.02837412  -0.02521206  -0.02165253  -0.01809992  -0.01480659  -0.01189635  -0.00940588  -0.00732333  -0.00561447  -0.00423653  -0.00314457  -0.00229452  -0.00164482  -0.00115760  -0.00079931  -0.00054112  -0.00035891  -0.00023307  -0.00014807  -0.00009197  -0.00005581  -0.00003305  -0.00001910  -0.00001075  -0.00000590  -0.00000315  -0.00000163  -0.00000082  -0.00000040  -0.00000019  -0.00000009  -0.00000004  -0.00000002  -0.00000001  -0.00000000  -0.00000000  -0.00000000  -0.00000000  -0.00000000  -0.00000000  -0.00000000  -0.00000000  -0.00000000  -0.00000000  -0.00000000  -0.00000000  -0.00000000  -0.00000000  -0.00000000  -0.00000000  -0.00000000  -0.00000000  -0.00000000  -0.00000000  -0.00000000  -0.00000000  -0.00000000  -0.00000000  -0.00000000  -0.00000000  -0.00000000  -0.00000000  -0.00000000  -0.00000000  -0.00000000  -0.00000000  -0.00000000  -0.00000000  -0.00000000  -0.00000000  -0.00000000  -0.00000000  -0.00000000  -0.00000000  -0.00000000  -0.00000000  -0.00000000  -0.00000000  -0.00000000  -0.00000000  -0.00000000  -0.00000000  -0.00000000  -0.00000000  -0.00000000  -0.00000000  -0.00000000  -0.00000000  -0.00000000  -0.00000000  -0.00000000  -0.00000000  -0.00000000  -0.00000000  -0.00000000  -0.00000000  -0.00000000  -0.00000000  -0.00000000  -0.00000000  -0.00000000  -0.00000000  -0.00000000  -0.00000000  -0.00000000  -0.00000000 
  0.00000000   0.03713433   0.14311849   0.30283541   0.49459849   0.69446128   0.88057914   1.03651763   1.15281564   1.22675618   1.26086744   1.26091731   1.23405178   1.18742943   1.12741804   1.05924939   0.98697506   0.91358336   0.84117980   0.77117430   0.70444772   0.64148832   0.58249803   0.52747285   0.47626265   0.42861570   0.38421269   0.34269410   0.30368396   0.26681283   0.23174142   0.19818610   0.16594608   0.13493086   0.10518465   0.07690259   0.05043205   0.02625132   0.00492000  -0.01300035  -0.02704817  -0.03696896  -0.04280072  -0.04490844  -0.04394773  -0.04075918  -0.03622178  -0.03111162  -0.02600988  -0.02127946  -0.01709857  -0.01352018  -0.01052752  -0.00807156  -0.00609099  -0.00452132  -0.00329928  -0.00236521  -0.00166467  -0.00114948  -0.00077821  -0.00051619  -0.00033521  -0.00021298  -0.00013229  -0.00008027  -0.00004754  -0.00002747  -0.00001547  -0.00000848  -0.00000453  -0.00000235  -0.00000118  -0.00000058  -0.00000027  -0.00000013  -0.00000006  -0.00000002  -0.00000001  -0.00000000  -0.00000000  -0.00000000  -0.00000000  -0.00000000  -0.00000000  -0.00000000  -0.00000000  -0.00000000  -0.00000000  -0.00000000  -0.00000000  -0.00000000  -0.00000000  -0.00000000  -0.00000000  -0.00000000  -0.00000000  -0.00000000  -0.00000000  -0.00000000  -0.00000000  -0.00000000  -0.00000000  -0.00000000  -0.00000000  -0.00000000  -0.00000000  -0.00000000  -0.00000000  -0.00000000  -0.00000000  -0.00000000  -0.00000000  -0.00000000  -0.00000000  -0.00000000  -0.00000000  -0.00000000  -0.00000000  -0.00000000  -0.00000000  -0.00000000  -0.00000000  -0.00000000  -0.00000000  -0.00000000  -0.00000000  -0.00000000  -0.00000000  -0.00000000  -0.00000000  -0.00000000  -0.00000000  -0.00000000  -0.00000000  -0.00000000  -0.00000000  -0.00000000  -0.00000000  -0.00000000  -0.00000000  -0.00000000  -0.00000000  -0.00000000  -0.00000000  -0.00000000  -0.00000000  -0.00000000  -0.00000000  -0.00000000  -0.00000000 
  0.00000000   0.04129206   0.16005241   0.34177879   0.56497993   0.80470500   1.03651763   1.24006590   1.40146995   1.51410045   1.57783798   1.59733979   1.57999936   1.53415269   1.46781054   1.38794430   1.30020904   1.20894734   1.11733921   1.02760551   0.94121166   0.85904656   0.78156868   0.70892038   0.64101508   0.57760361   0.51832534   0.46274940   0.41041042   0.36084213   0.31361163   0.26835553   0.22481818   0.18288987   0.14264087   0.10434412   0.06847754   0.03569567   0.00676267  -0.01755507  -0.03662715  -0.05010452  -0.05803549  -0.06091269  -0.05962392  -0.05530886  -0.04915997  -0.04223071  -0.03531032  -0.02889190  -0.02321793  -0.01836074  -0.01429796  -0.01096334  -0.00827384  -0.00614209  -0.00448228  -0.00321347  -0.00226182  -0.00156191  -0.00105747  -0.00070145  -0.00045554  -0.00028944  -0.00017978  -0.00010909  -0.00006462  -0.00003733  -0.00002102  -0.00001153  -0.00000615  -0.00000319  -0.00000161  -0.00000079  -0.00000037  -0.00000017  -0.00000008  -0.00000003  -0.00000001  -0.00000001  -0.00000000  -0.00000000  -0.00000000  -0.00000000  -0.00000000  -0.00000000  -0.00000000  -0.00000000  -0.00000000  -0.00000000  -0.00000000  -0.00000000  -0.00000000  -0.00000000  -0.00000000  -0.00000000  -0.00000000  -0.00000000  -0.00000000  -0.00000000  -0.00000000  -0.00000000  -0.00000000  -0.00000000  -0.00000000  -0.00000000  -0.00000000  -0.00000000  -0.00000000  -0.00000000  -0.00000000  -0.00000000  -0.00000000  -0.00000000  -0.00000000  -0.00000000  -0.00000000  -0.00000000  -0.00000000  -0.00000000  -0.00000000  -0.00000000  -0.00000000  -0.00000000  -0.00000000  -0.00000000  -0.00000000  -0.00000000  -0.00000000  -0.00000000  -0.00000000  -0.00000000  -0.00000000  -0.00000000  -0.00000000  -0.00000000  -0.00000000  -0.00000000  -0.00000000  -0.00000000  -0.00000000  -0.00000000  -0.00000000  -0.00000000  -0.00000000  -0.00000000  -0.00000000  -0.00000000  -0.00000000  -0.00000000  -0.00000000 
  0.00000000   0.04357594   0.16975712   0.36547726   0.61082457   0.88165469   1.15281564   1.40146995   1.60987747   1.76706158   1.86907109   1.91797259   1.92005990   1.88388293   1.81856956   1.73266785   1.63351510   1.52701566   1.41767820   1.30878554   1.20261033   1.10062717   1.00369810   0.91222456   0.82626743   0.74564043   0.66998339   0.59882168   0.53161743   0.46781714   0.40689923   0.34842358   0.29208312   0.23775519   0.18554699   0.13582627   0.08922519   0.04660416   0.00896517  -0.02268753  -0.04752723  -0.06509386  -0.07544525  -0.07921852  -0.07756629  -0.07197029  -0.06398212  -0.05497331  -0.04597195  -0.03762084  -0.03023649  -0.02391383  -0.01862430  -0.01428209  -0.01077942  -0.00800277  -0.00584058  -0.00418757  -0.00294763  -0.00203561  -0.00137826  -0.00091428  -0.00059379  -0.00037729  -0.00023436  -0.00014222  -0.00008424  -0.00004867  -0.00002741  -0.00001503  -0.00000802  -0.00000416  -0.00000210  -0.00000103  -0.00000049  -0.00000022  -0.00000010  -0.00000004  -0.00000002  -0.00000001  -0.00000000  -0.00000000  -0.00000000  -0.00000000  -0.00000000  -0.00000000  -0.00000000  -0.00000000  -0.00000000  -0.00000000  -0.00000000  -0.00000000  -0.00000000  -0.00000000  -0.00000000  -0.00000000  -0.00000000  -0.00000000  -0.00000000  -0.00000000  -0.00000000  -0.00000000  -0.00000000  -0.00000000  -0.00000000  -0.00000000  -0.00000000  -0.00000000  -0.00000000  -0.00000000  -0.00000000  -0.00000000  -0.00000000  -0.00000000  -0.00000000  -0.00000000  -0.00000000  -0.00000000  -0.00000000  -0.00000000  -0.00000000  -0.00000000  -0.00000000  -0.00000000  -0.00000000  -0.00000000  -0.00000000  -0.00000000  -0.00000000  -0.00000000  -0.00000000  -0.00000000  -0.00000000  -0.00000000  -0.00000000  -0.00000000  -0.00000000  -0.00000000  -0.00000000  -0.00000000  -0.00000000  -0.00000000  -0.00000000  -0.00000000  -0.00000000  -0.00000000  -0.00000000  -0.00000000  -0.00000000  -0.00000000  -0.00000000 
  0.00000000   0.04425287   0.17313909   0.37540418   0.63349697   0.92535031   1.22675618   1.51410045   1.76706158   1.97076964   2.11696905   2.20397037   2.23553276   2.21911349   2.16401316   2.07982643   1.97538941   1.85821942   1.73433384   1.60830823   1.48345563   1.36204662   1.24552399   1.13469094   1.02986669   0.93101156   0.83782726   0.74983909   0.66646680   0.58708983   0.51111147   0.43802466   0.36747976   0.29935149   0.23379809   0.17130150   0.11267351   0.05901122   0.01158869  -0.02831822  -0.05965814  -0.08184267  -0.09493725  -0.09973902  -0.09769667  -0.09067561  -0.08063104  -0.06929240  -0.05795691  -0.04743630  -0.03813091  -0.03016149  -0.02349290  -0.01801761  -0.01360020  -0.01009791  -0.00737030  -0.00528477  -0.00372021  -0.00256933  -0.00173973  -0.00115413  -0.00074960  -0.00047631  -0.00029589  -0.00017956  -0.00010636  -0.00006146  -0.00003461  -0.00001898  -0.00001013  -0.00000526  -0.00000265  -0.00000130  -0.00000062  -0.00000028  -0.00000013  -0.00000005  -0.00000002  -0.00000001  -0.00000000  -0.00000000  -0.00000000  -0.00000000  -0.00000000  -0.00000000  -0.00000000  -0.00000000  -0.00000000  -0.00000000  -0.00000000  -0.00000000  -0.00000000  -0.00000000  -0.00000000  -0.00000000  -0.00000000  -0.00000000  -0.00000000  -0.00000000  -0.00000000  -0.00000000  -0.00000000  -0.00000000  -0.00000000  -0.00000000  -0.00000000  -0.00000000  -0.00000000  -0.00000000  -0.00000000  -0.00000000  -0.00000000  -0.00000000  -0.00000000  -0.00000000  -0.00000000  -0.00000000  -0.00000000  -0.00000000  -0.00000000  -0.00000000  -0.00000000  -0.00000000  -0.00000000  -0.00000000  -0.00000000  -0.00000000  -0.00000000  -0.00000000  -0.00000000  -0.00000000  -0.00000000  -0.00000000  -0.00000000  -0.00000000  -0.00000000  -0.00000000  -0.00000000  -0.00000000  -0.00000000  -0.00000000  -0.00000000  -0.00000000  -0.00000000  -0.00000000  -0.00000000  -0.00000000  -0.00000000  -0.00000000  -0.00000000 
  0.00000000   0.04367700   0.17150543   0.37409389   0.63652350   0.93948034   1.26086744   1.57783798   1.86907109   2.11696905   2.30935841   2.44031554   2.50994402   2.52323797   2.48841934   2.41521507   2.31343391   2.19200799   2.05849052   1.91890402   1.77780961   1.63848846   1.50316070   1.37319904   1.24931772   1.13173119   1.02028528   0.91456662   0.81399739   0.71792223   0.62569253   0.53675195   0.45072334   0.36749406   0.28729117   0.21073298   0.13883835   0.07297344   0.01471969  -0.03434063  -0.07290225  -0.10022995  -0.11639359  -0.12236429  -0.11991643  -0.11133919  -0.09903446  -0.08512844  -0.07121710  -0.05830010  -0.04687130  -0.03708067  -0.02888623  -0.02215674  -0.01672647  -0.01242042  -0.00906634  -0.00650146  -0.00457708  -0.00316135  -0.00214075  -0.00142025  -0.00092249  -0.00058620  -0.00036417  -0.00022100  -0.00013092  -0.00007565  -0.00004260  -0.00002337  -0.00001247  -0.00000647  -0.00000326  -0.00000160  -0.00000076  -0.00000035  -0.00000016  -0.00000007  -0.00000003  -0.00000001  -0.00000000  -0.00000000  -0.00000000  -0.00000000  -0.00000000  -0.00000000  -0.00000000  -0.00000000  -0.00000000  -0.00000000  -0.00000000  -0.00000000  -0.00000000  -0.00000000  -0.00000000  -0.00000000  -0.00000000  -0.00000000  -0.00000000  -0.00000000  -0.00000000  -0.00000000  -0.00000000  -0.00000000  -0.00000000  -0.00000000  -0.00000000  -0.00000000  -0.00000000  -0.00000000  -0.00000000  -0.00000000  -0.00000000  -0.00000000  -0.00000000  -0.00000000  -0.00000000  -0.00000000  -0.00000000  -0.00000000  -0.00000000  -0.00000000  -0.00000000  -0.00000000  -0.00000000  -0.00000000  -0.00000000  -0.00000000  -0.00000000  -0.00000000  -0.00000000  -0.00000000  -0.00000000  -0.00000000  -0.00000000  -0.00000000  -0.00000000  -0.00000000  -0.00000000  -0.00000000  -0.00000000  -0.00000000  -0.00000000  -0.00000000  -0.00000000  -0.00000000  -0.00000000  -0.00000000  -0.00000000  -0.00000000  -0.00000000 
  0.00000000   0.04219967   0.16620175   0.36433780   0.62424899   0.92956368   1.26091731   1.59733979   1.91797259   2.20397037   2.44031554   2.61718884   2.73057086   2.78192836   2.77710742   2.72477800   2.63484332   2.51713330   2.38052841   2.23250434   2.07900053   1.92449406   1.77217839   1.62417801   1.48175956   1.34552128   1.21555626   1.09159237   0.97311492   0.85947923   0.75001905   0.64415524   0.54150531   0.44199006   0.34592755   0.25409787   0.16775684   0.08857386   0.01847447  -0.04061672  -0.08711004  -0.12010370  -0.13966717  -0.14695775  -0.14410324  -0.13385482  -0.11910262  -0.10240729  -0.08569249  -0.07016440  -0.05642011  -0.04464229  -0.03478208  -0.02668278  -0.02014581  -0.01496124  -0.01092219  -0.00783306  -0.00551503  -0.00380950  -0.00257984  -0.00171168  -0.00111186  -0.00070658  -0.00043897  -0.00026641  -0.00015783  -0.00009120  -0.00005136  -0.00002817  -0.00001504  -0.00000780  -0.00000393  -0.00000192  -0.00000091  -0.00000042  -0.00000019  -0.00000008  -0.00000003  -0.00000001  -0.00000001  -0.00000000  -0.00000000  -0.00000000  -0.00000000  -0.00000000  -0.00000000  -0.00000000  -0.00000000  -0.00000000  -0.00000000  -0.00000000  -0.00000000  -0.00000000  -0.00000000  -0.00000000  -0.00000000  -0.00000000  -0.00000000  -0.00000000  -0.00000000  -0.00000000  -0.00000000  -0.00000000  -0.00000000  -0.00000000  -0.00000000  -0.00000000  -0.00000000  -0.00000000  -0.00000000  -0.00000000  -0.00000000  -0.00000000  -0.00000000  -0.00000000  -0.00000000  -0.00000000  -0.00000000  -0.00000000  -0.00000000  -0.00000000  -0.00000000  -0.00000000  -0.00000000  -0.00000000  -0.00000000  -0.00000000  -0.00000000  -0.00000000  -0.00000000  -0.00000000  -0.00000000  -0.00000000  -0.00000000  -0.00000000  -0.00000000  -0.00000000  -0.00000000  -0.00000000  -0.00000000  -0.00000000  -0.00000000  -0.00000000  -0.00000000  -0.00000000  -0.00000000  -0.00000000  -0.00000000  -0.00000000  -0.00000000 
  0.00000000   0.04012425   0.15841762   0.34870728   0.60093443   0.90153640   1.23405178   1.57999936   1.92005990   2.23553276   2.50994402   2.73057086   2.88957156   2.98443657   3.01763351   2.99555450   2.92707272   2.82207704   2.69027103   2.54036807   2.37967421   2.21397083   2.04758887   1.88358248   1.72393857   1.56978583   1.42158667   1.27930836   1.14257651   1.01081682   0.88339155   0.75973513   0.63948983   0.52263710   0.40961304   0.30138882   0.19948991   0.10592525   0.02300291  -0.04697282  -0.10209598  -0.14127681  -0.16457777  -0.17335248  -0.17010769  -0.15809271  -0.14072569  -0.12103805  -0.10130924  -0.08297019  -0.06673088  -0.05281029  -0.04115285  -0.03157487  -0.02384273  -0.01770903  -0.01292968  -0.00927378  -0.00653004  -0.00451102  -0.00305518  -0.00202721  -0.00131691  -0.00083694  -0.00051999  -0.00031560  -0.00018698  -0.00010805  -0.00006085  -0.00003338  -0.00001781  -0.00000924  -0.00000466  -0.00000228  -0.00000108  -0.00000050  -0.00000022  -0.00000010  -0.00000004  -0.00000002  -0.00000001  -0.00000000  -0.00000000  -0.00000000  -0.00000000  -0.00000000  -0.00000000  -0.00000000  -0.00000000  -0.00000000  -0.00000000  -0.00000000  -0.00000000  -0.00000000  -0.00000000  -0.00000000  -0.00000000  -0.00000000  -0.00000000  -0.00000000  -0.00000000  -0.00000000  -0.00000000  -0.00000000  -0.00000000  -0.00000000  -0.00000000  -0.00000000  -0.00000000  -0.00000000  -0.00000000  -0.00000000  -0.00000000  -0.00000000  -0.00000000  -0.00000000  -0.00000000  -0.00000000  -0.00000000  -0.00000000  -0.00000000  -0.00000000  -0.00000000  -0.00000000  -0.00000000  -0.00000000  -0.00000000  -0.00000000  -0.00000000  -0.00000000  -0.00000000  -0.00000000  -0.00000000  -0.00000000  -0.00000000  -0.00000000  -0.00000000  -0.00000000  -0.00000000  -0.00000000  -0.00000000  -0.00000000  -0.00000000  -0.00000000  -0.00000000  -0.00000000  -0.00000000  -0.00000000  -0.00000000  -0.00000000  -0.00000000 
  0.00000000   0.03769139   0.14911305   0.32933982   0.57027898   0.86087176   1.18742943   1.53415269   1.88388293   2.21911349   2.52323797   2.78192836   2.98443657   3.12454544   3.20091732   3.21672646   3.17867124   3.09563994   2.97736106   2.83329688   2.67190068   2.50023128   2.32384592   2.14687293   1.97218011   1.80158043   1.63604160   1.47588471   1.32096870   1.17086396   1.02502006   0.88293201   0.74430580   0.60921779   0.47825480   0.35261261   0.23412242   0.12517147   0.02849071  -0.05319676  -0.11763517  -0.16352352  -0.19090850  -0.20134780  -0.19775011  -0.18389662  -0.16377119  -0.14091082  -0.11797785  -0.09664579  -0.07774702  -0.06154061  -0.04796471  -0.03680743  -0.02779817  -0.02064978  -0.01507871  -0.01081643  -0.00761711  -0.00526249  -0.00356445  -0.00236532  -0.00153667  -0.00097667  -0.00060684  -0.00036833  -0.00021823  -0.00012611  -0.00007103  -0.00003896  -0.00002080  -0.00001079  -0.00000544  -0.00000266  -0.00000126  -0.00000058  -0.00000026  -0.00000011  -0.00000005  -0.00000002  -0.00000001  -0.00000000  -0.00000000  -0.00000000  -0.00000000  -0.00000000  -0.00000000  -0.00000000  -0.00000000  -0.00000000  -0.00000000  -0.00000000  -0.00000000  -0.00000000  -0.00000000  -0.00000000  -0.00000000  -0.00000000  -0.00000000  -0.00000000  -0.00000000  -0.00000000  -0.00000000  -0.00000000  -0.00000000  -0.00000000  -0.00000000  -0.00000000  -0.00000000  -0.00000000  -0.00000000  -0.00000000  -0.00000000  -0.00000000  -0.00000000  -0.00000000  -0.00000000  -0.00000000  -0.00000000  -0.00000000  -0.00000000  -0.00000000  -0.00000000  -0.00000000  -0.00000000  -0.00000000  -0.00000000  -0.00000000  -0.00000000  -0.00000000  -0.00000000  -0.00000000  -0.00000000  -0.00000000  -0.00000000  -0.00000000  -0.00000000  -0.00000000  -0.00000000  -0.00000000  -0.00000000  -0.00000000  -0.00000000  -0.00000000  -0.00000000  -0.00000000  -0.00000000  -0.00000000  -0.00000000  -0.00000000  -0.00000000 
  0.00000000   0.03508089   0.13901543   0.30789329   0.53524948   0.81216084   1.12741804   1.46781054   1.81856956   2.16401316   2.48841934   2.77710742   3.01763351   3.20091732   3.32205684   3.38060533   3.38020778   3.32768102   3.23178246   3.10196601   2.94736041   2.77608109   2.59487213   2.40900745   2.22236236   2.03757860   1.85626973   1.67923630   1.50667754   1.33839671   1.17400234   1.01310833   0.85553276   0.70148894   0.55175334   0.40778479   0.27175993   0.14648600   0.03515950  -0.05903664  -0.13346128  -0.18657679  -0.21840287  -0.23070623  -0.22681764  -0.21108115  -0.18808159  -0.16189460  -0.13559141  -0.11110532  -0.08940055  -0.07078021  -0.05517686  -0.04234954  -0.03198902  -0.02376654  -0.01735701  -0.01245231  -0.00877013  -0.00605974  -0.00410485  -0.00272417  -0.00176994  -0.00112501  -0.00069906  -0.00042433  -0.00025142  -0.00014530  -0.00008185  -0.00004490  -0.00002396  -0.00001244  -0.00000627  -0.00000307  -0.00000146  -0.00000067  -0.00000030  -0.00000013  -0.00000005  -0.00000002  -0.00000001  -0.00000000  -0.00000000  -0.00000000  -0.00000000  -0.00000000  -0.00000000  -0.00000000  -0.00000000  -0.00000000  -0.00000000  -0.00000000  -0.00000000  -0.00000000  -0.00000000  -0.00000000  -0.00000000  -0.00000000  -0.00000000  -0.00000000  -0.00000000  -0.00000000  -0.00000000  -0.00000000  -0.00000000  -0.00000000  -0.00000000  -0.00000000  -0.00000000  -0.00000000  -0.00000000  -0.00000000  -0.00000000  -0.00000000  -0.00000000  -0.00000000  -0.00000000  -0.00000000  -0.00000000  -0.00000000  -0.00000000  -0.00000000  -0.00000000  -0.00000000  -0.00000000  -0.00000000  -0.00000000  -0.00000000  -0.00000000  -0.00000000  -0.00000000  -0.00000000  -0.00000000  -0.00000000  -0.00000000  -0.00000000  -0.00000000  -0.00000000  -0.00000000  -0.00000000  -0.00000000  -0.00000000  -0.00000000  -0.00000000  -0.00000000  -0.00000000  -0.00000000  -0.00000000  -0.00000000  -0.00000000  -0.00000000 
  0.00000000   0.03242086   0.12864937   0.28558783   0.49809150   0.75900695   1.05924939   1.38794430   1.73266785   2.07982643   2.41521507   2.72477800   2.99555450   3.21672646   3.38060533   3.48334011   3.52514339   3.50994097   3.44451896   3.33738796   3.19763508   3.03397855   2.85412896   2.66445608   2.46989884   2.27403814   2.07926302   1.88698166   1.69784962   1.51200299   1.32929306   1.14952218   0.97267882   0.79916362   0.62998838   0.46691878   0.31252087   0.17006678   0.04326377  -0.06420204  -0.14926635  -0.21012708  -0.24676287  -0.26115125  -0.25706186  -0.23942937  -0.21347217  -0.18383542  -0.15402391  -0.12624733  -0.10161103  -0.08046619  -0.06274082  -0.04816436  -0.03638773  -0.02703900  -0.01974988  -0.01417094  -0.00998182  -0.00689774  -0.00467300  -0.00310152  -0.00201529  -0.00128106  -0.00079609  -0.00048326  -0.00028636  -0.00016550  -0.00009323  -0.00005114  -0.00002730  -0.00001417  -0.00000714  -0.00000350  -0.00000166  -0.00000076  -0.00000034  -0.00000015  -0.00000006  -0.00000002  -0.00000001  -0.00000000  -0.00000000  -0.00000000  -0.00000000  -0.00000000  -0.00000000  -0.00000000  -0.00000000  -0.00000000  -0.00000000  -0.00000000  -0.00000000  -0.00000000  -0.00000000  -0.00000000  -0.00000000  -0.00000000  -0.00000000  -0.00000000  -0.00000000  -0.00000000  -0.00000000  -0.00000000  -0.00000000  -0.00000000  -0.00000000  -0.00000000  -0.00000000  -0.00000000  -0.00000000  -0.00000000  -0.00000000  -0.00000000  -0.00000000  -0.00000000  -0.00000000  -0.00000000  -0.00000000  -0.00000000  -0.00000000  -0.00000000  -0.00000000  -0.00000000  -0.00000000  -0.00000000  -0.00000000  -0.00000000  -0.00000000  -0.00000000  -0.00000000  -0.00000000  -0.00000000  -0.00000000  -0.00000000  -0.00000000  -0.00000000  -0.00000000  -0.00000000  -0.00000000  -0.00000000  -0.00000000  -0.00000000  -0.00000000  -0.00000000  -0.00000000  -0.00000000  -0.00000000  -0.00000000  -0.00000000  -0.00000000 
  0.00000000   0.02979862   0.11837689   0.26328178   0.46042583   0.70409517   0.98697506   1.30020904   1.63351510   1.97538941   2.31343391   2.63484332   2.92707272   3.17867124   3.38020778   3.52514339   3.61045396   3.63681918   3.60829021   3.53150078   3.41461944   3.26628906   3.09475127   2.90725332   2.70973969   2.50677323   2.30161433   2.09639494   1.89234372   1.69003689   1.48966223   1.29129058   1.09514897   0.90188433   0.71279666   0.53000815   0.35652272   0.19612586   0.05308372  -0.06836856  -0.16470325  -0.23382315  -0.27564857  -0.29236606  -0.28819712  -0.26869107  -0.23972920  -0.20655466  -0.17312885  -0.14195362  -0.11428449  -0.09052492  -0.07059974  -0.05420864  -0.04096189  -0.03044327  -0.02223998  -0.01595998  -0.01124350  -0.00777056  -0.00526490  -0.00349473  -0.00227100  -0.00144374  -0.00089724  -0.00054471  -0.00032279  -0.00018657  -0.00010510  -0.00005766  -0.00003078  -0.00001597  -0.00000805  -0.00000394  -0.00000187  -0.00000086  -0.00000038  -0.00000017  -0.00000007  -0.00000003  -0.00000001  -0.00000000  -0.00000000  -0.00000000  -0.00000000  -0.00000000  -0.00000000  -0.00000000  -0.00000000  -0.00000000  -0.00000000  -0.00000000  -0.00000000  -0.00000000  -0.00000000  -0.00000000  -0.00000000  -0.00000000  -0.00000000  -0.00000000  -0.00000000  -0.00000000  -0.00000000  -0.00000000  -0.00000000  -0.00000000  -0.00000000  -0.00000000  -0.00000000  -0.00000000  -0.00000000  -0.00000000  -0.00000000  -0.00000000  -0.00000000  -0.00000000  -0.00000000  -0.00000000  -0.00000000  -0.00000000  -0.00000000  -0.00000000  -0.00000000  -0.00000000  -0.00000000  -0.00000000  -0.00000000  -0.00000000  -0.00000000  -0.00000000  -0.00000000  -0.00000000  -0.00000000  -0.00000000  -0.00000000  -0.00000000  -0.00000000  -0.00000000  -0.00000000  -0.00000000  -0.00000000  -0.00000000  -0.00000000  -0.00000000  -0.00000000  -0.00000000  -0.00000000  -0.00000000  -0.00000000  -0.00000000  -0.00000000 
  0.00000000   0.02727087   0.10843622   0.24155198   0.42337110   0.64933714   0.91358336   1.20894734   1.52701566   1.85821942   2.19200799   2.51713330   2.82207704   3.09563994   3.32768102   3.50994097   3.63681918   3.70592677   3.71824810   3.67782895   3.59104808   3.46565069   3.30976843   3.13110893   2.93640691   2.73114245   2.51947851   2.30435374   2.08767397   1.87056209   1.65364180   1.43734084   1.22220185   1.00918545   0.79994011   0.59700013   0.40386066   0.22487281   0.06491280  -0.07118664  -0.17939135  -0.25727528  -0.30467956  -0.32399384  -0.31990000  -0.29858176  -0.26660884  -0.22984793  -0.19273815  -0.15808826  -0.12731267  -0.10087145  -0.07868788  -0.06043228  -0.04567393  -0.03395161  -0.02480719  -0.01780506  -0.01254512  -0.00867127  -0.00587587  -0.00390071  -0.00253507  -0.00161176  -0.00100175  -0.00060820  -0.00036044  -0.00020835  -0.00011737  -0.00006439  -0.00003438  -0.00001784  -0.00000900  -0.00000440  -0.00000209  -0.00000096  -0.00000043  -0.00000018  -0.00000008  -0.00000003  -0.00000001  -0.00000000  -0.00000000  -0.00000000  -0.00000000  -0.00000000  -0.00000000  -0.00000000  -0.00000000  -0.00000000  -0.00000000  -0.00000000  -0.00000000  -0.00000000  -0.00000000  -0.00000000  -0.00000000  -0.00000000  -0.00000000  -0.00000000  -0.00000000  -0.00000000  -0.00000000  -0.00000000  -0.00000000  -0.00000000  -0.00000000  -0.00000000  -0.00000000  -0.00000000  -0.00000000  -0.00000000  -0.00000000  -0.00000000  -0.00000000  -0.00000000  -0.00000000  -0.00000000  -0.00000000  -0.00000000  -0.00000000  -0.00000000  -0.00000000  -0.00000000  -0.00000000  -0.00000000  -0.00000000  -0.00000000  -0.00000000  -0.00000000  -0.00000000  -0.00000000  -0.00000000  -0.00000000  -0.00000000  -0.00000000  -0.00000000  -0.00000000  -0.00000000  -0.00000000  -0.00000000  -0.00000000  -0.00000000  -0.00000000  -0.00000000  -0.00000000  -0.00000000  -0.00000000  -0.00000000  -0.00000000  -0.00000000 
  0.00000000   0.02487201   0.09897470   0.22076498   0.38766135   0.59603155   0.84117980   1.11733921   1.41767820   1.73433384   2.05849052   2.38052841   2.69027103   2.97736106   3.23178246   3.44451896   3.60829021   3.71824810   3.77247225   3.77211088   3.72109096   3.62544668   3.49242850   3.32959860   3.14408280   2.94206702   2.72854678   2.50728871   2.28094735   2.05128551   1.81946035   1.58634903   1.35289370   1.12044352   0.89106258   0.66775899   0.45457731   0.25649043   0.07903894  -0.07229550  -0.19292640  -0.28006186  -0.33343894  -0.35563977  -0.35181009  -0.32878268  -0.29383674  -0.25348452  -0.21266160  -0.17449709  -0.14057255  -0.11140902  -0.08693030  -0.06677809  -0.05048085  -0.03753223  -0.02742838  -0.01968966  -0.01387508  -0.00959189  -0.00650054  -0.00431590  -0.00280520  -0.00178368  -0.00110871  -0.00067319  -0.00039898  -0.00023064  -0.00012994  -0.00007129  -0.00003806  -0.00001976  -0.00000996  -0.00000488  -0.00000231  -0.00000106  -0.00000047  -0.00000020  -0.00000009  -0.00000003  -0.00000001  -0.00000000  -0.00000000  -0.00000000  -0.00000000  -0.00000000  -0.00000000  -0.00000000  -0.00000000  -0.00000000  -0.00000000  -0.00000000  -0.00000000  -0.00000000  -0.00000000  -0.00000000  -0.00000000  -0.00000000  -0.00000000  -0.00000000  -0.00000000  -0.00000000  -0.00000000  -0.00000000  -0.00000000  -0.00000000  -0.00000000  -0.00000000  -0.00000000  -0.00000000  -0.00000000  -0.00000000  -0.00000000  -0.00000000  -0.00000000  -0.00000000  -0.00000000  -0.00000000  -0.00000000  -0.00000000  -0.00000000  -0.00000000  -0.00000000  -0.00000000  -0.00000000  -0.00000000  -0.00000000  -0.00000000  -0.00000000  -0.00000000  -0.00000000  -0.00000000  -0.00000000  -0.00000000  -0.00000000  -0.00000000  -0.00000000  -0.00000000  -0.00000000  -0.00000000  -0.00000000  -0.00000000  -0.00000000  -0.00000000  -0.00000000  -0.00000000  -0.00000000  -0.00000000  -0.00000000  -0.00000000  -0.00000000 
