# coconut-me2b/v0.99.21 
# 
# momentum space matrix elements 
# partial wave J=0, L=0/0, S=0, T=1, MT=1 
# 
# momentum grid [fm^-1]
0.000000 0.066667 0.133333 0.200000 0.266667 0.333333 0.400000 0.466667 0.533333 0.600000 0.666667 0.733333 0.800000 0.866667 0.933333 1.000000 1.066667 1.133333 1.200000 1.266667 1.333333 1.400000 1.466667 1.533333 1.600000 1.666667 1.733333 1.800000 1.866667 1.933333 2.000000 2.066667 2.133333 2.200000 2.266667 2.333333 2.400000 2.466667 2.533333 2.600000 2.666667 2.733333 2.800000 2.866667 2.933333 3.000000 3.066667 3.133333 3.200000 3.266667 3.333333 3.400000 3.466667 3.533333 3.600000 3.666667 3.733333 3.800000 3.866667 3.933333 4.000000 4.066667 4.133333 4.200000 4.266667 4.333333 4.400000 4.466667 4.533333 4.600000 4.666667 4.733333 4.800000 4.866667 4.933333 5.000000 5.066667 5.133333 5.200000 5.266667 5.333333 5.400000 5.466667 5.533333 5.600000 5.666667 5.733333 5.800000 5.866667 5.933333 6.000000 6.066667 6.133333 6.200000 6.266667 6.333333 6.400000 6.466667 6.533333 6.600000 6.666667 6.733333 6.800000 6.866667 6.933333 7.000000 7.066667 7.133333 7.200000 7.266667 7.333333 7.400000 7.466667 7.533333 7.600000 7.666667 7.733333 7.800000 7.866667 7.933333 8.000000 8.066667 8.133333 8.200000 8.266667 8.333333 8.400000 8.466667 8.533333 8.600000 8.666667 8.733333 8.800000 8.866667 8.933333 9.000000 9.066667 9.133333 9.200000 9.266667 9.333333 9.400000 9.466667 9.533333 9.600000 9.666667 9.733333 9.800000 9.866667 9.933333 10.000000 
#
# matrix elements [MeV fm^3] 
 57.03957430  48.98003634  27.92560386   1.67725085 -21.09114322 -34.71252783 -38.42183634 -35.52069554 -30.70019164 -27.32415337 -26.18241689 -26.06383300 -25.33084675 -23.24791101 -20.27384716 -17.40684821 -15.29732218 -13.83677808 -12.42126990 -10.54117673  -8.17344952  -5.70870898  -3.55971434  -1.82270687  -0.25601822   1.45938284   3.43570145   5.50794551   7.40354855   8.97608511  10.29862645  11.55724856  12.86077338  14.13895982  15.20590322  15.91663652  16.27428729  16.40331082  16.42759111  16.36870162  16.14915838  15.68539047  14.97857830  14.12231515  13.22670255  12.33260161  11.39321678  10.33560013   9.14364611   7.88911963   6.68712942   5.61901025   4.68984469   3.85224179   3.06826737   2.35134181   1.75308975   1.31192792   1.01299592   0.79551131   0.59906669   0.40627733   0.24496492   0.15102284   0.12764665   0.13742623   0.13228158   0.09227176   0.03812816   0.00776106   0.01956545   0.05577849   0.07942888   0.06778452   0.03148500   0.00300545   0.00633568   0.03589366   0.06299516   0.06266516   0.03578762   0.00702114   0.00154393   0.02246920   0.04911018   0.05665011   0.03858860   0.01172456   0.00001669   0.01275480   0.03687398   0.04967488   0.03963492   0.01627783   0.00071291   0.00616668   0.02641876   0.04220219   0.03907183   0.02020674   0.00283981   0.00218361   0.01781110   0.03465006   0.03712652   0.02321631   0.00575518   0.00031023   0.01104314   0.02737750   0.03407582   0.02515334   0.00894544   0.00007646   0.00603859   0.02067759   0.03022147   0.02597792   0.01201163   0.00104184   0.00266160   0.01477338   0.02586931   0.02573944   0.01465893   0.00280230   0.00072775   0.00981669   0.02131202   0.02455515   0.01668740   0.00499743   0.00001669   0.00588996   0.01681493   0.02259054   0.01798247   0.00731711   0.00028540   0.00301085   0.01260514   0.02004107   0.01850456   0.00950654   0.00128169   0.00113932   0.00886387   0.01711564   0.01827774   0.01136924   0.00275700 
 48.98003634  41.80072161  23.01274000  -0.50575637 -21.07318773 -33.60882932 -37.32062642 -35.01498676 -30.78456395 -27.63164580 -26.34504799 -25.95393645 -25.06949296 -23.04127399 -20.23584714 -17.49653504 -15.38784295 -13.83366407 -12.32942932 -10.43992641  -8.13764723  -5.74860869  -3.62401581  -1.85116068  -0.23052593   1.50665378   3.45711955   5.48289476   7.35218061   8.93690474  10.29361218  11.57549741  12.87212090  14.12232953  15.16652017  15.87872537  16.25826823  16.40873811  16.43587067  16.36118201  16.12342544  15.65586190  14.96240426  14.12420375  13.23595226  12.33382133  11.38018599  10.31590720   9.13083597   7.89025719   6.69704506   5.62574298   4.68563361   3.83998591   3.05811519   2.35114273   1.76156667   1.32039915   1.01352908   0.78786436   0.59036179   0.40417829   0.25082250   0.15906196   0.13053287   0.13287517   0.12477987   0.08867595   0.04141694   0.01460435   0.02365206   0.05361175   0.07328976   0.06337898   0.03266334   0.00842141   0.01092296   0.03558881   0.05832065   0.05802981   0.03534605   0.01096626   0.00612731   0.02354960   0.04588409   0.05221518   0.03698404   0.01426413   0.00423353   0.01478573   0.03499040   0.04574152   0.03727842   0.01755184   0.00431907   0.00876304   0.02571044   0.03896257   0.03632148   0.02040426   0.00569115   0.00501582   0.01807272   0.03220467   0.03428277   0.02255442   0.00779114   0.00310782   0.01205049   0.02575102   0.03137901   0.02385955   0.01017366   0.00262939   0.00756463   0.01983391   0.02785172   0.02427562   0.01249320   0.00319951   0.00448963   0.01463001   0.02394858   0.02383612   0.01449439   0.00447045   0.00266182   0.01025847   0.01990821   0.02263338   0.01600337   0.00613313   0.00188929   0.00678193   0.01594770   0.02080154   0.01691938   0.00792219   0.00196258   0.00420989   0.01225314   0.01850091   0.01720568   0.00961985   0.00266566   0.00250444   0.00897291   0.01590381   0.01687970   0.01105817   0.00378641 
 27.92560386  23.01274000  10.07021473  -6.37961660 -21.19845281 -30.82691210 -34.43677048 -33.59625097 -30.87558991 -28.33545386 -26.73004389 -25.67452708 -24.40577659 -22.50073468 -20.10938494 -17.69331584 -15.59823476 -13.82070008 -12.09875755 -10.18336655  -8.04058773  -5.83983334  -3.77985391  -1.92311522  -0.17171881   1.61936964   3.50713318   5.41835267   7.22115271   8.83361674  10.27297262  11.61207333  12.89254550  14.07455913  15.06260072  15.77767705  16.21051226  16.41394660  16.44901114  16.33650438  16.05456241  15.57775847  14.91711033  14.12363446  13.25426165  12.33335168  11.34541116  10.26506032   9.09695907   7.89079992   6.71958292   5.64106245   4.67456405   3.80935011   3.03259159   2.34998896   1.78182006   1.34091372   1.01482762   0.76917770   0.56897814   0.39885333   0.26498120   0.17868818   0.13768524   0.12186048   0.10646024   0.07979974   0.04934769   0.03129798   0.03370557   0.04841451   0.05832876   0.05256722   0.03545796   0.02161113   0.02216511   0.03492045   0.04694886   0.04668599   0.03420303   0.02055596   0.01733451   0.02624514   0.03805300   0.04138171   0.03301900   0.02042056   0.01452789   0.01978475   0.03043560   0.03614698   0.03149348   0.02062154   0.01311069   0.01512734   0.02402010   0.03107066   0.02958873   0.02085162   0.01263310   0.01194323   0.01874352   0.02625643   0.02733315   0.02091080   0.01273939   0.00994072   0.01453425   0.02180341   0.02479669   0.02068082   0.01314969   0.00885760   0.01130711   0.01779638   0.02207391   0.02010682   0.01364826   0.00845778   0.00896239   0.01429951   0.01927079   0.01918305   0.01407520   0.00853077   0.00738743   0.01135292   0.01649427   0.01794066   0.01431980   0.00889246   0.00645999   0.00897135   0.01384405   0.01643714   0.01431452   0.00938640   0.00605259   0.00714488   0.01140644   0.01474697   0.01402911   0.00988483   0.00603744   0.00584103   0.00925001   0.01295320   0.01346462   0.01028912   0.00629132 
  1.67725085  -0.50575637  -6.37961660 -14.20028379 -21.85800227 -27.65845053 -30.82562625 -31.54387835 -30.60529156 -28.90828061 -27.07486897 -25.33114248 -23.62254503 -21.82049841 -19.87238507 -17.82909540 -15.78148448 -13.78493473 -11.83259923  -9.88355355  -7.90918395  -5.91711306  -3.93973919  -2.00538421  -0.11971274   1.72927288   3.55131455   5.33822230   7.06445921   8.70033926  10.22439303  11.62462119  12.88970801  14.00000347  14.92722619  15.64346023  16.13218329  16.39323127  16.43943908  16.28931191  15.96181947  15.47566892  14.85050741  14.10620125  13.25948050  12.32128364  11.29877300  10.20229038   9.05281396   7.88418892   6.73789171   5.65341763   4.66012850   3.77462156   3.00331686   2.34670590   1.80179179   1.36194729   1.01607051   0.74933727   0.54601896   0.39267199   0.27951978   0.19937568   0.14549993   0.11048889   0.08711880   0.07017898   0.05745529   0.04887360   0.04451316   0.04317592   0.04261731   0.04101464   0.03819110   0.03544067   0.03413852   0.03441544   0.03505891   0.03464784   0.03282707   0.03056363   0.02920436   0.02924148   0.02990997   0.02993678   0.02871101   0.02680153   0.02538755   0.02516624   0.02574556   0.02604663   0.02530704   0.02375372   0.02235393   0.02190940   0.02233924   0.02278997   0.02243817   0.02123228   0.01990679   0.01928614   0.01953575   0.02003849   0.01998297   0.01910423   0.01790164   0.01715767   0.01721915   0.01769972   0.01785634   0.01727445   0.01623068   0.01541720   0.01530005   0.01570513   0.01599817   0.01567490   0.01481286   0.01398101   0.01370744   0.01400225   0.01436554   0.01425713   0.01358715   0.01278260   0.01238345   0.01254945   0.01292729   0.01298701   0.01250789   0.01176881   0.01127984   0.01131239   0.01166024   0.01184085   0.01154134   0.01089714   0.01035583   0.01026174   0.01054639   0.01080247   0.01066315   0.01013383   0.00957663   0.00937159   0.00957100   0.00986093   0.00985631   0.00945248   0.00891257 
-21.09114322 -21.07318773 -21.19845281 -21.85800227 -23.32052690 -25.44966443 -27.67790433 -29.26455086 -29.67214275 -28.82143325 -27.07529991 -24.98564250 -22.98316928 -21.20296969 -19.52408418 -17.75158599 -15.79117005 -13.70213169 -11.62207849  -9.64849557  -7.77559422  -5.92366863  -4.02060587  -2.06232477  -0.10832596   1.77270443   3.55483825   5.26221122   6.93216014   8.57076164  10.13855568  11.57431843  12.83236871  13.90108852  14.79050064  15.50462400  16.02557146  16.32328488  16.38103174  16.21356005  15.86235980  15.37254647  14.77050410  14.05900510  13.23087391  12.28774788  11.24883354  10.14534269   9.00878628   7.86473932   6.73636857   5.65172183   4.64511947   3.74889136   2.98127489   2.34053641   1.81043681   1.37264113   1.01618488   0.73733583   0.53187537   0.38808315   0.28726360   0.21130981   0.15042243   0.10425109   0.07585442   0.06419198   0.06176409   0.05902821   0.05110360   0.04051275   0.03360502   0.03408097   0.03944984   0.04334559   0.04127136   0.03443312   0.02831882   0.02754737   0.03176752   0.03621151   0.03617427   0.03121947   0.02536337   0.02326429   0.02601688   0.03033498   0.03169795   0.02846047   0.02319919   0.02021234   0.02158483   0.02541114   0.02767728   0.02595609   0.02152136   0.01804849   0.01821040   0.02131374   0.02405767   0.02360754   0.02012724   0.01651408   0.01568372   0.01794319   0.02081295   0.02136545   0.01887968   0.01540930   0.01382938   0.01521388   0.01793145   0.01921307   0.01769008   0.01458003   0.01249787   0.01304726   0.01540703   0.01715437   0.01650638   0.01390906   0.01156070   0.01136824   0.01323328   0.01520534   0.01530393   0.01330981   0.01090777   0.01010361   0.01139994   0.01338753   0.01407832   0.01272153   0.01044587   0.00918195   0.00989103   0.01172318   0.01283941   0.01210525   0.01009783   0.00853429   0.00868413   0.01023172   0.01160637   0.01144018   0.00980190   0.00809534   0.00775068   0.00892736   0.01040348 
-34.71252783 -33.60882932 -30.82691210 -27.65845053 -25.44966443 -24.90400455 -25.79163463 -27.19310979 -28.07790961 -27.84445835 -26.52238161 -24.58562642 -22.56733206 -20.75006469 -19.09988988 -17.42011974 -15.56362199 -13.54286522 -11.48732093  -9.51924469  -7.66240097  -5.84785925  -3.99254997  -2.07403830  -0.14240935   1.72879285   3.50168243   5.19253486   6.84040774   8.45929077  10.01609895  11.44946888  12.70835204  13.77587059  14.66117230  15.37166474  15.89344009  16.19742349  16.26434797  16.10541324  15.76051857  15.27601968  14.68071928  13.97857018  13.16131935  12.22832915  11.19729841  10.09977412   8.96882432   7.83122824   6.70994449   5.63170686   4.62966508   3.73612603   2.97036776   2.33177773   1.80438122   1.36916506   1.01429128   0.73580067   0.53008443   0.38630399   0.28616303   0.21120445   0.15093785   0.10464488   0.07565395   0.06355319   0.06125625   0.05908044   0.05162743   0.04101691   0.03365932   0.03369015   0.03901368   0.04327285   0.04161616   0.03487373   0.02847157   0.02731218   0.03139615   0.03605820   0.03637323   0.03158093   0.02556523   0.02314827   0.02571859   0.03014319   0.03178679   0.02874157   0.02341760   0.02018505   0.02135977   0.02520987   0.02768606   0.02616143   0.02173423   0.01808412   0.01805354   0.02112234   0.02401130   0.02374512   0.02032021   0.01659117   0.01558703   0.01777389   0.02073176   0.02144505   0.01904419   0.01551035   0.01378331   0.01507356   0.01783172   0.01924520   0.01782194   0.01469117   0.01249236   0.01293887   0.01530144   0.01714952   0.01660464   0.01401962   0.01158586   0.01129179   0.01313133   0.01517346   0.01537002   0.01341200   0.01095433   0.01005702   0.01130840   0.01333768   0.01411531   0.01281006   0.01050551   0.00916172   0.00981425   0.01166328   0.01285147   0.01217697   0.01016339   0.00853607   0.00862448   0.01016846   0.01159825   0.01149371   0.00986748   0.00811434   0.00770886   0.00886609   0.01038014 
-38.42183634 -37.32062642 -34.43677048 -30.82562625 -27.67790433 -25.79163463 -25.28424685 -25.66242826 -26.16505575 -26.16185327 -25.39637912 -23.98474534 -22.23200277 -20.41350964 -18.65053356 -16.91975184 -15.14548078 -13.28817625 -11.37202994  -9.45312278  -7.57081342  -5.72484080  -3.88959403  -2.04535929  -0.19786250   1.62674225   3.40174956   5.11487461   6.76648764   8.35540911   9.86628131  11.26901450  12.52920322  13.61967263  14.52426339  15.23326353  15.73735744  16.02724267  16.09979030  15.96498922  15.64677547  15.17581541  14.57880466  13.87146701  13.05946271  12.14571090  11.13875238  10.05719793   8.92888940   7.78691207   6.66552156   5.59738665   4.61141834   3.73001918   2.96605981   2.32144294   1.78882639   1.35596593   1.01015779   0.74030541   0.53619425   0.38678364   0.27979455   0.20332307   0.14816411   0.10883723   0.08248492   0.06668508   0.05806861   0.05276602   0.04800182   0.04318015   0.03937920   0.03768405   0.03782632   0.03826191   0.03748475   0.03529361   0.03285446   0.03155246   0.03172000   0.03238409   0.03220403   0.03069380   0.02861507   0.02722848   0.02713274   0.02775595   0.02792539   0.02695165   0.02522683   0.02382074   0.02348472   0.02398746   0.02436633   0.02382731   0.02245361   0.02109252   0.02055762   0.02089502   0.02137295   0.02117411   0.02013696   0.01887501   0.01819120   0.01834436   0.01883601   0.01888984   0.01816392   0.01704317   0.01626370   0.01623367   0.01667571   0.01690259   0.01645363   0.01550328   0.01468053   0.01448333   0.01483204   0.01516128   0.01494829   0.01418481   0.01336707   0.01302930   0.01325827   0.01362915   0.01360695   0.01303477   0.01226383   0.01181881   0.01191665   0.01227925   0.01240091   0.01201371   0.01132322   0.01080757   0.01077548   0.01109112   0.01131037   0.01109277   0.01050730   0.00995794   0.00980726   0.01004846   0.01032189   0.01025138   0.00978615   0.00923783   0.00898747   0.00913754   0.00942636 
-35.52069554 -35.01498676 -33.59625097 -31.54387835 -29.26455086 -27.19310979 -25.66242826 -24.78841158 -24.42895471 -24.24979960 -23.87470888 -23.04687168 -21.71896188 -20.03048790 -18.19745506 -16.38741022 -14.65219138 -12.94504448 -11.19229712  -9.36105708  -7.47902081  -5.60419344  -3.77798968  -2.00050558  -0.24281277   1.51967744   3.28219978   5.01197921   6.67028132   8.23394543   9.69886673  11.06523601  12.31955175  13.42943283  14.35501826  15.06685653  15.55621040  15.83165226  15.90761869  15.79591204  15.50633070  15.05308511  14.45837012  13.74785105  12.94125981  12.04678658  11.06540205  10.00288312   8.88053087   7.73627013   6.61528416   5.55708131   4.58758995   3.71980144   2.95957224   2.31025764   1.77259892   1.34151677   1.00436000   0.74350586   0.54195353   0.38773111   0.27399149   0.19544497   0.14477567   0.11232235   0.08910277   0.07022115   0.05548768   0.04670993   0.04408800   0.04480610   0.04480583   0.04187067   0.03711575   0.03357619   0.03325641   0.03531385   0.03691137   0.03582521   0.03238440   0.02904068   0.02806796   0.02953568   0.03135139   0.03123439   0.02876434   0.02566964   0.02417954   0.02500336   0.02676251   0.02731846   0.02572302   0.02301627   0.02120686   0.02142738   0.02295384   0.02393278   0.02309221   0.02086016   0.01891072   0.01860864   0.01979406   0.02098569   0.02076436   0.01904724   0.01711104   0.01639095   0.01718207   0.01841563   0.01867147   0.01747013   0.01567069   0.01464832   0.01503598   0.01617952   0.01677215   0.01605555   0.01448499   0.01327718   0.01328636   0.01424510   0.01504265   0.01475540   0.01347473   0.01219154   0.01187217   0.01258588   0.01347041   0.01354023   0.01258110   0.01131987   0.01073845   0.01117797   0.01204945   0.01239418   0.01176191   0.01060316   0.00983515   0.00999808   0.01077695   0.01131104   0.01098855   0.00999346   0.00911661   0.00902251   0.00965089   0.01029106   0.01024341   0.00945289   0.00854158 
-30.70019164 -30.78456395 -30.87558991 -30.60529156 -29.67214275 -28.07790961 -26.16505575 -24.42895471 -23.23132219 -22.60226125 -22.25072441 -21.76049773 -20.83269657 -19.42194254 -17.70089335 -15.90643990 -14.18703168 -12.54703164 -10.90050827  -9.17063512  -7.35369754  -5.51015279  -3.70691659  -1.96651959  -0.26212473   1.44603696   3.16929557   4.87830365   6.52474854   8.07343094   9.51637093  10.85987571  12.09958293  13.20685429  14.13766740  14.85511957  15.34645917  15.62244999  15.70291326  15.60282105  15.33012029  14.89405587  14.31313542  13.61338093  12.81784783  11.93747943  10.97280405   9.92645677   8.81675670   7.68127605   6.56741907   5.51720062   4.55705078   3.69818838   2.94422818   2.29790789   1.76146960   1.33203619   0.99794059   0.74064429   0.54139110   0.38733463   0.27243006   0.19309596   0.14309461   0.11233722   0.09043023   0.07144064   0.05544087   0.04549511   0.04287394   0.04470386   0.04586663   0.04309941   0.03742550   0.03277000   0.03215280   0.03495231   0.03760412   0.03691593   0.03289197   0.02856050   0.02710632   0.02900610   0.03173017   0.03215326   0.02938485   0.02546282   0.02338821   0.02438595   0.02688398   0.02804930   0.02638842   0.02303057   0.02059865   0.02078623   0.02287277   0.02447215   0.02374818   0.02104434   0.01848579   0.01799375   0.01956271   0.02134060   0.02136910   0.01935226   0.01685948   0.01583968   0.01684921   0.01860143   0.01919474   0.01785048   0.01557481   0.01418648   0.01464589   0.01621787   0.01719435   0.01647040   0.01452151   0.01292016   0.01287783   0.01416197   0.01535379   0.01516958   0.01361678   0.01194545   0.01147777   0.01240969   0.01366900   0.01392493   0.01280016   0.01118286   0.01038400   0.01093775   0.01214116   0.01272740   0.01202954   0.01056678   0.00953947   0.00972194   0.01077321   0.01157767   0.01127787   0.01004421   0.00889165   0.00873624   0.00956736   0.01048266   0.01053040   0.00957371   0.00839278 
-27.32415337 -27.63164580 -28.33545386 -28.90828061 -28.82143325 -27.84445835 -26.16185327 -24.24979960 -22.60226125 -21.47702577 -20.80283947 -20.27731280 -19.56980700 -18.49613715 -17.07256757 -15.44630413 -13.77392727 -12.13380504 -10.51577842  -8.87091198  -7.16961024  -5.42527575  -3.67687866  -1.95555218  -0.26582722   1.40667793   3.07284582   4.72388225   6.33301144   7.86989346   9.31324578  10.65145420  11.87303812  12.95742786  13.87501469  14.59658702  15.10447926  15.39731779  15.48639593  15.38830788  15.11995424  14.69807573  14.14056752  13.46569754  12.68865059  11.81886911  10.86217415   9.82783572   8.73605432   7.62012262   6.52111035   5.47824209   4.52080443   3.66557045   2.91936743   2.28322781   1.75471822   1.32774170   0.99170569   0.73230730   0.53434784   0.38487085   0.27448510   0.19627093   0.14367506   0.10945606   0.08655456   0.06990708   0.05739241   0.04896259   0.04468511   0.04335863   0.04276834   0.04113916   0.03832346   0.03560512   0.03432421   0.03458673   0.03518888   0.03474270   0.03291908   0.03068050   0.02934425   0.02937633   0.03001273   0.03000651   0.02877288   0.02688284   0.02549284   0.02527425   0.02583001   0.02610072   0.02534904   0.02380941   0.02243281   0.02199680   0.02241081   0.02283448   0.02246740   0.02126948   0.01996508   0.01935698   0.01959765   0.02007722   0.02000438   0.01912827   0.01794368   0.01721469   0.01727321   0.01773493   0.01787338   0.01728940   0.01625990   0.01546240   0.01534727   0.01573806   0.01601317   0.01568391   0.01483209   0.01401599   0.01374837   0.01403345   0.01437999   0.01426264   0.01359879   0.01280875   0.01241838   0.01257900   0.01294208   0.01299087   0.01251398   0.01178740   0.01130898   0.01134012   0.01167577   0.01184441   0.01154366   0.01090939   0.01037942   0.01028732   0.01056269   0.01080667   0.01066320   0.01014094   0.00959497   0.00939465   0.00958786   0.00986634   0.00985533   0.00945561   0.00892605 
-26.18241689 -26.34504799 -26.73004389 -27.07486897 -27.07529991 -26.52238161 -25.39637912 -23.87470888 -22.25072441 -20.80283947 -19.67742258 -18.84085057 -18.11934721 -17.29941109 -16.23226846 -14.88905991 -13.34605118 -11.72018402 -10.09977678  -8.51008700  -6.92535972  -5.30846474  -3.64604553  -1.95713711  -0.27599420   1.37225259   2.98315537   4.56511013   6.12137405   7.63740583   9.08241600  10.42165861  11.62830911  12.68610738  13.58302650  14.30382798  14.82944976  15.14449354  15.24680537  15.15129460  14.88473946  14.47514101  13.94270735  13.29754301  12.54392832  11.68706661  10.73796068   9.71480607   8.64207104   7.54910706   6.46882314   5.43547157   4.48061047   3.62794127   2.88943789   2.26515881   1.74698743   1.32391671   0.98563069   0.72280829   0.52532348   0.38099551   0.27661334   0.20062309   0.14526582   0.10643718   0.08154409   0.06729936   0.05927657   0.05335729   0.04751806   0.04220526   0.03891364   0.03821711   0.03893705   0.03905346   0.03740529   0.03459390   0.03230739   0.03173511   0.03252010   0.03314824   0.03235152   0.03022355   0.02806714   0.02717130   0.02765984   0.02843495   0.02821436   0.02668520   0.02473855   0.02361694   0.02378596   0.02455099   0.02472932   0.02373007   0.02205779   0.02081320   0.02068065   0.02133101   0.02175797   0.02120818   0.01984696   0.01857291   0.01818144   0.01865378   0.01920482   0.01901782   0.01797962   0.01675574   0.01616246   0.01642649   0.01700209   0.01709001   0.01636588   0.01525531   0.01452388   0.01457533   0.01509999   0.01537809   0.01494236   0.01399064   0.01318513   0.01303953   0.01346027   0.01385059   0.01366512   0.01290038   0.01208058   0.01176753   0.01205198   0.01248611   0.01250452   0.01193856   0.01115654   0.01071469   0.01084861   0.01126970   0.01144140   0.01107153   0.01036936   0.00984181   0.00982633   0.01019026   0.01046405   0.01027550   0.00968391   0.00911438   0.00896294   0.00923866   0.00956585 
-26.06383300 -25.95393645 -25.67452708 -25.33114248 -24.98564250 -24.58562642 -23.98474534 -23.04687168 -21.76049773 -20.27731280 -18.84085057 -17.64918092 -16.74249004 -15.98861615 -15.17166217 -14.12068611 -12.79466360 -11.27725174  -9.69929512  -8.15123933  -6.64359020  -5.13059890  -3.56625219  -1.94552475  -0.30435847   1.31215286   2.88170078   4.41112819   5.91636525   7.39638267   8.82320141  10.15367915  11.35037753  12.39353705  13.27649150  13.99208368  14.52443521  14.85406110  14.97162948  14.88804043  14.63190824  14.23615468  13.72386521  13.10323448  12.37361621  11.53651813  10.60322888   9.59521774   8.53973634   7.46577321   6.40315551   5.38318001   4.43710703   3.59100684   2.85958480   2.24360605   1.73327726   1.31534164   0.97884930   0.71604538   0.51914750   0.37707700   0.27570557   0.20160587   0.14601476   0.10559995   0.07956096   0.06579351   0.05945587   0.05491238   0.04896492   0.04227039   0.03765351   0.03688214   0.03877502   0.04018634   0.03878211   0.03500052   0.03146724   0.03050722   0.03206562   0.03386944   0.03356911   0.03084385   0.02758819   0.02610574   0.02702304   0.02880547   0.02923338   0.02742457   0.02456459   0.02274854   0.02305814   0.02463359   0.02552981   0.02451078   0.02213014   0.02015747   0.01993530   0.02118815   0.02233581   0.02196794   0.02010669   0.01812976   0.01747593   0.01834597   0.01956884   0.01970889   0.01836975   0.01651270   0.01553927   0.01601060   0.01717137   0.01767835   0.01683334   0.01519044   0.01401175   0.01410297   0.01510122   0.01584239   0.01543967   0.01407534   0.01280035   0.01255570   0.01332523   0.01418105   0.01415171   0.01310192   0.01182835   0.01130960   0.01181507   0.01268300   0.01294766   0.01222256   0.01103266   0.01031172   0.01054470   0.01134171   0.01181666   0.01140406   0.01036194   0.00951440   0.00948877   0.01015272   0.01075535   0.01062490   0.00977533   0.00887476   0.00862189   0.00911162   0.00976518 
-25.33084675 -25.06949296 -24.40577659 -23.62254503 -22.98316928 -22.56733206 -22.23200277 -21.71896188 -20.83269657 -19.56980700 -18.11934721 -16.74249004 -15.61680574 -14.74519927 -13.97803939 -13.11998713 -12.04408825 -10.74341157  -9.30184482  -7.82003479  -6.35329526  -4.89762548  -3.41958354  -1.89721195  -0.33995307   1.22115333   2.75740786   4.25782719   5.72509136   7.15905284   8.54358436   9.84704340  11.03386795  12.07639219  12.95800699  13.66784720  14.19454767  14.52624842  14.65725441  14.59515204  14.36145392  13.98415032  13.48702501  12.88293109  12.17500032  11.36406153  10.45687825   9.47043014   8.43104933   7.37057260   6.32243628   5.31896551   4.38910168   3.55550362   2.83144718   2.21940696   1.71281290   1.30035231   0.97028669   0.71238395   0.51713738   0.37409707   0.27152934   0.19805458   0.14492595   0.10699075   0.08157346   0.06634315   0.05801167   0.05282114   0.04811393   0.04336364   0.03964411   0.03799340   0.03811361   0.03848371   0.03765437   0.03546366   0.03306548   0.03179600   0.03194887   0.03255801   0.03232683   0.03080841   0.02876276   0.02741145   0.02731418   0.02789588   0.02801785   0.02702905   0.02532894   0.02395821   0.02363077   0.02410416   0.02444005   0.02388043   0.02252284   0.02119492   0.02067592   0.02099490   0.02143526   0.02121192   0.02018260   0.01894990   0.01828680   0.01843116   0.01889139   0.01891859   0.01819298   0.01709635   0.01634012   0.01630949   0.01672677   0.01692657   0.01647149   0.01553942   0.01474047   0.01454932   0.01488011   0.01518335   0.01495912   0.01420782   0.01341275   0.01308608   0.01330381   0.01365110   0.01361395   0.01304797   0.01229724   0.01186677   0.01195958   0.01230201   0.01240647   0.01201996   0.01134624   0.01084702   0.01081542   0.01111501   0.01131620   0.01109451   0.01052175   0.00998930   0.00984370   0.01007335   0.01032912   0.01025067   0.00979377   0.00926161   0.00901987   0.00916297   0.00943560 
-23.24791101 -23.04127399 -22.50073468 -21.82049841 -21.20296969 -20.75006469 -20.41350964 -20.03048790 -19.42194254 -18.49613715 -17.29941109 -15.98861615 -14.74519927 -13.68226215 -12.79581684 -11.98212551 -11.10390021 -10.06300940  -8.83953186  -7.48211832  -6.06483454  -4.64210365  -3.22808072  -1.80649339  -0.35691615   1.12363576   2.61678813   4.09449623   5.53382294   6.92285076   8.25490224   9.51778006  10.68757967  11.73177473  12.61864169  13.32592068  13.84351809  14.17053608  14.31102018  14.27244056  14.06708001  13.71303571  13.23163039  12.64152622  11.95355168  11.17075778  10.29478655   9.33488377   8.31365661   7.26581498   6.23092898   5.24488033   4.33456454   3.51719388   2.80227161   2.19343555   1.68892865   1.28152874   0.95947021   0.70886585   0.51658102   0.37193129   0.26646119   0.19256584   0.14249357   0.10868865   0.08509175   0.06812778   0.05641810   0.04940699   0.04602438   0.04441127   0.04275392   0.04031665   0.03766494   0.03586436   0.03537351   0.03559278   0.03540866   0.03418292   0.03227853   0.03067633   0.03006750   0.03025202   0.03036018   0.02965811   0.02819246   0.02670933   0.02595491   0.02600990   0.02624824   0.02592759   0.02485600   0.02353729   0.02268912   0.02259183   0.02285668   0.02280188   0.02207423   0.02095050   0.02006261   0.01981678   0.02003862   0.02015265   0.01971367   0.01880012   0.01792268   0.01754895   0.01768534   0.01788873   0.01768094   0.01697908   0.01615491   0.01568386   0.01571378   0.01594369   0.01591025   0.01540989   0.01467255   0.01413941   0.01405847   0.01426772   0.01435482   0.01403657   0.01340949   0.01285010   0.01266635   0.01282221   0.01298110   0.01281884   0.01231536   0.01176311   0.01149337   0.01157605   0.01176459   0.01172799   0.01135202   0.01083573   0.01050225   0.01050324   0.01068689   0.01074379   0.01049095   0.01003343   0.00966109   0.00958127   0.00973365   0.00985217   0.00971124   0.00932856   0.00894241 
-20.27384716 -20.23584714 -20.10938494 -19.87238507 -19.52408418 -19.09988988 -18.65053356 -18.19745506 -17.70089335 -17.07256757 -16.23226846 -15.17166217 -13.97803939 -12.79581684 -11.74706697 -10.86226378 -10.06645906  -9.22847747  -8.23880958  -7.06538447  -5.75544419  -4.39046309  -3.03077768  -1.68760256  -0.33518190   1.05400347   2.48083877   3.91697695   5.32419813   6.67602095   7.96384643   9.18539404  10.32799829  11.36187389  12.24846856  12.95626911  13.47155433  13.79741773  13.94462694  13.92347308  13.74271595  13.41390792  12.95432058  12.38374439  11.71718582  10.96038900  10.11349187   9.18133203   8.18296511   7.15309805   6.13422013   5.16498366   4.27232517   3.47090685   2.76758064   2.16566141   1.66561128   1.26294732   0.94686292   0.70211930   0.51348166   0.36951684   0.26309817   0.18883056   0.14013490   0.10871000   0.08670412   0.06943302   0.05608347   0.04775856   0.04460927   0.04450897   0.04422838   0.04181246   0.03788939   0.03474135   0.03404137   0.03531310   0.03642547   0.03555842   0.03279949   0.02995989   0.02886255   0.02970738   0.03097044   0.03085109   0.02889720   0.02634506   0.02493088   0.02530966   0.02651630   0.02690412   0.02565260   0.02346669   0.02187623   0.02182523   0.02284805   0.02354701   0.02288745   0.02111257   0.01947172   0.01905499   0.01981816   0.02066714   0.02048396   0.01913406   0.01754913   0.01684661   0.01731536   0.01818607   0.01836375   0.01742667   0.01598190   0.01508024   0.01525214   0.01604725   0.01647508   0.01591764   0.01467426   0.01365971   0.01355695   0.01420791   0.01478416   0.01455737   0.01355404   0.01250682   0.01216927   0.01263381   0.01326902   0.01331327   0.01256749   0.01155770   0.01103665   0.01129574   0.01191516   0.01216513   0.01167557   0.01076034   0.01011292   0.01016728   0.01071234   0.01110160   0.01085104   0.01007292   0.00935721   0.00922357   0.00965239   0.01011730   0.01007608   0.00946248   0.00873342 
-17.40684821 -17.49653504 -17.69331584 -17.82909540 -17.75158599 -17.42011974 -16.91975184 -16.38741022 -15.90643990 -15.44630413 -14.88905991 -14.12068611 -13.11998713 -11.98212551 -10.86226378  -9.88063667  -9.05401742  -8.29592571  -7.47861525  -6.51035604  -5.37779045  -4.13340044  -2.84713967  -1.56105701  -0.27572114   1.03052501   2.37131510   3.73546589   5.09248575   6.41045868   7.66912880   8.85859624   9.96777116  10.97465815  11.84731571  12.55438275  13.07649817  13.41048765  13.56507158  13.55337525  13.38839093  13.08308341  12.65193984  12.11003700  11.46934983  10.73607835   9.91300711   9.00684724   8.03580349   7.03162148   6.03413144   5.08162556   4.20290568   3.41483589   2.72487662   2.13503401   1.64395349   1.24659692   0.93342428   0.69123580   0.50597097   0.36573469   0.26199343   0.18844214   0.13897123   0.10672336   0.08501653   0.06912007   0.05712766   0.04906500   0.04499104   0.04370784   0.04306644   0.04139062   0.03859330   0.03593972   0.03470110   0.03493474   0.03545458   0.03493847   0.03310887   0.03091908   0.02962782   0.02964930   0.03022175   0.03014998   0.02890070   0.02704890   0.02570583   0.02549208   0.02600092   0.02621154   0.02543602   0.02392336   0.02259226   0.02217262   0.02255503   0.02292521   0.02252808   0.02134593   0.02008293   0.01949921   0.01972194   0.02015571   0.02004885   0.01917803   0.01802882   0.01732906   0.01738145   0.01780591   0.01790864   0.01732071   0.01631931   0.01555306   0.01544163   0.01580413   0.01604397   0.01570311   0.01487146   0.01408621   0.01383004   0.01409580   0.01440942   0.01427462   0.01362292   0.01286133   0.01248803   0.01263791   0.01297194   0.01299934   0.01252698   0.01182492   0.01136710   0.01139528   0.01170689   0.01185210   0.01154905   0.01093431   0.01042649   0.01033813   0.01059521   0.01081545   0.01066396   0.01015563   0.00963162   0.00944043   0.00962137   0.00987738   0.00985393   0.00946237   0.00895307 
-15.29732218 -15.38784295 -15.59823476 -15.78148448 -15.79117005 -15.56362199 -15.14548078 -14.65219138 -14.18703168 -13.77392727 -13.34605118 -12.79466360 -12.04408825 -11.10390021 -10.06645906  -9.05401742  -8.15054965  -7.36003851  -6.61315880  -5.81302488  -4.88866956  -3.82482321  -2.65560728  -1.43336334  -0.19651310   1.04411868   2.29685553   3.56976470   4.85585863   6.13158326   7.36607826   8.53180634   9.60854798  10.57976736  11.42671547  12.12667340  12.65754242  13.00556782  13.17063648  13.16562636  13.01054164  12.72522482  12.32443239  11.81677684  11.20669948  10.49780737   9.69640164   8.81462947   7.87264474   6.89883536   5.92739548   4.99352917   4.12777544   3.35152399   2.67532994   2.10031573   1.62147055   1.23092131   0.91974445   0.67822093   0.49556898   0.36029077   0.26140154   0.18982060   0.13895461   0.10414571   0.08156250   0.06747676   0.05841563   0.05185767   0.04668474   0.04287602   0.04064102   0.03968385   0.03915102   0.03820129   0.03661341   0.03486515   0.03362636   0.03313336   0.03299331   0.03255983   0.03151336   0.03012163   0.02896825   0.02841801   0.02830510   0.02810727   0.02742607   0.02633224   0.02527787   0.02467521   0.02453212   0.02446449   0.02405582   0.02322814   0.02229453   0.02166153   0.02146257   0.02145117   0.02123725   0.02064059   0.01984164   0.01920434   0.01894310   0.01893748   0.01885355   0.01845068   0.01779224   0.01717617   0.01685879   0.01682694   0.01682021   0.01657339   0.01605381   0.01548132   0.01512153   0.01504588   0.01507466   0.01494720   0.01455838   0.01404706   0.01366251   0.01353662   0.01356948   0.01352703   0.01325577   0.01281771   0.01242717   0.01225290   0.01226773   0.01227942   0.01210882   0.01175050   0.01137185   0.01115686   0.01113982   0.01117909   0.01109006   0.01081261   0.01046138   0.01021704   0.01016138   0.01020653   0.01017910   0.00997898   0.00966741   0.00940694   0.00931182   0.00934623   0.00936082 
-13.83677808 -13.83366407 -13.82070008 -13.78493473 -13.70213169 -13.54286522 -13.28817625 -12.94504448 -12.54703164 -12.13380504 -11.72018402 -11.27725174 -10.74341157 -10.06300940  -9.22847747  -8.29592571  -7.36003851  -6.50178475  -5.74201840  -5.03097242  -4.27975636  -3.41226586  -2.40392097  -1.28501500  -0.11180914   1.07086541   2.24970764   3.43585563   4.64109558   5.85762448   7.05527139   8.19470900   9.24361532  10.18312261  11.00205886  11.68698604  12.21843010  12.57710057  12.75476133  12.76048456  12.61697120  12.34951071  11.97537006  11.50026523  10.92283851  10.24274010   9.46678518   8.61057789   7.69677493   6.75270777   5.80880473   4.89703012   4.04777466   3.28507924   2.62231329   2.06111498   1.59454379   1.21243522   0.90548227   0.66590548   0.48550965   0.35389829   0.25903159   0.18988963   0.13899753   0.10271071   0.07917220   0.06583984   0.05868965   0.05355985   0.04816925   0.04284292   0.03925704   0.03833142   0.03910917   0.03950007   0.03807598   0.03523085   0.03268677   0.03186186   0.03260694   0.03341279   0.03282388   0.03073376   0.02841076   0.02729405   0.02769624   0.02857667   0.02853658   0.02708798   0.02504769   0.02374446   0.02380342   0.02461616   0.02494046   0.02404233   0.02233225   0.02094695   0.02069692   0.02135128   0.02188791   0.02144429   0.02008615   0.01871062   0.01820561   0.01865073   0.01927674   0.01919047   0.01818347   0.01689357   0.01619820   0.01641457   0.01703408   0.01721057   0.01653515   0.01538905   0.01457151   0.01456388   0.01510613   0.01545683   0.01507868   0.01411640   0.01324298   0.01303414   0.01345138   0.01389670   0.01377090   0.01301494   0.01214588   0.01177109   0.01203621   0.01250774   0.01258282   0.01203959   0.01122608   0.01072810   0.01083189   0.01127397   0.01149572   0.01115757   0.01043989   0.00986461   0.00981273   0.01018324   0.01049816   0.01034595   0.00975244   0.00914519   0.00895501   0.00922541   0.00958361 
-12.42126990 -12.32942932 -12.09875755 -11.83259923 -11.62207849 -11.48732093 -11.37202994 -11.19229712 -10.90050827 -10.51577842 -10.09977678  -9.69929512  -9.30184482  -8.83953186  -8.23880958  -7.47861525  -6.61315880  -5.74201840  -4.94856307  -4.24951758  -3.58880772  -2.87656833  -2.04391985  -1.07695053  -0.01193317   1.09782501   2.21605010   3.33565119   4.46579714   5.60902315   6.74739537   7.84605647   8.86776374   9.78515948  10.58231175  11.24764668  11.76726752  12.12579108  12.31403466  12.33643894  12.21126979  11.96263276  11.60975831  11.16077490  10.61448229   9.96795828   9.22457789   8.39800699   7.51132582   6.59348428   5.67576137   4.78919854   3.96219179   3.21735419   2.56828444   2.01817273   1.56160495   1.18878181   0.88960413   0.65535742   0.47781761   0.34763447   0.25410133   0.18682659   0.13793132   0.10289872   0.07942976   0.06540244   0.05770637   0.05280072   0.04824613   0.04364698   0.04008010   0.03851212   0.03860021   0.03886384   0.03794877   0.03575844   0.03342706   0.03221010   0.03233774   0.03285562   0.03253988   0.03100762   0.02901578   0.02772154   0.02762078   0.02813366   0.02817747   0.02716391   0.02550411   0.02419073   0.02387653   0.02430122   0.02456652   0.02397328   0.02264206   0.02136804   0.02087438   0.02116266   0.02154136   0.02127813   0.02026176   0.01907667   0.01844686   0.01857632   0.01898501   0.01896884   0.01824397   0.01718667   0.01646799   0.01643588   0.01681250   0.01696821   0.01650339   0.01560122   0.01484080   0.01465907   0.01496034   0.01522125   0.01497894   0.01424763   0.01348935   0.01318039   0.01337949   0.01368832   0.01362704   0.01307136   0.01235347   0.01194637   0.01203071   0.01234021   0.01241684   0.01203167   0.01138525   0.01091256   0.01088146   0.01115480   0.01132672   0.01109859   0.01054655   0.01004147   0.00990386   0.01011456   0.01034167   0.01025050   0.00980728   0.00930130   0.00907335   0.00920492   0.00945125 
