# coconut-me2b/v0.99.21 
# 
# momentum space matrix elements 
# partial wave J=2, L=2/2, S=0, T=1, MT=0 
# 
# momentum grid [fm^-1]
0.000000 0.066667 0.133333 0.200000 0.266667 0.333333 0.400000 0.466667 0.533333 0.600000 0.666667 0.733333 0.800000 0.866667 0.933333 1.000000 1.066667 1.133333 1.200000 1.266667 1.333333 1.400000 1.466667 1.533333 1.600000 1.666667 1.733333 1.800000 1.866667 1.933333 2.000000 2.066667 2.133333 2.200000 2.266667 2.333333 2.400000 2.466667 2.533333 2.600000 2.666667 2.733333 2.800000 2.866667 2.933333 3.000000 3.066667 3.133333 3.200000 3.266667 3.333333 3.400000 3.466667 3.533333 3.600000 3.666667 3.733333 3.800000 3.866667 3.933333 4.000000 4.066667 4.133333 4.200000 4.266667 4.333333 4.400000 4.466667 4.533333 4.600000 4.666667 4.733333 4.800000 4.866667 4.933333 5.000000 5.066667 5.133333 5.200000 5.266667 5.333333 5.400000 5.466667 5.533333 5.600000 5.666667 5.733333 5.800000 5.866667 5.933333 6.000000 6.066667 6.133333 6.200000 6.266667 6.333333 6.400000 6.466667 6.533333 6.600000 6.666667 6.733333 6.800000 6.866667 6.933333 7.000000 7.066667 7.133333 7.200000 7.266667 7.333333 7.400000 7.466667 7.533333 7.600000 7.666667 7.733333 7.800000 7.866667 7.933333 8.000000 8.066667 8.133333 8.200000 8.266667 8.333333 8.400000 8.466667 8.533333 8.600000 8.666667 8.733333 8.800000 8.866667 8.933333 9.000000 9.066667 9.133333 9.200000 9.266667 9.333333 9.400000 9.466667 9.533333 9.600000 9.666667 9.733333 9.800000 9.866667 9.933333 10.000000 
#
# matrix elements [MeV fm^3] 
  0.00379119  -0.00000000  -0.00000000  -0.00000000  -0.00000000  -0.00000000  -0.00000000  -0.00000000  -0.00000000  -0.00000000  -0.00000000  -0.00000000  -0.00000000  -0.00000000  -0.00000000  -0.00000000  -0.00000000  -0.00000000  -0.00000000  -0.00000000  -0.00000000  -0.00000000  -0.00000000   0.00000000  -0.00000000   0.00000000   0.00000000   0.00000000   0.00000000  -0.00000000   0.00000000  -0.00000000   0.00000000   0.00000000   0.00000000  -0.00000000   0.00000000   0.00000000  -0.00000000  -0.00000000   0.00000000  -0.00000000   0.00000000   0.00000000   0.00000000   0.00000000   0.00000000   0.00000000   0.00000000  -0.00000000   0.00000000   0.00000000  -0.00000000   0.00000000  -0.00000000   0.00000000   0.00000000  -0.00000000   0.00000000   0.00000000  -0.00000000  -0.00000000   0.00000000   0.00000000   0.00000000   0.00000000   0.00000000  -0.00000000   0.00000000   0.00000000   0.00000000   0.00000000   0.00000000   0.00000000   0.00000000   0.00000000  -0.00000000   0.00000000   0.00000000   0.00000000   0.00000000   0.00000000  -0.00000000   0.00000000   0.00000000   0.00000000   0.00000000   0.00000000   0.00000000   0.00000000   0.00000000   0.00000000   0.00000000   0.00000000   0.00000000   0.00000000   0.00000000   0.00000000   0.00000000   0.00000000   0.00000000   0.00000000   0.00000000   0.00000000   0.00000000   0.00000000   0.00000000   0.00000000   0.00000000   0.00000000   0.00000000   0.00000000   0.00000000   0.00000000   0.00000000   0.00000000   0.00000000   0.00000000  -0.00000000  -0.00000000   0.00000000   0.00000000   0.00000000   0.00000000   0.00000000   0.00000000   0.00000000   0.00000000   0.00000000   0.00000000   0.00000000   0.00000000   0.00000000   0.00000000   0.00000000   0.00000000   0.00000000   0.00000000   0.00000000   0.00000000   0.00000000   0.00000000   0.00000000   0.00000000   0.00000000   0.00000000  -0.00000000   0.00000000   0.00000000   0.00000000   0.00000000 
 -0.00000000  -0.00070031  -0.00261897  -0.00528626  -0.00812896  -0.01065792  -0.01257636  -0.01379055  -0.01435637  -0.01440765  -0.01409754  -0.01356316  -0.01291081  -0.01221445  -0.01152063  -0.01085539  -0.01023080  -0.00965018  -0.00911193  -0.00861205  -0.00814568  -0.00770797  -0.00729438  -0.00690075  -0.00652309  -0.00615730  -0.00579888  -0.00544262  -0.00508243  -0.00471134  -0.00432161  -0.00390520  -0.00345442  -0.00296286  -0.00242654  -0.00184510  -0.00122295  -0.00057016   0.00009727   0.00075775   0.00138542   0.00195235   0.00243142   0.00279963   0.00304113   0.00314965   0.00312947   0.00299502   0.00276880   0.00247820   0.00215185   0.00181610   0.00149249   0.00119640   0.00093691   0.00071766   0.00053818   0.00039531   0.00028447   0.00020052   0.00013839   0.00009348   0.00006176   0.00003988   0.00002515   0.00001549   0.00000930   0.00000544   0.00000310   0.00000172   0.00000093   0.00000049   0.00000025   0.00000012   0.00000006   0.00000003   0.00000001   0.00000001   0.00000000   0.00000000   0.00000000   0.00000000   0.00000000   0.00000000   0.00000000   0.00000000   0.00000000   0.00000000   0.00000000   0.00000000   0.00000000   0.00000000   0.00000000   0.00000000   0.00000000   0.00000000   0.00000000   0.00000000   0.00000000   0.00000000   0.00000000   0.00000000   0.00000000   0.00000000   0.00000000   0.00000000   0.00000000   0.00000000   0.00000000   0.00000000   0.00000000   0.00000000   0.00000000   0.00000000   0.00000000   0.00000000   0.00000000   0.00000000   0.00000000   0.00000000   0.00000000   0.00000000   0.00000000   0.00000000   0.00000000   0.00000000   0.00000000   0.00000000   0.00000000   0.00000000   0.00000000   0.00000000   0.00000000   0.00000000   0.00000000   0.00000000   0.00000000   0.00000000   0.00000000   0.00000000   0.00000000   0.00000000   0.00000000   0.00000000   0.00000000   0.00000000   0.00000000   0.00000000   0.00000000   0.00000000   0.00000000 
 -0.00000000  -0.00261897  -0.00982641  -0.01993402  -0.03084475  -0.04071677  -0.04837555  -0.05338930  -0.05590248  -0.05638290  -0.05539967  -0.05348042  -0.05104525  -0.04839344  -0.04571811  -0.04313089  -0.04068671  -0.03840427  -0.03628125  -0.03430465  -0.03245719  -0.03072090  -0.02907871  -0.02751463  -0.02601316  -0.02455823  -0.02313200  -0.02171379  -0.02027936  -0.01880079  -0.01724724  -0.01558653  -0.01378794  -0.01182586  -0.00968435  -0.00736202  -0.00487654  -0.00226814   0.00039907   0.00303877   0.00554753   0.00781360   0.00972851   0.01120020   0.01216534   0.01259872   0.01251753   0.01197942   0.01107436   0.00991192   0.00860653   0.00726360   0.00596929   0.00478503   0.00374717   0.00287026   0.00215242   0.00158104   0.00113773   0.00080195   0.00055349   0.00037386   0.00024699   0.00015950   0.00010060   0.00006194   0.00003720   0.00002177   0.00001241   0.00000689   0.00000372   0.00000195   0.00000099   0.00000049   0.00000023   0.00000011   0.00000005   0.00000002   0.00000001   0.00000000   0.00000000   0.00000000   0.00000000   0.00000000   0.00000000   0.00000000   0.00000000   0.00000000   0.00000000   0.00000000   0.00000000   0.00000000   0.00000000   0.00000000   0.00000000   0.00000000   0.00000000   0.00000000   0.00000000   0.00000000   0.00000000   0.00000000   0.00000000   0.00000000   0.00000000   0.00000000   0.00000000   0.00000000   0.00000000   0.00000000   0.00000000   0.00000000   0.00000000   0.00000000   0.00000000   0.00000000   0.00000000   0.00000000   0.00000000   0.00000000   0.00000000   0.00000000   0.00000000   0.00000000   0.00000000   0.00000000   0.00000000   0.00000000   0.00000000   0.00000000   0.00000000   0.00000000   0.00000000   0.00000000   0.00000000   0.00000000   0.00000000   0.00000000   0.00000000   0.00000000   0.00000000   0.00000000   0.00000000   0.00000000   0.00000000   0.00000000   0.00000000   0.00000000   0.00000000   0.00000000   0.00000000 
 -0.00000000  -0.00528626  -0.01993402  -0.04075305  -0.06367147  -0.08495291  -0.10203502  -0.11378332  -0.12026456  -0.12229470  -0.12099241  -0.11746078  -0.11261825  -0.10714496  -0.10149726  -0.09595192  -0.09065615  -0.08567152  -0.08100790  -0.07664711  -0.07255830  -0.06870663  -0.06505754  -0.06157767  -0.05823390  -0.05499125  -0.05181033  -0.04864508  -0.04544128  -0.04213635  -0.03866099  -0.03494294  -0.03091311  -0.02651399  -0.02170979  -0.01649740  -0.01091669  -0.00505822   0.00093374   0.00686489   0.01250249   0.01759505   0.02189852   0.02520568   0.02737399   0.02834667   0.02816234   0.02695056   0.02491365   0.02229804   0.01936107   0.01633984   0.01342806   0.01076395   0.00842921   0.00645657   0.00484178   0.00355648   0.00255925   0.00180393   0.00124504   0.00084097   0.00055559   0.00035877   0.00022630   0.00013933   0.00008367   0.00004898   0.00002792   0.00001549   0.00000836   0.00000438   0.00000223   0.00000110   0.00000053   0.00000024   0.00000011   0.00000005   0.00000002   0.00000001   0.00000000   0.00000000   0.00000000   0.00000000   0.00000000   0.00000000   0.00000000   0.00000000   0.00000000   0.00000000   0.00000000   0.00000000   0.00000000   0.00000000   0.00000000   0.00000000   0.00000000   0.00000000   0.00000000   0.00000000   0.00000000   0.00000000   0.00000000   0.00000000   0.00000000   0.00000000   0.00000000   0.00000000   0.00000000   0.00000000   0.00000000   0.00000000   0.00000000   0.00000000   0.00000000   0.00000000   0.00000000   0.00000000   0.00000000   0.00000000   0.00000000   0.00000000   0.00000000   0.00000000   0.00000000   0.00000000   0.00000000   0.00000000   0.00000000   0.00000000   0.00000000   0.00000000   0.00000000   0.00000000   0.00000000   0.00000000   0.00000000   0.00000000   0.00000000   0.00000000   0.00000000   0.00000000   0.00000000   0.00000000   0.00000000   0.00000000   0.00000000   0.00000000   0.00000000   0.00000000   0.00000000 
 -0.00000000  -0.00812896  -0.03084475  -0.06367147  -0.10070005  -0.13620949  -0.16592744  -0.18758590  -0.20079025  -0.20646863  -0.20621971  -0.20177926  -0.19468964  -0.18615575  -0.17702820  -0.16785338  -0.15894651  -0.15046288  -0.14245621  -0.13492141  -0.12782333  -0.12111408  -0.11474184  -0.10865396  -0.10279599  -0.09710867  -0.09152392  -0.08596109  -0.08032458  -0.07450368  -0.06837551  -0.06181186  -0.05469013  -0.04690823  -0.03840270  -0.02916818  -0.01927568  -0.00888637   0.00174317   0.01226738   0.02227240   0.03131105   0.03894938   0.04481887   0.04866600   0.05038963   0.05005817   0.04790171   0.04427963   0.03962972   0.03440916   0.02903922   0.02386407   0.01912924   0.01497990   0.01147414   0.00860439   0.00632022   0.00454802   0.00320574   0.00221253   0.00149447   0.00098732   0.00063756   0.00040214   0.00024759   0.00014869   0.00008703   0.00004962   0.00002753   0.00001485   0.00000779   0.00000397   0.00000196   0.00000094   0.00000043   0.00000020   0.00000008   0.00000004   0.00000001   0.00000001   0.00000000   0.00000000   0.00000000   0.00000000   0.00000000   0.00000000   0.00000000   0.00000000   0.00000000   0.00000000   0.00000000   0.00000000   0.00000000   0.00000000   0.00000000   0.00000000   0.00000000   0.00000000   0.00000000   0.00000000   0.00000000   0.00000000   0.00000000   0.00000000   0.00000000   0.00000000   0.00000000   0.00000000   0.00000000   0.00000000   0.00000000   0.00000000   0.00000000   0.00000000   0.00000000   0.00000000   0.00000000   0.00000000   0.00000000   0.00000000   0.00000000   0.00000000   0.00000000   0.00000000   0.00000000   0.00000000   0.00000000   0.00000000   0.00000000   0.00000000   0.00000000   0.00000000   0.00000000   0.00000000   0.00000000   0.00000000   0.00000000   0.00000000   0.00000000   0.00000000   0.00000000   0.00000000   0.00000000   0.00000000   0.00000000   0.00000000   0.00000000   0.00000000   0.00000000   0.00000000 
 -0.00000000  -0.01065792  -0.04071677  -0.08495291  -0.13620949  -0.18714162  -0.23175466  -0.26630682  -0.28944761  -0.30175794  -0.30500958  -0.30144253  -0.29323568  -0.28221354  -0.26974628  -0.25677187  -0.24387577  -0.23138478  -0.21945171  -0.20812170  -0.19737900  -0.18717682  -0.17745391  -0.16814147  -0.15916357  -0.15043367  -0.14184937  -0.13328723  -0.12459954  -0.11561435  -0.10614039  -0.09597783  -0.08493547  -0.07285416  -0.05963505  -0.04527007  -0.02987050  -0.01368842   0.00287496   0.01927949   0.03487829   0.04897245   0.06088368   0.07003596   0.07603283   0.07871589   0.07819155   0.07481876   0.06915842   0.06189398   0.05373915   0.04535165   0.03726882   0.02987397   0.02339369   0.01791865   0.01343697   0.00986983   0.00710227   0.00500610   0.00345509   0.00233375   0.00154178   0.00099560   0.00062798   0.00038663   0.00023219   0.00013591   0.00007748   0.00004299   0.00002320   0.00001216   0.00000619   0.00000306   0.00000146   0.00000068   0.00000030   0.00000013   0.00000006   0.00000002   0.00000001   0.00000000   0.00000000   0.00000000   0.00000000   0.00000000   0.00000000   0.00000000   0.00000000   0.00000000   0.00000000   0.00000000   0.00000000   0.00000000   0.00000000   0.00000000   0.00000000   0.00000000   0.00000000   0.00000000   0.00000000   0.00000000   0.00000000   0.00000000   0.00000000   0.00000000   0.00000000   0.00000000   0.00000000   0.00000000   0.00000000   0.00000000   0.00000000   0.00000000   0.00000000   0.00000000   0.00000000   0.00000000   0.00000000   0.00000000   0.00000000   0.00000000   0.00000000   0.00000000   0.00000000   0.00000000   0.00000000   0.00000000   0.00000000   0.00000000   0.00000000   0.00000000   0.00000000   0.00000000   0.00000000   0.00000000   0.00000000   0.00000000   0.00000000   0.00000000   0.00000000   0.00000000   0.00000000   0.00000000   0.00000000   0.00000000   0.00000000   0.00000000   0.00000000   0.00000000   0.00000000 
 -0.00000000  -0.01257636  -0.04837555  -0.10203502  -0.16592744  -0.23175466  -0.29213521  -0.34177049  -0.37794012  -0.40032416  -0.41036420  -0.41046429  -0.40328505  -0.39126254  -0.37636654  -0.36004271  -0.34326447  -0.32663192  -0.31047690  -0.29495353  -0.28010654  -0.26591774  -0.25233381  -0.23927987  -0.22666309  -0.21436986  -0.20225994  -0.19016032  -0.17786125  -0.16511707  -0.15165361  -0.13718398  -0.12143354  -0.10417365  -0.08526253  -0.06468907  -0.04261407  -0.01940100   0.00437192   0.02792641   0.05033059   0.07057762   0.08769038   0.10083888   0.10945165   0.11329986   0.11253584   0.10767544   0.09952527   0.08906830   0.07733122   0.06526021   0.05362823   0.04298671   0.03366155   0.02578312   0.01933423   0.01420139   0.01021914   0.00720301   0.00497131   0.00335786   0.00221835   0.00143248   0.00090354   0.00055629   0.00033407   0.00019554   0.00011148   0.00006185   0.00003337   0.00001750   0.00000891   0.00000440   0.00000211   0.00000098   0.00000044   0.00000019   0.00000008   0.00000003   0.00000001   0.00000000   0.00000000   0.00000000   0.00000000   0.00000000   0.00000000   0.00000000   0.00000000   0.00000000   0.00000000   0.00000000   0.00000000   0.00000000   0.00000000   0.00000000   0.00000000   0.00000000   0.00000000   0.00000000   0.00000000   0.00000000   0.00000000   0.00000000   0.00000000   0.00000000   0.00000000   0.00000000   0.00000000   0.00000000   0.00000000   0.00000000   0.00000000   0.00000000   0.00000000   0.00000000   0.00000000   0.00000000   0.00000000   0.00000000   0.00000000   0.00000000   0.00000000   0.00000000   0.00000000   0.00000000   0.00000000   0.00000000   0.00000000   0.00000000   0.00000000   0.00000000   0.00000000   0.00000000   0.00000000   0.00000000   0.00000000   0.00000000   0.00000000   0.00000000   0.00000000   0.00000000   0.00000000   0.00000000   0.00000000   0.00000000   0.00000000   0.00000000   0.00000000   0.00000000   0.00000000 
 -0.00000000  -0.01379055  -0.05338930  -0.11378332  -0.18758590  -0.26630682  -0.34177049  -0.40736721  -0.45885362  -0.49455394  -0.51500809  -0.52227396  -0.51914823  -0.50851596  -0.49292891  -0.47441119  -0.45443314  -0.43398144  -0.41366694  -0.39383274  -0.37464410  -0.35615427  -0.33834698  -0.32115994  -0.30449403  -0.28821296  -0.27213798  -0.25604146  -0.23964296  -0.22261131  -0.20457540  -0.18514615  -0.16395078  -0.14067899  -0.11513860  -0.08731535  -0.05742890  -0.02597479   0.00625918   0.03821296   0.06861745   0.09610156   0.11933456   0.13718592   0.14887676   0.15409434   0.15304446   0.14642751   0.13533947   0.12111638   0.10515387   0.08873824   0.07292031   0.05844973   0.04576950   0.03505675   0.02628800   0.01930887   0.01389427   0.00979335   0.00675904   0.00456535   0.00301605   0.00194758   0.00122843   0.00075631   0.00045419   0.00026585   0.00015156   0.00008409   0.00004537   0.00002379   0.00001211   0.00000598   0.00000286   0.00000133   0.00000060   0.00000026   0.00000011   0.00000004   0.00000002   0.00000001   0.00000000   0.00000000   0.00000000   0.00000000   0.00000000   0.00000000   0.00000000   0.00000000   0.00000000   0.00000000   0.00000000   0.00000000   0.00000000   0.00000000   0.00000000   0.00000000   0.00000000   0.00000000   0.00000000   0.00000000   0.00000000   0.00000000   0.00000000   0.00000000   0.00000000   0.00000000   0.00000000   0.00000000   0.00000000   0.00000000   0.00000000   0.00000000   0.00000000   0.00000000   0.00000000   0.00000000   0.00000000   0.00000000   0.00000000   0.00000000   0.00000000   0.00000000   0.00000000   0.00000000   0.00000000   0.00000000   0.00000000   0.00000000   0.00000000   0.00000000   0.00000000   0.00000000   0.00000000   0.00000000   0.00000000   0.00000000   0.00000000   0.00000000   0.00000000   0.00000000   0.00000000   0.00000000   0.00000000   0.00000000   0.00000000   0.00000000   0.00000000   0.00000000   0.00000000 
 -0.00000000  -0.01435637  -0.05590248  -0.12026456  -0.20079025  -0.28944761  -0.37794012  -0.45885362  -0.52660348  -0.57797259  -0.61214007  -0.63025790  -0.63476283  -0.62865141  -0.61489482  -0.59607222  -0.57421337  -0.55079261  -0.52680699  -0.50288457  -0.47938898  -0.45650389  -0.43429251  -0.41273398  -0.39174093  -0.37116405  -0.35078897  -0.33033081  -0.30943126  -0.28766281  -0.26454399  -0.23956872  -0.21225166  -0.18218882  -0.14913039  -0.11305891  -0.07426249  -0.03338960   0.00852964   0.05010952   0.08969134   0.12548314   0.15574565   0.17900082   0.19422964   0.20102154   0.19964287   0.19100563   0.17653831   0.15798293   0.13715957   0.11574583   0.09511231   0.07623673   0.05969687   0.04572364   0.03428631   0.02518341   0.01812127   0.01277261   0.00881514   0.00595408   0.00393347   0.00253998   0.00160208   0.00098635   0.00059233   0.00034671   0.00019766   0.00010967   0.00005917   0.00003103   0.00001580   0.00000780   0.00000374   0.00000173   0.00000078   0.00000034   0.00000014   0.00000006   0.00000002   0.00000001   0.00000000   0.00000000   0.00000000   0.00000000   0.00000000   0.00000000   0.00000000   0.00000000   0.00000000   0.00000000   0.00000000   0.00000000   0.00000000   0.00000000   0.00000000   0.00000000   0.00000000   0.00000000   0.00000000   0.00000000   0.00000000   0.00000000   0.00000000   0.00000000   0.00000000   0.00000000   0.00000000   0.00000000   0.00000000   0.00000000   0.00000000   0.00000000   0.00000000   0.00000000   0.00000000   0.00000000   0.00000000   0.00000000   0.00000000   0.00000000   0.00000000   0.00000000   0.00000000   0.00000000   0.00000000   0.00000000   0.00000000   0.00000000   0.00000000   0.00000000   0.00000000   0.00000000   0.00000000   0.00000000   0.00000000   0.00000000   0.00000000   0.00000000   0.00000000   0.00000000   0.00000000   0.00000000   0.00000000   0.00000000   0.00000000   0.00000000   0.00000000   0.00000000   0.00000000 
 -0.00000000  -0.01440765  -0.05638290  -0.12229470  -0.20646863  -0.30175794  -0.40032416  -0.49455394  -0.57797259  -0.64597052  -0.69617475  -0.72838853  -0.74415493  -0.74610933  -0.73731843  -0.72075665  -0.69898490  -0.67401920  -0.64733489  -0.61994452  -0.59250016  -0.56538956  -0.53881149  -0.51282660  -0.48738611  -0.46234369  -0.43745667  -0.41238334  -0.38668232  -0.35982017  -0.33119234  -0.30016148  -0.26611555  -0.22854504  -0.18713539  -0.14186617  -0.09310369  -0.04167037   0.01112834   0.06353696   0.11345453   0.15861138   0.19680433   0.22616055   0.24538767   0.25396286   0.25221944   0.24130739   0.22303009   0.19958779   0.17327981   0.14622575   0.12015744   0.09631027   0.07541430   0.05776123   0.04331218   0.03181249   0.02289107   0.01613438   0.01113517   0.00752105   0.00496862   0.00320839   0.00202366   0.00124590   0.00074819   0.00043794   0.00024967   0.00013852   0.00007474   0.00003919   0.00001995   0.00000985   0.00000472   0.00000219   0.00000098   0.00000043   0.00000018   0.00000007   0.00000003   0.00000001   0.00000000   0.00000000   0.00000000   0.00000000   0.00000000   0.00000000   0.00000000   0.00000000   0.00000000   0.00000000   0.00000000   0.00000000   0.00000000   0.00000000   0.00000000   0.00000000   0.00000000   0.00000000   0.00000000   0.00000000   0.00000000   0.00000000   0.00000000   0.00000000   0.00000000   0.00000000   0.00000000   0.00000000   0.00000000   0.00000000   0.00000000   0.00000000   0.00000000   0.00000000   0.00000000   0.00000000   0.00000000   0.00000000   0.00000000   0.00000000   0.00000000   0.00000000   0.00000000   0.00000000   0.00000000   0.00000000   0.00000000   0.00000000   0.00000000   0.00000000   0.00000000   0.00000000   0.00000000   0.00000000   0.00000000   0.00000000   0.00000000   0.00000000   0.00000000   0.00000000   0.00000000   0.00000000   0.00000000   0.00000000   0.00000000   0.00000000   0.00000000   0.00000000   0.00000000 
 -0.00000000  -0.01409754  -0.05539967  -0.12099241  -0.20621971  -0.30500958  -0.41036420  -0.51500809  -0.61214007  -0.69617475  -0.76331926  -0.81184315  -0.84197761  -0.85549448  -0.85510972  -0.84388444  -0.82475467  -0.80024528  -0.77235514  -0.74256364  -0.71190202  -0.68104495  -0.65039471  -0.62014501  -0.59032205  -0.56080584  -0.53133821  -0.50152473  -0.47083824  -0.43863142  -0.40416494  -0.36665649  -0.32535353  -0.27962945  -0.22909812  -0.17373645  -0.11399892  -0.05090319   0.01393674   0.07835127   0.13974420   0.19531099   0.24232887   0.27848241   0.30217216   0.31274787   0.31061545   0.29718836   0.27468638   0.24581925   0.21341955   0.18009885   0.14799115   0.11861880   0.09288144   0.07113859   0.05334235   0.03917899   0.02819132   0.01986991   0.01371310   0.00926217   0.00611880   0.00395107   0.00249208   0.00153428   0.00092137   0.00053930   0.00030745   0.00017058   0.00009204   0.00004826   0.00002457   0.00001214   0.00000581   0.00000269   0.00000121   0.00000052   0.00000022   0.00000009   0.00000003   0.00000001   0.00000000   0.00000000   0.00000000   0.00000000   0.00000000   0.00000000   0.00000000   0.00000000   0.00000000   0.00000000   0.00000000   0.00000000   0.00000000   0.00000000   0.00000000   0.00000000   0.00000000   0.00000000   0.00000000   0.00000000   0.00000000   0.00000000   0.00000000   0.00000000   0.00000000   0.00000000   0.00000000   0.00000000   0.00000000   0.00000000   0.00000000   0.00000000   0.00000000   0.00000000   0.00000000   0.00000000   0.00000000   0.00000000   0.00000000   0.00000000   0.00000000   0.00000000   0.00000000   0.00000000   0.00000000   0.00000000   0.00000000   0.00000000   0.00000000   0.00000000   0.00000000   0.00000000   0.00000000   0.00000000   0.00000000   0.00000000   0.00000000   0.00000000   0.00000000   0.00000000   0.00000000   0.00000000   0.00000000   0.00000000   0.00000000   0.00000000   0.00000000   0.00000000   0.00000000 
 -0.00000000  -0.01356316  -0.05348042  -0.11746078  -0.20177926  -0.30144253  -0.41046429  -0.52227396  -0.63025790  -0.72838853  -0.81184315  -0.87747900  -0.92404093  -0.95204597  -0.96338945  -0.96079993  -0.94729566  -0.92575843  -0.89867355  -0.86802371  -0.83529160  -0.80152006  -0.76738953  -0.73328798  -0.69936240  -0.66555065  -0.63159801  -0.59706604  -0.56134222  -0.52365944  -0.48313323  -0.43882339  -0.38982365  -0.33537904  -0.27502520  -0.20873696  -0.13706717  -0.06125019   0.01675795   0.09432889   0.16831802   0.23532833   0.29206140   0.33571091   0.36433589   0.37714271   0.37461454   0.35845271   0.33133368   0.29652690   0.25745113   0.21725904   0.17852709   0.14309344   0.11204447   0.08581446   0.06434583   0.04726008   0.03400556   0.02396758   0.01654087   0.01117199   0.00738040   0.00476567   0.00300586   0.00185058   0.00111131   0.00065047   0.00037083   0.00020575   0.00011102   0.00005821   0.00002963   0.00001464   0.00000701   0.00000325   0.00000146   0.00000063   0.00000027   0.00000011   0.00000004   0.00000002   0.00000001   0.00000000   0.00000000   0.00000000   0.00000000   0.00000000   0.00000000   0.00000000   0.00000000   0.00000000   0.00000000   0.00000000   0.00000000   0.00000000   0.00000000   0.00000000   0.00000000   0.00000000   0.00000000   0.00000000   0.00000000   0.00000000   0.00000000   0.00000000   0.00000000   0.00000000   0.00000000   0.00000000   0.00000000   0.00000000   0.00000000   0.00000000   0.00000000   0.00000000   0.00000000   0.00000000   0.00000000   0.00000000   0.00000000   0.00000000   0.00000000   0.00000000   0.00000000   0.00000000   0.00000000   0.00000000   0.00000000   0.00000000   0.00000000   0.00000000   0.00000000   0.00000000   0.00000000   0.00000000   0.00000000   0.00000000   0.00000000   0.00000000   0.00000000   0.00000000   0.00000000   0.00000000   0.00000000   0.00000000   0.00000000   0.00000000   0.00000000   0.00000000   0.00000000 
 -0.00000000  -0.01291081  -0.05104525  -0.11261825  -0.19468964  -0.29323568  -0.40328505  -0.51914823  -0.63476283  -0.74415493  -0.84197761  -0.92404093  -0.98771540  -1.03210008  -1.05790537  -1.06708911  -1.06235896  -1.04667621  -1.02286495  -0.99337009  -0.96015371  -0.92468901  -0.88800595  -0.85075262  -0.81325043  -0.77553437  -0.73737897  -0.69831569  -0.65765091  -0.61449445  -0.56780805  -0.51648182  -0.45944318  -0.39579803  -0.32499739  -0.24701490  -0.16251213  -0.07296185   0.01930421   0.11115407   0.19884122   0.27831843   0.34565507   0.39750512   0.43155091   0.44683854   0.44393192   0.42484330   0.39274470   0.35151401   0.30520783   0.25756794   0.21165273   0.16964452   0.13283334   0.10173522   0.07628237   0.05602615   0.04031244   0.02841231   0.01960807   0.01324346   0.00874875   0.00564919   0.00356309   0.00219363   0.00131731   0.00077104   0.00043956   0.00024388   0.00013159   0.00006900   0.00003513   0.00001735   0.00000831   0.00000385   0.00000173   0.00000075   0.00000031   0.00000013   0.00000005   0.00000002   0.00000001   0.00000000   0.00000000   0.00000000   0.00000000   0.00000000   0.00000000   0.00000000   0.00000000   0.00000000   0.00000000   0.00000000   0.00000000   0.00000000   0.00000000   0.00000000   0.00000000   0.00000000   0.00000000   0.00000000   0.00000000   0.00000000   0.00000000   0.00000000   0.00000000   0.00000000   0.00000000   0.00000000   0.00000000   0.00000000   0.00000000   0.00000000   0.00000000   0.00000000   0.00000000   0.00000000   0.00000000   0.00000000   0.00000000   0.00000000   0.00000000   0.00000000   0.00000000   0.00000000   0.00000000   0.00000000   0.00000000   0.00000000   0.00000000   0.00000000   0.00000000   0.00000000   0.00000000   0.00000000   0.00000000   0.00000000   0.00000000   0.00000000   0.00000000   0.00000000   0.00000000   0.00000000   0.00000000   0.00000000   0.00000000   0.00000000   0.00000000   0.00000000   0.00000000 
 -0.00000000  -0.01221445  -0.04839344  -0.10714496  -0.18615575  -0.28221354  -0.39126254  -0.50851596  -0.62865141  -0.74610933  -0.85549448  -0.95204597  -1.03210008  -1.09344095  -1.13544183  -1.15895147  -1.16595906  -1.15913778  -1.14138797  -1.11547344  -1.08379087  -1.04826347  -1.01032292  -0.97093881  -0.93066364  -0.88967507  -0.84780913  -0.80458682  -0.75924213  -0.71076177  -0.65794728  -0.59950881  -0.53419584  -0.46096497  -0.37917674  -0.28880473  -0.19062983  -0.08638512   0.02118812   0.12840936   0.23087658   0.32383429   0.40266288   0.46342727   0.50339718   0.52144046   0.51820386   0.49603199   0.45862956   0.41052982   0.35647723   0.30084932   0.24722486   0.19815799   0.15515903   0.11883273   0.08910087   0.06543962   0.04708487   0.03318498   0.02290146   0.01546764   0.01021794   0.00659780   0.00416136   0.00256194   0.00153847   0.00090049   0.00051335   0.00028482   0.00015368   0.00008058   0.00004102   0.00002026   0.00000970   0.00000450   0.00000202   0.00000088   0.00000037   0.00000015   0.00000006   0.00000002   0.00000001   0.00000000   0.00000000   0.00000000   0.00000000   0.00000000   0.00000000   0.00000000   0.00000000   0.00000000   0.00000000   0.00000000   0.00000000   0.00000000   0.00000000   0.00000000   0.00000000   0.00000000   0.00000000   0.00000000   0.00000000   0.00000000   0.00000000   0.00000000   0.00000000   0.00000000   0.00000000   0.00000000   0.00000000   0.00000000   0.00000000   0.00000000   0.00000000   0.00000000   0.00000000   0.00000000   0.00000000   0.00000000   0.00000000   0.00000000   0.00000000   0.00000000   0.00000000   0.00000000   0.00000000   0.00000000   0.00000000   0.00000000   0.00000000   0.00000000   0.00000000   0.00000000   0.00000000   0.00000000   0.00000000   0.00000000   0.00000000   0.00000000   0.00000000   0.00000000   0.00000000   0.00000000   0.00000000   0.00000000   0.00000000   0.00000000   0.00000000   0.00000000   0.00000000 
 -0.00000000  -0.01152063  -0.04571811  -0.10149726  -0.17702820  -0.26974628  -0.37636654  -0.49292891  -0.61489482  -0.73731843  -0.85510972  -0.96338945  -1.05790537  -1.13544183  -1.19412932  -1.23356567  -1.25470755  -1.25956063  -1.25075754  -1.23113250  -1.20337754  -1.16981763  -1.13229786  -1.09215163  -1.05021391  -1.00685242  -0.96200187  -0.91519790  -0.86561565  -0.81212253  -0.75335634  -0.68783895  -0.61413171  -0.53103265  -0.43780660  -0.33442858  -0.22180975  -0.10196552   0.02191948   0.14557117   0.26387850   0.37131977   0.46252943   0.53293364   0.57935285   0.60045756   0.59697789   0.57161032   0.52862718   0.47326186   0.41099460   0.34688355   0.28506499   0.22849174   0.17891063   0.13702217   0.10273768   0.07545371   0.05428914   0.03826180   0.02640462   0.01783341   0.01178062   0.00760674   0.00479767   0.00295366   0.00177369   0.00103816   0.00059183   0.00032836   0.00017717   0.00009290   0.00004729   0.00002336   0.00001118   0.00000519   0.00000233   0.00000101   0.00000042   0.00000017   0.00000007   0.00000003   0.00000001   0.00000000   0.00000000   0.00000000   0.00000000   0.00000000   0.00000000   0.00000000   0.00000000   0.00000000   0.00000000   0.00000000   0.00000000   0.00000000   0.00000000   0.00000000   0.00000000   0.00000000   0.00000000   0.00000000   0.00000000   0.00000000   0.00000000   0.00000000   0.00000000   0.00000000   0.00000000   0.00000000   0.00000000   0.00000000   0.00000000   0.00000000   0.00000000   0.00000000   0.00000000   0.00000000   0.00000000   0.00000000   0.00000000   0.00000000   0.00000000   0.00000000   0.00000000   0.00000000   0.00000000   0.00000000   0.00000000   0.00000000   0.00000000   0.00000000   0.00000000   0.00000000   0.00000000   0.00000000   0.00000000   0.00000000   0.00000000   0.00000000   0.00000000   0.00000000   0.00000000   0.00000000   0.00000000   0.00000000   0.00000000   0.00000000   0.00000000   0.00000000   0.00000000 
 -0.00000000  -0.01085539  -0.04313089  -0.09595192  -0.16785338  -0.25677187  -0.36004271  -0.47441119  -0.59607222  -0.72075665  -0.84388444  -0.96079993  -1.06708911  -1.15895147  -1.23356567  -1.28936471  -1.32614066  -1.34494011  -1.34777488  -1.33722748  -1.31604983  -1.28683309  -1.25178408  -1.21260401  -1.17044301  -1.12590035  -1.07904764  -1.02946420  -0.97628453  -0.91826479  -0.85387893  -0.78145485  -0.69935745  -0.60621831  -0.50120215  -0.38428761  -0.25652729  -0.12024102   0.02090943   0.16201187   0.29719304   0.42010741   0.52458677   0.60536869   0.65878714   0.68329496   0.67970444   0.65108119   0.60229747   0.53932880   0.46843655   0.39540219   0.32495493   0.26047202   0.20395258   0.15619983   0.11711507   0.08601127   0.06188410   0.04361373   0.03009748   0.02032720   0.01342782   0.00867023   0.00546837   0.00336654   0.00202160   0.00118326   0.00067455   0.00037425   0.00020193   0.00010588   0.00005390   0.00002662   0.00001275   0.00000591   0.00000265   0.00000115   0.00000048   0.00000020   0.00000008   0.00000003   0.00000001   0.00000000   0.00000000   0.00000000   0.00000000   0.00000000   0.00000000   0.00000000   0.00000000   0.00000000   0.00000000   0.00000000   0.00000000   0.00000000   0.00000000   0.00000000   0.00000000   0.00000000   0.00000000   0.00000000   0.00000000   0.00000000   0.00000000   0.00000000   0.00000000   0.00000000   0.00000000   0.00000000   0.00000000   0.00000000   0.00000000   0.00000000   0.00000000   0.00000000   0.00000000   0.00000000   0.00000000   0.00000000   0.00000000   0.00000000   0.00000000   0.00000000   0.00000000   0.00000000   0.00000000   0.00000000   0.00000000   0.00000000   0.00000000   0.00000000   0.00000000   0.00000000   0.00000000   0.00000000   0.00000000   0.00000000   0.00000000   0.00000000   0.00000000   0.00000000   0.00000000   0.00000000   0.00000000   0.00000000   0.00000000   0.00000000   0.00000000   0.00000000   0.00000000 
 -0.00000000  -0.01023080  -0.04068671  -0.09065615  -0.15894651  -0.24387577  -0.34326447  -0.45443314  -0.57421337  -0.69898490  -0.82475467  -0.94729566  -1.06235896  -1.16595906  -1.25470755  -1.32614066  -1.37896409  -1.41314216  -1.42979488  -1.43092394  -1.41903887  -1.39677334  -1.36656359  -1.33042347  -1.28981486  -1.24559205  -1.19799557  -1.14667788  -1.09075439  -1.02888221  -0.95937522  -0.88036492  -0.79001395  -0.68678141  -0.56972887  -0.43884152  -0.29532500  -0.14182564   0.01748432   0.17701058   0.33006543   0.46942277   0.58805571   0.67996373   0.74095675   0.76924858   0.76573061   0.73385211   0.67911448   0.60827401   0.52841531   0.44608301   0.36663258   0.29389009   0.23012197   0.17624114   0.13213965   0.09704368   0.06982034   0.04920591   0.03395595   0.02293275   0.01514877   0.00978131   0.00616906   0.00379787   0.00228060   0.00133484   0.00076096   0.00042219   0.00022780   0.00011944   0.00006080   0.00003003   0.00001438   0.00000667   0.00000299   0.00000130   0.00000054   0.00000022   0.00000009   0.00000003   0.00000001   0.00000000   0.00000000   0.00000000   0.00000000   0.00000000   0.00000000   0.00000000   0.00000000   0.00000000   0.00000000   0.00000000   0.00000000   0.00000000   0.00000000   0.00000000   0.00000000   0.00000000   0.00000000   0.00000000   0.00000000   0.00000000   0.00000000   0.00000000   0.00000000   0.00000000   0.00000000   0.00000000   0.00000000   0.00000000   0.00000000   0.00000000   0.00000000   0.00000000   0.00000000   0.00000000   0.00000000   0.00000000   0.00000000   0.00000000   0.00000000   0.00000000   0.00000000   0.00000000   0.00000000   0.00000000   0.00000000   0.00000000   0.00000000   0.00000000   0.00000000   0.00000000   0.00000000   0.00000000   0.00000000   0.00000000   0.00000000   0.00000000   0.00000000   0.00000000   0.00000000   0.00000000   0.00000000   0.00000000   0.00000000   0.00000000   0.00000000   0.00000000   0.00000000 
 -0.00000000  -0.00965018  -0.03840427  -0.08567152  -0.15046288  -0.23138478  -0.32663192  -0.43398144  -0.55079261  -0.67401920  -0.80024528  -0.92575843  -1.04667621  -1.15913778  -1.25956063  -1.34494011  -1.41314216  -1.46311972  -1.49498575  -1.50990860  -1.50984794  -1.49719554  -1.47440378  -1.44366963  -1.40670817  -1.36461820  -1.31782403  -1.26607467  -1.20848808  -1.14363757  -1.06968462  -0.98456569  -0.88623855  -0.77298633  -0.64376618  -0.49857394  -0.33878036  -0.16738022   0.01091113   0.18977454   0.36165706   0.51839695   0.65205412   0.75584133   0.82500704   0.85750375   0.85429681   0.81923073   0.75846143   0.67956050   0.59047390   0.49854577   0.40978841   0.32849926   0.25722626   0.19699883   0.14770102   0.10846985   0.07803946   0.05499716   0.03795161   0.02563083   0.01693078   0.01093176   0.00689457   0.00424447   0.00254875   0.00149178   0.00085042   0.00047182   0.00025458   0.00013348   0.00006795   0.00003356   0.00001607   0.00000745   0.00000334   0.00000145   0.00000061   0.00000025   0.00000010   0.00000004   0.00000001   0.00000000   0.00000000   0.00000000   0.00000000   0.00000000   0.00000000   0.00000000   0.00000000   0.00000000   0.00000000   0.00000000   0.00000000   0.00000000   0.00000000   0.00000000   0.00000000   0.00000000   0.00000000   0.00000000   0.00000000   0.00000000   0.00000000   0.00000000   0.00000000   0.00000000   0.00000000   0.00000000   0.00000000   0.00000000   0.00000000   0.00000000   0.00000000   0.00000000   0.00000000   0.00000000   0.00000000   0.00000000   0.00000000   0.00000000   0.00000000   0.00000000   0.00000000   0.00000000   0.00000000   0.00000000   0.00000000   0.00000000   0.00000000   0.00000000   0.00000000   0.00000000   0.00000000   0.00000000   0.00000000   0.00000000   0.00000000   0.00000000   0.00000000   0.00000000   0.00000000   0.00000000   0.00000000   0.00000000   0.00000000   0.00000000   0.00000000   0.00000000   0.00000000 
 -0.00000000  -0.00911193  -0.03628125  -0.08100790  -0.14245621  -0.21945171  -0.31047690  -0.41366694  -0.52680699  -0.64733489  -0.77235514  -0.89867355  -1.02286495  -1.14138797  -1.25075754  -1.34777488  -1.42979488  -1.49498575  -1.54251730  -1.57261627  -1.58645640  -1.58589933  -1.57314516  -1.55036999  -1.51941483  -1.48156140  -1.43740094  -1.38678622  -1.32885378  -1.26210855  -1.18457032  -1.09398580  -0.98810910  -0.86504709  -0.72365367  -0.56394099  -0.38745757  -0.19756833   0.00043679   0.19947292   0.39107358   0.56608892   0.71561355   0.83202677   0.90997893   0.94713837   0.94453718   0.90642324   0.83962790   0.75256760   0.65408275   0.55234901   0.45406259   0.36401259   0.28504142   0.21830155   0.16367075   0.12019540   0.08647353   0.06093957   0.04205137   0.02839907   0.01875906   0.01211206   0.00763887   0.00470262   0.00282384   0.00165277   0.00094219   0.00052274   0.00028204   0.00014788   0.00007528   0.00003718   0.00001780   0.00000826   0.00000371   0.00000161   0.00000067   0.00000027   0.00000011   0.00000004   0.00000001   0.00000001   0.00000000   0.00000000   0.00000000   0.00000000   0.00000000   0.00000000   0.00000000   0.00000000   0.00000000   0.00000000   0.00000000   0.00000000   0.00000000   0.00000000   0.00000000   0.00000000   0.00000000   0.00000000   0.00000000   0.00000000   0.00000000   0.00000000   0.00000000   0.00000000   0.00000000   0.00000000   0.00000000   0.00000000   0.00000000   0.00000000   0.00000000   0.00000000   0.00000000   0.00000000   0.00000000   0.00000000   0.00000000   0.00000000   0.00000000   0.00000000   0.00000000   0.00000000   0.00000000   0.00000000   0.00000000   0.00000000   0.00000000   0.00000000   0.00000000   0.00000000   0.00000000   0.00000000   0.00000000   0.00000000   0.00000000   0.00000000   0.00000000   0.00000000   0.00000000   0.00000000   0.00000000   0.00000000   0.00000000   0.00000000   0.00000000   0.00000000   0.00000000 
