# coconut-me2b/v0.99.21 
# 
# momentum space matrix elements 
# partial wave J=2, L=2/2, S=1, T=0, MT=0 
# 
# momentum grid [fm^-1]
0.000000 0.066667 0.133333 0.200000 0.266667 0.333333 0.400000 0.466667 0.533333 0.600000 0.666667 0.733333 0.800000 0.866667 0.933333 1.000000 1.066667 1.133333 1.200000 1.266667 1.333333 1.400000 1.466667 1.533333 1.600000 1.666667 1.733333 1.800000 1.866667 1.933333 2.000000 2.066667 2.133333 2.200000 2.266667 2.333333 2.400000 2.466667 2.533333 2.600000 2.666667 2.733333 2.800000 2.866667 2.933333 3.000000 3.066667 3.133333 3.200000 3.266667 3.333333 3.400000 3.466667 3.533333 3.600000 3.666667 3.733333 3.800000 3.866667 3.933333 4.000000 4.066667 4.133333 4.200000 4.266667 4.333333 4.400000 4.466667 4.533333 4.600000 4.666667 4.733333 4.800000 4.866667 4.933333 5.000000 5.066667 5.133333 5.200000 5.266667 5.333333 5.400000 5.466667 5.533333 5.600000 5.666667 5.733333 5.800000 5.866667 5.933333 6.000000 6.066667 6.133333 6.200000 6.266667 6.333333 6.400000 6.466667 6.533333 6.600000 6.666667 6.733333 6.800000 6.866667 6.933333 7.000000 7.066667 7.133333 7.200000 7.266667 7.333333 7.400000 7.466667 7.533333 7.600000 7.666667 7.733333 7.800000 7.866667 7.933333 8.000000 8.066667 8.133333 8.200000 8.266667 8.333333 8.400000 8.466667 8.533333 8.600000 8.666667 8.733333 8.800000 8.866667 8.933333 9.000000 9.066667 9.133333 9.200000 9.266667 9.333333 9.400000 9.466667 9.533333 9.600000 9.666667 9.733333 9.800000 9.866667 9.933333 10.000000 
#
# matrix elements [MeV fm^3] 
  0.00179174  -0.00000000  -0.00000000  -0.00000000  -0.00000000  -0.00000000  -0.00000000  -0.00000000  -0.00000000  -0.00000000  -0.00000000  -0.00000000  -0.00000000  -0.00000000  -0.00000000  -0.00000000   0.00000000  -0.00000000   0.00000000   0.00000000   0.00000000   0.00000000   0.00000000   0.00000000  -0.00000000   0.00000000   0.00000000   0.00000000   0.00000000  -0.00000000   0.00000000  -0.00000000   0.00000000   0.00000000   0.00000000   0.00000000   0.00000000   0.00000000  -0.00000000  -0.00000000   0.00000000  -0.00000000   0.00000000  -0.00000000   0.00000000   0.00000000   0.00000000   0.00000000   0.00000000   0.00000000   0.00000000   0.00000000   0.00000000   0.00000000   0.00000000   0.00000000   0.00000000   0.00000000   0.00000000   0.00000000   0.00000000   0.00000000   0.00000000   0.00000000   0.00000000   0.00000000   0.00000000   0.00000000   0.00000000   0.00000000   0.00000000   0.00000000   0.00000000   0.00000000   0.00000000   0.00000000   0.00000000   0.00000000   0.00000000   0.00000000   0.00000000   0.00000000   0.00000000   0.00000000   0.00000000   0.00000000   0.00000000   0.00000000   0.00000000   0.00000000   0.00000000   0.00000000   0.00000000   0.00000000   0.00000000   0.00000000   0.00000000   0.00000000   0.00000000   0.00000000   0.00000000   0.00000000   0.00000000   0.00000000   0.00000000   0.00000000   0.00000000   0.00000000   0.00000000   0.00000000   0.00000000   0.00000000   0.00000000   0.00000000  -0.00000000  -0.00000000   0.00000000  -0.00000000  -0.00000000  -0.00000000   0.00000000   0.00000000   0.00000000   0.00000000   0.00000000   0.00000000   0.00000000   0.00000000   0.00000000   0.00000000   0.00000000   0.00000000   0.00000000   0.00000000  -0.00000000   0.00000000   0.00000000  -0.00000000   0.00000000   0.00000000   0.00000000  -0.00000000   0.00000000   0.00000000   0.00000000  -0.00000000   0.00000000   0.00000000   0.00000000   0.00000000   0.00000000 
 -0.00000000  -0.00361260  -0.01347534  -0.02710051  -0.04150806  -0.05421671  -0.06376397  -0.06970870  -0.07233259  -0.07228310  -0.07029777  -0.06704468  -0.06305691  -0.05872445  -0.05431355  -0.04999434  -0.04586762  -0.04198663  -0.03837355  -0.03503111  -0.03195042  -0.02911601  -0.02650884  -0.02410807  -0.02189179  -0.01983737  -0.01792145  -0.01611986  -0.01440774  -0.01275987  -0.01115141  -0.00955912  -0.00796308  -0.00634888  -0.00471002  -0.00305029  -0.00138557   0.00025542   0.00183200   0.00329449   0.00458918   0.00566495   0.00648035   0.00700990   0.00724807   0.00721004   0.00692928   0.00645270   0.00583468   0.00513119   0.00439464   0.00366994   0.00299178   0.00238355   0.00185777   0.00141775   0.00105999   0.00077666   0.00055768   0.00039233   0.00027031   0.00018229   0.00012026   0.00007755   0.00004885   0.00003004   0.00001802   0.00001054   0.00000600   0.00000333   0.00000179   0.00000094   0.00000048   0.00000024   0.00000011   0.00000005   0.00000002   0.00000001   0.00000000   0.00000000   0.00000000   0.00000000   0.00000000   0.00000000   0.00000000   0.00000000   0.00000000   0.00000000   0.00000000   0.00000000   0.00000000   0.00000000   0.00000000   0.00000000   0.00000000   0.00000000   0.00000000   0.00000000   0.00000000   0.00000000   0.00000000   0.00000000   0.00000000   0.00000000   0.00000000   0.00000000   0.00000000   0.00000000   0.00000000   0.00000000   0.00000000   0.00000000   0.00000000   0.00000000   0.00000000   0.00000000   0.00000000   0.00000000   0.00000000   0.00000000   0.00000000   0.00000000   0.00000000   0.00000000   0.00000000   0.00000000   0.00000000   0.00000000   0.00000000   0.00000000   0.00000000   0.00000000   0.00000000   0.00000000   0.00000000   0.00000000   0.00000000   0.00000000   0.00000000   0.00000000   0.00000000   0.00000000   0.00000000   0.00000000   0.00000000   0.00000000   0.00000000   0.00000000   0.00000000   0.00000000   0.00000000 
 -0.00000000  -0.01347534  -0.05045305  -0.10204009  -0.15735190  -0.20701503  -0.24518690  -0.26978127  -0.28152655  -0.28269128  -0.27602694  -0.26411277  -0.24905753  -0.23243480  -0.21533818  -0.19847992  -0.18229183  -0.16701074  -0.15274415  -0.13951734  -0.12730553  -0.11605481  -0.10569506  -0.09614719  -0.08732689  -0.07914603  -0.07151290  -0.06433223  -0.05750559  -0.05093286  -0.04451526  -0.03816026  -0.03178856  -0.02534275  -0.01879704  -0.01216670  -0.00551535   0.00104203   0.00734272   0.01318793   0.01836282   0.02266279   0.02592204   0.02803856   0.02899012   0.02883737   0.02771405   0.02580769   0.02333575   0.02052204   0.01757620   0.01467776   0.01196546   0.00953286   0.00743001   0.00567017   0.00423935   0.00310618   0.00223038   0.00156910   0.00108108   0.00072906   0.00048095   0.00031016   0.00019539   0.00012016   0.00007208   0.00004215   0.00002401   0.00001331   0.00000718   0.00000376   0.00000191   0.00000094   0.00000045   0.00000021   0.00000009   0.00000004   0.00000002   0.00000001   0.00000000   0.00000000   0.00000000   0.00000000   0.00000000   0.00000000   0.00000000   0.00000000   0.00000000   0.00000000   0.00000000   0.00000000   0.00000000   0.00000000   0.00000000   0.00000000   0.00000000   0.00000000   0.00000000   0.00000000   0.00000000   0.00000000   0.00000000   0.00000000   0.00000000   0.00000000   0.00000000   0.00000000   0.00000000   0.00000000   0.00000000   0.00000000   0.00000000   0.00000000   0.00000000   0.00000000   0.00000000   0.00000000   0.00000000   0.00000000   0.00000000   0.00000000   0.00000000   0.00000000   0.00000000   0.00000000   0.00000000   0.00000000   0.00000000   0.00000000   0.00000000   0.00000000   0.00000000   0.00000000   0.00000000   0.00000000   0.00000000   0.00000000   0.00000000   0.00000000   0.00000000   0.00000000   0.00000000   0.00000000   0.00000000   0.00000000   0.00000000   0.00000000   0.00000000   0.00000000   0.00000000 
 -0.00000000  -0.02710051  -0.10204009  -0.20814460  -0.32433627  -0.43152645  -0.51681856  -0.57458479  -0.60514924  -0.61247714  -0.60200806  -0.57916233  -0.54856045  -0.51376599  -0.47732876  -0.44095866  -0.40572857  -0.37225732  -0.34085546  -0.31163289  -0.28457396  -0.25958734  -0.23653743  -0.21526280  -0.19558594  -0.17731758  -0.16025818  -0.14419844  -0.12892071  -0.11420261  -0.09982407  -0.08557860  -0.07128906  -0.05682723  -0.04213581  -0.02724965  -0.01231230   0.00241731   0.01657285   0.02970696   0.04133607   0.05099967   0.05832443   0.06308057   0.06521767   0.06487177   0.06234344   0.05805423   0.05249314   0.04616347   0.03953675   0.03301671   0.02691548   0.02144346   0.01671321   0.01275456   0.00953604   0.00698706   0.00501702   0.00352954   0.00243179   0.00163996   0.00108185   0.00069766   0.00043951   0.00027028   0.00016214   0.00009481   0.00005400   0.00002994   0.00001614   0.00000846   0.00000430   0.00000212   0.00000102   0.00000047   0.00000021   0.00000009   0.00000004   0.00000002   0.00000001   0.00000000   0.00000000   0.00000000   0.00000000   0.00000000   0.00000000   0.00000000   0.00000000   0.00000000   0.00000000   0.00000000   0.00000000   0.00000000   0.00000000   0.00000000   0.00000000   0.00000000   0.00000000   0.00000000   0.00000000   0.00000000   0.00000000   0.00000000   0.00000000   0.00000000   0.00000000   0.00000000   0.00000000   0.00000000   0.00000000   0.00000000   0.00000000   0.00000000   0.00000000   0.00000000   0.00000000   0.00000000   0.00000000   0.00000000   0.00000000   0.00000000   0.00000000   0.00000000   0.00000000   0.00000000   0.00000000   0.00000000   0.00000000   0.00000000   0.00000000   0.00000000   0.00000000   0.00000000   0.00000000   0.00000000   0.00000000   0.00000000   0.00000000   0.00000000   0.00000000   0.00000000   0.00000000   0.00000000   0.00000000   0.00000000   0.00000000   0.00000000   0.00000000   0.00000000   0.00000000 
 -0.00000000  -0.04150806  -0.15735190  -0.32433627  -0.51197946  -0.69096139  -0.83954670  -0.94625447  -1.00901814  -1.03233249  -1.02402224  -0.99267634  -0.94608305  -0.89053779  -0.83072826  -0.76991935  -0.71024635  -0.65301000  -0.59892650  -0.54831984  -0.50126051  -0.45766014  -0.41733286  -0.38003272  -0.34547462  -0.31334478  -0.28330537  -0.25499701  -0.22804235  -0.20205328  -0.17664411  -0.15145195  -0.12616504  -0.10055789  -0.07453041  -0.04814588  -0.02166040   0.00446505   0.02957880   0.05288515   0.07352408   0.09067642   0.10367786   0.11211908   0.11590954   0.11529006   0.11079397   0.10316981   0.09328612   0.08203705   0.07026034   0.05867340   0.04783084   0.03810653   0.02970045   0.02266562   0.01694607   0.01241637   0.00891549   0.00627214   0.00432138   0.00291427   0.00192249   0.00123977   0.00078102   0.00048030   0.00028813   0.00016849   0.00009597   0.00005320   0.00002868   0.00001503   0.00000765   0.00000377   0.00000181   0.00000084   0.00000038   0.00000016   0.00000007   0.00000003   0.00000001   0.00000000   0.00000000   0.00000000   0.00000000   0.00000000   0.00000000   0.00000000   0.00000000   0.00000000   0.00000000   0.00000000   0.00000000   0.00000000   0.00000000   0.00000000   0.00000000   0.00000000   0.00000000   0.00000000   0.00000000   0.00000000   0.00000000   0.00000000   0.00000000   0.00000000   0.00000000   0.00000000   0.00000000   0.00000000   0.00000000   0.00000000   0.00000000   0.00000000   0.00000000   0.00000000   0.00000000   0.00000000   0.00000000   0.00000000   0.00000000   0.00000000   0.00000000   0.00000000   0.00000000   0.00000000   0.00000000   0.00000000   0.00000000   0.00000000   0.00000000   0.00000000   0.00000000   0.00000000   0.00000000   0.00000000   0.00000000   0.00000000   0.00000000   0.00000000   0.00000000   0.00000000   0.00000000   0.00000000   0.00000000   0.00000000   0.00000000   0.00000000   0.00000000   0.00000000   0.00000000 
 -0.00000000  -0.05421671  -0.20701503  -0.43152645  -0.69096139  -0.94760746  -1.17072725  -1.34112346  -1.45175149  -1.50531651  -1.51054033  -1.47860070  -1.42056227  -1.34594972  -1.26222634  -1.17483347  -1.08749826  -1.00261847  -0.92162286  -0.84526620  -0.77385153  -0.70738754  -0.64569421  -0.58846972  -0.53533009  -0.48583093  -0.43947868  -0.39573756  -0.35403733  -0.31378632  -0.27439301  -0.23529893  -0.19602342  -0.15621905  -0.11573305  -0.07466695  -0.03342278   0.00727787   0.04641584   0.08274708   0.11492703   0.14167474   0.16195090   0.17511435   0.18102161   0.18004694   0.17302159   0.16111328   0.14567751   0.12811009   0.10971902   0.09162446   0.07469246   0.05950682   0.04637981   0.03539420   0.02646259   0.01938905   0.01392214   0.00979436   0.00674811   0.00455080   0.00300208   0.00193597   0.00121960   0.00075002   0.00044993   0.00026310   0.00014986   0.00008308   0.00004479   0.00002347   0.00001194   0.00000589   0.00000282   0.00000131   0.00000059   0.00000025   0.00000011   0.00000004   0.00000002   0.00000001   0.00000000   0.00000000   0.00000000   0.00000000   0.00000000   0.00000000   0.00000000   0.00000000   0.00000000   0.00000000   0.00000000   0.00000000   0.00000000   0.00000000   0.00000000   0.00000000   0.00000000   0.00000000   0.00000000   0.00000000   0.00000000   0.00000000   0.00000000   0.00000000   0.00000000   0.00000000   0.00000000   0.00000000   0.00000000   0.00000000   0.00000000   0.00000000   0.00000000   0.00000000   0.00000000   0.00000000   0.00000000   0.00000000   0.00000000   0.00000000   0.00000000   0.00000000   0.00000000   0.00000000   0.00000000   0.00000000   0.00000000   0.00000000   0.00000000   0.00000000   0.00000000   0.00000000   0.00000000   0.00000000   0.00000000   0.00000000   0.00000000   0.00000000   0.00000000   0.00000000   0.00000000   0.00000000   0.00000000   0.00000000   0.00000000   0.00000000   0.00000000   0.00000000   0.00000000 
 -0.00000000  -0.06376397  -0.24518690  -0.51681856  -0.83954670  -1.17072725  -1.47233514  -1.71698036  -1.89046413  -1.99086482  -2.02528648  -2.00584335  -1.94615371  -1.85896031  -1.75490730  -1.64218703  -1.52670291  -1.41246267  -1.30202075  -1.19687665  -1.09779442  -1.00503986  -0.91854626  -0.83802399  -0.76302881  -0.69300213  -0.62729417  -0.56517921  -0.50587067  -0.44854267  -0.39236332  -0.33654354  -0.28040268  -0.22344911  -0.16546933  -0.10661424  -0.04746615   0.01093351   0.06711542   0.11928674   0.16550983   0.20393827   0.23307306   0.25198788   0.26047264   0.25906244   0.24895063   0.23181530   0.20960551   0.18432890   0.15786717   0.13183201   0.10746953   0.08561979   0.06673215   0.05092568   0.03807462   0.02789706   0.02003118   0.01409209   0.00970913   0.00654764   0.00431936   0.00278545   0.00175474   0.00107911   0.00064735   0.00037854   0.00021561   0.00011953   0.00006444   0.00003377   0.00001718   0.00000848   0.00000406   0.00000188   0.00000084   0.00000037   0.00000015   0.00000006   0.00000002   0.00000001   0.00000000   0.00000000   0.00000000   0.00000000   0.00000000   0.00000000   0.00000000   0.00000000   0.00000000   0.00000000   0.00000000   0.00000000   0.00000000   0.00000000   0.00000000   0.00000000   0.00000000   0.00000000   0.00000000   0.00000000   0.00000000   0.00000000   0.00000000   0.00000000   0.00000000   0.00000000   0.00000000   0.00000000   0.00000000   0.00000000   0.00000000   0.00000000   0.00000000   0.00000000   0.00000000   0.00000000   0.00000000   0.00000000   0.00000000   0.00000000   0.00000000   0.00000000   0.00000000   0.00000000   0.00000000   0.00000000   0.00000000   0.00000000   0.00000000   0.00000000   0.00000000   0.00000000   0.00000000   0.00000000   0.00000000   0.00000000   0.00000000   0.00000000   0.00000000   0.00000000   0.00000000   0.00000000   0.00000000   0.00000000   0.00000000   0.00000000   0.00000000   0.00000000   0.00000000 
 -0.00000000  -0.06970870  -0.26978127  -0.57458479  -0.94625447  -1.34112346  -1.71698036  -2.03955031  -2.28669621  -2.44952241  -2.53060364  -2.54043638  -2.49349457  -2.40495408  -2.28855885  -2.15559288  -2.01465967  -1.87192734  -1.73157013  -1.59623830  -1.46747173  -1.34602719  -1.23211881  -1.12558442  -1.02599459  -0.93272084  -0.84497783  -0.76185235  -0.68233009  -0.60532958  -0.52975090  -0.45454465  -0.37880312  -0.30187126  -0.22346900  -0.14380945  -0.06369071   0.01546579   0.09165727   0.16244101   0.22517714   0.27734932   0.31691317   0.34260282   0.35412644   0.35220612   0.33845991   0.31516634   0.28497348   0.25061010   0.21463439   0.17923781   0.14611486   0.11640797   0.09072827   0.06923776   0.05176548   0.03792813   0.02723379   0.01915911   0.01320016   0.00890190   0.00587240   0.00378696   0.00238566   0.00146710   0.00088010   0.00051465   0.00029313   0.00016250   0.00008762   0.00004591   0.00002336   0.00001153   0.00000552   0.00000256   0.00000115   0.00000050   0.00000021   0.00000008   0.00000003   0.00000001   0.00000000   0.00000000   0.00000000   0.00000000   0.00000000   0.00000000   0.00000000   0.00000000   0.00000000   0.00000000   0.00000000   0.00000000   0.00000000   0.00000000   0.00000000   0.00000000   0.00000000   0.00000000   0.00000000   0.00000000   0.00000000   0.00000000   0.00000000   0.00000000   0.00000000   0.00000000   0.00000000   0.00000000   0.00000000   0.00000000   0.00000000   0.00000000   0.00000000   0.00000000   0.00000000   0.00000000   0.00000000   0.00000000   0.00000000   0.00000000   0.00000000   0.00000000   0.00000000   0.00000000   0.00000000   0.00000000   0.00000000   0.00000000   0.00000000   0.00000000   0.00000000   0.00000000   0.00000000   0.00000000   0.00000000   0.00000000   0.00000000   0.00000000   0.00000000   0.00000000   0.00000000   0.00000000   0.00000000   0.00000000   0.00000000   0.00000000   0.00000000   0.00000000   0.00000000 
 -0.00000000  -0.07233259  -0.28152655  -0.60514924  -1.00901814  -1.45175149  -1.89046413  -2.28669621  -2.61137736  -2.84770272  -2.99135461  -3.04835356  -3.03152946  -2.95681121  -2.84023495  -2.69604730  -2.53583754  -2.36840886  -2.20006842  -2.03508671  -1.87617136  -1.72487860  -1.58193583  -1.44747708  -1.32120526  -1.20249936  -1.09048453  -0.98408196  -0.88205293  -0.78305015  -0.68568655  -0.58862917  -0.49072100  -0.39112808  -0.28950070  -0.18612903  -0.08206403   0.02083162   0.11993746   0.21205909   0.29374438   0.36170166   0.41325427   0.44674086   0.46177109   0.45927831   0.44136630   0.41100231   0.37163761   0.32683025   0.27991685   0.23375624   0.19055923   0.15181646   0.11832548   0.09029786   0.06751079   0.04946440   0.03551712   0.02498638   0.01721495   0.01160935   0.00765843   0.00493872   0.00311122   0.00191329   0.00114777   0.00067117   0.00038228   0.00021193   0.00011426   0.00005987   0.00003046   0.00001503   0.00000719   0.00000333   0.00000150   0.00000065   0.00000027   0.00000011   0.00000004   0.00000002   0.00000001   0.00000000   0.00000000   0.00000000   0.00000000   0.00000000   0.00000000   0.00000000   0.00000000   0.00000000   0.00000000   0.00000000   0.00000000   0.00000000   0.00000000   0.00000000   0.00000000   0.00000000   0.00000000   0.00000000   0.00000000   0.00000000   0.00000000   0.00000000   0.00000000   0.00000000   0.00000000   0.00000000   0.00000000   0.00000000   0.00000000   0.00000000   0.00000000   0.00000000   0.00000000   0.00000000   0.00000000   0.00000000   0.00000000   0.00000000   0.00000000   0.00000000   0.00000000   0.00000000   0.00000000   0.00000000   0.00000000   0.00000000   0.00000000   0.00000000   0.00000000   0.00000000   0.00000000   0.00000000   0.00000000   0.00000000   0.00000000   0.00000000   0.00000000   0.00000000   0.00000000   0.00000000   0.00000000   0.00000000   0.00000000   0.00000000   0.00000000   0.00000000   0.00000000 
 -0.00000000  -0.07228310  -0.28269128  -0.61247714  -1.03233249  -1.50531651  -1.99086482  -2.44952241  -2.84770272  -3.16151937  -3.37878852  -3.49876577  -3.52989840  -3.48646916  -3.38517480  -3.24241350  -3.07259384  -2.88738885  -2.69566371  -2.50378137  -2.31605676  -2.13521735  -1.96279975  -1.79945930  -1.64519585  -1.49951086  -1.36151565  -1.23001047  -1.10355311  -0.98053360  -0.85926876  -0.73812652  -0.61568428  -0.49091804  -0.36340874  -0.23354098  -0.10265742   0.02687536   0.15173391   0.26786933   0.37090616   0.45667073   0.52176568   0.56407645   0.58309533   0.57998902   0.55740583   0.51908814   0.46939279   0.41281390   0.35356738   0.29526621   0.24070487   0.19176784   0.14946362   0.11406014   0.08527626   0.06248070   0.04486308   0.03156116   0.02174472   0.01466406   0.00967353   0.00623818   0.00392983   0.00241671   0.00144976   0.00084776   0.00048286   0.00026769   0.00014432   0.00007562   0.00003847   0.00001899   0.00000909   0.00000421   0.00000189   0.00000082   0.00000034   0.00000014   0.00000005   0.00000002   0.00000001   0.00000000   0.00000000   0.00000000   0.00000000   0.00000000   0.00000000   0.00000000   0.00000000   0.00000000   0.00000000   0.00000000   0.00000000   0.00000000   0.00000000   0.00000000   0.00000000   0.00000000   0.00000000   0.00000000   0.00000000   0.00000000   0.00000000   0.00000000   0.00000000   0.00000000   0.00000000   0.00000000   0.00000000   0.00000000   0.00000000   0.00000000   0.00000000   0.00000000   0.00000000   0.00000000   0.00000000   0.00000000   0.00000000   0.00000000   0.00000000   0.00000000   0.00000000   0.00000000   0.00000000   0.00000000   0.00000000   0.00000000   0.00000000   0.00000000   0.00000000   0.00000000   0.00000000   0.00000000   0.00000000   0.00000000   0.00000000   0.00000000   0.00000000   0.00000000   0.00000000   0.00000000   0.00000000   0.00000000   0.00000000   0.00000000   0.00000000   0.00000000   0.00000000 
 -0.00000000  -0.07029777  -0.27602694  -0.60200806  -1.02402224  -1.51054033  -2.02528648  -2.53060364  -2.99135461  -3.37878852  -3.67357524  -3.86724900  -3.96170085  -3.96697733  -3.89815737  -3.77222229  -3.60559600  -3.41262434  -3.20491768  -2.99130725  -2.77814471  -2.56973481  -2.36877070  -2.17670779  -1.99405596  -1.82059537  -1.65553236  -1.49761722  -1.34524551  -1.19656343  -1.04959477  -0.90240197  -0.75328747  -0.60103141  -0.44514964  -0.28614147  -0.12568238   0.03329284   0.18667110   0.32944492   0.45620324   0.56178217   0.64197338   0.69414918   0.71766313   0.71393477   0.68621309   0.63909955   0.57795686   0.50832021   0.43538424   0.36360192   0.29641808   0.23615629   0.18406053   0.14046199   0.10501511   0.07694276   0.05524704   0.03886610   0.02677749   0.01805797   0.01191237   0.00768192   0.00483932   0.00297600   0.00178527   0.00104395   0.00059461   0.00032963   0.00017772   0.00009312   0.00004737   0.00002338   0.00001119   0.00000519   0.00000233   0.00000101   0.00000042   0.00000017   0.00000007   0.00000003   0.00000001   0.00000000   0.00000000   0.00000000   0.00000000   0.00000000   0.00000000   0.00000000   0.00000000   0.00000000   0.00000000   0.00000000   0.00000000   0.00000000   0.00000000   0.00000000   0.00000000   0.00000000   0.00000000   0.00000000   0.00000000   0.00000000   0.00000000   0.00000000   0.00000000   0.00000000   0.00000000   0.00000000   0.00000000   0.00000000   0.00000000   0.00000000   0.00000000   0.00000000   0.00000000   0.00000000   0.00000000   0.00000000   0.00000000   0.00000000   0.00000000   0.00000000   0.00000000   0.00000000   0.00000000   0.00000000   0.00000000   0.00000000   0.00000000   0.00000000   0.00000000   0.00000000   0.00000000   0.00000000   0.00000000   0.00000000   0.00000000   0.00000000   0.00000000   0.00000000   0.00000000   0.00000000   0.00000000   0.00000000   0.00000000   0.00000000   0.00000000   0.00000000   0.00000000 
 -0.00000000  -0.06704468  -0.26411277  -0.57916233  -0.99267634  -1.47860070  -2.00584335  -2.54043638  -3.04835356  -3.49876577  -3.86724900  -4.13825855  -4.30621363  -4.37488195  -4.35529290  -4.26286075  -4.11452663  -3.92651920  -3.71297219  -3.48532853  -3.25230474  -3.02016915  -2.79314218  -2.57379934  -2.36341890  -2.16225756  -1.96976140  -1.78473093  -1.60546397  -1.42989992  -1.25578654  -1.08088521  -0.90322225  -0.72138233  -0.53482516  -0.34418859  -0.15152467   0.03959727   0.22418624   0.39617068   0.54899008   0.67638038   0.77322991   0.83633534   0.86488725   0.86057431   0.82729925   0.77060359   0.69695362   0.61302840   0.52509901   0.43854290   0.35752117   0.28484128   0.22200712   0.16942033   0.12666525   0.09280508   0.06663630   0.04687819   0.03229741   0.02178035   0.01436788   0.00926537   0.00583681   0.00358942   0.00215325   0.00125912   0.00071716   0.00039757   0.00021435   0.00011231   0.00005714   0.00002820   0.00001350   0.00000626   0.00000281   0.00000122   0.00000051   0.00000021   0.00000008   0.00000003   0.00000001   0.00000000   0.00000000   0.00000000   0.00000000   0.00000000   0.00000000   0.00000000   0.00000000   0.00000000   0.00000000   0.00000000   0.00000000   0.00000000   0.00000000   0.00000000   0.00000000   0.00000000   0.00000000   0.00000000   0.00000000   0.00000000   0.00000000   0.00000000   0.00000000   0.00000000   0.00000000   0.00000000   0.00000000   0.00000000   0.00000000   0.00000000   0.00000000   0.00000000   0.00000000   0.00000000   0.00000000   0.00000000   0.00000000   0.00000000   0.00000000   0.00000000   0.00000000   0.00000000   0.00000000   0.00000000   0.00000000   0.00000000   0.00000000   0.00000000   0.00000000   0.00000000   0.00000000   0.00000000   0.00000000   0.00000000   0.00000000   0.00000000   0.00000000   0.00000000   0.00000000   0.00000000   0.00000000   0.00000000   0.00000000   0.00000000   0.00000000   0.00000000   0.00000000 
 -0.00000000  -0.06305691  -0.24905753  -0.54856045  -0.94608305  -1.42056227  -1.94615371  -2.49349457  -3.03152946  -3.52989840  -3.96170085  -4.30621363  -4.55096230  -4.69256985  -4.73610784  -4.69315057  -4.57913537  -4.41074901  -4.20387737  -3.97233360  -3.72730294  -3.47730032  -3.22841745  -2.98468480  -2.74844027  -2.52065297  -2.30118923  -2.08903113  -1.88246893  -1.67929271  -1.47700743  -1.27309028  -1.06529986  -0.85203318  -0.63270826  -0.40812956  -0.18077254   0.04509024   0.26349972   0.46721311   0.64840490   0.79959899   0.91468552   0.98982012   1.02400277   1.01920396   0.98002950   0.91303842   0.82589505   0.72652243   0.62236359   0.51980335   0.42378383   0.33764067   0.26316205   0.20082753   0.15014629   0.11000874   0.07898856   0.05556763   0.03828394   0.02581735   0.01703091   0.01098263   0.00691860   0.00425466   0.00255232   0.00149247   0.00085007   0.00047125   0.00025408   0.00013312   0.00006773   0.00003343   0.00001600   0.00000742   0.00000333   0.00000144   0.00000060   0.00000024   0.00000010   0.00000004   0.00000001   0.00000000   0.00000000   0.00000000   0.00000000   0.00000000   0.00000000   0.00000000   0.00000000   0.00000000   0.00000000   0.00000000   0.00000000   0.00000000   0.00000000   0.00000000   0.00000000   0.00000000   0.00000000   0.00000000   0.00000000   0.00000000   0.00000000   0.00000000   0.00000000   0.00000000   0.00000000   0.00000000   0.00000000   0.00000000   0.00000000   0.00000000   0.00000000   0.00000000   0.00000000   0.00000000   0.00000000   0.00000000   0.00000000   0.00000000   0.00000000   0.00000000   0.00000000   0.00000000   0.00000000   0.00000000   0.00000000   0.00000000   0.00000000   0.00000000   0.00000000   0.00000000   0.00000000   0.00000000   0.00000000   0.00000000   0.00000000   0.00000000   0.00000000   0.00000000   0.00000000   0.00000000   0.00000000   0.00000000   0.00000000   0.00000000   0.00000000   0.00000000   0.00000000 
 -0.00000000  -0.05872445  -0.23243480  -0.51376599  -0.89053779  -1.34594972  -1.85896031  -2.40495408  -2.95681121  -3.48646916  -3.96697733  -4.37488195  -4.69256985  -4.91004057  -5.02559445  -5.04518924  -4.98063982  -4.84719636  -4.66114608  -4.43792323  -4.19092505  -3.93098157  -3.66629664  -3.40265898  -3.14376549  -2.89155965  -2.64654042  -2.40803366  -2.17443937  -1.94347846  -1.71246446  -1.47862161  -1.23946045  -0.99320664  -0.73925761  -0.47861735  -0.21423531   0.04884128   0.30359302   0.54149691   0.75334507   0.93033534   1.06526226   1.15357185   1.19404206   1.18893375   1.14360079   1.06569298   0.96416325   0.84827533   0.72673694   0.60702103   0.49491411   0.39432359   0.30734618   0.23454719   0.17535634   0.12847911   0.09225020   0.06489669   0.04471107   0.03015144   0.01988988   0.01282623   0.00807996   0.00496884   0.00298073   0.00174299   0.00099276   0.00055035   0.00029672   0.00015547   0.00007909   0.00003904   0.00001868   0.00000866   0.00000388   0.00000169   0.00000071   0.00000029   0.00000011   0.00000004   0.00000002   0.00000001   0.00000000   0.00000000   0.00000000   0.00000000   0.00000000   0.00000000   0.00000000   0.00000000   0.00000000   0.00000000   0.00000000   0.00000000   0.00000000   0.00000000   0.00000000   0.00000000   0.00000000   0.00000000   0.00000000   0.00000000   0.00000000   0.00000000   0.00000000   0.00000000   0.00000000   0.00000000   0.00000000   0.00000000   0.00000000   0.00000000   0.00000000   0.00000000   0.00000000   0.00000000   0.00000000   0.00000000   0.00000000   0.00000000   0.00000000   0.00000000   0.00000000   0.00000000   0.00000000   0.00000000   0.00000000   0.00000000   0.00000000   0.00000000   0.00000000   0.00000000   0.00000000   0.00000000   0.00000000   0.00000000   0.00000000   0.00000000   0.00000000   0.00000000   0.00000000   0.00000000   0.00000000   0.00000000   0.00000000   0.00000000   0.00000000   0.00000000   0.00000000 
 -0.00000000  -0.05431355  -0.21533818  -0.47732876  -0.83072826  -1.26222634  -1.75490730  -2.28855885  -2.84023495  -3.38517480  -3.89815737  -4.35529290  -4.73610784  -5.02559445  -5.21575202  -5.30616088  -5.30336293  -5.21919992  -5.06858684  -4.86730065  -4.63022552  -4.37023821  -4.09769165  -3.82033463  -3.54348761  -3.27033326  -3.00223623  -2.73905511  -2.47944367  -2.22115757  -1.96139031  -1.69716068  -1.42576368  -1.14528002  -0.85511529  -0.55651176  -0.25294773   0.04968031   0.34319800   0.61769123   0.86245061   1.06723175   1.22363354   1.32632038   1.37381272   1.36866560   1.31702094   1.22768754   1.11099282   0.97763366   0.83767174   0.69974618   0.57054945   0.45460326   0.35433694   0.27040987   0.20216885   0.14812347   0.10635464   0.07481853   0.05154650   0.03476081   0.02293041   0.01478689   0.00931505   0.00572835   0.00343634   0.00200940   0.00114450   0.00063447   0.00034208   0.00017923   0.00009118   0.00004501   0.00002154   0.00000998   0.00000448   0.00000194   0.00000081   0.00000033   0.00000013   0.00000005   0.00000002   0.00000001   0.00000000   0.00000000   0.00000000   0.00000000   0.00000000   0.00000000   0.00000000   0.00000000   0.00000000   0.00000000   0.00000000   0.00000000   0.00000000   0.00000000   0.00000000   0.00000000   0.00000000   0.00000000   0.00000000   0.00000000   0.00000000   0.00000000   0.00000000   0.00000000   0.00000000   0.00000000   0.00000000   0.00000000   0.00000000   0.00000000   0.00000000   0.00000000   0.00000000   0.00000000   0.00000000   0.00000000   0.00000000   0.00000000   0.00000000   0.00000000   0.00000000   0.00000000   0.00000000   0.00000000   0.00000000   0.00000000   0.00000000   0.00000000   0.00000000   0.00000000   0.00000000   0.00000000   0.00000000   0.00000000   0.00000000   0.00000000   0.00000000   0.00000000   0.00000000   0.00000000   0.00000000   0.00000000   0.00000000   0.00000000   0.00000000   0.00000000   0.00000000 
 -0.00000000  -0.04999434  -0.19847992  -0.44095866  -0.76991935  -1.17483347  -1.64218703  -2.15559288  -2.69604730  -3.24241350  -3.77222229  -4.26286075  -4.69315057  -5.04518924  -5.30616088  -5.46969297  -5.53634449  -5.51301699  -5.41141911  -5.24601130  -5.03195596  -4.78347620  -4.51279685  -4.22963550  -3.94110195  -3.65184623  -3.36433057  -3.07915157  -2.79538348  -2.51094385  -2.22299868  -1.92842669  -1.62435446  -1.30875574  -0.98108205  -0.64285950  -0.29815502   0.04620752   0.38080169   0.69420956   0.97409936   1.20866645   1.38821144   1.50654169   1.56188029   1.55707507   1.49909030   1.39795608   1.26545448   1.11380287   0.95450168   0.79743078   0.65024776   0.51812990   0.40386285   0.30820885   0.23042942   0.16882876   0.12122068   0.08527600   0.05875085   0.03961889   0.02613498   0.01685331   0.01061676   0.00652882   0.00391652   0.00229017   0.00130442   0.00072312   0.00038987   0.00020427   0.00010392   0.00005130   0.00002455   0.00001138   0.00000510   0.00000221   0.00000093   0.00000038   0.00000015   0.00000006   0.00000002   0.00000001   0.00000000   0.00000000   0.00000000   0.00000000   0.00000000   0.00000000   0.00000000   0.00000000   0.00000000   0.00000000   0.00000000   0.00000000   0.00000000   0.00000000   0.00000000   0.00000000   0.00000000   0.00000000   0.00000000   0.00000000   0.00000000   0.00000000   0.00000000   0.00000000   0.00000000   0.00000000   0.00000000   0.00000000   0.00000000   0.00000000   0.00000000   0.00000000   0.00000000   0.00000000   0.00000000   0.00000000   0.00000000   0.00000000   0.00000000   0.00000000   0.00000000   0.00000000   0.00000000   0.00000000   0.00000000   0.00000000   0.00000000   0.00000000   0.00000000   0.00000000   0.00000000   0.00000000   0.00000000   0.00000000   0.00000000   0.00000000   0.00000000   0.00000000   0.00000000   0.00000000   0.00000000   0.00000000   0.00000000   0.00000000   0.00000000   0.00000000   0.00000000 
  0.00000000  -0.04586762  -0.18229183  -0.40572857  -0.71024635  -1.08749826  -1.52670291  -2.01465967  -2.53583754  -3.07259384  -3.60559600  -4.11452663  -4.57913537  -4.98063982  -5.30336293  -5.53634449  -5.67454474  -5.71926354  -5.67758177  -5.56093709  -5.38321741  -5.15884943  -4.90125398  -4.62183356  -4.32947080  -4.03041588  -3.72842296  -3.42502797  -3.11990518  -2.81128077  -2.49640617  -2.17210435  -1.83539672  -1.48420131  -1.11806367  -0.73884715  -0.35127282   0.03682611   0.41467156   0.76922747   1.08641758   1.35275753   1.55714484   1.69245116   1.75655782   1.75259845   1.68838743   1.57523160   1.42644095   1.25583425   1.07642988   0.89941869   0.73347934   0.58448417   0.45559835   0.34769622   0.25995288   0.19045932   0.13675092   0.09620056   0.06627689   0.04469384   0.02948255   0.01901192   0.01197652   0.00736498   0.00441810   0.00258347   0.00147146   0.00081573   0.00043980   0.00023043   0.00011723   0.00005787   0.00002769   0.00001283   0.00000576   0.00000250   0.00000105   0.00000042   0.00000017   0.00000006   0.00000002   0.00000001   0.00000000   0.00000000   0.00000000   0.00000000   0.00000000   0.00000000   0.00000000   0.00000000   0.00000000   0.00000000   0.00000000   0.00000000   0.00000000   0.00000000   0.00000000   0.00000000   0.00000000   0.00000000   0.00000000   0.00000000   0.00000000   0.00000000   0.00000000   0.00000000   0.00000000   0.00000000   0.00000000   0.00000000   0.00000000   0.00000000   0.00000000   0.00000000   0.00000000   0.00000000   0.00000000   0.00000000   0.00000000   0.00000000   0.00000000   0.00000000   0.00000000   0.00000000   0.00000000   0.00000000   0.00000000   0.00000000   0.00000000   0.00000000   0.00000000   0.00000000   0.00000000   0.00000000   0.00000000   0.00000000   0.00000000   0.00000000   0.00000000   0.00000000   0.00000000   0.00000000   0.00000000   0.00000000   0.00000000   0.00000000   0.00000000   0.00000000   0.00000000 
 -0.00000000  -0.04198663  -0.16701074  -0.37225732  -0.65301000  -1.00261847  -1.41246267  -1.87192734  -2.36840886  -2.88738885  -3.41262434  -3.92651920  -4.41074901  -4.84719636  -5.21919992  -5.51301699  -5.71926354  -5.83398613  -5.85902182  -5.80146562  -5.67234214  -5.48482738  -5.25245693  -4.98766600  -4.70082110  -4.39973361  -4.08955263  -3.77291709  -3.45027509  -3.12031844  -2.78051411  -2.42773192  -2.05896852  -1.67215197  -1.26698177  -0.84572088  -0.41381634   0.01980317   0.44290606   0.84072276   1.19730995   1.49738339   1.72833130   1.88200809   1.95590455   1.95342703   1.88326053   1.75803590   1.59265613   1.40261437   1.20251928   1.00493715   0.81961972   0.65317140   0.50915923   0.38857933   0.29052065   0.21285507   0.15283042   0.10751134   0.07406889   0.04994805   0.03294833   0.02124672   0.01338427   0.00823065   0.00493738   0.00288710   0.00164440   0.00091159   0.00049148   0.00025751   0.00013101   0.00006467   0.00003094   0.00001434   0.00000643   0.00000279   0.00000117   0.00000047   0.00000018   0.00000007   0.00000003   0.00000001   0.00000000   0.00000000   0.00000000   0.00000000   0.00000000   0.00000000   0.00000000   0.00000000   0.00000000   0.00000000   0.00000000   0.00000000   0.00000000   0.00000000   0.00000000   0.00000000   0.00000000   0.00000000   0.00000000   0.00000000   0.00000000   0.00000000   0.00000000   0.00000000   0.00000000   0.00000000   0.00000000   0.00000000   0.00000000   0.00000000   0.00000000   0.00000000   0.00000000   0.00000000   0.00000000   0.00000000   0.00000000   0.00000000   0.00000000   0.00000000   0.00000000   0.00000000   0.00000000   0.00000000   0.00000000   0.00000000   0.00000000   0.00000000   0.00000000   0.00000000   0.00000000   0.00000000   0.00000000   0.00000000   0.00000000   0.00000000   0.00000000   0.00000000   0.00000000   0.00000000   0.00000000   0.00000000   0.00000000   0.00000000   0.00000000   0.00000000   0.00000000 
  0.00000000  -0.03837355  -0.15274415  -0.34085546  -0.59892650  -0.92162286  -1.30202075  -1.73157013  -2.20006842  -2.69566371  -3.20491768  -3.71297219  -4.20387737  -4.66114608  -5.06858684  -5.41141911  -5.67758177  -5.85902182  -5.95264910  -5.96064181  -5.88993424  -5.75097010  -5.55603576  -5.31757495  -5.04680860  -4.75281679  -4.44208518  -4.11843247  -3.78321750  -3.43574795  -3.07384503  -2.69454329  -2.29491161  -1.87296930  -1.42864265  -0.96466653  -0.48729280  -0.00663584   0.46351546   0.90654246   1.30451295   1.64022333   1.89944591   2.07293440   2.15773608   2.15751066   2.08182604   1.94467505   1.76260874   1.55285810   1.33168565   1.11309053   0.90794421   0.72361709   0.56409907   0.43051810   0.32187866   0.23582991   0.16932554   0.11911431   0.08206205   0.05533783   0.03650347   0.02353913   0.01482828   0.00911860   0.00547002   0.00319855   0.00182178   0.00100993   0.00054450   0.00028528   0.00014514   0.00007164   0.00003428   0.00001589   0.00000713   0.00000309   0.00000130   0.00000052   0.00000020   0.00000008   0.00000003   0.00000001   0.00000000   0.00000000   0.00000000   0.00000000   0.00000000   0.00000000   0.00000000   0.00000000   0.00000000   0.00000000   0.00000000   0.00000000   0.00000000   0.00000000   0.00000000   0.00000000   0.00000000   0.00000000   0.00000000   0.00000000   0.00000000   0.00000000   0.00000000   0.00000000   0.00000000   0.00000000   0.00000000   0.00000000   0.00000000   0.00000000   0.00000000   0.00000000   0.00000000   0.00000000   0.00000000   0.00000000   0.00000000   0.00000000   0.00000000   0.00000000   0.00000000   0.00000000   0.00000000   0.00000000   0.00000000   0.00000000   0.00000000   0.00000000   0.00000000   0.00000000   0.00000000   0.00000000   0.00000000   0.00000000   0.00000000   0.00000000   0.00000000   0.00000000   0.00000000   0.00000000   0.00000000   0.00000000   0.00000000   0.00000000   0.00000000   0.00000000   0.00000000 
