# coconut-me2b/v0.99.21 
# 
# momentum space matrix elements 
# partial wave J=2, L=1/1, S=1, T=1, MT=-1 
# 
# momentum grid [fm^-1]
0.000000 0.066667 0.133333 0.200000 0.266667 0.333333 0.400000 0.466667 0.533333 0.600000 0.666667 0.733333 0.800000 0.866667 0.933333 1.000000 1.066667 1.133333 1.200000 1.266667 1.333333 1.400000 1.466667 1.533333 1.600000 1.666667 1.733333 1.800000 1.866667 1.933333 2.000000 2.066667 2.133333 2.200000 2.266667 2.333333 2.400000 2.466667 2.533333 2.600000 2.666667 2.733333 2.800000 2.866667 2.933333 3.000000 3.066667 3.133333 3.200000 3.266667 3.333333 3.400000 3.466667 3.533333 3.600000 3.666667 3.733333 3.800000 3.866667 3.933333 4.000000 4.066667 4.133333 4.200000 4.266667 4.333333 4.400000 4.466667 4.533333 4.600000 4.666667 4.733333 4.800000 4.866667 4.933333 5.000000 5.066667 5.133333 5.200000 5.266667 5.333333 5.400000 5.466667 5.533333 5.600000 5.666667 5.733333 5.800000 5.866667 5.933333 6.000000 6.066667 6.133333 6.200000 6.266667 6.333333 6.400000 6.466667 6.533333 6.600000 6.666667 6.733333 6.800000 6.866667 6.933333 7.000000 7.066667 7.133333 7.200000 7.266667 7.333333 7.400000 7.466667 7.533333 7.600000 7.666667 7.733333 7.800000 7.866667 7.933333 8.000000 8.066667 8.133333 8.200000 8.266667 8.333333 8.400000 8.466667 8.533333 8.600000 8.666667 8.733333 8.800000 8.866667 8.933333 9.000000 9.066667 9.133333 9.200000 9.266667 9.333333 9.400000 9.466667 9.533333 9.600000 9.666667 9.733333 9.800000 9.866667 9.933333 10.000000 
#
# matrix elements [MeV fm^3] 
  0.00000000  -0.00000000  -0.00000001  -0.00000001  -0.00000002  -0.00000002  -0.00000003  -0.00000003  -0.00000004  -0.00000004  -0.00000004  -0.00000005  -0.00000005  -0.00000005  -0.00000005  -0.00000005  -0.00000005  -0.00000005  -0.00000005  -0.00000005  -0.00000005  -0.00000004  -0.00000004  -0.00000004  -0.00000004  -0.00000004  -0.00000003  -0.00000003  -0.00000003  -0.00000003  -0.00000003  -0.00000002  -0.00000002  -0.00000002  -0.00000002  -0.00000002  -0.00000002  -0.00000001  -0.00000001  -0.00000001  -0.00000001  -0.00000001  -0.00000001  -0.00000001  -0.00000001  -0.00000001  -0.00000001  -0.00000001  -0.00000000  -0.00000000  -0.00000000  -0.00000000  -0.00000000  -0.00000000  -0.00000000  -0.00000000  -0.00000000  -0.00000000  -0.00000000  -0.00000000  -0.00000000  -0.00000000  -0.00000000  -0.00000000  -0.00000000  -0.00000000  -0.00000000  -0.00000000  -0.00000000  -0.00000000  -0.00000000  -0.00000000  -0.00000000  -0.00000000  -0.00000000  -0.00000000  -0.00000000  -0.00000000  -0.00000000  -0.00000000  -0.00000000  -0.00000000  -0.00000000  -0.00000000  -0.00000000  -0.00000000  -0.00000000  -0.00000000  -0.00000000  -0.00000000  -0.00000000  -0.00000000  -0.00000000  -0.00000000  -0.00000000  -0.00000000  -0.00000000  -0.00000000  -0.00000000  -0.00000000  -0.00000000  -0.00000000  -0.00000000  -0.00000000  -0.00000000  -0.00000000  -0.00000000  -0.00000000  -0.00000000  -0.00000000  -0.00000000  -0.00000000  -0.00000000  -0.00000000  -0.00000000  -0.00000000  -0.00000000  -0.00000000  -0.00000000  -0.00000000  -0.00000000  -0.00000000  -0.00000000  -0.00000000  -0.00000000  -0.00000000  -0.00000000  -0.00000000  -0.00000000  -0.00000000  -0.00000000  -0.00000000  -0.00000000  -0.00000000  -0.00000000  -0.00000000  -0.00000000  -0.00000000  -0.00000000  -0.00000000  -0.00000000  -0.00000000  -0.00000000  -0.00000000  -0.00000000  -0.00000000  -0.00000000  -0.00000000  -0.00000000  -0.00000000  -0.00000000 
 -0.00000000  -0.02953101  -0.05980410  -0.09117450  -0.12342064  -0.15581069  -0.18733611  -0.21697015  -0.24385249  -0.26737312  -0.28717750  -0.30312847  -0.31525435  -0.32369985  -0.32868667  -0.33048473  -0.32939216  -0.32572193  -0.31979270  -0.31192245  -0.30242353  -0.29159858  -0.27973661  -0.26710927  -0.25396710  -0.24053589  -0.22701340  -0.21356652  -0.20032945  -0.18740314  -0.17485639  -0.16272899  -0.15103702  -0.13978026  -0.12895133  -0.11854541  -0.10856916  -0.09904682  -0.09002132  -0.08154891  -0.07368706  -0.06647784  -0.05993100  -0.05401308  -0.04864789  -0.04373027  -0.03914969  -0.03481539  -0.03067371  -0.02671214  -0.02295103  -0.01942888  -0.01618786  -0.01326343  -0.01067868  -0.00844243  -0.00654948  -0.00498246  -0.00371442  -0.00271182  -0.00193761  -0.00135400  -0.00092476  -0.00061689  -0.00040165  -0.00025507  -0.00015788  -0.00009518  -0.00005585  -0.00003187  -0.00001768  -0.00000952  -0.00000497  -0.00000252  -0.00000124  -0.00000059  -0.00000027  -0.00000012  -0.00000005  -0.00000002  -0.00000001  -0.00000000  -0.00000000  -0.00000000  -0.00000000  -0.00000000  -0.00000000  -0.00000000  -0.00000000  -0.00000000  -0.00000000  -0.00000000  -0.00000000  -0.00000000  -0.00000000  -0.00000000  -0.00000000  -0.00000000  -0.00000000  -0.00000000  -0.00000000  -0.00000000  -0.00000000  -0.00000000  -0.00000000  -0.00000000  -0.00000000  -0.00000000  -0.00000000  -0.00000000  -0.00000000  -0.00000000  -0.00000000  -0.00000000  -0.00000000  -0.00000000  -0.00000000  -0.00000000  -0.00000000  -0.00000000  -0.00000000  -0.00000000  -0.00000000  -0.00000000  -0.00000000  -0.00000000  -0.00000000  -0.00000000  -0.00000000  -0.00000000  -0.00000000  -0.00000000  -0.00000000  -0.00000000  -0.00000000  -0.00000000  -0.00000000  -0.00000000  -0.00000000  -0.00000000  -0.00000000  -0.00000000  -0.00000000  -0.00000000  -0.00000000  -0.00000000  -0.00000000  -0.00000000  -0.00000000  -0.00000000  -0.00000000 
 -0.00000001  -0.05980410  -0.12076842  -0.18343157  -0.24738168  -0.31132795  -0.37346156  -0.43189266  -0.48499125  -0.53156459  -0.57089110  -0.60266595  -0.62691138  -0.64388571  -0.65400698  -0.65779541  -0.65583259  -0.64873347  -0.63712717  -0.62164341  -0.60290209  -0.58150462  -0.55802596  -0.53300685  -0.50694629  -0.48029417  -0.45344456  -0.42673015  -0.40041852  -0.37471101  -0.34974493  -0.32559978  -0.30230792  -0.27986938  -0.25827003  -0.23750109  -0.21757694  -0.19854727  -0.18049928  -0.16354692  -0.14780676  -0.13336452  -0.12024140  -0.10837216  -0.09760601  -0.08773411  -0.07853673  -0.06983341  -0.06151767  -0.05356504  -0.04601656  -0.03894938  -0.03244782  -0.02658261  -0.02139973  -0.01691647  -0.01312211  -0.00998156  -0.00744056  -0.00543173  -0.00388069  -0.00271162  -0.00185186  -0.00123525  -0.00080421  -0.00051069  -0.00031608  -0.00019055  -0.00011180  -0.00006380  -0.00003538  -0.00001905  -0.00000996  -0.00000505  -0.00000248  -0.00000118  -0.00000054  -0.00000024  -0.00000010  -0.00000004  -0.00000002  -0.00000001  -0.00000000  -0.00000000  -0.00000000  -0.00000000  -0.00000000  -0.00000000  -0.00000000  -0.00000000  -0.00000000  -0.00000000  -0.00000000  -0.00000000  -0.00000000  -0.00000000  -0.00000000  -0.00000000  -0.00000000  -0.00000000  -0.00000000  -0.00000000  -0.00000000  -0.00000000  -0.00000000  -0.00000000  -0.00000000  -0.00000000  -0.00000000  -0.00000000  -0.00000000  -0.00000000  -0.00000000  -0.00000000  -0.00000000  -0.00000000  -0.00000000  -0.00000000  -0.00000000  -0.00000000  -0.00000000  -0.00000000  -0.00000000  -0.00000000  -0.00000000  -0.00000000  -0.00000000  -0.00000000  -0.00000000  -0.00000000  -0.00000000  -0.00000000  -0.00000000  -0.00000000  -0.00000000  -0.00000000  -0.00000000  -0.00000000  -0.00000000  -0.00000000  -0.00000000  -0.00000000  -0.00000000  -0.00000000  -0.00000000  -0.00000000  -0.00000000  -0.00000000  -0.00000000  -0.00000000  -0.00000000 
 -0.00000001  -0.09117450  -0.18343157  -0.27720869  -0.37191800  -0.46595749  -0.55705191  -0.64273665  -0.72079090  -0.78950875  -0.84779415  -0.89512710  -0.93146336  -0.95711693  -0.97265330  -0.97880439  -0.97640572  -0.96635203  -0.94956620  -0.92697690  -0.89950169  -0.86803292  -0.83342513  -0.79648302  -0.75794976  -0.71849579  -0.67870865  -0.63908454  -0.60002273  -0.56182376  -0.52469282  -0.48874903  -0.45404139  -0.42057100  -0.38831829  -0.35727224  -0.32745703  -0.29895019  -0.27188591  -0.24643878  -0.22278757  -0.20106497  -0.18130694  -0.16341983  -0.14718145  -0.13228227  -0.11839592  -0.10525444  -0.09270013  -0.08069773  -0.06930963  -0.05865190  -0.04885094  -0.04001248  -0.03220486  -0.02545321  -0.01974064  -0.01501362  -0.01118991  -0.00816764  -0.00583458  -0.00407639  -0.00278358  -0.00185653  -0.00120858  -0.00076739  -0.00047493  -0.00028628  -0.00016796  -0.00009584  -0.00005314  -0.00002862  -0.00001495  -0.00000758  -0.00000372  -0.00000177  -0.00000081  -0.00000036  -0.00000015  -0.00000006  -0.00000003  -0.00000001  -0.00000000  -0.00000000  -0.00000000  -0.00000000  -0.00000000  -0.00000000  -0.00000000  -0.00000000  -0.00000000  -0.00000000  -0.00000000  -0.00000000  -0.00000000  -0.00000000  -0.00000000  -0.00000000  -0.00000000  -0.00000000  -0.00000000  -0.00000000  -0.00000000  -0.00000000  -0.00000000  -0.00000000  -0.00000000  -0.00000000  -0.00000000  -0.00000000  -0.00000000  -0.00000000  -0.00000000  -0.00000000  -0.00000000  -0.00000000  -0.00000000  -0.00000000  -0.00000000  -0.00000000  -0.00000000  -0.00000000  -0.00000000  -0.00000000  -0.00000000  -0.00000000  -0.00000000  -0.00000000  -0.00000000  -0.00000000  -0.00000000  -0.00000000  -0.00000000  -0.00000000  -0.00000000  -0.00000000  -0.00000000  -0.00000000  -0.00000000  -0.00000000  -0.00000000  -0.00000000  -0.00000000  -0.00000000  -0.00000000  -0.00000000  -0.00000000  -0.00000000  -0.00000000  -0.00000000  -0.00000000 
 -0.00000002  -0.12342064  -0.24738168  -0.37191800  -0.49622025  -0.61857048  -0.73655863  -0.84748201  -0.94877711  -1.03835257  -1.11476275  -1.17723194  -1.22557929  -1.26009904  -1.28143602  -1.29047763  -1.28826927  -1.27595163  -1.25471548  -1.22576869  -1.19031101  -1.14951352  -1.10450049  -1.05633249  -1.00599020  -0.95435913  -0.90221583  -0.85021648  -0.79888933  -0.74863231  -0.69971742  -0.65230312  -0.60645557  -0.56217816  -0.51944779  -0.47825372  -0.43863302  -0.40069467  -0.36462387  -0.33066025  -0.29904948  -0.26997611  -0.24349592  -0.21949178  -0.19767499  -0.17763972  -0.15895691  -0.14127425  -0.12438533  -0.10824576  -0.09294030  -0.07862433  -0.06546625  -0.05360629  -0.04313441  -0.03408270  -0.02642701  -0.02009435  -0.01497348  -0.01092715  -0.00780438  -0.00545166  -0.00372209  -0.00248210  -0.00161558  -0.00102568  -0.00063470  -0.00038254  -0.00022441  -0.00012803  -0.00007099  -0.00003823  -0.00001997  -0.00001012  -0.00000497  -0.00000236  -0.00000108  -0.00000048  -0.00000021  -0.00000009  -0.00000003  -0.00000001  -0.00000000  -0.00000000  -0.00000000  -0.00000000  -0.00000000  -0.00000000  -0.00000000  -0.00000000  -0.00000000  -0.00000000  -0.00000000  -0.00000000  -0.00000000  -0.00000000  -0.00000000  -0.00000000  -0.00000000  -0.00000000  -0.00000000  -0.00000000  -0.00000000  -0.00000000  -0.00000000  -0.00000000  -0.00000000  -0.00000000  -0.00000000  -0.00000000  -0.00000000  -0.00000000  -0.00000000  -0.00000000  -0.00000000  -0.00000000  -0.00000000  -0.00000000  -0.00000000  -0.00000000  -0.00000000  -0.00000000  -0.00000000  -0.00000000  -0.00000000  -0.00000000  -0.00000000  -0.00000000  -0.00000000  -0.00000000  -0.00000000  -0.00000000  -0.00000000  -0.00000000  -0.00000000  -0.00000000  -0.00000000  -0.00000000  -0.00000000  -0.00000000  -0.00000000  -0.00000000  -0.00000000  -0.00000000  -0.00000000  -0.00000000  -0.00000000  -0.00000000  -0.00000000  -0.00000000  -0.00000000 
 -0.00000002  -0.15581069  -0.31132795  -0.46595749  -0.61857048  -0.76740186  -0.91012348  -1.04408415  -1.16664641  -1.27551629  -1.36897742  -1.44599242  -1.50618637  -1.54975513  -1.57734332  -1.58992356  -1.58869330  -1.57499350  -1.55024732  -1.51591420  -1.47345451  -1.42430091  -1.36983358  -1.31135761  -1.25008190  -1.18709937  -1.12336929  -1.05970285  -0.99675348  -0.93501382  -0.87482114  -0.81637278  -0.75975256  -0.70496772  -0.65199408  -0.60082448  -0.55151296  -0.50420472  -0.45914129  -0.41663323  -0.37699930  -0.34048248  -0.30716501  -0.27691300  -0.24937756  -0.22406253  -0.20044131  -0.17808153  -0.15673129  -0.13633932  -0.11701407  -0.09895074  -0.08235957  -0.06741470  -0.05422670  -0.04283334  -0.03320191  -0.02523853  -0.01880163  -0.01371733  -0.00979486  -0.00684057  -0.00466939  -0.00311320  -0.00202599  -0.00128602  -0.00079567  -0.00047949  -0.00028124  -0.00016044  -0.00008895  -0.00004789  -0.00002502  -0.00001267  -0.00000622  -0.00000296  -0.00000136  -0.00000060  -0.00000026  -0.00000011  -0.00000004  -0.00000002  -0.00000001  -0.00000000  -0.00000000  -0.00000000  -0.00000000  -0.00000000  -0.00000000  -0.00000000  -0.00000000  -0.00000000  -0.00000000  -0.00000000  -0.00000000  -0.00000000  -0.00000000  -0.00000000  -0.00000000  -0.00000000  -0.00000000  -0.00000000  -0.00000000  -0.00000000  -0.00000000  -0.00000000  -0.00000000  -0.00000000  -0.00000000  -0.00000000  -0.00000000  -0.00000000  -0.00000000  -0.00000000  -0.00000000  -0.00000000  -0.00000000  -0.00000000  -0.00000000  -0.00000000  -0.00000000  -0.00000000  -0.00000000  -0.00000000  -0.00000000  -0.00000000  -0.00000000  -0.00000000  -0.00000000  -0.00000000  -0.00000000  -0.00000000  -0.00000000  -0.00000000  -0.00000000  -0.00000000  -0.00000000  -0.00000000  -0.00000000  -0.00000000  -0.00000000  -0.00000000  -0.00000000  -0.00000000  -0.00000000  -0.00000000  -0.00000000  -0.00000000  -0.00000000  -0.00000000  -0.00000000 
 -0.00000003  -0.18733611  -0.37346156  -0.55705191  -0.73655863  -0.91012348  -1.07555840  -1.23042850  -1.37224286  -1.49870808  -1.60797007  -1.69877770  -1.77054051  -1.82329308  -1.85760084  -1.87444346  -1.87510154  -1.86105929  -1.83392664  -1.79537854  -1.74710746  -1.69078487  -1.62802847  -1.56037292  -1.48924295  -1.41592869  -1.34156383  -1.26710791  -1.19333445  -1.12082718  -1.04998643  -0.98104756  -0.91411257  -0.84919431  -0.78627044  -0.72534142  -0.66648330  -0.60988335  -0.55584611  -0.50476027  -0.45702552  -0.41295135  -0.37265483  -0.33599356  -0.30256647  -0.27179441  -0.24305968  -0.21585515  -0.18988745  -0.16510121  -0.14163014  -0.11970989  -0.09959241  -0.08148486  -0.06551721  -0.05173136  -0.04008432  -0.03045963  -0.02268373  -0.01654458  -0.01181027  -0.00824588  -0.00562724  -0.00375094  -0.00244047  -0.00154880  -0.00095806  -0.00057725  -0.00033852  -0.00019308  -0.00010703  -0.00005762  -0.00003010  -0.00001524  -0.00000748  -0.00000355  -0.00000163  -0.00000073  -0.00000031  -0.00000013  -0.00000005  -0.00000002  -0.00000001  -0.00000000  -0.00000000  -0.00000000  -0.00000000  -0.00000000  -0.00000000  -0.00000000  -0.00000000  -0.00000000  -0.00000000  -0.00000000  -0.00000000  -0.00000000  -0.00000000  -0.00000000  -0.00000000  -0.00000000  -0.00000000  -0.00000000  -0.00000000  -0.00000000  -0.00000000  -0.00000000  -0.00000000  -0.00000000  -0.00000000  -0.00000000  -0.00000000  -0.00000000  -0.00000000  -0.00000000  -0.00000000  -0.00000000  -0.00000000  -0.00000000  -0.00000000  -0.00000000  -0.00000000  -0.00000000  -0.00000000  -0.00000000  -0.00000000  -0.00000000  -0.00000000  -0.00000000  -0.00000000  -0.00000000  -0.00000000  -0.00000000  -0.00000000  -0.00000000  -0.00000000  -0.00000000  -0.00000000  -0.00000000  -0.00000000  -0.00000000  -0.00000000  -0.00000000  -0.00000000  -0.00000000  -0.00000000  -0.00000000  -0.00000000  -0.00000000  -0.00000000  -0.00000000  -0.00000000 
 -0.00000003  -0.21697015  -0.43189266  -0.64273665  -0.84748201  -1.04408415  -1.23042850  -1.40431512  -1.56351304  -1.70589611  -1.82962958  -1.93334919  -2.01627907  -2.07826450  -2.11972886  -2.14158278  -2.14511516  -2.13188721  -2.10364017  -2.06221949  -2.00951355  -1.94740355  -1.87772114  -1.80221124  -1.72249857  -1.64005740  -1.55618513  -1.47198108  -1.38833221  -1.30590855  -1.22517045  -1.14638998  -1.06968766  -0.99508378  -0.92256120  -0.85213270  -0.78390220  -0.71810605  -0.65511963  -0.59541846  -0.53949241  -0.48772722  -0.44028472  -0.39702391  -0.35750106  -0.32106282  -0.28700805  -0.25476115  -0.22399204  -0.19464454  -0.16687950  -0.14097374  -0.11722059  -0.09585933  -0.07703776  -0.06080010  -0.04709104  -0.03576949  -0.02662794  -0.01941440  -0.01385424  -0.00966994  -0.00659712  -0.00439622  -0.00285957  -0.00181433  -0.00112206  -0.00067592  -0.00039631  -0.00022600  -0.00012525  -0.00006742  -0.00003521  -0.00001783  -0.00000875  -0.00000416  -0.00000191  -0.00000085  -0.00000036  -0.00000015  -0.00000006  -0.00000002  -0.00000001  -0.00000000  -0.00000000  -0.00000000  -0.00000000  -0.00000000  -0.00000000  -0.00000000  -0.00000000  -0.00000000  -0.00000000  -0.00000000  -0.00000000  -0.00000000  -0.00000000  -0.00000000  -0.00000000  -0.00000000  -0.00000000  -0.00000000  -0.00000000  -0.00000000  -0.00000000  -0.00000000  -0.00000000  -0.00000000  -0.00000000  -0.00000000  -0.00000000  -0.00000000  -0.00000000  -0.00000000  -0.00000000  -0.00000000  -0.00000000  -0.00000000  -0.00000000  -0.00000000  -0.00000000  -0.00000000  -0.00000000  -0.00000000  -0.00000000  -0.00000000  -0.00000000  -0.00000000  -0.00000000  -0.00000000  -0.00000000  -0.00000000  -0.00000000  -0.00000000  -0.00000000  -0.00000000  -0.00000000  -0.00000000  -0.00000000  -0.00000000  -0.00000000  -0.00000000  -0.00000000  -0.00000000  -0.00000000  -0.00000000  -0.00000000  -0.00000000  -0.00000000  -0.00000000  -0.00000000 
 -0.00000004  -0.24385249  -0.48499125  -0.72079090  -0.94877711  -1.16664641  -1.37224286  -1.56351304  -1.73847774  -1.89525808  -2.03216937  -2.14786014  -2.24144829  -2.31260907  -2.36159311  -2.38918117  -2.39659813  -2.38541096  -2.35742870  -2.31461353  -2.25900542  -2.19265918  -2.11759090  -2.03573160  -1.94888607  -1.85869628  -1.76660993  -1.67385523  -1.58142418  -1.49006688  -1.40029967  -1.31242935  -1.22659490  -1.14282597  -1.06111425  -0.98149007  -0.90409193  -0.82921321  -0.75730926  -0.68895242  -0.62473343  -0.56512559  -0.51034701  -0.46026956  -0.41441791  -0.37207464  -0.33246404  -0.29494931  -0.25916917  -0.22507031  -0.19284288  -0.16280560  -0.13529290  -0.11057497  -0.08881568  -0.07005939  -0.05423615  -0.04117790  -0.03064091  -0.02233120  -0.01592963  -0.01111455  -0.00758014  -0.00504971  -0.00328367  -0.00208283  -0.00128778  -0.00077556  -0.00045462  -0.00025920  -0.00014362  -0.00007729  -0.00004036  -0.00002044  -0.00001003  -0.00000476  -0.00000219  -0.00000097  -0.00000042  -0.00000017  -0.00000007  -0.00000003  -0.00000001  -0.00000000  -0.00000000  -0.00000000  -0.00000000  -0.00000000  -0.00000000  -0.00000000  -0.00000000  -0.00000000  -0.00000000  -0.00000000  -0.00000000  -0.00000000  -0.00000000  -0.00000000  -0.00000000  -0.00000000  -0.00000000  -0.00000000  -0.00000000  -0.00000000  -0.00000000  -0.00000000  -0.00000000  -0.00000000  -0.00000000  -0.00000000  -0.00000000  -0.00000000  -0.00000000  -0.00000000  -0.00000000  -0.00000000  -0.00000000  -0.00000000  -0.00000000  -0.00000000  -0.00000000  -0.00000000  -0.00000000  -0.00000000  -0.00000000  -0.00000000  -0.00000000  -0.00000000  -0.00000000  -0.00000000  -0.00000000  -0.00000000  -0.00000000  -0.00000000  -0.00000000  -0.00000000  -0.00000000  -0.00000000  -0.00000000  -0.00000000  -0.00000000  -0.00000000  -0.00000000  -0.00000000  -0.00000000  -0.00000000  -0.00000000  -0.00000000  -0.00000000  -0.00000000  -0.00000000 
 -0.00000004  -0.26737312  -0.53156459  -0.78950875  -1.03835257  -1.27551629  -1.49870808  -1.70589611  -1.89525808  -2.06514236  -2.21407447  -2.34082197  -2.44449996  -2.52467728  -2.58144354  -2.61541767  -2.62770202  -2.61980059  -2.59352235  -2.55088513  -2.49402828  -2.42513651  -2.34637438  -2.25982924  -2.16746138  -2.07106022  -1.97220708  -1.87224563  -1.77226233  -1.67307951  -1.57526417  -1.47915499  -1.38490894  -1.29256674  -1.20213268  -1.11366036  -1.02733027  -0.94350173  -0.86272027  -0.78566630  -0.71304364  -0.64542585  -0.58310039  -0.52596503  -0.47352531  -0.42501124  -0.37958257  -0.33654945  -0.29552555  -0.25646460  -0.21958838  -0.18525833  -0.15384953  -0.12566169  -0.10087273  -0.07952473  -0.06153045  -0.04669217  -0.03472748  -0.02529809  -0.01803837  -0.01258087  -0.00857697  -0.00571177  -0.00371296  -0.00235440  -0.00145527  -0.00087618  -0.00051348  -0.00029268  -0.00016214  -0.00008723  -0.00004554  -0.00002306  -0.00001131  -0.00000537  -0.00000247  -0.00000109  -0.00000047  -0.00000019  -0.00000008  -0.00000003  -0.00000001  -0.00000000  -0.00000000  -0.00000000  -0.00000000  -0.00000000  -0.00000000  -0.00000000  -0.00000000  -0.00000000  -0.00000000  -0.00000000  -0.00000000  -0.00000000  -0.00000000  -0.00000000  -0.00000000  -0.00000000  -0.00000000  -0.00000000  -0.00000000  -0.00000000  -0.00000000  -0.00000000  -0.00000000  -0.00000000  -0.00000000  -0.00000000  -0.00000000  -0.00000000  -0.00000000  -0.00000000  -0.00000000  -0.00000000  -0.00000000  -0.00000000  -0.00000000  -0.00000000  -0.00000000  -0.00000000  -0.00000000  -0.00000000  -0.00000000  -0.00000000  -0.00000000  -0.00000000  -0.00000000  -0.00000000  -0.00000000  -0.00000000  -0.00000000  -0.00000000  -0.00000000  -0.00000000  -0.00000000  -0.00000000  -0.00000000  -0.00000000  -0.00000000  -0.00000000  -0.00000000  -0.00000000  -0.00000000  -0.00000000  -0.00000000  -0.00000000  -0.00000000  -0.00000000  -0.00000000 
 -0.00000004  -0.28717750  -0.57089110  -0.84779415  -1.11476275  -1.36897742  -1.60797007  -1.82962958  -2.03216937  -2.21407447  -2.37405735  -2.51105201  -2.62425893  -2.71322639  -2.77793427  -2.81884542  -2.83690688  -2.83350326  -2.81037777  -2.76953895  -2.71316652  -2.64352422  -2.56288199  -2.47344771  -2.37730734  -2.27637307  -2.17233952  -2.06664936  -1.96047047  -1.85468759  -1.74991158  -1.64650906  -1.54465382  -1.44439901  -1.34576539  -1.24883581  -1.15384077  -1.06121530  -0.97160631  -0.88581479  -0.80467110  -0.72886322  -0.65876248  -0.59430701  -0.53499713  -0.48002301  -0.42849097  -0.37966711  -0.33314685  -0.28889549  -0.24716894  -0.20837216  -0.17292032  -0.14114110  -0.11322415  -0.08920653  -0.06898080  -0.05231669  -0.03889031  -0.02831662  -0.02018130  -0.01406931  -0.00958777  -0.00638244  -0.00414744  -0.00262901  -0.00162448  -0.00097777  -0.00057285  -0.00032644  -0.00018080  -0.00009725  -0.00005076  -0.00002569  -0.00001260  -0.00000598  -0.00000275  -0.00000122  -0.00000052  -0.00000022  -0.00000009  -0.00000003  -0.00000001  -0.00000000  -0.00000000  -0.00000000  -0.00000000  -0.00000000  -0.00000000  -0.00000000  -0.00000000  -0.00000000  -0.00000000  -0.00000000  -0.00000000  -0.00000000  -0.00000000  -0.00000000  -0.00000000  -0.00000000  -0.00000000  -0.00000000  -0.00000000  -0.00000000  -0.00000000  -0.00000000  -0.00000000  -0.00000000  -0.00000000  -0.00000000  -0.00000000  -0.00000000  -0.00000000  -0.00000000  -0.00000000  -0.00000000  -0.00000000  -0.00000000  -0.00000000  -0.00000000  -0.00000000  -0.00000000  -0.00000000  -0.00000000  -0.00000000  -0.00000000  -0.00000000  -0.00000000  -0.00000000  -0.00000000  -0.00000000  -0.00000000  -0.00000000  -0.00000000  -0.00000000  -0.00000000  -0.00000000  -0.00000000  -0.00000000  -0.00000000  -0.00000000  -0.00000000  -0.00000000  -0.00000000  -0.00000000  -0.00000000  -0.00000000  -0.00000000  -0.00000000  -0.00000000  -0.00000000 
 -0.00000005  -0.30312847  -0.60266595  -0.89512710  -1.17723194  -1.44599242  -1.69877770  -1.93334919  -2.14786014  -2.34082197  -2.51105201  -2.65762774  -2.77987333  -2.87739016  -2.95011977  -2.99840987  -3.02305288  -3.02528043  -3.00671531  -2.96929359  -2.91517286  -2.84663876  -2.76601685  -2.67559313  -2.57754370  -2.47387391  -2.36636723  -2.25654537  -2.14564178  -2.03459150  -1.92404068  -1.81437865  -1.70579389  -1.59835292  -1.49209659  -1.38714324  -1.28378183  -1.18253356  -1.08415886  -0.98959290  -0.89980720  -0.81561967  -0.73750142  -0.66544674  -0.59896590  -0.53722320  -0.47928359  -0.42437896  -0.37209376  -0.32240972  -0.27561953  -0.23217243  -0.19252299  -0.15702503  -0.12587743  -0.09910920  -0.07658953  -0.05805243  -0.04312959  -0.03138652  -0.02235798  -0.01557940  -0.01061213  -0.00706138  -0.00458682  -0.00290645  -0.00179529  -0.00108022  -0.00063268  -0.00036042  -0.00019957  -0.00010732  -0.00005600  -0.00002834  -0.00001389  -0.00000659  -0.00000303  -0.00000134  -0.00000058  -0.00000024  -0.00000009  -0.00000004  -0.00000001  -0.00000000  -0.00000000  -0.00000000  -0.00000000  -0.00000000  -0.00000000  -0.00000000  -0.00000000  -0.00000000  -0.00000000  -0.00000000  -0.00000000  -0.00000000  -0.00000000  -0.00000000  -0.00000000  -0.00000000  -0.00000000  -0.00000000  -0.00000000  -0.00000000  -0.00000000  -0.00000000  -0.00000000  -0.00000000  -0.00000000  -0.00000000  -0.00000000  -0.00000000  -0.00000000  -0.00000000  -0.00000000  -0.00000000  -0.00000000  -0.00000000  -0.00000000  -0.00000000  -0.00000000  -0.00000000  -0.00000000  -0.00000000  -0.00000000  -0.00000000  -0.00000000  -0.00000000  -0.00000000  -0.00000000  -0.00000000  -0.00000000  -0.00000000  -0.00000000  -0.00000000  -0.00000000  -0.00000000  -0.00000000  -0.00000000  -0.00000000  -0.00000000  -0.00000000  -0.00000000  -0.00000000  -0.00000000  -0.00000000  -0.00000000  -0.00000000  -0.00000000  -0.00000000  -0.00000000 
 -0.00000005  -0.31525435  -0.62691138  -0.93146336  -1.22557929  -1.50618637  -1.77054051  -2.01627907  -2.24144829  -2.44449996  -2.62425893  -2.77987333  -2.91076923  -3.01663223  -3.09742701  -3.15344530  -3.18535688  -3.19423671  -3.18155274  -3.14911528  -3.09899881  -3.03345036  -2.95479567  -2.86535021  -2.76733865  -2.66282446  -2.55365088  -2.44139486  -2.32733635  -2.21244596  -2.09739449  -1.98258713  -1.86822387  -1.75438477  -1.64113413  -1.52863196  -1.41723446  -1.30755996  -1.20049538  -1.09712452  -0.99857589  -0.90581393  -0.81942664  -0.73948156  -0.66551527  -0.59668120  -0.53201593  -0.47072764  -0.41239758  -0.35702902  -0.30495411  -0.25666710  -0.21266108  -0.17331401  -0.13883115  -0.10923025  -0.08435370  -0.06389644  -0.04744261  -0.03450550  -0.02456653  -0.01710967  -0.01164893  -0.00774780  -0.00503056  -0.00318636  -0.00196745  -0.00118339  -0.00069287  -0.00039459  -0.00021842  -0.00011742  -0.00006126  -0.00003099  -0.00001519  -0.00000721  -0.00000331  -0.00000147  -0.00000063  -0.00000026  -0.00000010  -0.00000004  -0.00000001  -0.00000001  -0.00000000  -0.00000000  -0.00000000  -0.00000000  -0.00000000  -0.00000000  -0.00000000  -0.00000000  -0.00000000  -0.00000000  -0.00000000  -0.00000000  -0.00000000  -0.00000000  -0.00000000  -0.00000000  -0.00000000  -0.00000000  -0.00000000  -0.00000000  -0.00000000  -0.00000000  -0.00000000  -0.00000000  -0.00000000  -0.00000000  -0.00000000  -0.00000000  -0.00000000  -0.00000000  -0.00000000  -0.00000000  -0.00000000  -0.00000000  -0.00000000  -0.00000000  -0.00000000  -0.00000000  -0.00000000  -0.00000000  -0.00000000  -0.00000000  -0.00000000  -0.00000000  -0.00000000  -0.00000000  -0.00000000  -0.00000000  -0.00000000  -0.00000000  -0.00000000  -0.00000000  -0.00000000  -0.00000000  -0.00000000  -0.00000000  -0.00000000  -0.00000000  -0.00000000  -0.00000000  -0.00000000  -0.00000000  -0.00000000  -0.00000000  -0.00000000  -0.00000000  -0.00000000 
 -0.00000005  -0.32369985  -0.64388571  -0.95711693  -1.26009904  -1.54975513  -1.82329308  -2.07826450  -2.31260907  -2.52467728  -2.71322639  -2.87739016  -3.01663223  -3.13070184  -3.21961181  -3.28364892  -3.32340899  -3.33983454  -3.33423105  -3.30824795  -3.26382437  -3.20310967  -3.12837114  -3.04189985  -2.94592160  -2.84251742  -2.73355623  -2.62064211  -2.50507881  -2.38785488  -2.26965273  -2.15088475  -2.03175790  -1.91236501  -1.79279661  -1.67326041  -1.55418869  -1.43630832  -1.32064618  -1.20844997  -1.10102181  -0.99949036  -0.90457870  -0.81644571  -0.73467173  -0.65841525  -0.58669825  -0.51871631  -0.45405560  -0.39274620  -0.33516245  -0.28184417  -0.23332192  -0.18999555  -0.15207367  -0.11955930  -0.09226439  -0.06984132  -0.05182341  -0.03766889  -0.02680343  -0.01865754  -0.01269633  -0.00844040  -0.00547779  -0.00346816  -0.00214060  -0.00128705  -0.00075329  -0.00042886  -0.00023731  -0.00012754  -0.00006652  -0.00003364  -0.00001649  -0.00000782  -0.00000359  -0.00000159  -0.00000068  -0.00000028  -0.00000011  -0.00000004  -0.00000002  -0.00000001  -0.00000000  -0.00000000  -0.00000000  -0.00000000  -0.00000000  -0.00000000  -0.00000000  -0.00000000  -0.00000000  -0.00000000  -0.00000000  -0.00000000  -0.00000000  -0.00000000  -0.00000000  -0.00000000  -0.00000000  -0.00000000  -0.00000000  -0.00000000  -0.00000000  -0.00000000  -0.00000000  -0.00000000  -0.00000000  -0.00000000  -0.00000000  -0.00000000  -0.00000000  -0.00000000  -0.00000000  -0.00000000  -0.00000000  -0.00000000  -0.00000000  -0.00000000  -0.00000000  -0.00000000  -0.00000000  -0.00000000  -0.00000000  -0.00000000  -0.00000000  -0.00000000  -0.00000000  -0.00000000  -0.00000000  -0.00000000  -0.00000000  -0.00000000  -0.00000000  -0.00000000  -0.00000000  -0.00000000  -0.00000000  -0.00000000  -0.00000000  -0.00000000  -0.00000000  -0.00000000  -0.00000000  -0.00000000  -0.00000000  -0.00000000  -0.00000000  -0.00000000  -0.00000000 
 -0.00000005  -0.32868667  -0.65400698  -0.97265330  -1.28143602  -1.57734332  -1.85760084  -2.11972886  -2.36159311  -2.58144354  -2.77793427  -2.95011977  -3.09742701  -3.21961181  -3.31671547  -3.38903950  -3.43714780  -3.46189001  -3.46442675  -3.44623543  -3.40908412  -3.35497325  -3.28605433  -3.20453727  -3.11259678  -3.01228552  -2.90545885  -2.79371527  -2.67835574  -2.56036578  -2.44042374  -2.31893845  -2.19611761  -2.07206496  -1.94689928  -1.82088155  -1.69452892  -1.56868826  -1.44454028  -1.32351236  -1.20709756  -1.09660718  -0.99291840  -0.89630050  -0.80639583  -0.72238469  -0.64328886  -0.56830283  -0.49702615  -0.42952105  -0.36620670  -0.30766890  -0.25447442  -0.20704250  -0.16558185  -0.13007708  -0.10030596  -0.07587465  -0.05626240  -0.04086946  -0.02906333  -0.02021916  -0.01375164  -0.00913734  -0.00592729  -0.00375107  -0.00231423  -0.00139089  -0.00081376  -0.00046312  -0.00025618  -0.00013764  -0.00007176  -0.00003629  -0.00001778  -0.00000843  -0.00000387  -0.00000172  -0.00000073  -0.00000030  -0.00000012  -0.00000005  -0.00000002  -0.00000001  -0.00000000  -0.00000000  -0.00000000  -0.00000000  -0.00000000  -0.00000000  -0.00000000  -0.00000000  -0.00000000  -0.00000000  -0.00000000  -0.00000000  -0.00000000  -0.00000000  -0.00000000  -0.00000000  -0.00000000  -0.00000000  -0.00000000  -0.00000000  -0.00000000  -0.00000000  -0.00000000  -0.00000000  -0.00000000  -0.00000000  -0.00000000  -0.00000000  -0.00000000  -0.00000000  -0.00000000  -0.00000000  -0.00000000  -0.00000000  -0.00000000  -0.00000000  -0.00000000  -0.00000000  -0.00000000  -0.00000000  -0.00000000  -0.00000000  -0.00000000  -0.00000000  -0.00000000  -0.00000000  -0.00000000  -0.00000000  -0.00000000  -0.00000000  -0.00000000  -0.00000000  -0.00000000  -0.00000000  -0.00000000  -0.00000000  -0.00000000  -0.00000000  -0.00000000  -0.00000000  -0.00000000  -0.00000000  -0.00000000  -0.00000000  -0.00000000  -0.00000000  -0.00000000 
 -0.00000005  -0.33048473  -0.65779541  -0.97880439  -1.29047763  -1.58992356  -1.87444346  -2.14158278  -2.38918117  -2.61541767  -2.81884542  -2.99840987  -3.15344530  -3.28364892  -3.38903950  -3.46991426  -3.52682016  -3.56054827  -3.57214601  -3.56293068  -3.53448522  -3.48862494  -3.42733540  -3.35268975  -3.26675686  -3.17151069  -3.06874898  -2.96002721  -2.84661282  -2.72946377  -2.60923570  -2.48632072  -2.36091926  -2.23314264  -2.10313891  -1.97122724  -1.83801802  -1.70448954  -1.57199022  -1.44214317  -1.31665009  -1.19702387  -1.08431540  -0.97892403  -0.88057307  -0.78848192  -0.70168709  -0.61939383  -0.54122362  -0.46727617  -0.39801799  -0.33408108  -0.27606688  -0.22441131  -0.17931973  -0.14075448  -0.10845531  -0.08197853  -0.06074596  -0.04409709  -0.03133891  -0.02178933  -0.01481126  -0.00983621  -0.00637744  -0.00403405  -0.00248770  -0.00149453  -0.00087405  -0.00049724  -0.00027496  -0.00014768  -0.00007697  -0.00003891  -0.00001906  -0.00000904  -0.00000414  -0.00000184  -0.00000079  -0.00000032  -0.00000013  -0.00000005  -0.00000002  -0.00000001  -0.00000000  -0.00000000  -0.00000000  -0.00000000  -0.00000000  -0.00000000  -0.00000000  -0.00000000  -0.00000000  -0.00000000  -0.00000000  -0.00000000  -0.00000000  -0.00000000  -0.00000000  -0.00000000  -0.00000000  -0.00000000  -0.00000000  -0.00000000  -0.00000000  -0.00000000  -0.00000000  -0.00000000  -0.00000000  -0.00000000  -0.00000000  -0.00000000  -0.00000000  -0.00000000  -0.00000000  -0.00000000  -0.00000000  -0.00000000  -0.00000000  -0.00000000  -0.00000000  -0.00000000  -0.00000000  -0.00000000  -0.00000000  -0.00000000  -0.00000000  -0.00000000  -0.00000000  -0.00000000  -0.00000000  -0.00000000  -0.00000000  -0.00000000  -0.00000000  -0.00000000  -0.00000000  -0.00000000  -0.00000000  -0.00000000  -0.00000000  -0.00000000  -0.00000000  -0.00000000  -0.00000000  -0.00000000  -0.00000000  -0.00000000  -0.00000000  -0.00000000  -0.00000000 
 -0.00000005  -0.32939216  -0.65583259  -0.97640572  -1.28826927  -1.58869330  -1.87510154  -2.14511516  -2.39659813  -2.62770202  -2.83690688  -3.02305288  -3.18535688  -3.32340899  -3.43714780  -3.52682016  -3.59293749  -3.63624316  -3.65769903  -3.65848726  -3.64001268  -3.60388908  -3.55189968  -3.48593200  -3.40789544  -3.31963273  -3.22283598  -3.11897597  -3.00925155  -2.89456490  -2.77552713  -2.65249785  -2.52566005  -2.39512765  -2.26107774  -2.12389165  -1.98428075  -1.84336567  -1.70267623  -1.56404720  -1.42940669  -1.30048826  -1.17853644  -1.06410068  -0.95700455  -0.85652429  -0.76172631  -0.67183869  -0.58651338  -0.50589279  -0.43049305  -0.36099231  -0.29802486  -0.24204039  -0.19323723  -0.15155157  -0.11668123  -0.08812901  -0.06525612  -0.04733857  -0.03362066  -0.02336138  -0.01587060  -0.01053391  -0.00682625  -0.00431582  -0.00266023  -0.00159747  -0.00093386  -0.00053106  -0.00029355  -0.00015761  -0.00008212  -0.00004150  -0.00002032  -0.00000963  -0.00000442  -0.00000196  -0.00000084  -0.00000035  -0.00000014  -0.00000005  -0.00000002  -0.00000001  -0.00000000  -0.00000000  -0.00000000  -0.00000000  -0.00000000  -0.00000000  -0.00000000  -0.00000000  -0.00000000  -0.00000000  -0.00000000  -0.00000000  -0.00000000  -0.00000000  -0.00000000  -0.00000000  -0.00000000  -0.00000000  -0.00000000  -0.00000000  -0.00000000  -0.00000000  -0.00000000  -0.00000000  -0.00000000  -0.00000000  -0.00000000  -0.00000000  -0.00000000  -0.00000000  -0.00000000  -0.00000000  -0.00000000  -0.00000000  -0.00000000  -0.00000000  -0.00000000  -0.00000000  -0.00000000  -0.00000000  -0.00000000  -0.00000000  -0.00000000  -0.00000000  -0.00000000  -0.00000000  -0.00000000  -0.00000000  -0.00000000  -0.00000000  -0.00000000  -0.00000000  -0.00000000  -0.00000000  -0.00000000  -0.00000000  -0.00000000  -0.00000000  -0.00000000  -0.00000000  -0.00000000  -0.00000000  -0.00000000  -0.00000000  -0.00000000  -0.00000000  -0.00000000 
 -0.00000005  -0.32572193  -0.64873347  -0.96635203  -1.27595163  -1.57499350  -1.86105929  -2.13188721  -2.38541096  -2.61980059  -2.83350326  -3.02528043  -3.19423671  -3.33983454  -3.46189001  -3.56054827  -3.63624316  -3.68965199  -3.72165849  -3.73333160  -3.72591737  -3.70083113  -3.65963565  -3.60399667  -3.53561682  -3.45615638  -3.36715197  -3.26994448  -3.16562538  -3.05500904  -2.93863689  -2.81681745  -2.68970375  -2.55740543  -2.42012682  -2.27831420  -2.13278660  -1.98481716  -1.83613015  -1.68878744  -1.54496093  -1.40662371  -1.27523379  -1.15151074  -1.03539791  -0.92624617  -0.82316717  -0.72542382  -0.63270700  -0.54520682  -0.46349099  -0.38828341  -0.32024918  -0.25984854  -0.20726904  -0.16241676  -0.12494371  -0.09429567  -0.06977023  -0.05057737  -0.03589677  -0.02492705  -0.01692404  -0.01122670  -0.00727127  -0.00459482  -0.00283083  -0.00169914  -0.00099287  -0.00056439  -0.00031185  -0.00016737  -0.00008718  -0.00004404  -0.00002155  -0.00001021  -0.00000468  -0.00000207  -0.00000089  -0.00000037  -0.00000015  -0.00000006  -0.00000002  -0.00000001  -0.00000000  -0.00000000  -0.00000000  -0.00000000  -0.00000000  -0.00000000  -0.00000000  -0.00000000  -0.00000000  -0.00000000  -0.00000000  -0.00000000  -0.00000000  -0.00000000  -0.00000000  -0.00000000  -0.00000000  -0.00000000  -0.00000000  -0.00000000  -0.00000000  -0.00000000  -0.00000000  -0.00000000  -0.00000000  -0.00000000  -0.00000000  -0.00000000  -0.00000000  -0.00000000  -0.00000000  -0.00000000  -0.00000000  -0.00000000  -0.00000000  -0.00000000  -0.00000000  -0.00000000  -0.00000000  -0.00000000  -0.00000000  -0.00000000  -0.00000000  -0.00000000  -0.00000000  -0.00000000  -0.00000000  -0.00000000  -0.00000000  -0.00000000  -0.00000000  -0.00000000  -0.00000000  -0.00000000  -0.00000000  -0.00000000  -0.00000000  -0.00000000  -0.00000000  -0.00000000  -0.00000000  -0.00000000  -0.00000000  -0.00000000  -0.00000000  -0.00000000  -0.00000000 
 -0.00000005  -0.31979270  -0.63712717  -0.94956620  -1.25471548  -1.55024732  -1.83392664  -2.10364017  -2.35742870  -2.59352235  -2.81037777  -3.00671531  -3.18155274  -3.33423105  -3.46442675  -3.57214601  -3.65769903  -3.72165849  -3.76481181  -3.78811924  -3.79268529  -3.77974159  -3.75063044  -3.70677668  -3.64964085  -3.58065559  -3.50115365  -3.41229939  -3.31503513  -3.21005211  -3.09779367  -2.97849566  -2.85226610  -2.71920133  -2.57952928  -2.43376238  -2.28283272  -2.12817489  -1.97171955  -1.81577015  -1.66275891  -1.51491666  -1.37393411  -1.24072073  -1.11535880  -0.99729164  -0.88569128  -0.77986736  -0.67955789  -0.58500530  -0.49683044  -0.41580221  -0.34261415  -0.27773364  -0.22133361  -0.17328605  -0.13319345  -0.10044128  -0.07426069  -0.05379346  -0.03815301  -0.02647646  -0.01796483  -0.01191011  -0.00770960  -0.00486923  -0.00299840  -0.00179887  -0.00105067  -0.00059699  -0.00032973  -0.00017690  -0.00009211  -0.00004651  -0.00002276  -0.00001078  -0.00000494  -0.00000219  -0.00000094  -0.00000039  -0.00000015  -0.00000006  -0.00000002  -0.00000001  -0.00000000  -0.00000000  -0.00000000  -0.00000000  -0.00000000  -0.00000000  -0.00000000  -0.00000000  -0.00000000  -0.00000000  -0.00000000  -0.00000000  -0.00000000  -0.00000000  -0.00000000  -0.00000000  -0.00000000  -0.00000000  -0.00000000  -0.00000000  -0.00000000  -0.00000000  -0.00000000  -0.00000000  -0.00000000  -0.00000000  -0.00000000  -0.00000000  -0.00000000  -0.00000000  -0.00000000  -0.00000000  -0.00000000  -0.00000000  -0.00000000  -0.00000000  -0.00000000  -0.00000000  -0.00000000  -0.00000000  -0.00000000  -0.00000000  -0.00000000  -0.00000000  -0.00000000  -0.00000000  -0.00000000  -0.00000000  -0.00000000  -0.00000000  -0.00000000  -0.00000000  -0.00000000  -0.00000000  -0.00000000  -0.00000000  -0.00000000  -0.00000000  -0.00000000  -0.00000000  -0.00000000  -0.00000000  -0.00000000  -0.00000000  -0.00000000  -0.00000000  -0.00000000 
