# coconut-me2b/v0.99.21 
# 
# momentum space matrix elements 
# partial wave J=1, L=1/1, S=0, T=0, MT=0 
# 
# momentum grid [fm^-1]
0.000000 0.066667 0.133333 0.200000 0.266667 0.333333 0.400000 0.466667 0.533333 0.600000 0.666667 0.733333 0.800000 0.866667 0.933333 1.000000 1.066667 1.133333 1.200000 1.266667 1.333333 1.400000 1.466667 1.533333 1.600000 1.666667 1.733333 1.800000 1.866667 1.933333 2.000000 2.066667 2.133333 2.200000 2.266667 2.333333 2.400000 2.466667 2.533333 2.600000 2.666667 2.733333 2.800000 2.866667 2.933333 3.000000 3.066667 3.133333 3.200000 3.266667 3.333333 3.400000 3.466667 3.533333 3.600000 3.666667 3.733333 3.800000 3.866667 3.933333 4.000000 4.066667 4.133333 4.200000 4.266667 4.333333 4.400000 4.466667 4.533333 4.600000 4.666667 4.733333 4.800000 4.866667 4.933333 5.000000 5.066667 5.133333 5.200000 5.266667 5.333333 5.400000 5.466667 5.533333 5.600000 5.666667 5.733333 5.800000 5.866667 5.933333 6.000000 6.066667 6.133333 6.200000 6.266667 6.333333 6.400000 6.466667 6.533333 6.600000 6.666667 6.733333 6.800000 6.866667 6.933333 7.000000 7.066667 7.133333 7.200000 7.266667 7.333333 7.400000 7.466667 7.533333 7.600000 7.666667 7.733333 7.800000 7.866667 7.933333 8.000000 8.066667 8.133333 8.200000 8.266667 8.333333 8.400000 8.466667 8.533333 8.600000 8.666667 8.733333 8.800000 8.866667 8.933333 9.000000 9.066667 9.133333 9.200000 9.266667 9.333333 9.400000 9.466667 9.533333 9.600000 9.666667 9.733333 9.800000 9.866667 9.933333 10.000000 
#
# matrix elements [MeV fm^3] 
 -0.00359156   0.00000005   0.00000010   0.00000013   0.00000016   0.00000017   0.00000018   0.00000018   0.00000017   0.00000016   0.00000015   0.00000014   0.00000013   0.00000012   0.00000011   0.00000010   0.00000010   0.00000009   0.00000008   0.00000008   0.00000008   0.00000007   0.00000007   0.00000007   0.00000007   0.00000007   0.00000006   0.00000006   0.00000006   0.00000005   0.00000005   0.00000005   0.00000005   0.00000004   0.00000004   0.00000003   0.00000003   0.00000003   0.00000002   0.00000002   0.00000002   0.00000001   0.00000001   0.00000001   0.00000001   0.00000000   0.00000000   0.00000000   0.00000000   0.00000000   0.00000000  -0.00000000  -0.00000000  -0.00000000  -0.00000000  -0.00000000  -0.00000000  -0.00000000  -0.00000000  -0.00000000  -0.00000000  -0.00000000  -0.00000000  -0.00000000  -0.00000000  -0.00000000  -0.00000000  -0.00000000  -0.00000000  -0.00000000  -0.00000000  -0.00000000  -0.00000000  -0.00000000  -0.00000000  -0.00000000  -0.00000000  -0.00000000  -0.00000000  -0.00000000  -0.00000000  -0.00000000  -0.00000000  -0.00000000  -0.00000000  -0.00000000  -0.00000000  -0.00000000  -0.00000000  -0.00000000  -0.00000000  -0.00000000  -0.00000000  -0.00000000  -0.00000000  -0.00000000  -0.00000000  -0.00000000  -0.00000000  -0.00000000  -0.00000000  -0.00000000  -0.00000000  -0.00000000  -0.00000000  -0.00000000  -0.00000000  -0.00000000  -0.00000000  -0.00000000  -0.00000000  -0.00000000  -0.00000000  -0.00000000  -0.00000000  -0.00000000  -0.00000000  -0.00000000  -0.00000000  -0.00000000  -0.00000000  -0.00000000  -0.00000000  -0.00000000  -0.00000000  -0.00000000  -0.00000000  -0.00000000  -0.00000000  -0.00000000  -0.00000000  -0.00000000  -0.00000000  -0.00000000  -0.00000000  -0.00000000  -0.00000000  -0.00000000  -0.00000000  -0.00000000  -0.00000000  -0.00000000  -0.00000000  -0.00000000  -0.00000000  -0.00000000  -0.00000000  -0.00000000  -0.00000000  -0.00000000  -0.00000000 
  0.00000005   0.33611877   0.63830070   0.88088692   1.05126291   1.14981983   1.18636245   1.17534001   1.13181386   1.06896346   0.99704316   0.92331742   0.85249199   0.78730238   0.72907522   0.67818774   0.63441184   0.59715715   0.56563552   0.53896874   0.51625722   0.49662306   0.47923660   0.46333307   0.44822320   0.43330053   0.41804693   0.40203706   0.38494218   0.36653330   0.34668347   0.32536868   0.30266699   0.27875511   0.25390150   0.22845527   0.20282987   0.17748108   0.15287937   0.12947801   0.10767953   0.08780510   0.07007195   0.05458384   0.04133690   0.03023901   0.02113718   0.01384445   0.00816003   0.00388018   0.00080219  -0.00127389  -0.00254224  -0.00318630  -0.00337283  -0.00324678  -0.00292811  -0.00251088  -0.00206423  -0.00163510  -0.00125181  -0.00092813  -0.00066726  -0.00046552  -0.00031529  -0.00020735  -0.00013241  -0.00008209  -0.00004939  -0.00002883  -0.00001632  -0.00000896  -0.00000476  -0.00000245  -0.00000122  -0.00000059  -0.00000027  -0.00000012  -0.00000005  -0.00000002  -0.00000001  -0.00000000  -0.00000000  -0.00000000  -0.00000000  -0.00000000  -0.00000000  -0.00000000  -0.00000000  -0.00000000  -0.00000000  -0.00000000  -0.00000000  -0.00000000  -0.00000000  -0.00000000  -0.00000000  -0.00000000  -0.00000000  -0.00000000  -0.00000000  -0.00000000  -0.00000000  -0.00000000  -0.00000000  -0.00000000  -0.00000000  -0.00000000  -0.00000000  -0.00000000  -0.00000000  -0.00000000  -0.00000000  -0.00000000  -0.00000000  -0.00000000  -0.00000000  -0.00000000  -0.00000000  -0.00000000  -0.00000000  -0.00000000  -0.00000000  -0.00000000  -0.00000000  -0.00000000  -0.00000000  -0.00000000  -0.00000000  -0.00000000  -0.00000000  -0.00000000  -0.00000000  -0.00000000  -0.00000000  -0.00000000  -0.00000000  -0.00000000  -0.00000000  -0.00000000  -0.00000000  -0.00000000  -0.00000000  -0.00000000  -0.00000000  -0.00000000  -0.00000000  -0.00000000  -0.00000000  -0.00000000  -0.00000000 
  0.00000010   0.63830070   1.21568247   1.68506979   2.02168214   2.22379082   2.30729229   2.29768258   2.22272695   2.10752953   1.97216802   1.83122721   1.69439827   1.56749334   1.45348593   1.35339780   1.26698184   1.19321462   1.13063530   1.07757097   1.03228250   0.99305696   0.95826584   0.92640164   0.89610173   0.86616470   0.83556266   0.80345096   0.76917650   0.73228443   0.69252288   0.64984520   0.60440818   0.55656538   0.50685345   0.45596991   0.40474067   0.35407600   0.30491539   0.25816367   0.21462416   0.17493732   0.13953579   0.10862534   0.08219651   0.06006369   0.04191961   0.02738941   0.01607085   0.00755602   0.00143935  -0.00267898  -0.00518713  -0.00645160  -0.00680541  -0.00653796  -0.00588863  -0.00504495  -0.00414475  -0.00328142  -0.00251119  -0.00186124  -0.00133774  -0.00093307  -0.00063184  -0.00041546  -0.00026526  -0.00016443  -0.00009892  -0.00005774  -0.00003269  -0.00001794  -0.00000953  -0.00000491  -0.00000244  -0.00000118  -0.00000055  -0.00000025  -0.00000011  -0.00000004  -0.00000002  -0.00000001  -0.00000000  -0.00000000  -0.00000000  -0.00000000  -0.00000000  -0.00000000  -0.00000000  -0.00000000  -0.00000000  -0.00000000  -0.00000000  -0.00000000  -0.00000000  -0.00000000  -0.00000000  -0.00000000  -0.00000000  -0.00000000  -0.00000000  -0.00000000  -0.00000000  -0.00000000  -0.00000000  -0.00000000  -0.00000000  -0.00000000  -0.00000000  -0.00000000  -0.00000000  -0.00000000  -0.00000000  -0.00000000  -0.00000000  -0.00000000  -0.00000000  -0.00000000  -0.00000000  -0.00000000  -0.00000000  -0.00000000  -0.00000000  -0.00000000  -0.00000000  -0.00000000  -0.00000000  -0.00000000  -0.00000000  -0.00000000  -0.00000000  -0.00000000  -0.00000000  -0.00000000  -0.00000000  -0.00000000  -0.00000000  -0.00000000  -0.00000000  -0.00000000  -0.00000000  -0.00000000  -0.00000000  -0.00000000  -0.00000000  -0.00000000  -0.00000000  -0.00000000  -0.00000000  -0.00000000  -0.00000000 
  0.00000013   0.88088692   1.68506979   2.35132760   2.84421779   3.15646253   3.30414009   3.31787099   3.23366438   3.08592531   2.90345538   2.70804841   2.51477912   2.33311827   2.16827100   2.02241042   1.89567649   1.78692306   1.69424710   1.61534921   1.54777211   1.48905520   1.43683373   1.38890259   1.34325830   1.29812812   1.25199144   1.20359678   1.15197563   1.09645355   1.03665816   0.97252282   0.90428451   0.83247397   0.75789546   0.68159360   0.60480475   0.52889113   0.45525823   0.38525915   0.32009440   0.26072006   0.20778048   0.16157986   0.12209992   0.08905854   0.06199178   0.04033498   0.02348309   0.01082321   0.00174662  -0.00434625  -0.00803706  -0.00987460  -0.01035723  -0.00991770  -0.00891374  -0.00762526  -0.00625771  -0.00495006  -0.00378561  -0.00280428  -0.00201462  -0.00140465  -0.00095088  -0.00062507  -0.00039899  -0.00024727  -0.00014873  -0.00008680  -0.00004913  -0.00002695  -0.00001433  -0.00000737  -0.00000367  -0.00000177  -0.00000082  -0.00000037  -0.00000016  -0.00000007  -0.00000003  -0.00000001  -0.00000000  -0.00000000  -0.00000000  -0.00000000  -0.00000000  -0.00000000  -0.00000000  -0.00000000  -0.00000000  -0.00000000  -0.00000000  -0.00000000  -0.00000000  -0.00000000  -0.00000000  -0.00000000  -0.00000000  -0.00000000  -0.00000000  -0.00000000  -0.00000000  -0.00000000  -0.00000000  -0.00000000  -0.00000000  -0.00000000  -0.00000000  -0.00000000  -0.00000000  -0.00000000  -0.00000000  -0.00000000  -0.00000000  -0.00000000  -0.00000000  -0.00000000  -0.00000000  -0.00000000  -0.00000000  -0.00000000  -0.00000000  -0.00000000  -0.00000000  -0.00000000  -0.00000000  -0.00000000  -0.00000000  -0.00000000  -0.00000000  -0.00000000  -0.00000000  -0.00000000  -0.00000000  -0.00000000  -0.00000000  -0.00000000  -0.00000000  -0.00000000  -0.00000000  -0.00000000  -0.00000000  -0.00000000  -0.00000000  -0.00000000  -0.00000000  -0.00000000  -0.00000000  -0.00000000  -0.00000000 
  0.00000016   1.05126291   2.02168214   2.84421779   3.47577791   3.90126995   4.13118992   4.19446822   4.12947173   3.97590099   3.76918678   3.53767997   3.30205669   3.07607027   2.86789006   2.68152548   2.51807790   2.37673101   2.25548274   2.15166128   2.06227663   1.98425479   1.91459171   1.85045461   1.78924982   1.72866992   1.66672834   1.60178611   1.53257328   1.45820578   1.37819744   1.29246594   1.20133073   1.10550035   1.00604587   0.90435704   0.80207769   0.70101817   0.60304548   0.50995597   0.42334195   0.34446956   0.27418932   0.21289850   0.16056502   0.11680591   0.08099687   0.05238058   0.03014716   0.01347758   0.00155951  -0.00640617  -0.01119383  -0.01353343  -0.01408721  -0.01342968  -0.01203521  -0.01027447  -0.00841901  -0.00665191  -0.00508238  -0.00376205  -0.00270099  -0.00188222  -0.00127359  -0.00083688  -0.00053402  -0.00033085  -0.00019896  -0.00011609  -0.00006569  -0.00003603  -0.00001915  -0.00000985  -0.00000491  -0.00000236  -0.00000110  -0.00000049  -0.00000021  -0.00000009  -0.00000004  -0.00000001  -0.00000001  -0.00000000  -0.00000000  -0.00000000  -0.00000000  -0.00000000  -0.00000000  -0.00000000  -0.00000000  -0.00000000  -0.00000000  -0.00000000  -0.00000000  -0.00000000  -0.00000000  -0.00000000  -0.00000000  -0.00000000  -0.00000000  -0.00000000  -0.00000000  -0.00000000  -0.00000000  -0.00000000  -0.00000000  -0.00000000  -0.00000000  -0.00000000  -0.00000000  -0.00000000  -0.00000000  -0.00000000  -0.00000000  -0.00000000  -0.00000000  -0.00000000  -0.00000000  -0.00000000  -0.00000000  -0.00000000  -0.00000000  -0.00000000  -0.00000000  -0.00000000  -0.00000000  -0.00000000  -0.00000000  -0.00000000  -0.00000000  -0.00000000  -0.00000000  -0.00000000  -0.00000000  -0.00000000  -0.00000000  -0.00000000  -0.00000000  -0.00000000  -0.00000000  -0.00000000  -0.00000000  -0.00000000  -0.00000000  -0.00000000  -0.00000000  -0.00000000  -0.00000000  -0.00000000  -0.00000000 
  0.00000017   1.14981983   2.22379082   3.15646253   3.90126995   4.43544203   4.76034736   4.89745871   4.88138091   4.75210199   4.54843188   4.30371109   4.04388054   3.78735823   3.54597505   3.32633531   3.13119140   2.96062831   2.81299317   2.68558146   2.57512257   2.47811378   2.39104618   2.31055690   2.23353291   2.15718368   2.07909416   1.99726518   1.91014503   1.81665401   1.71620175   1.60869637   1.49454312   1.37462933   1.25029196   1.12326334   0.99559080   0.86952775   0.74739668   0.63143044   0.52360594   0.42549196   0.33813772   0.26202641   0.19710550   0.14288533   0.09857637   0.06322485   0.03581343   0.01531539   0.00071426  -0.00898826  -0.01475827  -0.01750526  -0.01805340  -0.01711678  -0.01528414  -0.01301472  -0.01064406  -0.00839752  -0.00640858  -0.00473918  -0.00339983  -0.00236763  -0.00160112  -0.00105159  -0.00067073  -0.00041539  -0.00024971  -0.00014566  -0.00008240  -0.00004519  -0.00002401  -0.00001235  -0.00000615  -0.00000296  -0.00000138  -0.00000062  -0.00000027  -0.00000011  -0.00000005  -0.00000002  -0.00000001  -0.00000000  -0.00000000  -0.00000000  -0.00000000  -0.00000000  -0.00000000  -0.00000000  -0.00000000  -0.00000000  -0.00000000  -0.00000000  -0.00000000  -0.00000000  -0.00000000  -0.00000000  -0.00000000  -0.00000000  -0.00000000  -0.00000000  -0.00000000  -0.00000000  -0.00000000  -0.00000000  -0.00000000  -0.00000000  -0.00000000  -0.00000000  -0.00000000  -0.00000000  -0.00000000  -0.00000000  -0.00000000  -0.00000000  -0.00000000  -0.00000000  -0.00000000  -0.00000000  -0.00000000  -0.00000000  -0.00000000  -0.00000000  -0.00000000  -0.00000000  -0.00000000  -0.00000000  -0.00000000  -0.00000000  -0.00000000  -0.00000000  -0.00000000  -0.00000000  -0.00000000  -0.00000000  -0.00000000  -0.00000000  -0.00000000  -0.00000000  -0.00000000  -0.00000000  -0.00000000  -0.00000000  -0.00000000  -0.00000000  -0.00000000  -0.00000000  -0.00000000  -0.00000000  -0.00000000 
  0.00000018   1.18636245   2.30729229   3.30414009   4.13118992   4.76034736   5.18340428   5.41118479   5.46964479   5.39395017   5.22214634   4.98991452   4.72723655   4.45701076   4.19514803   3.95152388   3.73125883   3.53598594   3.36493670   3.21579440   3.08532771   2.96984368   2.86550422   2.76854504   2.67542770   2.58294711   2.48830983   2.38919291   2.28378928   2.17084234   2.04967044   1.92018050   1.78286815   1.63880111   1.48958130   1.33728049   1.18434469   1.03346399   0.88740880   0.74884004   0.62011017   0.50308120   0.39899172   0.30840183   0.23123026   0.16687334   0.11437022   0.07256600   0.04023262   0.01613383  -0.00095159  -0.01222065  -0.01882973  -0.02186584  -0.02231255  -0.02102075  -0.01869070  -0.01586737  -0.01294770  -0.01019699  -0.00777091  -0.00574003  -0.00411390  -0.00286260  -0.00193452  -0.00126980  -0.00080950  -0.00050110  -0.00030112  -0.00017558  -0.00009930  -0.00005444  -0.00002892  -0.00001487  -0.00000740  -0.00000356  -0.00000166  -0.00000074  -0.00000032  -0.00000013  -0.00000005  -0.00000002  -0.00000001  -0.00000000  -0.00000000  -0.00000000  -0.00000000  -0.00000000  -0.00000000  -0.00000000  -0.00000000  -0.00000000  -0.00000000  -0.00000000  -0.00000000  -0.00000000  -0.00000000  -0.00000000  -0.00000000  -0.00000000  -0.00000000  -0.00000000  -0.00000000  -0.00000000  -0.00000000  -0.00000000  -0.00000000  -0.00000000  -0.00000000  -0.00000000  -0.00000000  -0.00000000  -0.00000000  -0.00000000  -0.00000000  -0.00000000  -0.00000000  -0.00000000  -0.00000000  -0.00000000  -0.00000000  -0.00000000  -0.00000000  -0.00000000  -0.00000000  -0.00000000  -0.00000000  -0.00000000  -0.00000000  -0.00000000  -0.00000000  -0.00000000  -0.00000000  -0.00000000  -0.00000000  -0.00000000  -0.00000000  -0.00000000  -0.00000000  -0.00000000  -0.00000000  -0.00000000  -0.00000000  -0.00000000  -0.00000000  -0.00000000  -0.00000000  -0.00000000  -0.00000000  -0.00000000  -0.00000000 
  0.00000018   1.17534001   2.29768258   3.31787099   4.19446822   4.89745871   5.41118479   5.73568902   5.88578739   5.88781365   5.77477852   5.58121162   5.33889815   5.07419264   4.80695447   4.55071987   4.31359098   4.09939751   3.90884150   3.74048105   3.59150861   3.45833515   3.33701403   3.22354306   3.11407884   3.00509017   2.89346994   2.77661877   2.65250849   2.51973006   2.37752751   2.22581753   2.06519242   1.89690272   1.72281445   1.54533534   1.36730429   1.19184048   1.02215316   0.86132112   0.71206141   0.57651795   0.45610742   0.35145600   0.26244367   0.18834397   0.12801747   0.08010257   0.04315668   0.01573186  -0.00359844  -0.01622922  -0.02350540  -0.02668892  -0.02691964  -0.02518182  -0.02228374  -0.01885273  -0.01534395  -0.01205978  -0.00917563  -0.00676867  -0.00484577  -0.00336872  -0.00227473  -0.00149208  -0.00095063  -0.00058815  -0.00035326  -0.00020590  -0.00011640  -0.00006379  -0.00003388  -0.00001742  -0.00000867  -0.00000417  -0.00000194  -0.00000087  -0.00000038  -0.00000016  -0.00000006  -0.00000002  -0.00000001  -0.00000000  -0.00000000  -0.00000000  -0.00000000  -0.00000000  -0.00000000  -0.00000000  -0.00000000  -0.00000000  -0.00000000  -0.00000000  -0.00000000  -0.00000000  -0.00000000  -0.00000000  -0.00000000  -0.00000000  -0.00000000  -0.00000000  -0.00000000  -0.00000000  -0.00000000  -0.00000000  -0.00000000  -0.00000000  -0.00000000  -0.00000000  -0.00000000  -0.00000000  -0.00000000  -0.00000000  -0.00000000  -0.00000000  -0.00000000  -0.00000000  -0.00000000  -0.00000000  -0.00000000  -0.00000000  -0.00000000  -0.00000000  -0.00000000  -0.00000000  -0.00000000  -0.00000000  -0.00000000  -0.00000000  -0.00000000  -0.00000000  -0.00000000  -0.00000000  -0.00000000  -0.00000000  -0.00000000  -0.00000000  -0.00000000  -0.00000000  -0.00000000  -0.00000000  -0.00000000  -0.00000000  -0.00000000  -0.00000000  -0.00000000  -0.00000000  -0.00000000  -0.00000000  -0.00000000 
  0.00000017   1.13181386   2.22272695   3.23366438   4.12947173   4.88138091   5.46964479   5.88578739   6.13370210   6.22895595   6.19617773   6.06510011   5.86629431   5.62761933   5.37197922   5.11644710   4.87244368   4.64653450   4.44146709   4.25719755   4.09177965   3.94207596   3.80429899   3.67441065   3.54841324   3.42256094   3.29351514   3.15846022   3.01519070   2.86217646   2.69860900   2.52442915   2.34033425   2.14776115   1.94883954   1.74630929   1.54339565   1.34363804   1.15067396   0.96798811   0.79864924   0.64506995   0.50883172   0.39061413   0.29024673   0.20687004   0.13915763   0.08553478   0.04434004   0.01391144  -0.00738347  -0.02113668  -0.02887945  -0.03204550  -0.03192722  -0.02963816  -0.02609048  -0.02198980  -0.01784578  -0.01399455  -0.01062842  -0.00782869  -0.00559769  -0.00388734  -0.00262256  -0.00171889  -0.00109438  -0.00067668  -0.00040622  -0.00023665  -0.00013373  -0.00007326  -0.00003889  -0.00001999  -0.00000994  -0.00000478  -0.00000222  -0.00000100  -0.00000043  -0.00000018  -0.00000007  -0.00000003  -0.00000001  -0.00000000  -0.00000000  -0.00000000  -0.00000000  -0.00000000  -0.00000000  -0.00000000  -0.00000000  -0.00000000  -0.00000000  -0.00000000  -0.00000000  -0.00000000  -0.00000000  -0.00000000  -0.00000000  -0.00000000  -0.00000000  -0.00000000  -0.00000000  -0.00000000  -0.00000000  -0.00000000  -0.00000000  -0.00000000  -0.00000000  -0.00000000  -0.00000000  -0.00000000  -0.00000000  -0.00000000  -0.00000000  -0.00000000  -0.00000000  -0.00000000  -0.00000000  -0.00000000  -0.00000000  -0.00000000  -0.00000000  -0.00000000  -0.00000000  -0.00000000  -0.00000000  -0.00000000  -0.00000000  -0.00000000  -0.00000000  -0.00000000  -0.00000000  -0.00000000  -0.00000000  -0.00000000  -0.00000000  -0.00000000  -0.00000000  -0.00000000  -0.00000000  -0.00000000  -0.00000000  -0.00000000  -0.00000000  -0.00000000  -0.00000000  -0.00000000  -0.00000000  -0.00000000  -0.00000000 
  0.00000016   1.06896346   2.10752953   3.08592531   3.97590099   4.75210199   5.39395017   5.88781365   6.22895595   6.42257615   6.48335526   6.43336452   6.29878880   6.10633739   5.88022242   5.64023296   5.40097696   5.17203766   4.95867594   4.76275174   4.58364476   4.41906067   4.26568434   4.11968453   3.97709346   3.83408876   3.68720289   3.53347957   3.37059123   3.19692638   3.01165178   2.81475083   2.60703700   2.39013853   2.16644890   1.93903625   1.71150488   1.48780453   1.27198882   1.06793460   0.87904763   0.70799385   0.55650440   0.42529763   0.31413936   0.22202543   0.14743287   0.08856662   0.04354159   0.01047925  -0.01245913  -0.02706125  -0.03504193  -0.03800293  -0.03738473  -0.03442535  -0.03013597  -0.02529586  -0.02046486  -0.01600901  -0.01213422  -0.00892322  -0.00637156  -0.00441961  -0.00297867  -0.00195059  -0.00124096  -0.00076680  -0.00046004  -0.00026786  -0.00015129  -0.00008285  -0.00004396  -0.00002259  -0.00001123  -0.00000540  -0.00000251  -0.00000113  -0.00000049  -0.00000020  -0.00000008  -0.00000003  -0.00000001  -0.00000000  -0.00000000  -0.00000000  -0.00000000  -0.00000000  -0.00000000  -0.00000000  -0.00000000  -0.00000000  -0.00000000  -0.00000000  -0.00000000  -0.00000000  -0.00000000  -0.00000000  -0.00000000  -0.00000000  -0.00000000  -0.00000000  -0.00000000  -0.00000000  -0.00000000  -0.00000000  -0.00000000  -0.00000000  -0.00000000  -0.00000000  -0.00000000  -0.00000000  -0.00000000  -0.00000000  -0.00000000  -0.00000000  -0.00000000  -0.00000000  -0.00000000  -0.00000000  -0.00000000  -0.00000000  -0.00000000  -0.00000000  -0.00000000  -0.00000000  -0.00000000  -0.00000000  -0.00000000  -0.00000000  -0.00000000  -0.00000000  -0.00000000  -0.00000000  -0.00000000  -0.00000000  -0.00000000  -0.00000000  -0.00000000  -0.00000000  -0.00000000  -0.00000000  -0.00000000  -0.00000000  -0.00000000  -0.00000000  -0.00000000  -0.00000000  -0.00000000  -0.00000000  -0.00000000 
  0.00000015   0.99704316   1.97216802   2.90345538   3.76918678   4.54843188   5.22214634   5.77477852   6.19617773   6.48335526   6.64149374   6.68368114   6.62921881   6.50087092   6.32179844   6.11294541   5.89135256   5.66948040   5.45533582   5.25308763   5.06388630   4.88669330   4.71901629   4.55751316   4.39846603   4.23814380   4.07307616   3.90025998   3.71731449   3.52259667   3.31528362   3.09542495   2.86396472   2.62272966   2.37437822   2.12230301   1.87047965   1.62325713   1.38509163   1.16023675   0.95241853   0.76453905   0.59846192   0.45492791   0.33362406   0.23338851   0.15249115   0.08890868   0.04052713   0.00524891  -0.01897127  -0.03411501  -0.04207743  -0.04462382  -0.04333756  -0.03957563  -0.03444262  -0.02878612  -0.02321126  -0.01810965  -0.01369710  -0.01005473  -0.00716884  -0.00496635  -0.00334351  -0.00218743  -0.00139047  -0.00085856  -0.00051475  -0.00029954  -0.00016910  -0.00009256  -0.00004909  -0.00002521  -0.00001253  -0.00000602  -0.00000280  -0.00000126  -0.00000054  -0.00000023  -0.00000009  -0.00000004  -0.00000001  -0.00000000  -0.00000000  -0.00000000  -0.00000000  -0.00000000  -0.00000000  -0.00000000  -0.00000000  -0.00000000  -0.00000000  -0.00000000  -0.00000000  -0.00000000  -0.00000000  -0.00000000  -0.00000000  -0.00000000  -0.00000000  -0.00000000  -0.00000000  -0.00000000  -0.00000000  -0.00000000  -0.00000000  -0.00000000  -0.00000000  -0.00000000  -0.00000000  -0.00000000  -0.00000000  -0.00000000  -0.00000000  -0.00000000  -0.00000000  -0.00000000  -0.00000000  -0.00000000  -0.00000000  -0.00000000  -0.00000000  -0.00000000  -0.00000000  -0.00000000  -0.00000000  -0.00000000  -0.00000000  -0.00000000  -0.00000000  -0.00000000  -0.00000000  -0.00000000  -0.00000000  -0.00000000  -0.00000000  -0.00000000  -0.00000000  -0.00000000  -0.00000000  -0.00000000  -0.00000000  -0.00000000  -0.00000000  -0.00000000  -0.00000000  -0.00000000  -0.00000000  -0.00000000  -0.00000000 
  0.00000014   0.92331742   1.83122721   2.70804841   3.53767997   4.30371109   4.98991452   5.58121162   6.06510011   6.43336452   6.68368114   6.82058890   6.85535827   6.80460699   6.68796368   6.52541826   6.33503447   6.13145466   5.92528550   5.72319641   5.52846035   5.34168706   5.16157470   4.98558475   4.81050411   4.63289249   4.44942952   4.25718014   4.05379556   3.83766327   3.60801478   3.36499585   3.10969992   2.84416209   2.57130834   2.29485249   2.01913337   1.74888731   1.48895811   1.24395901   1.01791782   0.81395355   0.63404320   0.47893178   0.34821094   0.24054679   0.15399048   0.08628189   0.03507274  -0.00195621  -0.02705668  -0.04240195  -0.05006340  -0.05196469  -0.04982606  -0.04511711  -0.03902954  -0.03247323  -0.02609310  -0.02030152  -0.01532011  -0.01122496  -0.00799049  -0.00552805  -0.00371730  -0.00242950  -0.00154296  -0.00095195  -0.00057034  -0.00033168  -0.00018714  -0.00010238  -0.00005427  -0.00002786  -0.00001384  -0.00000665  -0.00000309  -0.00000139  -0.00000060  -0.00000025  -0.00000010  -0.00000004  -0.00000001  -0.00000001  -0.00000000  -0.00000000  -0.00000000  -0.00000000  -0.00000000  -0.00000000  -0.00000000  -0.00000000  -0.00000000  -0.00000000  -0.00000000  -0.00000000  -0.00000000  -0.00000000  -0.00000000  -0.00000000  -0.00000000  -0.00000000  -0.00000000  -0.00000000  -0.00000000  -0.00000000  -0.00000000  -0.00000000  -0.00000000  -0.00000000  -0.00000000  -0.00000000  -0.00000000  -0.00000000  -0.00000000  -0.00000000  -0.00000000  -0.00000000  -0.00000000  -0.00000000  -0.00000000  -0.00000000  -0.00000000  -0.00000000  -0.00000000  -0.00000000  -0.00000000  -0.00000000  -0.00000000  -0.00000000  -0.00000000  -0.00000000  -0.00000000  -0.00000000  -0.00000000  -0.00000000  -0.00000000  -0.00000000  -0.00000000  -0.00000000  -0.00000000  -0.00000000  -0.00000000  -0.00000000  -0.00000000  -0.00000000  -0.00000000  -0.00000000  -0.00000000  -0.00000000  -0.00000000 
  0.00000013   0.85249199   1.69439827   2.51477912   3.30205669   4.04388054   4.72723655   5.33889815   5.86629431   6.29878880   6.62921881   6.85535827   6.98084182   7.01512991   6.97236604   6.86937408   6.72334907   6.54983922   6.36141025   6.16708431   5.97241576   5.77996982   5.58998314   5.40104974   5.21074440   5.01614823   4.81427191   4.60238714   4.37828130   4.14044896   3.88823093   3.62190693   3.34274398   3.05299898   2.75587012   2.45539000   2.15625257   1.86356886   1.58255418   1.31816271   1.07470373   0.85549211   0.66259735   0.49674872   0.35742442   0.24310297   0.15160426   0.08042229   0.02696879  -0.01129948  -0.03684023  -0.05201553  -0.05906828  -0.06007443  -0.05688429  -0.05107286  -0.04391185  -0.03636674  -0.02911617  -0.02258796  -0.01700502  -0.01243480  -0.00883686  -0.00610480  -0.00410003  -0.00267672  -0.00169834  -0.00104693  -0.00062677  -0.00036425  -0.00020538  -0.00011230  -0.00005950  -0.00003053  -0.00001517  -0.00000728  -0.00000338  -0.00000152  -0.00000066  -0.00000027  -0.00000011  -0.00000004  -0.00000002  -0.00000001  -0.00000000  -0.00000000  -0.00000000  -0.00000000  -0.00000000  -0.00000000  -0.00000000  -0.00000000  -0.00000000  -0.00000000  -0.00000000  -0.00000000  -0.00000000  -0.00000000  -0.00000000  -0.00000000  -0.00000000  -0.00000000  -0.00000000  -0.00000000  -0.00000000  -0.00000000  -0.00000000  -0.00000000  -0.00000000  -0.00000000  -0.00000000  -0.00000000  -0.00000000  -0.00000000  -0.00000000  -0.00000000  -0.00000000  -0.00000000  -0.00000000  -0.00000000  -0.00000000  -0.00000000  -0.00000000  -0.00000000  -0.00000000  -0.00000000  -0.00000000  -0.00000000  -0.00000000  -0.00000000  -0.00000000  -0.00000000  -0.00000000  -0.00000000  -0.00000000  -0.00000000  -0.00000000  -0.00000000  -0.00000000  -0.00000000  -0.00000000  -0.00000000  -0.00000000  -0.00000000  -0.00000000  -0.00000000  -0.00000000  -0.00000000  -0.00000000  -0.00000000  -0.00000000 
  0.00000012   0.78730238   1.56749334   2.33311827   3.07607027   3.78735823   4.45701076   5.07419264   5.62761933   6.10633739   6.50087092   6.80460699   7.01512991   7.13509495   7.17226364   7.13855487   7.04831707   6.91630353   6.75588265   6.57783982   6.38986485   6.19661133   6.00012453   5.80044121   5.59621951   5.38531754   5.16528586   4.93376720   4.68881058   4.42911129   4.15418731   3.86449964   3.56151997   3.24774490   2.92665233   2.60259271   2.28060739   1.96616905   1.66484738   1.38191745   1.12194800   0.88842697   0.68349368   0.50784016   0.36081165   0.24068241   0.14502788   0.07108667   0.01602486  -0.02292696  -0.04843148  -0.06303594  -0.06914922  -0.06899260  -0.06453866  -0.05745982  -0.04909990  -0.04047258  -0.03228355  -0.02497031  -0.01875221  -0.01368409  -0.00970762  -0.00669624  -0.00449135  -0.00292883  -0.00185642  -0.00114335  -0.00068394  -0.00039719  -0.00022381  -0.00012230  -0.00006477  -0.00003322  -0.00001649  -0.00000792  -0.00000367  -0.00000165  -0.00000071  -0.00000030  -0.00000012  -0.00000005  -0.00000002  -0.00000001  -0.00000000  -0.00000000  -0.00000000  -0.00000000  -0.00000000  -0.00000000  -0.00000000  -0.00000000  -0.00000000  -0.00000000  -0.00000000  -0.00000000  -0.00000000  -0.00000000  -0.00000000  -0.00000000  -0.00000000  -0.00000000  -0.00000000  -0.00000000  -0.00000000  -0.00000000  -0.00000000  -0.00000000  -0.00000000  -0.00000000  -0.00000000  -0.00000000  -0.00000000  -0.00000000  -0.00000000  -0.00000000  -0.00000000  -0.00000000  -0.00000000  -0.00000000  -0.00000000  -0.00000000  -0.00000000  -0.00000000  -0.00000000  -0.00000000  -0.00000000  -0.00000000  -0.00000000  -0.00000000  -0.00000000  -0.00000000  -0.00000000  -0.00000000  -0.00000000  -0.00000000  -0.00000000  -0.00000000  -0.00000000  -0.00000000  -0.00000000  -0.00000000  -0.00000000  -0.00000000  -0.00000000  -0.00000000  -0.00000000  -0.00000000  -0.00000000  -0.00000000  -0.00000000 
  0.00000011   0.72907522   1.45348593   2.16827100   2.86789006   3.54597505   4.19514803   4.80695447   5.37197922   5.88022242   6.32179844   6.68796368   6.97236604   7.17226364   7.28934935   7.32983887   7.30368127   7.22306168   7.10061877   6.94785200   6.77404487   6.58579778   6.38707696   6.17960093   5.96338901   5.73734252   5.49978310   5.24891356   4.98319305   4.70163036   4.40400370   4.09101425   3.76437774   3.42685427   3.08221266   2.73512241   2.39096547   2.05556312   1.73482158   1.43431555   1.15884982   0.91206102   0.69613404   0.51170069   0.35795259   0.23294216   0.13398660   0.05805941   0.00207543  -0.03696261  -0.06192072  -0.07552692  -0.08034958  -0.07874735  -0.07280644  -0.06428770  -0.05459841  -0.04479236  -0.03559510  -0.02744756  -0.02056036  -0.01497156  -0.01060164  -0.00730146  -0.00489060  -0.00318536  -0.00201688  -0.00124100  -0.00074173  -0.00043042  -0.00024237  -0.00013236  -0.00007005  -0.00003591  -0.00001782  -0.00000855  -0.00000397  -0.00000178  -0.00000077  -0.00000032  -0.00000013  -0.00000005  -0.00000002  -0.00000001  -0.00000000  -0.00000000  -0.00000000  -0.00000000  -0.00000000  -0.00000000  -0.00000000  -0.00000000  -0.00000000  -0.00000000  -0.00000000  -0.00000000  -0.00000000  -0.00000000  -0.00000000  -0.00000000  -0.00000000  -0.00000000  -0.00000000  -0.00000000  -0.00000000  -0.00000000  -0.00000000  -0.00000000  -0.00000000  -0.00000000  -0.00000000  -0.00000000  -0.00000000  -0.00000000  -0.00000000  -0.00000000  -0.00000000  -0.00000000  -0.00000000  -0.00000000  -0.00000000  -0.00000000  -0.00000000  -0.00000000  -0.00000000  -0.00000000  -0.00000000  -0.00000000  -0.00000000  -0.00000000  -0.00000000  -0.00000000  -0.00000000  -0.00000000  -0.00000000  -0.00000000  -0.00000000  -0.00000000  -0.00000000  -0.00000000  -0.00000000  -0.00000000  -0.00000000  -0.00000000  -0.00000000  -0.00000000  -0.00000000  -0.00000000  -0.00000000  -0.00000000  -0.00000000 
  0.00000010   0.67818774   1.35339780   2.02241042   2.68152548   3.32633531   3.95152388   4.55071987   5.11644710   5.64023296   6.11294541   6.52541826   6.86937408   7.13855487   7.32983887   7.44401946   7.48593483   7.46381202   7.38796623   7.26922718   7.11751869   6.94089038   6.74509367   6.53362463   6.30807633   6.06864298   5.81465751   5.54509188   5.25898609   4.95579583   4.63565983   4.29959186   3.94960121   3.58874252   3.22109167   2.85164141   2.48610909   2.13065199   1.79149472   1.47448950   1.18465261   0.92574359   0.69996736   0.50787138   0.34847193   0.21958140   0.11824454   0.04116010  -0.01501361  -0.05350289  -0.07737462  -0.08953226  -0.09269612  -0.08935336  -0.08169405  -0.07155771  -0.06040556  -0.04932279  -0.03904705  -0.03001608  -0.02242631  -0.01629462  -0.01151693  -0.00791898  -0.00529672  -0.00344558  -0.00217923  -0.00133957  -0.00079994  -0.00046383  -0.00026099  -0.00014243  -0.00007534  -0.00003860  -0.00001914  -0.00000918  -0.00000426  -0.00000191  -0.00000082  -0.00000034  -0.00000014  -0.00000005  -0.00000002  -0.00000001  -0.00000000  -0.00000000  -0.00000000  -0.00000000  -0.00000000  -0.00000000  -0.00000000  -0.00000000  -0.00000000  -0.00000000  -0.00000000  -0.00000000  -0.00000000  -0.00000000  -0.00000000  -0.00000000  -0.00000000  -0.00000000  -0.00000000  -0.00000000  -0.00000000  -0.00000000  -0.00000000  -0.00000000  -0.00000000  -0.00000000  -0.00000000  -0.00000000  -0.00000000  -0.00000000  -0.00000000  -0.00000000  -0.00000000  -0.00000000  -0.00000000  -0.00000000  -0.00000000  -0.00000000  -0.00000000  -0.00000000  -0.00000000  -0.00000000  -0.00000000  -0.00000000  -0.00000000  -0.00000000  -0.00000000  -0.00000000  -0.00000000  -0.00000000  -0.00000000  -0.00000000  -0.00000000  -0.00000000  -0.00000000  -0.00000000  -0.00000000  -0.00000000  -0.00000000  -0.00000000  -0.00000000  -0.00000000  -0.00000000  -0.00000000  -0.00000000  -0.00000000  -0.00000000 
  0.00000010   0.63441184   1.26698184   1.89567649   2.51807790   3.13119140   3.73125883   4.31359098   4.87244368   5.40097696   5.89135256   6.33503447   6.72334907   7.04831707   7.30368127   7.48593483   7.59505948   7.63468933   7.61156881   7.53442169   7.41255943   7.25461283   7.06766115   6.85684864   6.62542418   6.37506446   6.10633836   5.81920372   5.51346990   5.18919286   4.84699059   4.48827719   4.11541709   3.73179936   3.34182933   2.95083132   2.56485525   2.19038299   1.83393961   1.50163230   1.19866340   0.92888867   0.69450650   0.49595492   0.33205258   0.20035321   0.09761495   0.02025227  -0.03533776  -0.07261085  -0.09483140  -0.10507191  -0.10619606  -0.10080945  -0.09119537  -0.07926124  -0.06651202  -0.05405493  -0.04263148  -0.03266926  -0.02434477  -0.01764922  -0.01245050  -0.00854669  -0.00570825  -0.00370852  -0.00234286  -0.00143868  -0.00085834  -0.00049728  -0.00027960  -0.00015249  -0.00008061  -0.00004128  -0.00002046  -0.00000981  -0.00000455  -0.00000204  -0.00000088  -0.00000037  -0.00000015  -0.00000006  -0.00000002  -0.00000001  -0.00000000  -0.00000000  -0.00000000  -0.00000000  -0.00000000  -0.00000000  -0.00000000  -0.00000000  -0.00000000  -0.00000000  -0.00000000  -0.00000000  -0.00000000  -0.00000000  -0.00000000  -0.00000000  -0.00000000  -0.00000000  -0.00000000  -0.00000000  -0.00000000  -0.00000000  -0.00000000  -0.00000000  -0.00000000  -0.00000000  -0.00000000  -0.00000000  -0.00000000  -0.00000000  -0.00000000  -0.00000000  -0.00000000  -0.00000000  -0.00000000  -0.00000000  -0.00000000  -0.00000000  -0.00000000  -0.00000000  -0.00000000  -0.00000000  -0.00000000  -0.00000000  -0.00000000  -0.00000000  -0.00000000  -0.00000000  -0.00000000  -0.00000000  -0.00000000  -0.00000000  -0.00000000  -0.00000000  -0.00000000  -0.00000000  -0.00000000  -0.00000000  -0.00000000  -0.00000000  -0.00000000  -0.00000000  -0.00000000  -0.00000000  -0.00000000  -0.00000000  -0.00000000 
  0.00000009   0.59715715   1.19321462   1.78692306   2.37673101   2.96062831   3.53598594   4.09939751   4.64653450   5.17203766   5.66948040   6.13145466   6.54983922   6.91630353   7.22306168   7.46381202   7.63468933   7.73496780   7.76725404   7.73704353   7.65173737   7.51941042   7.34767751   7.14290987   6.90988906   6.65184438   6.37074980   6.06775086   5.74362135   5.39918657   5.03568033   4.65502135   4.26000438   3.85440346   3.44298352   3.03141411   2.62607840   2.23377331   1.86130733   1.51502023   1.20027464   0.92099529   0.67934688   0.47563251   0.30845063   0.17507768   0.07197128  -0.00474726  -0.05894610  -0.09430979  -0.11429576  -0.12213802  -0.12083386  -0.11309621  -0.10128988  -0.08737856  -0.07290000  -0.05897352  -0.04633585  -0.03539715  -0.02630814  -0.01902972  -0.01339831  -0.00918175  -0.00612329  -0.00397292  -0.00250695  -0.00153783  -0.00091662  -0.00053059  -0.00029810  -0.00016246  -0.00008582  -0.00004392  -0.00002176  -0.00001043  -0.00000483  -0.00000216  -0.00000093  -0.00000039  -0.00000016  -0.00000006  -0.00000002  -0.00000001  -0.00000000  -0.00000000  -0.00000000  -0.00000000  -0.00000000  -0.00000000  -0.00000000  -0.00000000  -0.00000000  -0.00000000  -0.00000000  -0.00000000  -0.00000000  -0.00000000  -0.00000000  -0.00000000  -0.00000000  -0.00000000  -0.00000000  -0.00000000  -0.00000000  -0.00000000  -0.00000000  -0.00000000  -0.00000000  -0.00000000  -0.00000000  -0.00000000  -0.00000000  -0.00000000  -0.00000000  -0.00000000  -0.00000000  -0.00000000  -0.00000000  -0.00000000  -0.00000000  -0.00000000  -0.00000000  -0.00000000  -0.00000000  -0.00000000  -0.00000000  -0.00000000  -0.00000000  -0.00000000  -0.00000000  -0.00000000  -0.00000000  -0.00000000  -0.00000000  -0.00000000  -0.00000000  -0.00000000  -0.00000000  -0.00000000  -0.00000000  -0.00000000  -0.00000000  -0.00000000  -0.00000000  -0.00000000  -0.00000000  -0.00000000  -0.00000000  -0.00000000  -0.00000000 
  0.00000008   0.56563552   1.13063530   1.69424710   2.25548274   2.81299317   3.36493670   3.90884150   4.44146709   4.95867594   5.45533582   5.92528550   6.36141025   6.75588265   7.10061877   7.38796623   7.61156881   7.76725404   7.85370621   7.87268520   7.82866893   7.72799947   7.57779170   7.38491849   7.15530492   6.89361526   6.60328779   6.28680611   5.94608902   5.58290567   5.19925612   4.79768384   4.38150383   3.95493776   3.52314963   3.09217478   2.66873483   2.25993529   1.87285265   1.51403770   1.18898792   0.90166968   0.65418684   0.44668212   0.27751140   0.14365576   0.04125908  -0.03385847  -0.08583316  -0.11857660  -0.13573356  -0.14069075  -0.13656810  -0.12617361  -0.11194089  -0.09587750  -0.07954231  -0.06405634  -0.05014255  -0.03818623  -0.02830629  -0.02042877  -0.01435515  -0.00982058  -0.00653942  -0.00423722  -0.00267052  -0.00163640  -0.00097443  -0.00056355  -0.00031637  -0.00017229  -0.00009096  -0.00004652  -0.00002303  -0.00001103  -0.00000511  -0.00000228  -0.00000099  -0.00000041  -0.00000016  -0.00000006  -0.00000002  -0.00000001  -0.00000000  -0.00000000  -0.00000000  -0.00000000  -0.00000000  -0.00000000  -0.00000000  -0.00000000  -0.00000000  -0.00000000  -0.00000000  -0.00000000  -0.00000000  -0.00000000  -0.00000000  -0.00000000  -0.00000000  -0.00000000  -0.00000000  -0.00000000  -0.00000000  -0.00000000  -0.00000000  -0.00000000  -0.00000000  -0.00000000  -0.00000000  -0.00000000  -0.00000000  -0.00000000  -0.00000000  -0.00000000  -0.00000000  -0.00000000  -0.00000000  -0.00000000  -0.00000000  -0.00000000  -0.00000000  -0.00000000  -0.00000000  -0.00000000  -0.00000000  -0.00000000  -0.00000000  -0.00000000  -0.00000000  -0.00000000  -0.00000000  -0.00000000  -0.00000000  -0.00000000  -0.00000000  -0.00000000  -0.00000000  -0.00000000  -0.00000000  -0.00000000  -0.00000000  -0.00000000  -0.00000000  -0.00000000  -0.00000000  -0.00000000  -0.00000000  -0.00000000  -0.00000000 
