# coconut-me2b/v0.99.21 
# 
# momentum space matrix elements 
# partial wave J=0, L=1/1, S=1, T=1, MT=1 
# 
# momentum grid [fm^-1]
0.000000 0.066667 0.133333 0.200000 0.266667 0.333333 0.400000 0.466667 0.533333 0.600000 0.666667 0.733333 0.800000 0.866667 0.933333 1.000000 1.066667 1.133333 1.200000 1.266667 1.333333 1.400000 1.466667 1.533333 1.600000 1.666667 1.733333 1.800000 1.866667 1.933333 2.000000 2.066667 2.133333 2.200000 2.266667 2.333333 2.400000 2.466667 2.533333 2.600000 2.666667 2.733333 2.800000 2.866667 2.933333 3.000000 3.066667 3.133333 3.200000 3.266667 3.333333 3.400000 3.466667 3.533333 3.600000 3.666667 3.733333 3.800000 3.866667 3.933333 4.000000 4.066667 4.133333 4.200000 4.266667 4.333333 4.400000 4.466667 4.533333 4.600000 4.666667 4.733333 4.800000 4.866667 4.933333 5.000000 5.066667 5.133333 5.200000 5.266667 5.333333 5.400000 5.466667 5.533333 5.600000 5.666667 5.733333 5.800000 5.866667 5.933333 6.000000 6.066667 6.133333 6.200000 6.266667 6.333333 6.400000 6.466667 6.533333 6.600000 6.666667 6.733333 6.800000 6.866667 6.933333 7.000000 7.066667 7.133333 7.200000 7.266667 7.333333 7.400000 7.466667 7.533333 7.600000 7.666667 7.733333 7.800000 7.866667 7.933333 8.000000 8.066667 8.133333 8.200000 8.266667 8.333333 8.400000 8.466667 8.533333 8.600000 8.666667 8.733333 8.800000 8.866667 8.933333 9.000000 9.066667 9.133333 9.200000 9.266667 9.333333 9.400000 9.466667 9.533333 9.600000 9.666667 9.733333 9.800000 9.866667 9.933333 10.000000 
#
# matrix elements [MeV fm^3] 
  0.00000000   0.00000076   0.00000122   0.00000123   0.00000087   0.00000034  -0.00000010  -0.00000031  -0.00000030  -0.00000017  -0.00000007  -0.00000005  -0.00000010  -0.00000015  -0.00000016  -0.00000012  -0.00000007  -0.00000003  -0.00000004  -0.00000005  -0.00000006  -0.00000004  -0.00000001   0.00000001   0.00000001   0.00000001   0.00000000   0.00000001   0.00000002   0.00000004   0.00000004   0.00000004   0.00000003   0.00000003   0.00000003   0.00000004   0.00000004   0.00000003   0.00000002   0.00000001  -0.00000000  -0.00000000  -0.00000001  -0.00000002  -0.00000003  -0.00000004  -0.00000004  -0.00000004  -0.00000004  -0.00000003  -0.00000003  -0.00000003  -0.00000003  -0.00000002  -0.00000002  -0.00000001  -0.00000001  -0.00000001  -0.00000001  -0.00000001  -0.00000000   0.00000000   0.00000000  -0.00000000  -0.00000000  -0.00000000  -0.00000000   0.00000000   0.00000000   0.00000000  -0.00000000  -0.00000000  -0.00000000   0.00000000   0.00000000   0.00000000  -0.00000000  -0.00000000  -0.00000000   0.00000000   0.00000000   0.00000000  -0.00000000  -0.00000000  -0.00000000   0.00000000   0.00000000   0.00000000  -0.00000000  -0.00000000  -0.00000000  -0.00000000   0.00000000   0.00000000   0.00000000  -0.00000000  -0.00000000  -0.00000000   0.00000000   0.00000000   0.00000001  -0.00000000  -0.00000000  -0.00000000   0.00000000   0.00000000   0.00000000  -0.00000000  -0.00000000  -0.00000000   0.00000000   0.00000000   0.00000000   0.00000000  -0.00000000  -0.00000000   0.00000001   0.00000000   0.00000000   0.00000000  -0.00000000  -0.00000000  -0.00000000   0.00000000   0.00000000   0.00000000  -0.00000000  -0.00000000  -0.00000000   0.00000000   0.00000000   0.00000000  -0.00000000  -0.00000000  -0.00000000  -0.00000000   0.00000000   0.00000000   0.00000000   0.00000000  -0.00000000  -0.00000000  -0.00000000   0.00000000  -0.00000000   0.00000000   0.00000000   0.00000000   0.00000000   0.00000000  -0.00000000 
  0.00000076   4.70330861   7.57335317   7.69171498   5.44348213   2.18429426  -0.56893526  -1.91540095  -1.88015488  -1.15531730  -0.52885008  -0.40387223  -0.68028370  -0.98685643  -1.02738955  -0.78008419  -0.44712332  -0.24955570  -0.25367961  -0.35311158  -0.38871260  -0.28653700  -0.10210654   0.04738548   0.08936302   0.04838109   0.01060236   0.04275397   0.13904350   0.23602874   0.27370263   0.24554051   0.19689433   0.17954576   0.20620236   0.24361087   0.24580999   0.19477815   0.11301309   0.04033813  -0.00133778  -0.02367184  -0.05636582  -0.11698878  -0.19389091  -0.25617374  -0.28000860  -0.26729521  -0.24125681  -0.22478333  -0.22172861  -0.21701973  -0.19366119  -0.15008305  -0.10231565  -0.07005718  -0.06002576  -0.06149174  -0.05715860  -0.03883522  -0.01383390   0.00286017   0.00273070  -0.00877638  -0.01764245  -0.01397659  -0.00031857   0.01155526   0.01180216   0.00127143  -0.00978688  -0.01133165  -0.00243177   0.00843090   0.01145757   0.00436003  -0.00598765  -0.01016584  -0.00475775   0.00490223   0.00994050   0.00606030  -0.00283664  -0.00854101  -0.00609564   0.00191658   0.00804038   0.00685779  -0.00024563  -0.00663120  -0.00659961  -0.00046559   0.00598745   0.00693837   0.00175981  -0.00463782  -0.00645213  -0.00224277   0.00395207   0.00647066   0.00318715  -0.00271584  -0.00582133  -0.00344244   0.00206335   0.00561074   0.00407156  -0.00097980  -0.00486035  -0.00411473   0.00041411   0.00450060   0.00446932   0.00049123  -0.00370611  -0.00432677  -0.00093513   0.00326619   0.00445189   0.00164950  -0.00247772  -0.00415733  -0.00195259   0.00201552   0.00410032   0.00247472  -0.00127509  -0.00369167  -0.00263151   0.00083724   0.00350015   0.00297016  -0.00017786  -0.00301670  -0.00298637  -0.00020020   0.00273659   0.00315853   0.00075494  -0.00221665  -0.00304869  -0.00104869   0.00189040   0.00307768   0.00148455  -0.00136922  -0.00286283  -0.00167976   0.00103430   0.00277630   0.00199138 
  0.00000122   7.57335317  12.24993870  12.55573352   9.05313002   3.84087922  -0.69021426  -3.06972140  -3.25458380  -2.26217567  -1.30706809  -1.05270757  -1.40152557  -1.82192144  -1.86556272  -1.48029657  -0.95273901  -0.61159199  -0.56611190  -0.66967865  -0.69006525  -0.51334394  -0.21469235   0.03608968   0.12979413   0.09795101   0.06450119   0.12836809   0.28405370   0.44065823   0.50981469   0.47965427   0.41441396   0.38936984   0.42412337   0.47120767   0.46352032   0.37369627   0.23351523   0.10116438   0.01012146  -0.05428955  -0.13315414  -0.25041555  -0.38778254  -0.49886134  -0.54745586  -0.53522047  -0.49587222  -0.46389539  -0.44692625  -0.42515550  -0.37545925  -0.29650541  -0.21218917  -0.15169002  -0.12532929  -0.11788066  -0.10417790  -0.07190901  -0.03116952  -0.00337496  -0.00081342  -0.01561937  -0.02737954  -0.02148286  -0.00128393   0.01633933   0.01710005   0.00209190  -0.01391022  -0.01628173  -0.00350351   0.01225644   0.01677962   0.00662206  -0.00836840  -0.01454037  -0.00683519   0.00712891   0.01451120   0.00900048  -0.00385485  -0.01219085  -0.00875950   0.00279410   0.01170910   0.01008787  -0.00015037  -0.00943547  -0.00947816  -0.00065584   0.00870521   0.01015319   0.00271058  -0.00656368  -0.00925692  -0.00322393   0.00574063   0.00943793   0.00473959  -0.00379830  -0.00833984  -0.00495344   0.00299799   0.00816573   0.00598797  -0.00130370  -0.00694857  -0.00591918   0.00060846   0.00654013   0.00653728   0.00080685  -0.00528089  -0.00621974  -0.00134278   0.00474162   0.00649081   0.00246521  -0.00350862  -0.00596989  -0.00281157   0.00292497   0.00596559   0.00364280  -0.00177564  -0.00529338  -0.00378950   0.00121709   0.00508493   0.00434490  -0.00019650  -0.00431606  -0.00429847  -0.00028416   0.00397163   0.00460470   0.00114403  -0.00315965  -0.00438478  -0.00151014   0.00274195   0.00447719   0.00219046  -0.00193632  -0.00411303  -0.00242050   0.00150055   0.00403284   0.00291494 
  0.00000123   7.69171498  12.55573352  13.10472823   9.78942092   4.56514604  -0.24975782  -3.12257949  -3.83638257  -3.21930959  -2.38580571  -2.03256363  -2.18874405  -2.45308949  -2.43532048  -2.05386523  -1.52330157  -1.12104084  -0.96018534  -0.93968221  -0.87236083  -0.65472719  -0.33634190  -0.05216638   0.10312496   0.14676337   0.17556582   0.27251349   0.43874201   0.60378359   0.69444771   0.69649839   0.65806582   0.63934051   0.65795334   0.67721463   0.64251137   0.52957908   0.36228288   0.18824744   0.03805625  -0.09487706  -0.23842514  -0.40744785  -0.58330165  -0.72470427  -0.79878634  -0.80445789  -0.76896594  -0.72302310  -0.67763893  -0.62200499  -0.54159515  -0.43800960  -0.33220113  -0.24903572  -0.19803620  -0.16768948  -0.13764844  -0.09711952  -0.05305114  -0.02180026  -0.01291678  -0.02003531  -0.02656151  -0.02021317  -0.00297446   0.01209837   0.01360205   0.00218044  -0.01050320  -0.01262428  -0.00264047   0.00997562   0.01384391   0.00597553  -0.00598346  -0.01113479  -0.00523789   0.00583856   0.01188033   0.00769021  -0.00250310  -0.00929135  -0.00676767   0.00234335   0.00953344   0.00841137   0.00034148  -0.00713197  -0.00733542  -0.00042142   0.00706702   0.00835286   0.00252665  -0.00488439  -0.00715697  -0.00246925   0.00466123   0.00770072   0.00406180  -0.00272426  -0.00642891  -0.00384204   0.00245266   0.00662783   0.00498764  -0.00078063  -0.00532837  -0.00460421   0.00053914   0.00529179   0.00536869   0.00085805  -0.00401254  -0.00483729  -0.00101655   0.00383251   0.00528651   0.00213897  -0.00261739  -0.00463445  -0.00218297   0.00236990   0.00483333   0.00304054  -0.00125639  -0.00409506  -0.00295623   0.00100217   0.00410625   0.00356777  -0.00001956  -0.00331956  -0.00335573  -0.00019524   0.00320180   0.00374758   0.00102674  -0.00240464  -0.00341969  -0.00116972   0.00221125   0.00362394   0.00183936  -0.00143911  -0.00320035  -0.00189081   0.00121664   0.00325289   0.00239699 
  0.00000087   5.44348213   9.05313002   9.78942092   7.79169545   4.18017703   0.42835849  -2.32530069  -3.67083916  -3.88268927  -3.55801106  -3.20714383  -3.03076847  -2.95238429  -2.80507150  -2.50518918  -2.10251650  -1.71118105  -1.40784208  -1.18390339  -0.97578625  -0.73152116  -0.45282027  -0.18403678   0.03233211   0.19066165   0.32037792   0.45499964   0.60258399   0.74208151   0.84468451   0.89840366   0.91451534   0.91287009   0.90150346   0.86896669   0.79473014   0.66696103   0.49195345   0.28848511   0.07407558  -0.14379287  -0.36440859  -0.58305179  -0.78380202  -0.94322159  -1.04217741  -1.07602412  -1.05518903  -0.99662058  -0.91383671  -0.81334455  -0.69868949  -0.57661217  -0.45867085  -0.35664087  -0.27606400  -0.21396338  -0.16280752  -0.11718777  -0.07748940  -0.04781898  -0.03064251  -0.02326595  -0.01925817  -0.01328249  -0.00484053   0.00234002   0.00447851   0.00156493  -0.00252849  -0.00350492  -0.00035523   0.00402413   0.00570273   0.00333077  -0.00076650  -0.00285232  -0.00119325   0.00249396   0.00475905   0.00360109   0.00019258  -0.00232802  -0.00176901   0.00119138   0.00374952   0.00359459   0.00096277  -0.00169113  -0.00200114   0.00018568   0.00276897   0.00338324   0.00153842  -0.00101885  -0.00197244  -0.00054663   0.00185858   0.00301783   0.00191935  -0.00037160  -0.00175554  -0.00103262   0.00105006   0.00254736   0.00211675   0.00020712  -0.00141343  -0.00130261   0.00036577   0.00201750   0.00215026   0.00068809  -0.00100047  -0.00138970  -0.00018106   0.00146929   0.00204539   0.00105425  -0.00056270  -0.00132887  -0.00058580   0.00093803   0.00183132   0.00129903  -0.00013788  -0.00115571  -0.00085155   0.00045250   0.00153888   0.00142464   0.00024448  -0.00090513  -0.00098810   0.00003451   0.00119868   0.00144045   0.00056300  -0.00061006  -0.00101061  -0.00030124   0.00083960   0.00136128   0.00080411  -0.00030025  -0.00093824  -0.00054698   0.00048745   0.00120583   0.00096148 
  0.00000034   2.18429426   3.84087922   4.56514604   4.18017703   2.79403234   0.77749506  -1.34949385  -3.09219428  -4.14637285  -4.47886101  -4.28681134  -3.86333614  -3.44664183  -3.13232422  -2.88331466  -2.61033264  -2.25849376  -1.84452752  -1.43235160  -1.07865753  -0.79449953  -0.54822850  -0.29982365  -0.03484677   0.22800847   0.45707639   0.63500927   0.77015309   0.88509851   0.99487876   1.09399397   1.16172719   1.17904526   1.14174451   1.05958987   0.94419829   0.79763895   0.61187568   0.37896604   0.10276485  -0.19766793  -0.49510388  -0.76518744  -0.99280957  -1.17041759  -1.29228013  -1.35162893  -1.34390833  -1.27296893  -1.15389889  -1.00894911  -0.85895305  -0.71641561  -0.58488484  -0.46393748  -0.35480137  -0.26185672  -0.18944080  -0.13761061  -0.10114273  -0.07282156  -0.04811925  -0.02724031  -0.01301054  -0.00679643  -0.00620408  -0.00647940  -0.00412748   0.00061421   0.00460503   0.00503919   0.00211253  -0.00119226  -0.00183165   0.00063584   0.00382500   0.00481529   0.00279160  -0.00033177  -0.00175511  -0.00033561   0.00247443   0.00405195   0.00300404   0.00035473  -0.00148487  -0.00093863   0.00136207   0.00324398   0.00300785   0.00092990  -0.00107271  -0.00123220   0.00049070   0.00244497   0.00284209   0.00136720  -0.00059898  -0.00128949  -0.00015422   0.00169431   0.00254678   0.00165727  -0.00012337  -0.00117427  -0.00059228   0.00102230   0.00216219   0.00180378   0.00031116  -0.00094226  -0.00084745   0.00045028   0.00172662   0.00181971   0.00067554  -0.00064156  -0.00094707  -0.00000900   0.00127477   0.00172441   0.00095233  -0.00031288  -0.00092056  -0.00035069   0.00083658   0.00154118   0.00113395   0.00001049  -0.00079817  -0.00057696   0.00043640   0.00129516   0.00122094   0.00030266  -0.00060958  -0.00069589   0.00009255   0.00101159   0.00122033   0.00054498  -0.00038279  -0.00072030  -0.00018276   0.00071433   0.00114408   0.00072563  -0.00014297  -0.00066641  -0.00038330 
 -0.00000010  -0.56893526  -0.69021426  -0.24975782   0.42835849   0.77749506   0.35094498  -0.89081354  -2.55186357  -4.03672534  -4.88450162  -4.98702291  -4.57343150  -4.00662935  -3.54953840  -3.25165151  -3.00031435  -2.66351654  -2.20463385  -1.69500715  -1.23936925  -0.88998087  -0.61832430  -0.35556677  -0.05725682   0.26356302   0.55599277   0.77891351   0.93303706   1.05311519   1.17239996   1.29276762   1.38474731   1.41361048   1.36639631   1.25717895   1.10913507   0.93196572   0.71520275   0.44215917   0.11101485  -0.25546472  -0.61891062  -0.94417597  -1.21219990  -1.41830935  -1.56098082  -1.63364551  -1.62763664  -1.54295920  -1.39597732  -1.21589111  -1.03192395  -0.86117813  -0.70621172  -0.56283697  -0.43028611  -0.31488303  -0.22499205  -0.16294353  -0.12185969  -0.09032622  -0.06059820  -0.03307333  -0.01344766  -0.00560939  -0.00686462  -0.00958388  -0.00739488  -0.00011363   0.00693531   0.00831940   0.00357972  -0.00248320  -0.00428435  -0.00042311   0.00532434   0.00767203   0.00463916  -0.00084181  -0.00379408  -0.00175119   0.00315930   0.00634523   0.00498256   0.00046207  -0.00305562  -0.00249989   0.00140532   0.00496329   0.00495584   0.00151141  -0.00215729  -0.00277330   0.00005725   0.00361350   0.00463687   0.00228363  -0.00121568  -0.00268833  -0.00091258   0.00236050   0.00410101   0.00277862  -0.00031724  -0.00234732  -0.00153982   0.00125295   0.00342074   0.00301371   0.00047651  -0.00183972  -0.00186690   0.00032413   0.00266306   0.00301876   0.00112513  -0.00124280  -0.00194144  -0.00040719   0.00188751   0.00283214   0.00160617  -0.00062162  -0.00181414  -0.00093546   0.00114456   0.00249722   0.00191247  -0.00002902  -0.00153660  -0.00126679   0.00047462   0.00205926   0.00204958   0.00049443  -0.00115912  -0.00141704  -0.00009252   0.00156265   0.00203314   0.00092021  -0.00072873  -0.00140970  -0.00053769   0.00104867   0.00188639   0.00123116  -0.00028741  -0.00127370  -0.00085191 
 -0.00000031  -1.91540095  -3.06972140  -3.12257949  -2.32530069  -1.34949385  -0.89081354  -1.29329635  -2.40808868  -3.74033549  -4.76119265  -5.18127966  -5.03690920  -4.57838665  -4.07078880  -3.64718988  -3.28922823  -2.91044373  -2.45680879  -1.94967908  -1.45639605  -1.03016292  -0.67373820  -0.35063268  -0.02510813   0.30686168   0.61896780   0.88105935   1.08424558   1.24371183   1.38025198   1.49919908   1.58493893   1.61356955   1.57068615   1.45879340   1.28984247   1.07183405   0.80257237   0.47602290   0.09513453  -0.32024810  -0.73685681  -1.11954752  -1.44175469  -1.68819635  -1.85081396  -1.92442241  -1.90733610  -1.80620500  -1.63944274  -1.43439160  -1.21880394  -1.01224594  -0.82318622  -0.65285465  -0.50167782  -0.37272348  -0.26996868  -0.19404247  -0.14008428  -0.10002578  -0.06737130  -0.04032890  -0.02077720  -0.01033867  -0.00726689  -0.00686203  -0.00479840  -0.00018057   0.00442730   0.00589327   0.00362227   0.00012480  -0.00128774   0.00055908   0.00380792   0.00541863   0.00396793   0.00084856  -0.00111986  -0.00029032   0.00239290   0.00436939   0.00383987   0.00134540  -0.00082969  -0.00079216   0.00127648   0.00337802   0.00357641   0.00173632  -0.00043487  -0.00100419   0.00043722   0.00247112   0.00320657   0.00200280  -0.00000540  -0.00100310  -0.00015861   0.00166625   0.00276050   0.00214031   0.00040796  -0.00085277  -0.00054319   0.00097711   0.00226954   0.00215524   0.00076986  -0.00060690  -0.00074851   0.00041229   0.00176386   0.00206164   0.00105748  -0.00031050  -0.00080667  -0.00002523   0.00127080   0.00187868   0.00125840  -0.00000060  -0.00074957  -0.00033800   0.00081364   0.00162850   0.00136886   0.00029333  -0.00060823  -0.00053364   0.00041086   0.00133441   0.00139211   0.00054907  -0.00041200  -0.00062415   0.00007568   0.00101932   0.00133695   0.00075133  -0.00018764  -0.00062490  -0.00018408   0.00070446   0.00121623   0.00089123   0.00004134  -0.00055358  -0.00036574 
 -0.00000030  -1.88015488  -3.25458380  -3.83638257  -3.67083916  -3.09219428  -2.55186357  -2.40808868  -2.77982649  -3.52739649  -4.35367402  -4.96084320  -5.17896914  -5.00956077  -4.57995025  -4.05078272  -3.53464136  -3.06498301  -2.61772753  -2.15756455  -1.67390512  -1.18708223  -0.72947784  -0.32164953   0.03799397   0.36531666   0.67390680   0.96379763   1.22273568   1.43644866   1.59816466   1.70995851   1.77619681   1.79564756   1.75902324   1.65355876   1.47052042   1.20990258   0.87974263   0.49224563   0.06112866  -0.39730223  -0.86083771  -1.29983986  -1.68049398  -1.97220962  -2.15536225  -2.22527897  -2.19097457  -2.07041211  -1.88551437  -1.65904123  -1.41315620  -1.16815977  -0.94044447  -0.74034009  -0.57141944  -0.43210261  -0.31871406  -0.22806724  -0.15814199  -0.10702826  -0.07163067  -0.04757702  -0.03050577  -0.01760683  -0.00808424  -0.00219926   0.00020897   0.00044178   0.00036815   0.00119554   0.00275252   0.00392391   0.00381939   0.00262677   0.00143229   0.00123664   0.00208862   0.00310138   0.00329262   0.00246285   0.00133263   0.00085582   0.00136023   0.00228733   0.00273256   0.00226701   0.00129632   0.00065959   0.00086118   0.00163639   0.00222264   0.00206232   0.00129136   0.00058706   0.00053928   0.00112690   0.00176277   0.00184267   0.00128656   0.00058852   0.00035079   0.00073997   0.00135516   0.00160969   0.00126431   0.00062817   0.00026039   0.00045879   0.00100245   0.00136935   0.00121629   0.00068055   0.00023907   0.00026758   0.00070643   0.00112959   0.00114059   0.00072812   0.00026291   0.00015109   0.00046735   0.00089880   0.00103961   0.00075957   0.00031239   0.00009460   0.00028361   0.00068475   0.00091853   0.00076861   0.00037188   0.00008400   0.00015183   0.00049397   0.00078411   0.00075288   0.00042940   0.00010610   0.00006698   0.00033128   0.00064374   0.00071309   0.00047625   0.00014891   0.00002276   0.00019964   0.00050474   0.00065221   0.00050675 
 -0.00000017  -1.15531730  -2.26217567  -3.21930959  -3.88268927  -4.14637285  -4.03672534  -3.74033549  -3.52739649  -3.60804094  -4.01215398  -4.57261401  -5.02411277  -5.15334853  -4.90564135  -4.38762150  -3.77789303  -3.21489667  -2.73566897  -2.29365542  -1.82602968  -1.31308402  -0.78943918  -0.30969524   0.09565323   0.43767230   0.75063853   1.05838385   1.35460822   1.61062547   1.79982442   1.91615725   1.97218473   1.98120145   1.94075617   1.83171014   1.63241953   1.33514976   0.95158750   0.50507142   0.01856388  -0.49035899  -1.00410770  -1.49611094  -1.92855216  -2.26114840  -2.46566822  -2.53597708  -2.48706445  -2.34510111  -2.13663801  -1.88392362  -1.60681725  -1.32608081  -1.06272598  -0.83296158  -0.64317202  -0.48975294  -0.36443501  -0.26098374  -0.17816638  -0.11733976  -0.07766673  -0.05368412  -0.03742263  -0.02301660  -0.00960159  -0.00002944   0.00324306   0.00132890  -0.00155315  -0.00149675   0.00198149   0.00593384   0.00694565   0.00429681   0.00051333  -0.00102878   0.00085409   0.00421781   0.00589220   0.00437953   0.00111213  -0.00097278  -0.00013530   0.00266625   0.00476128   0.00423988   0.00162957  -0.00068916  -0.00070185   0.00144870   0.00368563   0.00394685   0.00203606  -0.00028071  -0.00094490   0.00053221   0.00269494   0.00353171   0.00230672   0.00017062  -0.00094983  -0.00011656   0.00181380   0.00303035   0.00243531   0.00060589  -0.00078859  -0.00053164   0.00106046   0.00247963   0.00242883   0.00098427  -0.00052205  -0.00074829   0.00044603   0.00191467   0.00230344   0.00127978  -0.00020127  -0.00080266  -0.00002571   0.00136690   0.00208126   0.00147867   0.00013192  -0.00073101  -0.00035782   0.00086272   0.00178777   0.00157726   0.00044453  -0.00056862  -0.00055953   0.00042265   0.00144960   0.00158001   0.00071206  -0.00034875  -0.00064509   0.00006092   0.00109265   0.00149762   0.00091805  -0.00010154  -0.00063259  -0.00021451   0.00074066   0.00134527   0.00105346 
 -0.00000007  -0.52885008  -1.30706809  -2.38580571  -3.55801106  -4.47886101  -4.88450162  -4.76119265  -4.35367402  -4.01215398  -3.98313067  -4.27891506  -4.69939299  -4.97559535  -4.93134761  -4.56212630  -3.99818103  -3.39800367  -2.85383270  -2.36599704  -1.88476946  -1.37303393  -0.83977059  -0.32733696   0.12620763   0.51418913   0.85802832   1.18182141   1.48928798   1.76132096   1.97245786   2.10934701   2.17539457   2.17985517   2.12314038   1.99190291   1.76759698   1.44049828   1.01766807   0.51995163  -0.02708966  -0.59921981  -1.17186917  -1.71434333  -2.18784356  -2.55205053  -2.77743201  -2.85522616  -2.79856264  -2.63478651  -2.39498841  -2.10732326  -1.79616068  -1.48394637  -1.19130915  -0.93398265  -0.71914686  -0.54494671  -0.40432590  -0.29055586  -0.20044271  -0.13333431  -0.08767505  -0.05871122  -0.03953417  -0.02443185  -0.01145960  -0.00198091   0.00226835   0.00188745  -0.00003999  -0.00026904   0.00208911   0.00516394   0.00631746   0.00464824   0.00176412   0.00024212   0.00128760   0.00373570   0.00522283   0.00436958   0.00196980   0.00017085   0.00047995   0.00244168   0.00414058   0.00399057   0.00214470   0.00027730   0.00000918   0.00145228   0.00317598   0.00356200   0.00226885   0.00048416  -0.00020986   0.00072198   0.00232932   0.00309360   0.00231963   0.00072883  -0.00024786   0.00021166   0.00160298   0.00260160   0.00228931   0.00096722  -0.00016201  -0.00011347   0.00099882   0.00210508   0.00218054   0.00116944   0.00000080  -0.00028582   0.00051637   0.00162334   0.00200303   0.00131684   0.00020231  -0.00033618   0.00015193   0.00117408   0.00177101   0.00139983   0.00041187  -0.00029382  -0.00010164   0.00077218   0.00150125   0.00141615   0.00060581  -0.00018613  -0.00025470   0.00042893   0.00121140   0.00136935   0.00076692  -0.00003820  -0.00032033   0.00015159   0.00091861   0.00126734   0.00088399   0.00012774  -0.00031364  -0.00005662   0.00063849   0.00112112   0.00095118 
 -0.00000005  -0.40387223  -1.05270757  -2.03256363  -3.20714383  -4.28681134  -4.98702291  -5.18127966  -4.96084320  -4.57261401  -4.27891506  -4.22394986  -4.37938047  -4.58826760  -4.66869926  -4.51084030  -4.11613896  -3.56968777  -2.97650611  -2.40628538  -1.87547246  -1.36600618  -0.85791191  -0.35064307   0.13748720   0.58463705   0.97999173   1.32659170   1.63281616   1.90133386   2.12434507   2.28732424   2.37657640   2.38404794   2.30645614   2.14107908   1.88303560   1.52707932   1.07294099   0.53055193  -0.07805644  -0.72069984  -1.35899809  -1.95226877  -2.46084301  -2.84976655  -3.09367339  -3.18194144  -3.12171740  -2.93663296  -2.66109805  -2.33243623  -1.98405929  -1.64181804  -1.32358593  -1.04057753  -0.79875611  -0.59965258  -0.44097187  -0.31764591  -0.22344963  -0.15258930  -0.10051129  -0.06370684  -0.03900844  -0.02315036  -0.01298998  -0.00612824  -0.00131031   0.00179004   0.00324011   0.00342711   0.00311544   0.00302711   0.00339012   0.00388344   0.00402157   0.00362789   0.00298817   0.00257913   0.00264303   0.00299331   0.00320773   0.00301492   0.00252329   0.00210159   0.00203802   0.00229120   0.00254637   0.00250896   0.00216304   0.00176899   0.00161763   0.00177145   0.00202200   0.00208903   0.00187219   0.00153002   0.00132572   0.00138844   0.00160564   0.00173521   0.00162665   0.00134994   0.00112244   0.00110862   0.00127643   0.00143511   0.00141224   0.00120613   0.00097939   0.00090666   0.00101854   0.00118075   0.00122098   0.00108410   0.00087617   0.00076291   0.00081934   0.00096658   0.00104867   0.00097491   0.00079820   0.00066194   0.00066827   0.00078838   0.00089336   0.00087339   0.00073516   0.00059149   0.00055628   0.00064252   0.00075437   0.00077697   0.00068003   0.00054189   0.00047542   0.00052560   0.00063155   0.00068481   0.00062825   0.00050559   0.00041871   0.00043425   0.00052492   0.00059712   0.00057717   0.00047685   0.00038004   0.00036504   0.00043433 
 -0.00000010  -0.68028370  -1.40152557  -2.18874405  -3.03076847  -3.86333614  -4.57343150  -5.03690920  -5.17896914  -5.02411277  -4.69939299  -4.37938047  -4.19909342  -4.18544894  -4.24937248  -4.24330036  -4.04753068  -3.63217384  -3.06030008  -2.43798465  -1.84975772  -1.32180746  -0.83048065  -0.34059052   0.15918943   0.64808450   1.09206418   1.46968522   1.78324894   2.04875658   2.27591485   2.45565395   2.56409006   2.57745702   2.48459844   2.28769467   1.99310520   1.60242596   1.11262243   0.52546551  -0.14158851  -0.85185427  -1.55578612  -2.20241354  -2.74852714  -3.16200603  -3.42139473  -3.51624508  -3.45014088  -3.24377550  -2.93357049  -2.56399293  -2.17659006  -1.80152925  -1.45572782  -1.14694730  -0.87940471  -0.65646700  -0.47943358  -0.34507337  -0.24537598  -0.17054569  -0.11307199  -0.06967004  -0.03978863  -0.02236187  -0.01383135  -0.00909078  -0.00428096   0.00122868   0.00546267   0.00644198   0.00441522   0.00182102   0.00119216   0.00301637   0.00548526   0.00627089   0.00465219   0.00208645   0.00080238   0.00177350   0.00391274   0.00514654   0.00431713   0.00217362   0.00061042   0.00091728   0.00265239   0.00411772   0.00393753   0.00227678   0.00062442   0.00039956   0.00168115   0.00319468   0.00351384   0.00234750   0.00075379   0.00013364   0.00095772   0.00238080   0.00305431   0.00235900   0.00093331   0.00005007   0.00044644   0.00168069   0.00257429   0.00230073   0.00111697   0.00009214   0.00011455   0.00109748   0.00209207   0.00217335   0.00127350   0.00021326  -0.00006915   0.00063130   0.00162621   0.00198506   0.00138331   0.00037544  -0.00013461   0.00027875   0.00119363   0.00174888   0.00143618   0.00054832  -0.00011041   0.00003279   0.00080840   0.00148047   0.00142933   0.00070863  -0.00002329  -0.00011691   0.00048097   0.00119638   0.00136586   0.00083958   0.00010234  -0.00018333   0.00021785   0.00091272   0.00125321   0.00093036   0.00024502  -0.00018137   0.00002154 
 -0.00000015  -0.98685643  -1.82192144  -2.45308949  -2.95238429  -3.44664183  -4.00662935  -4.57838665  -5.00956077  -5.15334853  -4.97559535  -4.58826760  -4.18544894  -3.92648973  -3.84555073  -3.84477343  -3.76858291  -3.50350502  -3.03748775  -2.44786169  -1.83831434  -1.27520998  -0.76454717  -0.27508601   0.21977469   0.71594061   1.18372018   1.59270904   1.93224810   2.21153209   2.44272495   2.62369078   2.73463942   2.74946138   2.65049701   2.43457027   2.10746461   1.67441487   1.13675313   0.49834700  -0.22359174  -0.99249057  -1.75625590  -2.45839381  -3.04931947  -3.49249312  -3.76541643  -3.85928924  -3.78023614  -3.55109381  -3.21007563  -2.80395910  -2.37762197  -1.96499993  -1.58592165  -1.24924727  -0.95862550  -0.71626157  -0.52279777  -0.37515017  -0.26568930  -0.18445004  -0.12295591  -0.07664890  -0.04415378  -0.02438606  -0.01426015  -0.00897590  -0.00440425   0.00076603   0.00510987   0.00665847   0.00520411   0.00272246   0.00169758   0.00300405   0.00529153   0.00635907   0.00519616   0.00283821   0.00133897   0.00188049   0.00375883   0.00511017   0.00464035   0.00275841   0.00112706   0.00110971   0.00255958   0.00402150   0.00409955   0.00270911   0.00109391   0.00064835   0.00165618   0.00308319   0.00356443   0.00264696   0.00115932   0.00041196   0.00099675   0.00228279   0.00303406   0.00254766   0.00126644   0.00033484   0.00053944   0.00161299   0.00251541   0.00240137   0.00137597   0.00036482   0.00024827   0.00106797   0.00201926   0.00220804   0.00146175   0.00046002   0.00009100   0.00064134   0.00155741   0.00197421   0.00150790   0.00058701   0.00003812   0.00032504   0.00114090   0.00171048   0.00150665   0.00071967   0.00006249   0.00010903   0.00077876   0.00142964   0.00145657   0.00083836   0.00013948  -0.00001874   0.00047727   0.00114518   0.00136115   0.00092934   0.00024714  -0.00007187   0.00023964   0.00087007   0.00122746   0.00098412   0.00036656  -0.00006507   0.00006592 
 -0.00000016  -1.02738955  -1.86556272  -2.43532048  -2.80507150  -3.13232422  -3.54953840  -4.07078880  -4.57995025  -4.90564135  -4.93134761  -4.66869926  -4.24937248  -3.84555073  -3.57291892  -3.43610847  -3.34409668  -3.17711054  -2.85803338  -2.38607315  -1.82069342  -1.23624028  -0.68118597  -0.16522568   0.32574413   0.80463527   1.26781907   1.69709882   2.07234453   2.38209332   2.62415906   2.79792830   2.89627110   2.90382392   2.80222704   2.57752073   2.22439009   1.74576421   1.15051725   0.45309453  -0.32365190  -1.14471519  -1.96211790  -2.71932521  -3.36000720  -3.83790482  -4.12439176  -4.21192142  -4.11341972  -3.85868150  -3.48886311  -3.04989989  -2.58572655  -2.13253808  -1.71544601  -1.34825438  -1.03583645  -0.77752984  -0.56986925  -0.40789049  -0.28541997  -0.19531329  -0.13023407  -0.08375383  -0.05107926  -0.02895243  -0.01493248  -0.00672166  -0.00205658   0.00088092   0.00304038   0.00453812   0.00516774   0.00496710   0.00439242   0.00401981   0.00410687   0.00443557   0.00456839   0.00426807   0.00370127   0.00326408   0.00321382   0.00344964   0.00362748   0.00348384   0.00306552   0.00266680   0.00254962   0.00271109   0.00290288   0.00286896   0.00257526   0.00222623   0.00206673   0.00215982   0.00234087   0.00237868   0.00218680   0.00189266   0.00171076   0.00174480   0.00190059   0.00198155   0.00187107   0.00163305   0.00144458   0.00143045   0.00155343   0.00165611   0.00160887   0.00142523   0.00124238   0.00119129   0.00127876   0.00138735   0.00138730   0.00125417   0.00108592   0.00100863   0.00106126   0.00116446   0.00119760   0.00110965   0.00096214   0.00086853   0.00088926   0.00097938   0.00103374   0.00098467   0.00086162   0.00076039   0.00075362   0.00082595   0.00089151   0.00087454   0.00077760   0.00067610   0.00064708   0.00069929   0.00076790   0.00077611   0.00070523   0.00060939   0.00056371   0.00059536   0.00066067   0.00068734   0.00064110   0.00055540   0.00049864 
 -0.00000012  -0.78008419  -1.48029657  -2.05386523  -2.50518918  -2.88331466  -3.25165151  -3.64718988  -4.05078272  -4.38762150  -4.56212630  -4.51084030  -4.24330036  -3.84477343  -3.43610847  -3.11233845  -2.89579311  -2.73119190  -2.52421882  -2.19843030  -1.73561180  -1.17774255  -0.59472854  -0.04286190   0.45883634   0.92315551   1.36995735   1.80306959   2.20447650   2.54606107   2.80626209   2.97773079   3.06157982   3.05524413   2.94520743   2.71059418   2.33433395   1.81319656   1.16026075   0.40041810  -0.43512215  -1.30999229  -2.17960827  -2.98911845  -3.67781299  -4.19065637  -4.49184523  -4.57323950  -4.45364097  -4.17052623  -3.76960783  -3.29705239  -2.79557011  -2.30239465  -1.84691426  -1.44791596  -1.11242149  -0.83780581  -0.61658841  -0.44119110  -0.30603580  -0.20655384  -0.13706192  -0.09001036  -0.05749907  -0.03373821  -0.01627324  -0.00494743   0.00041371   0.00157162   0.00146534   0.00240975   0.00467190   0.00674182   0.00702195   0.00540320   0.00336942   0.00264213   0.00366428   0.00528907   0.00589261   0.00484953   0.00304106   0.00199337   0.00248340   0.00388177   0.00478299   0.00429835   0.00282565   0.00163298   0.00168371   0.00278798   0.00382451   0.00378620   0.00267719   0.00146486   0.00117081   0.00195225   0.00299726   0.00329372   0.00254589   0.00141056   0.00086851   0.00133037   0.00229010   0.00281570   0.00240356   0.00141483   0.00071748   0.00088625   0.00169629   0.00235505   0.00223660   0.00143916   0.00067053   0.00058863   0.00121036   0.00191881   0.00204126   0.00145762   0.00068985   0.00040938   0.00082639   0.00151546   0.00182037   0.00145395   0.00074529   0.00032279   0.00053709   0.00115316   0.00158093   0.00141947   0.00081336   0.00030533   0.00033352   0.00083859   0.00133221   0.00135138   0.00087641   0.00033570   0.00020518   0.00057632   0.00108437   0.00125138   0.00092202   0.00039506   0.00014029   0.00036841   0.00084732   0.00112440   0.00094242 
 -0.00000007  -0.44712332  -0.95273901  -1.52330157  -2.10251650  -2.61033264  -3.00031435  -3.28922823  -3.53464136  -3.77789303  -3.99818103  -4.11613896  -4.04753068  -3.76858291  -3.34409668  -2.89579311  -2.53145066  -2.28314961  -2.09548655  -1.86870386  -1.52444242  -1.04971510  -0.49415717   0.07008787   0.59305398   1.06595781   1.50741336   1.93393660   2.33947204   2.69692468   2.97551943   3.15693806   3.23752664   3.21751512   3.08886176   2.83295310   2.42990345   1.87161945   1.16893753   0.34939747  -0.54980433  -1.48644466  -2.41250248  -3.27167801  -4.00172554  -4.54462143  -4.86088953  -4.94026843  -4.80272261  -4.48993655  -4.05289799  -3.54197345  -3.00217286  -2.47183282  -1.98144856  -1.55140055  -1.19021357  -0.89573562  -0.65960457  -0.47264260  -0.32800911  -0.22080552  -0.14567004  -0.09523535  -0.06110557  -0.03648639  -0.01807397  -0.00554236   0.00084296   0.00235467   0.00191594   0.00233211   0.00443019   0.00685308   0.00766203   0.00626453   0.00396537   0.00275085   0.00350530   0.00529474   0.00630703   0.00552439   0.00359614   0.00217286   0.00237649   0.00381996   0.00502766   0.00481175   0.00332448   0.00185834   0.00163194   0.00269825   0.00394955   0.00416490   0.00311282   0.00171603   0.00117120   0.00186022   0.00304079   0.00356158   0.00291578   0.00167106   0.00091447   0.00125194   0.00228122   0.00299398   0.00270842   0.00167150   0.00080058   0.00083049   0.00165717   0.00246268   0.00247956   0.00168184   0.00078165   0.00055972   0.00115768   0.00197251   0.00222720   0.00167884   0.00081989   0.00040806   0.00077237   0.00152987   0.00195541   0.00164868   0.00088571   0.00034736   0.00049031   0.00114087   0.00167194   0.00158479   0.00095647   0.00035243   0.00029957   0.00081025   0.00138649   0.00148623   0.00101563   0.00040096   0.00018718   0.00054068   0.00110929   0.00135626   0.00105200   0.00047357   0.00013939   0.00033241   0.00085004   0.00120108   0.00105907 
 -0.00000003  -0.24955570  -0.61159199  -1.12104084  -1.71118105  -2.25849376  -2.66351654  -2.91044373  -3.06498301  -3.21489667  -3.39800367  -3.56968777  -3.63217384  -3.50350502  -3.17711054  -2.73119190  -2.28314961  -1.92136817  -1.65938970  -1.43916560  -1.17590349  -0.81157375  -0.34336509   0.18541773   0.71859415   1.21843350   1.67588175   2.09870547   2.49152691   2.84376396   3.13187104   3.33034883   3.42093412   3.39349011   3.24036390   2.95115777   2.51350087   1.91977757   1.17507980   0.30141937  -0.66323761  -1.66889552  -2.65748548  -3.56616834  -4.33182803  -4.89870450  -5.22848520  -5.30908823  -5.15764391  -4.81570947  -4.33875166  -3.78449705  -3.20427247  -2.63879431  -2.11730165  -1.65813076  -1.26968820  -0.95194304  -0.69884269  -0.50138950  -0.35036479  -0.23771741  -0.15649510  -0.10014181  -0.06220320  -0.03684013  -0.01967190  -0.00813375  -0.00098006   0.00267420   0.00401005   0.00441835   0.00491167   0.00568588   0.00628282   0.00621852   0.00552067   0.00472710   0.00440101   0.00464058   0.00502955   0.00504820   0.00454880   0.00386589   0.00348586   0.00359979   0.00394861   0.00408242   0.00377649   0.00322071   0.00282486   0.00283666   0.00312688   0.00332593   0.00317000   0.00273345   0.00234404   0.00227372   0.00249561   0.00272291   0.00268081   0.00235418   0.00198869   0.00185617   0.00200730   0.00223588   0.00227705   0.00204960   0.00172120   0.00154552   0.00162863   0.00183921   0.00193758   0.00179734   0.00151519   0.00131396   0.00133541   0.00151491   0.00164825   0.00158231   0.00135191   0.00114087   0.00110948   0.00124989   0.00139954   0.00139440   0.00121794   0.00101064   0.00093677   0.00103434   0.00118498   0.00122702   0.00110374   0.00091129   0.00080606   0.00086050   0.00100010   0.00107598   0.00100265   0.00083362   0.00070818   0.00072204   0.00084165   0.00093880   0.00091018   0.00077051   0.00063551   0.00061352   0.00070717   0.00081416   0.00082346 
 -0.00000004  -0.25367961  -0.56611190  -0.96018534  -1.40784208  -1.84452752  -2.20463385  -2.45680879  -2.61772753  -2.73566897  -2.85383270  -2.97650611  -3.06030008  -3.03748775  -2.85803338  -2.52421882  -2.09548655  -1.65938970  -1.28581544  -0.99209463  -0.73941604  -0.46102634  -0.10329498   0.34559636   0.85448841   1.37203214   1.85551827   2.28686281   2.66834157   3.00528826   3.29035174   3.50002451   3.60347590   3.57496777   3.40037184   3.07483363   2.59634826   1.96277301   1.17609718   0.25133856  -0.77638701  -1.85165885  -2.90562604  -3.86616932  -4.66718243  -5.25541167  -5.59582039  -5.67648112  -5.51190928  -5.14208942  -4.62535422  -4.02644965  -3.40410331  -2.80280875  -2.25099557  -1.76414952  -1.34931746  -1.00802163  -0.73703162  -0.52854829  -0.37154525  -0.25447915  -0.16794200  -0.10560955  -0.06316022  -0.03643508  -0.02055001  -0.01063307  -0.00333618   0.00238224   0.00597842   0.00694642   0.00597002   0.00471029   0.00457232   0.00565677   0.00685285   0.00695308   0.00576382   0.00423941   0.00358138   0.00416160   0.00523702   0.00566914   0.00495775   0.00365397   0.00281645   0.00304229   0.00395652   0.00459294   0.00428429   0.00324396   0.00233432   0.00226614   0.00296961   0.00369135   0.00369844   0.00293339   0.00203637   0.00174189   0.00221651   0.00293306   0.00317171   0.00267335   0.00185331   0.00140160   0.00165255   0.00229836   0.00269037   0.00243476   0.00173671   0.00119339   0.00124233   0.00177378   0.00224933   0.00220177   0.00165299   0.00107679   0.00095638   0.00134880   0.00184824   0.00196744   0.00157949   0.00102005   0.00076925   0.00101401   0.00148900   0.00173070   0.00150185   0.00099832   0.00065852   0.00076005   0.00117407   0.00149420   0.00141201   0.00099258   0.00060438   0.00057724   0.00090542   0.00126274   0.00130673   0.00098876   0.00058943   0.00045538   0.00068391   0.00104201   0.00118638   0.00097712   0.00059865   0.00038392   0.00050893 
