# coconut-me2b/v0.99.21 
# 
# momentum space matrix elements 
# partial wave J=2, L=2/2, S=0, T=1, MT=1 
# 
# momentum grid [fm^-1]
0.000000 0.066667 0.133333 0.200000 0.266667 0.333333 0.400000 0.466667 0.533333 0.600000 0.666667 0.733333 0.800000 0.866667 0.933333 1.000000 1.066667 1.133333 1.200000 1.266667 1.333333 1.400000 1.466667 1.533333 1.600000 1.666667 1.733333 1.800000 1.866667 1.933333 2.000000 2.066667 2.133333 2.200000 2.266667 2.333333 2.400000 2.466667 2.533333 2.600000 2.666667 2.733333 2.800000 2.866667 2.933333 3.000000 3.066667 3.133333 3.200000 3.266667 3.333333 3.400000 3.466667 3.533333 3.600000 3.666667 3.733333 3.800000 3.866667 3.933333 4.000000 4.066667 4.133333 4.200000 4.266667 4.333333 4.400000 4.466667 4.533333 4.600000 4.666667 4.733333 4.800000 4.866667 4.933333 5.000000 5.066667 5.133333 5.200000 5.266667 5.333333 5.400000 5.466667 5.533333 5.600000 5.666667 5.733333 5.800000 5.866667 5.933333 6.000000 6.066667 6.133333 6.200000 6.266667 6.333333 6.400000 6.466667 6.533333 6.600000 6.666667 6.733333 6.800000 6.866667 6.933333 7.000000 7.066667 7.133333 7.200000 7.266667 7.333333 7.400000 7.466667 7.533333 7.600000 7.666667 7.733333 7.800000 7.866667 7.933333 8.000000 8.066667 8.133333 8.200000 8.266667 8.333333 8.400000 8.466667 8.533333 8.600000 8.666667 8.733333 8.800000 8.866667 8.933333 9.000000 9.066667 9.133333 9.200000 9.266667 9.333333 9.400000 9.466667 9.533333 9.600000 9.666667 9.733333 9.800000 9.866667 9.933333 10.000000 
#
# matrix elements [MeV fm^3] 
  0.00000000  -0.00000000   0.00000000   0.00000000   0.00000000   0.00000000   0.00000000  -0.00000000  -0.00000000  -0.00000000  -0.00000000  -0.00000000   0.00000000  -0.00000000  -0.00000000  -0.00000000  -0.00000000  -0.00000000   0.00000000  -0.00000000  -0.00000000  -0.00000000  -0.00000000  -0.00000000  -0.00000000   0.00000000   0.00000000   0.00000000  -0.00000000   0.00000000  -0.00000000  -0.00000000   0.00000000   0.00000000   0.00000000   0.00000000   0.00000000  -0.00000000   0.00000000  -0.00000000   0.00000000   0.00000000  -0.00000000  -0.00000000  -0.00000000   0.00000000  -0.00000000  -0.00000000  -0.00000000   0.00000000  -0.00000000  -0.00000000  -0.00000000  -0.00000000  -0.00000000   0.00000000   0.00000000   0.00000000   0.00000000  -0.00000000  -0.00000000   0.00000000   0.00000000   0.00000000   0.00000000  -0.00000000  -0.00000000  -0.00000000   0.00000000   0.00000000   0.00000000  -0.00000000  -0.00000000  -0.00000000   0.00000000   0.00000000   0.00000000  -0.00000000  -0.00000000  -0.00000000  -0.00000000   0.00000000   0.00000000   0.00000000  -0.00000000   0.00000000  -0.00000000   0.00000000   0.00000000   0.00000000  -0.00000000  -0.00000000  -0.00000000   0.00000000   0.00000000   0.00000000  -0.00000000  -0.00000000  -0.00000000   0.00000000   0.00000000   0.00000000   0.00000000  -0.00000000  -0.00000000  -0.00000000   0.00000000   0.00000000   0.00000000  -0.00000000  -0.00000000  -0.00000000   0.00000000   0.00000000   0.00000000  -0.00000000  -0.00000000  -0.00000000   0.00000000   0.00000000   0.00000000  -0.00000000  -0.00000000  -0.00000000  -0.00000000   0.00000000   0.00000000   0.00000000  -0.00000000  -0.00000000  -0.00000000   0.00000000   0.00000000   0.00000000  -0.00000000  -0.00000000  -0.00000000  -0.00000000   0.00000000   0.00000000   0.00000000  -0.00000000  -0.00000000   0.00000000   0.00000000  -0.00000000  -0.00000000  -0.00000000   0.00000000   0.00000000   0.00000000 
 -0.00000000   0.13631999   0.46257125   0.78217348   0.90541505   0.76099722   0.42882993   0.07909765  -0.13607558  -0.16579772  -0.06982106   0.04080216   0.08285952   0.04545946  -0.02259445  -0.06254012  -0.05067333  -0.00792734   0.02560866   0.02538899  -0.00158985  -0.02827294  -0.03270667  -0.01478449   0.00730114   0.01481840   0.00395184  -0.01325912  -0.02117642  -0.01409478   0.00031444   0.00919038   0.00599189  -0.00472833  -0.01249780  -0.01052325  -0.00108378   0.00740114   0.00823845   0.00202708  -0.00460942  -0.00535542   0.00033964   0.00730299   0.00963624   0.00589863  -0.00003172  -0.00279109  -0.00032725   0.00459502   0.00722239   0.00515748   0.00030042  -0.00312900  -0.00246120   0.00119558   0.00420690   0.00379535   0.00043008  -0.00281199  -0.00314428  -0.00052013   0.00249970   0.00317809   0.00103569  -0.00186604  -0.00291092  -0.00128596   0.00140180   0.00269420   0.00151680  -0.00094358  -0.00242215  -0.00165330   0.00055550   0.00215479   0.00174713  -0.00019965  -0.00186634  -0.00177612  -0.00009717   0.00158931   0.00177247   0.00036013  -0.00130660  -0.00172174  -0.00057099   0.00104174   0.00164840   0.00074937  -0.00078172  -0.00154230  -0.00088253   0.00054394   0.00142253   0.00098627  -0.00031809  -0.00128179  -0.00105171   0.00011707   0.00113517   0.00109191   0.00006763  -0.00097727  -0.00110073  -0.00022649   0.00082008   0.00108916   0.00036679  -0.00065945  -0.00105302  -0.00048161   0.00050490   0.00100164   0.00057737  -0.00035305  -0.00093223  -0.00064915   0.00021141   0.00085276   0.00070277  -0.00007702  -0.00076136  -0.00073482  -0.00004426   0.00066482   0.00075067   0.00015518  -0.00056185  -0.00074807  -0.00025129   0.00045822   0.00073196   0.00033523  -0.00035293  -0.00070097  -0.00040376   0.00025081   0.00065964   0.00045950  -0.00015100  -0.00060722  -0.00050017   0.00005744   0.00054784   0.00052844   0.00003073  -0.00048117  -0.00054282  -0.00011038   0.00041091 
  0.00000000   0.46257125   1.57272381   2.66945244   3.11105179   2.64894301   1.54103794   0.35300141  -0.40104429  -0.53839758  -0.24537528   0.11417700   0.26011284   0.14696858  -0.07204377  -0.20541362  -0.17196186  -0.03571510   0.07430885   0.07673215  -0.00837222  -0.09468712  -0.11051418  -0.05387933   0.01753123   0.04305019   0.00933233  -0.04566231  -0.07155765  -0.04930599  -0.00292671   0.02632060   0.01697060  -0.01685629  -0.04165661  -0.03532637  -0.00478279   0.02310124   0.02665294   0.00745964  -0.01341502  -0.01562954   0.00280847   0.02545228   0.03332338   0.02160468   0.00258245  -0.00652198   0.00103489   0.01654984   0.02482103   0.01807529   0.00229656  -0.00900777  -0.00719502   0.00429427   0.01385291   0.01252249   0.00170928  -0.00877795  -0.00997824  -0.00166635   0.00799928   0.01022572   0.00340860  -0.00589925  -0.00930908  -0.00416280   0.00443950   0.00862350   0.00490332  -0.00296576  -0.00773706  -0.00532246   0.00173453   0.00688252   0.00561974  -0.00059458  -0.00595061  -0.00569991  -0.00034607   0.00506617   0.00568584   0.00118692  -0.00415634  -0.00551423  -0.00185363   0.00331164   0.00527800   0.00242303  -0.00247693  -0.00493186  -0.00284228   0.00171935   0.00454788   0.00317260  -0.00099562  -0.00409296  -0.00337632   0.00035584   0.00362380   0.00350342   0.00023518  -0.00311557  -0.00352705  -0.00074008   0.00261323   0.00348880   0.00118843  -0.00209747  -0.00336956  -0.00155259   0.00160405   0.00320434   0.00185814  -0.00111729  -0.00297955  -0.00208490   0.00066547   0.00272486   0.00225552  -0.00023525  -0.00243047  -0.00235556  -0.00015125   0.00212154   0.00240539   0.00050595  -0.00179081  -0.00239495  -0.00081181   0.00145951   0.00234270   0.00107996  -0.00112190  -0.00224184  -0.00129759   0.00079572   0.00210912   0.00147537  -0.00047606  -0.00194010  -0.00160401   0.00017746   0.00174988   0.00169388   0.00010465  -0.00153562  -0.00173855  -0.00035863   0.00131080 
  0.00000000   0.78217348   2.66945244   4.56393953   5.38749443   4.69853819   2.89018523   0.87997002  -0.47065647  -0.82144460  -0.43454461   0.11766834   0.37033710   0.22071471  -0.11150429  -0.32856296  -0.29218612  -0.08929012   0.08420699   0.09742514  -0.02657037  -0.15890061  -0.18744445  -0.10429551   0.00543255   0.04834699   0.00096660  -0.08132407  -0.12175804  -0.08931422  -0.01853472   0.02820475   0.01702209  -0.03217313  -0.06899599  -0.05909850  -0.01177197   0.03274662   0.04107511   0.01460988  -0.01535730  -0.01783914   0.01083144   0.04620286   0.05939300   0.04253429   0.01375488  -0.00084516   0.00942123   0.03189761   0.04374448   0.03297608   0.00832719  -0.00984786  -0.00823720   0.00829574   0.02234558   0.02021530   0.00373761  -0.01243486  -0.01468518  -0.00245224   0.01208582   0.01558832   0.00542997  -0.00865512  -0.01398837  -0.00640150   0.00655216   0.01299314   0.00753195  -0.00430349  -0.01160511  -0.00810509   0.00248653   0.01032659   0.00854847  -0.00076242  -0.00889344  -0.00862829  -0.00062311   0.00757134   0.00860334   0.00189039  -0.00618344  -0.00831492  -0.00286782   0.00492263   0.00795716   0.00372327  -0.00365584  -0.00741436  -0.00433225   0.00252690   0.00683604   0.00482654  -0.00143254  -0.00613602  -0.00511491   0.00048103   0.00543123   0.00530317   0.00041012  -0.00465600  -0.00532400  -0.00115899   0.00390273   0.00526391   0.00183331  -0.00312004  -0.00507285  -0.00237111   0.00238132   0.00482254   0.00282939  -0.00164514  -0.00447542  -0.00316142   0.00096981   0.00409144   0.00341620  -0.00032079  -0.00364199  -0.00355871  -0.00025580   0.00317738   0.00363176   0.00078973  -0.00267527  -0.00360927  -0.00124485   0.00217785   0.00352903   0.00164763  -0.00166707  -0.00337175  -0.00197011   0.00117806   0.00317093   0.00223642  -0.00069560  -0.00291232  -0.00242531   0.00024864   0.00262557   0.00255918   0.00017632  -0.00230002  -0.00262220  -0.00055580   0.00196178 
  0.00000000   0.90541505   3.11105179   5.38749443   6.50209351   5.90092169   3.95038677   1.63029292  -0.08221679  -0.73260935  -0.51687620  -0.00700395   0.28247212   0.18496667  -0.12347554  -0.35327439  -0.34670779  -0.16488399   0.00939852   0.03997151  -0.06569125  -0.19122778  -0.22565353  -0.15241427  -0.04662448   0.00184278  -0.03496803  -0.10927542  -0.14855902  -0.11984658  -0.05199981  -0.00304865  -0.00714262  -0.04837135  -0.08029963  -0.06923592  -0.02171137   0.02548254   0.04008363   0.02151350  -0.00213541  -0.00162127   0.02760570   0.06345522   0.07862414   0.06469978   0.03777929   0.02234469   0.02930413   0.04782838   0.05694469   0.04511067   0.01995405   0.00037028  -0.00076018   0.01264799   0.02461902   0.02209263   0.00623638  -0.00961402  -0.01264252  -0.00193671   0.01141688   0.01488042   0.00563720  -0.00754924  -0.01286144  -0.00614245   0.00584338   0.01205737   0.00725444  -0.00367879  -0.01065162  -0.00765856   0.00208341   0.00950122   0.00807827  -0.00045791  -0.00810582  -0.00806435  -0.00075558   0.00691217   0.00804666   0.00194243  -0.00558405  -0.00771510  -0.00278959   0.00444637   0.00738931   0.00358679  -0.00324743  -0.00683996  -0.00410285   0.00223073   0.00631123   0.00456156  -0.00120284  -0.00562993  -0.00478959   0.00034881   0.00498573   0.00496346   0.00048347  -0.00424522  -0.00495153  -0.00115193   0.00355765   0.00489551   0.00177884  -0.00281814  -0.00469418  -0.00225430   0.00214519   0.00446293   0.00267857  -0.00145460  -0.00412296  -0.00296619   0.00084102   0.00376921   0.00320085  -0.00023536  -0.00333947  -0.00331583  -0.00028661   0.00291240   0.00338199   0.00078281  -0.00243805  -0.00334704  -0.00119260   0.00198182   0.00327166   0.00156552  -0.00150278  -0.00311466  -0.00185316   0.00105532   0.00292839   0.00209872  -0.00060511  -0.00268014  -0.00226366   0.00019725   0.00241522   0.00238620   0.00019777  -0.00210732  -0.00243580  -0.00054280   0.00179567 
  0.00000000   0.76099722   2.64894301   4.69853819   5.90092169   5.72430775   4.33437825   2.41802579   0.75569244  -0.18222889  -0.39189093  -0.20396918  -0.00118676   0.01304152  -0.13180254  -0.28310679  -0.32158334  -0.24537911  -0.14220128  -0.09919850  -0.13416176  -0.19660164  -0.22308267  -0.19193439  -0.13352042  -0.09586462  -0.10152800  -0.13270923  -0.15241064  -0.13851006  -0.10031397  -0.06616566  -0.05654614  -0.06739769  -0.07656275  -0.06500756  -0.03292672   0.00246715   0.02348722   0.02702104   0.02526444   0.03302396   0.05399842   0.07810697   0.09118264   0.08747867   0.07385710   0.06276027   0.06108248   0.06500064   0.06474012   0.05421268   0.03660645   0.02128419   0.01536579   0.01780859   0.02103023   0.01811049   0.00883358  -0.00066633  -0.00388012   0.00016833   0.00632140   0.00818315   0.00381368  -0.00288381  -0.00604680  -0.00323200   0.00258418   0.00595959   0.00397122  -0.00132937  -0.00503488  -0.00392908   0.00072906   0.00457163   0.00419368   0.00014856  -0.00375338  -0.00402393  -0.00060529   0.00324974   0.00405676   0.00123526  -0.00251076  -0.00377511  -0.00153933   0.00202408   0.00364917   0.00195968  -0.00137941  -0.00329323  -0.00212310   0.00094370   0.00306402   0.00236694  -0.00040376  -0.00266784  -0.00240705   0.00004055   0.00238019   0.00250571   0.00038965  -0.00197341  -0.00244314  -0.00066858   0.00166349   0.00242661   0.00098920  -0.00127100  -0.00228373  -0.00117985   0.00096741   0.00218063   0.00139572  -0.00060910  -0.00198026  -0.00150035   0.00033361   0.00181739   0.00162032  -0.00002428  -0.00158169  -0.00164608  -0.00020763   0.00138355   0.00168215   0.00045821  -0.00113305  -0.00163983  -0.00063683   0.00092132   0.00160632   0.00082365  -0.00067416  -0.00150916  -0.00094443   0.00046725   0.00142175   0.00106685  -0.00023858  -0.00128435  -0.00112977   0.00005129   0.00115917   0.00119095   0.00014709  -0.00099647  -0.00119979  -0.00030374   0.00084925 
  0.00000000   0.42882993   1.54103794   2.89018523   3.95038677   4.33437825   3.93742738   2.94796509   1.73279664   0.66306634  -0.03218855  -0.32253022  -0.33301490  -0.24227971  -0.18439608  -0.20238895  -0.26363845  -0.31142645  -0.31288603  -0.27575327  -0.23236441  -0.21051444  -0.21463376  -0.22818426  -0.23085406  -0.21485356  -0.18839630  -0.16621337  -0.15672145  -0.15633291  -0.15414718  -0.14167585  -0.11913442  -0.09381199  -0.07299082  -0.05792380  -0.04365691  -0.02411486   0.00236812   0.03168985   0.05745171   0.07586552   0.08790260   0.09725693   0.10635256   0.11403297   0.11677030   0.11204805   0.10081781   0.08696811   0.07444848   0.06462729   0.05604681   0.04652093   0.03553953   0.02487064   0.01699438   0.01291885   0.01135189   0.00988090   0.00701723   0.00328483   0.00048443  -0.00009222   0.00113604   0.00243453   0.00229317   0.00068701  -0.00103362  -0.00144447  -0.00032607   0.00120152   0.00173698   0.00084573  -0.00061484  -0.00132843  -0.00071126   0.00061041   0.00141999   0.00102035  -0.00017519  -0.00106731  -0.00088206   0.00015776   0.00108034   0.00106607   0.00016955  -0.00077094  -0.00091734  -0.00017869   0.00074230   0.00101232   0.00041699  -0.00047540  -0.00085600  -0.00040855   0.00042916   0.00088895   0.00057328  -0.00020452  -0.00073010  -0.00054412   0.00015666   0.00072195   0.00064872   0.00002640  -0.00056634  -0.00059956  -0.00006566   0.00053348   0.00065613   0.00020870  -0.00038665  -0.00059006  -0.00023342   0.00034181   0.00060960   0.00033896  -0.00020855  -0.00053109  -0.00034644   0.00016142   0.00052357   0.00041794  -0.00004542  -0.00043766  -0.00040790   0.00000307   0.00041201   0.00044963   0.00009319  -0.00032382  -0.00042352  -0.00012596   0.00028782   0.00044032   0.00020128  -0.00020210  -0.00040086  -0.00022165   0.00016234   0.00039789   0.00027603  -0.00008318  -0.00034851  -0.00028287   0.00004497   0.00033101   0.00031740   0.00002438  -0.00027554 
 -0.00000000   0.07909765   0.35300141   0.87997002   1.63029292   2.41802579   2.94796509   2.96467343   2.40813546   1.46674134   0.48482644  -0.21929164  -0.50955850  -0.46897756  -0.30707217  -0.21226102  -0.24953618  -0.35945650  -0.43817341  -0.42718715  -0.34825691  -0.27018125  -0.24622962  -0.27556573  -0.31411733  -0.31772726  -0.27799618  -0.22333896  -0.18981370  -0.18997362  -0.20554580  -0.20667707  -0.17826108  -0.13053652  -0.08710453  -0.06322067  -0.05385641  -0.04054949  -0.00915962   0.03776706   0.08403985   0.11414544   0.12552050   0.12852909   0.13544884   0.14909952   0.16105472   0.16016098   0.14304846   0.11725182   0.09473042   0.08209730   0.07623538   0.06862196   0.05385477   0.03457720   0.01876573   0.01235488   0.01406279   0.01686297   0.01438722   0.00630991  -0.00195094  -0.00457016  -0.00064518   0.00519464   0.00714246   0.00336833  -0.00264636  -0.00555376  -0.00302992   0.00231228   0.00551516   0.00381402  -0.00102443  -0.00452500  -0.00364151   0.00059937   0.00422562   0.00401785   0.00034732  -0.00333550  -0.00373819  -0.00066371   0.00296234   0.00385914   0.00134515  -0.00217223  -0.00349577  -0.00154017   0.00178970   0.00344003   0.00199838  -0.00111006  -0.00302381  -0.00207566   0.00076006   0.00285279   0.00234801  -0.00019737  -0.00241307  -0.00231961  -0.00009360   0.00217570   0.00244079   0.00053752  -0.00173878  -0.00232401  -0.00075462   0.00147395   0.00232664   0.00108265  -0.00106210  -0.00214161  -0.00122009   0.00080007   0.00205626   0.00143937  -0.00043097  -0.00182418  -0.00149843   0.00019440   0.00167904   0.00161973   0.00011915  -0.00142074  -0.00160702  -0.00031448   0.00124114   0.00164398   0.00056450  -0.00097594  -0.00156999  -0.00070896   0.00078396   0.00153817   0.00089213  -0.00052881  -0.00141589  -0.00098149   0.00034284   0.00133187   0.00109867  -0.00011167  -0.00117563  -0.00113337  -0.00005377   0.00105610   0.00118902   0.00025040  -0.00088045 
 -0.00000000  -0.13607558  -0.40104429  -0.47065647  -0.08221679   0.75569244   1.73279664   2.40813546   2.46802349   1.90230427   0.99181245   0.12884411  -0.40313727  -0.55247427  -0.46642030  -0.35118581  -0.33335921  -0.40953740  -0.49524910  -0.51518519  -0.46123107  -0.38419682  -0.34112078  -0.34861659  -0.37772286  -0.38637757  -0.35653701  -0.30503389  -0.26370381  -0.25008896  -0.25447202  -0.25166555  -0.22419822  -0.17586698  -0.12552424  -0.08894580  -0.06573754  -0.04190564  -0.00410800   0.04795575   0.10150839   0.14181098   0.16378940   0.17419594   0.18350810   0.19571764   0.20518603   0.20269797   0.18457683   0.15653149   0.12917318   0.10966241   0.09697746   0.08455328   0.06732502   0.04662078   0.02877865   0.01922124   0.01760840   0.01833340   0.01560119   0.00831892   0.00050540  -0.00283306  -0.00040313   0.00430636   0.00630432   0.00353936  -0.00151959  -0.00440190  -0.00277334   0.00158085   0.00456725   0.00355798  -0.00034932  -0.00351885  -0.00316538   0.00019872   0.00339350   0.00355458   0.00068128  -0.00250683  -0.00314157  -0.00078398   0.00229975   0.00329994   0.00140957  -0.00154513  -0.00286549  -0.00144327   0.00131575   0.00286677   0.00186298  -0.00068618  -0.00242424  -0.00182437   0.00047224   0.00232388   0.00207774   0.00003763  -0.00188878  -0.00197223  -0.00021240   0.00172978   0.00209342   0.00060858  -0.00131728  -0.00193177  -0.00073081   0.00113304   0.00195119   0.00102098  -0.00075652  -0.00174722  -0.00108515   0.00057256   0.00169221   0.00127900  -0.00024273  -0.00146106  -0.00128560   0.00007784   0.00135609   0.00139470   0.00019781  -0.00111294  -0.00134866  -0.00033072   0.00097952   0.00138612   0.00054803  -0.00073855  -0.00129561  -0.00064122   0.00059509   0.00127550   0.00079935  -0.00036871  -0.00115071  -0.00084955   0.00023034   0.00108751   0.00095070  -0.00002870  -0.00093968  -0.00095845  -0.00009284   0.00084760   0.00100743   0.00026224  -0.00068813 
 -0.00000000  -0.16579772  -0.53839758  -0.82144460  -0.73260935  -0.18222889   0.66306634   1.46674134   1.90230427   1.81832236   1.29703570   0.58529219  -0.04797270  -0.43921853  -0.57689423  -0.55911974  -0.50676433  -0.49200505  -0.51873105  -0.55059770  -0.55430832  -0.52518958  -0.48327470  -0.45166219  -0.43820194  -0.43350104  -0.42271902  -0.39871690  -0.36594317  -0.33403603  -0.30847050  -0.28644013  -0.26033926  -0.22460693  -0.17974068  -0.13072514  -0.08221122  -0.03507955   0.01290884   0.06356061   0.11529128   0.16328600   0.20234378   0.22977978   0.24607783   0.25319519   0.25239621   0.24358317   0.22647348   0.20225600   0.17405012   0.14570070   0.11995547   0.09753813   0.07774788   0.05987963   0.04416646   0.03152959   0.02255163   0.01672795   0.01269261   0.00917511   0.00580580   0.00308744   0.00163780   0.00143774   0.00174830   0.00171018   0.00103210   0.00014315  -0.00028974  -0.00000537   0.00062881   0.00097858   0.00072165   0.00010918  -0.00030205  -0.00017113   0.00033509   0.00072503   0.00064452   0.00018565  -0.00022450  -0.00022870   0.00014362   0.00052644   0.00056663   0.00024089  -0.00014265  -0.00024105   0.00001252   0.00036406   0.00048551   0.00027456  -0.00006534  -0.00022484  -0.00007347   0.00023192   0.00040354   0.00028918   0.00000295  -0.00019114  -0.00012504   0.00012597   0.00032308   0.00028759   0.00005976  -0.00014776  -0.00015025   0.00004315   0.00024637   0.00027272   0.00010397  -0.00010043  -0.00015542  -0.00001909   0.00017532   0.00024749   0.00013536  -0.00005336  -0.00014574  -0.00006304   0.00011155   0.00021476   0.00015441  -0.00000964  -0.00012558  -0.00009094   0.00005629   0.00017726   0.00016208   0.00002851  -0.00009871  -0.00010499   0.00001036   0.00013752   0.00015973   0.00005964  -0.00006830  -0.00010748  -0.00002583   0.00009781   0.00014900   0.00008294  -0.00003708  -0.00010067  -0.00005227   0.00006010   0.00013170   0.00009815  -0.00000726 
 -0.00000000  -0.06982106  -0.24537528  -0.43454461  -0.51687620  -0.39189093  -0.03218855   0.48482644   0.99181245   1.29703570   1.27320171   0.92198090   0.37510368  -0.17163228  -0.55452892  -0.71315368  -0.69832679  -0.61951850  -0.57086392  -0.58329274  -0.62689070  -0.65138730  -0.62971919  -0.57410198  -0.51906728  -0.49071513  -0.48806586  -0.48870735  -0.47022685  -0.42799305  -0.37572972  -0.33103789  -0.29981423  -0.27249893  -0.23373336  -0.17581005  -0.10436391  -0.03256834   0.02991131   0.08331988   0.13473277   0.18923597   0.24363319   0.28800380   0.31323542   0.31770997   0.30762558   0.29131221   0.27292640   0.25087646   0.22171714   0.18543170   0.14716841   0.11402454   0.08996044   0.07339354   0.05940630   0.04437439   0.02888435   0.01659939   0.01043035   0.00961680   0.01025928   0.00862524   0.00414423  -0.00052684  -0.00224386  -0.00033269   0.00285632   0.00413471   0.00229863  -0.00095494  -0.00272545  -0.00156952   0.00128704   0.00317984   0.00245140  -0.00012860  -0.00217771  -0.00190857   0.00030738   0.00238016   0.00245228   0.00054580  -0.00154891  -0.00195820  -0.00040420   0.00162146   0.00227427   0.00102383  -0.00093085  -0.00181269  -0.00088438   0.00093637   0.00197123   0.00131895  -0.00036910  -0.00153856  -0.00116477   0.00034894   0.00159156   0.00145248   0.00010747  -0.00118999  -0.00127778  -0.00012664   0.00117687   0.00145023   0.00048273  -0.00081106  -0.00125613  -0.00048470   0.00076178   0.00134032   0.00075061  -0.00043679  -0.00113209  -0.00072684   0.00037393   0.00115147   0.00091302  -0.00009403  -0.00093660  -0.00086063   0.00003406   0.00091150   0.00097810   0.00019803  -0.00069834  -0.00089832  -0.00024375   0.00064622   0.00095855   0.00042718  -0.00044295  -0.00085551  -0.00045163   0.00037843   0.00087020   0.00058751  -0.00019233  -0.00074989  -0.00058733   0.00012723   0.00073059   0.00067865   0.00003583  -0.00059999  -0.00065349  -0.00009244   0.00055773 
 -0.00000000   0.04080216   0.11417700   0.11766834  -0.00700395  -0.20396918  -0.32253022  -0.21929164   0.12884411   0.58529219   0.92198090   0.95274658   0.64341579   0.12697662  -0.38171332  -0.71073562  -0.81391819  -0.76620208  -0.68873242  -0.66395106  -0.69718859  -0.73955793  -0.74212843  -0.69565737  -0.63008957  -0.58307357  -0.56834929  -0.56905288  -0.55682282  -0.51686539  -0.45760889  -0.39948802  -0.35534430  -0.32004850  -0.27684706  -0.21297117  -0.13024561  -0.04242233   0.03683715   0.10398428   0.16532867   0.22799782   0.29104048   0.34459541   0.37731205   0.38503970   0.37330281   0.35205538   0.32791874   0.30070952   0.26664757   0.22456866   0.17917003   0.13846526   0.10801231   0.08720029   0.07074592   0.05378748   0.03594138   0.02093312   0.01253651   0.01073377   0.01152041   0.01030716   0.00568015   0.00016573  -0.00249072  -0.00090600   0.00272400   0.00470010   0.00313788  -0.00050341  -0.00294342  -0.00212904   0.00098979   0.00346606   0.00309216   0.00033079  -0.00224087  -0.00234679  -0.00003348   0.00248909   0.00293433   0.00099071  -0.00149547  -0.00227900  -0.00074776   0.00160501   0.00261818   0.00143279  -0.00079603  -0.00202676  -0.00120449   0.00083456   0.00219660   0.00167795  -0.00018197  -0.00165908  -0.00144482   0.00019348   0.00171734   0.00175331   0.00032300  -0.00123146  -0.00150807  -0.00031047   0.00122133   0.00168923   0.00070718  -0.00078847  -0.00143222  -0.00067689   0.00074237   0.00151751   0.00096847  -0.00036508  -0.00125361  -0.00091190   0.00030709   0.00126977   0.00111239   0.00001245  -0.00100631  -0.00102704  -0.00006506   0.00097615   0.00115042   0.00032592  -0.00072138  -0.00103809  -0.00036147   0.00066417   0.00109832   0.00056446  -0.00042613  -0.00096383  -0.00057603   0.00035779   0.00097467   0.00072380  -0.00014356  -0.00082470  -0.00070838   0.00007675   0.00079944   0.00080538   0.00010810  -0.00064164  -0.00076317  -0.00016386   0.00059273 
  0.00000000   0.08285952   0.26011284   0.37033710   0.28247212  -0.00118676  -0.33301490  -0.50955850  -0.40313727  -0.04797270   0.37510368   0.64341579   0.61785716   0.31145922  -0.13456866  -0.54240056  -0.79373910  -0.87403962  -0.84939364  -0.80467274  -0.78940194  -0.80239392  -0.81383395  -0.79924322  -0.75839082  -0.70983653  -0.67182541  -0.64775660  -0.62661941  -0.59477176  -0.54722945  -0.48944448  -0.43002784  -0.37221053  -0.31150223  -0.24059358  -0.15632215  -0.06258881   0.03257877   0.12245509   0.20461853   0.27945043   0.34627966   0.40112829   0.43815331   0.45338856   0.44746776   0.42513941   0.39226960   0.35300423   0.30924086   0.26227627   0.21462507   0.17012796   0.13226133   0.10226579   0.07881893   0.05952200   0.04286857   0.02904464   0.01905796   0.01318585   0.01022774   0.00819448   0.00572469   0.00291377   0.00085408   0.00037993   0.00118347   0.00205542   0.00195004   0.00085889  -0.00028299  -0.00051783   0.00025957   0.00125062   0.00151933   0.00083866  -0.00014806  -0.00055615  -0.00006948   0.00080631   0.00124354   0.00085487   0.00001866  -0.00050195  -0.00026661   0.00046179   0.00098938   0.00083821   0.00016678  -0.00040383  -0.00037235   0.00019584   0.00075410   0.00079015   0.00028703  -0.00028380  -0.00041007  -0.00000334   0.00053945   0.00071552   0.00037519  -0.00015757  -0.00039779  -0.00014471   0.00034815   0.00062058   0.00043026  -0.00003650  -0.00035013  -0.00023599   0.00018288   0.00051220   0.00045360   0.00007131  -0.00027935  -0.00028443   0.00004569   0.00039727   0.00044826   0.00016043  -0.00019580  -0.00029715  -0.00006236   0.00028231   0.00041853   0.00022767  -0.00010819  -0.00028125  -0.00014129   0.00017311   0.00036949   0.00027177  -0.00002363  -0.00024374  -0.00019229   0.00007452   0.00030665   0.00029310   0.00005230  -0.00019140  -0.00021755  -0.00000971   0.00023557   0.00029336   0.00011552  -0.00013057  -0.00022020  -0.00007703   0.00016157 
 -0.00000000   0.04545946   0.14696858   0.22071471   0.18496667   0.01304152  -0.24227971  -0.46897756  -0.55247427  -0.43921853  -0.17163228   0.12697662   0.31145922   0.28648129   0.05169835  -0.30354218  -0.65077859  -0.88764120  -0.98083984  -0.96624117  -0.91257283  -0.87574561  -0.87216685  -0.88288956  -0.87888199  -0.84597673  -0.79261580  -0.73878397  -0.69820773  -0.66851472  -0.63544632  -0.58549817  -0.51580727  -0.43403129  -0.34997350  -0.26703817  -0.18060970  -0.08387091   0.02460076   0.13794682   0.24476993   0.33581243   0.40794822   0.46279294   0.50205724   0.52424766   0.52561327   0.50420241   0.46318566   0.41042328   0.35462332   0.30127783   0.25150590   0.20425467   0.15950168   0.11955740   0.08754784   0.06474328   0.04930344   0.03758232   0.02679778   0.01673222   0.00910661   0.00536985   0.00496184   0.00554415   0.00486156   0.00248399  -0.00010726  -0.00107388   0.00004361   0.00194054   0.00276527   0.00176385  -0.00013118  -0.00123213  -0.00064072   0.00099453   0.00213572   0.00176824   0.00027477  -0.00097774  -0.00090510   0.00034290   0.00157716   0.00168004   0.00059841  -0.00066001  -0.00097625  -0.00012444   0.00106764   0.00150627   0.00082146  -0.00033448  -0.00091561  -0.00043560   0.00062099   0.00127402   0.00094667  -0.00003447  -0.00076950  -0.00061557   0.00024685   0.00100880   0.00098379   0.00021924  -0.00057460  -0.00068810  -0.00004985   0.00073322   0.00094674   0.00041520  -0.00035996  -0.00067602  -0.00026853   0.00046629   0.00085156   0.00054900  -0.00014816  -0.00060104  -0.00041250   0.00022311   0.00071500   0.00062163   0.00004396  -0.00048336  -0.00048828   0.00001477   0.00055344   0.00063819   0.00020470  -0.00034129  -0.00050486  -0.00015158   0.00038200   0.00060663   0.00032691  -0.00019085  -0.00047293  -0.00027249   0.00021392   0.00053683   0.00040751  -0.00004542  -0.00040417  -0.00034780   0.00006010   0.00043959   0.00044685   0.00008445  -0.00031043 
 -0.00000000  -0.02259445  -0.07204377  -0.11150429  -0.12347554  -0.13180254  -0.18439608  -0.30707217  -0.46642030  -0.57689423  -0.55452892  -0.38171332  -0.13456866   0.05169835   0.06026166  -0.13763387  -0.46686868  -0.79562641  -1.01231068  -1.08151363  -1.04664850  -0.98544601  -0.95461085  -0.96141420  -0.97528519  -0.96253228  -0.91431810  -0.84878477  -0.79114465  -0.75158857  -0.71897238  -0.67271618  -0.60041724  -0.50604512  -0.40355357  -0.30347586  -0.20481993  -0.09850119   0.02195714   0.15239291   0.27924970   0.38820396   0.47233157   0.53329713   0.57572914   0.60072153   0.60443643   0.58262525   0.53649095   0.47438714   0.40781975   0.34524535   0.28880728   0.23626099   0.18577147   0.13909356   0.10054252   0.07313419   0.05568751   0.04354993   0.03219620   0.02043452   0.01048942   0.00514102   0.00466342   0.00628579   0.00648295   0.00387457   0.00011151  -0.00192648  -0.00087129   0.00193356   0.00373989   0.00289364   0.00022880  -0.00182635  -0.00151020   0.00073177   0.00276040   0.00274211   0.00077128  -0.00131328  -0.00166173  -0.00006935   0.00192112   0.00248604   0.00116801  -0.00077913  -0.00159470  -0.00061364   0.00118704   0.00213920   0.00141178  -0.00028016  -0.00138529  -0.00094588   0.00056693   0.00173709   0.00151628   0.00015137  -0.00109075  -0.00110447   0.00006604   0.00131226   0.00150125   0.00049684  -0.00075620  -0.00112462  -0.00031508   0.00089296   0.00138974   0.00074789  -0.00041695  -0.00103919  -0.00058066   0.00050243   0.00120617   0.00090416  -0.00009999  -0.00087868  -0.00073917   0.00015858   0.00097487   0.00097141   0.00017514  -0.00067099  -0.00080273  -0.00012613   0.00071880   0.00095996   0.00039559  -0.00044091  -0.00078615  -0.00034447   0.00045865   0.00088336   0.00055447  -0.00020972  -0.00070597  -0.00049409   0.00021205   0.00075702   0.00065011   0.00000516  -0.00057956  -0.00057699  -0.00000688   0.00059713   0.00068528   0.00019043  -0.00042410 
 -0.00000000  -0.06254012  -0.20541362  -0.32856296  -0.35327439  -0.28310679  -0.20238895  -0.21226102  -0.35118581  -0.55911974  -0.71315368  -0.71073562  -0.54240056  -0.30354218  -0.13763387  -0.14996358  -0.34869448  -0.64838983  -0.92775445  -1.09959714  -1.14871394  -1.12041916  -1.07677666  -1.05499330  -1.05380421  -1.04934900  -1.02167831  -0.97016539  -0.90934886  -0.85327788  -0.80338206  -0.74891347  -0.67720319  -0.58364098  -0.47340117  -0.35513532  -0.23345708  -0.10691154   0.02758777   0.16857700   0.30777060   0.43338800   0.53588753   0.61135395   0.66042111   0.68466037   0.68418873   0.65855880   0.60967488   0.54362926   0.46946105   0.39567001   0.32723957   0.26533356   0.20944829   0.15983674   0.11812216   0.08589144   0.06289920   0.04671513   0.03418496   0.02339194   0.01441942   0.00837157   0.00567114   0.00520424   0.00500607   0.00375614   0.00167867   0.00006905  -0.00005511   0.00107058   0.00219259   0.00219081   0.00105320  -0.00019234  -0.00046886   0.00037579   0.00148227   0.00180682   0.00106844  -0.00004046  -0.00052890  -0.00001448   0.00096418   0.00147922   0.00106828   0.00012736  -0.00048817  -0.00025648   0.00055658   0.00117436   0.00103332   0.00028115  -0.00038900  -0.00038837   0.00024088   0.00089155   0.00096400   0.00040702  -0.00025934  -0.00043755   0.00000455   0.00063353   0.00086504   0.00049789  -0.00011948  -0.00042572  -0.00016239   0.00040407   0.00074347   0.00055133   0.00001586  -0.00037077  -0.00026892   0.00020671   0.00060733   0.00056829   0.00013618  -0.00028785  -0.00032373   0.00004406   0.00046492   0.00055215   0.00023451  -0.00018981  -0.00033560  -0.00008262   0.00032405   0.00050798   0.00030679  -0.00008739  -0.00031331  -0.00017351   0.00019172   0.00044193   0.00035146   0.00001065  -0.00026560  -0.00023027   0.00007367   0.00036072   0.00036907   0.00009753  -0.00020088  -0.00025587  -0.00002575   0.00027112   0.00036185   0.00016839  -0.00012701 
 -0.00000000  -0.05067333  -0.17196186  -0.29218612  -0.34670779  -0.32158334  -0.26363845  -0.24953618  -0.33335921  -0.50676433  -0.69832679  -0.81391819  -0.79373910  -0.65077859  -0.46686868  -0.34869448  -0.37033882  -0.53607625  -0.78341006  -1.02134290  -1.17876803  -1.23470590  -1.21631343  -1.17154979  -1.13723129  -1.12216969  -1.11193530  -1.08683436  -1.03799813  -0.97110461  -0.89809240  -0.82569508  -0.75016907  -0.66119858  -0.55049933  -0.41783635  -0.27038427  -0.11718742   0.03599298   0.18735625   0.33549123   0.47534206   0.59751538   0.69161379   0.75090933   0.77481645   0.76769981   0.73554259   0.68336935   0.61514429   0.53543834   0.45066684   0.36831567   0.29455998   0.23219323   0.18053800   0.13732992   0.10098065   0.07147770   0.04948610   0.03476175   0.02544154   0.01884800   0.01304690   0.00777089   0.00395397   0.00237191   0.00262180   0.00329167   0.00307533   0.00177857   0.00032812  -0.00017344   0.00053276   0.00166109   0.00212173   0.00149130   0.00034315  -0.00031877   0.00002691   0.00098353   0.00163707   0.00139325   0.00048711  -0.00026892  -0.00023582   0.00049332   0.00121261   0.00126102   0.00060795  -0.00015003  -0.00035014   0.00014312   0.00084167   0.00109748   0.00068770  -0.00000562  -0.00036335  -0.00009256   0.00052592   0.00091294   0.00072135   0.00013671  -0.00031077  -0.00023489   0.00026665   0.00071907   0.00071081   0.00025976  -0.00021945  -0.00030252   0.00006361   0.00052710   0.00066210   0.00035372  -0.00011023  -0.00031233  -0.00008525   0.00034684   0.00058349   0.00041420   0.00000110  -0.00027970  -0.00018377   0.00018615   0.00048420   0.00044083   0.00010298  -0.00021849  -0.00023740   0.00005072   0.00037353   0.00043611   0.00018750  -0.00014091  -0.00025277  -0.00005603   0.00026016   0.00040461   0.00024991  -0.00005744  -0.00023731  -0.00013280   0.00015167   0.00035214   0.00028815   0.00002336  -0.00019882  -0.00018021   0.00005424   0.00028517 
 -0.00000000  -0.00792734  -0.03571510  -0.08929012  -0.16488399  -0.24537911  -0.31142645  -0.35945650  -0.40953740  -0.49200505  -0.61951850  -0.76620208  -0.87403962  -0.88764120  -0.79562641  -0.64838983  -0.53607625  -0.53807809  -0.67625771  -0.90263794  -1.12915411  -1.27890143  -1.32525012  -1.29579339  -1.24346966  -1.20845046  -1.19702699  -1.18796246  -1.15605090  -1.09244196  -1.00753392  -0.91787575  -0.83045136  -0.73745512  -0.62424838  -0.48224471  -0.31572695  -0.13808641   0.03780182   0.20626535   0.36751922   0.52078289   0.65881475   0.76896034   0.83975310   0.86741672   0.85711752   0.81857165   0.76019631   0.68656653   0.60044479   0.50650359   0.41269803   0.32778515   0.25717253   0.20077054   0.15466160   0.11504484   0.08109657   0.05458405   0.03703131   0.02726503   0.02157428   0.01621672   0.00992477   0.00420410   0.00129782   0.00175176   0.00374036   0.00461928   0.00317282   0.00050543  -0.00114550  -0.00050955   0.00161455   0.00317085   0.00273850   0.00075785  -0.00096629  -0.00094972   0.00066217   0.00230835   0.00247912   0.00106271  -0.00062482  -0.00108737   0.00000340   0.00157019   0.00216145   0.00126922  -0.00025947  -0.00104406  -0.00043271   0.00094551   0.00180166   0.00137264   0.00008354  -0.00088496  -0.00068930   0.00043305   0.00142170   0.00138037   0.00037622  -0.00065925  -0.00080263   0.00003066   0.00104288   0.00130613   0.00060293  -0.00040472  -0.00080474  -0.00026610   0.00068411   0.00116703   0.00075713  -0.00015024  -0.00072450  -0.00046447   0.00036087   0.00098164   0.00083907   0.00008281  -0.00058799  -0.00057436   0.00008474   0.00076852   0.00085410   0.00027947  -0.00041839  -0.00060789  -0.00013678   0.00054508   0.00081121   0.00043047  -0.00023585  -0.00057881  -0.00030021   0.00032680   0.00072181   0.00053148  -0.00005717  -0.00050173  -0.00040570   0.00012658   0.00059859   0.00058237   0.00010428  -0.00039143  -0.00045667  -0.00004562   0.00045460 
 -0.00000000   0.02560866   0.07430885   0.08420699   0.00939852  -0.14220128  -0.31288603  -0.43817341  -0.49524910  -0.51873105  -0.57086392  -0.68873242  -0.84939364  -0.98083984  -1.01231068  -0.92775445  -0.78341006  -0.67625771  -0.68496481  -0.82343288  -1.03666345  -1.23841319  -1.36260403  -1.39458143  -1.36595183  -1.32297609  -1.29408853  -1.27776042  -1.25378100  -1.20418886  -1.12636064  -1.03048144  -0.92713280  -0.81719343  -0.69201239  -0.54209243  -0.36592461  -0.17187355   0.02718218   0.22082157   0.40371569   0.57269434   0.72208713   0.84226460   0.92296977   0.95864008   0.95133961   0.90919660   0.84203068   0.75779715   0.66215968   0.56045016   0.45931796   0.36607503   0.28618856   0.22120336   0.16900022   0.12620885   0.09076782   0.06265236   0.04251856   0.02980688   0.02214130   0.01652148   0.01114324   0.00618774   0.00294073   0.00212428   0.00295870   0.00371902   0.00317041   0.00152709   0.00009448  -0.00001481   0.00110428   0.00228800   0.00239868   0.00133696   0.00006840  -0.00030439   0.00046006   0.00157144   0.00197229   0.00130182   0.00018359  -0.00038570   0.00004849   0.00101676   0.00159351   0.00125197   0.00031907  -0.00035953  -0.00020543   0.00058383   0.00124815   0.00117524   0.00044584  -0.00026973  -0.00034183   0.00025231   0.00093390   0.00107015   0.00054759  -0.00014703  -0.00039069   0.00000777   0.00065227   0.00094044   0.00061589  -0.00001356  -0.00037578  -0.00016146   0.00040609   0.00079268   0.00064778   0.00011475  -0.00031667  -0.00026589   0.00019805   0.00063479   0.00064411   0.00022681  -0.00022979  -0.00031565   0.00002992   0.00047495   0.00060849   0.00031540  -0.00012894  -0.00032077  -0.00009790   0.00032095   0.00054639   0.00037660  -0.00002548  -0.00029116  -0.00018650   0.00017957   0.00046436   0.00040919   0.00007151  -0.00023647  -0.00023845   0.00005629   0.00036952   0.00041418   0.00015518  -0.00016586  -0.00025762  -0.00004494   0.00026892 
