# coconut-me2b/v0.99.21 
# 
# momentum space matrix elements 
# partial wave J=0, L=0/0, S=0, T=1, MT=-1 
# 
# momentum grid [fm^-1]
0.000000 0.066667 0.133333 0.200000 0.266667 0.333333 0.400000 0.466667 0.533333 0.600000 0.666667 0.733333 0.800000 0.866667 0.933333 1.000000 1.066667 1.133333 1.200000 1.266667 1.333333 1.400000 1.466667 1.533333 1.600000 1.666667 1.733333 1.800000 1.866667 1.933333 2.000000 2.066667 2.133333 2.200000 2.266667 2.333333 2.400000 2.466667 2.533333 2.600000 2.666667 2.733333 2.800000 2.866667 2.933333 3.000000 3.066667 3.133333 3.200000 3.266667 3.333333 3.400000 3.466667 3.533333 3.600000 3.666667 3.733333 3.800000 3.866667 3.933333 4.000000 4.066667 4.133333 4.200000 4.266667 4.333333 4.400000 4.466667 4.533333 4.600000 4.666667 4.733333 4.800000 4.866667 4.933333 5.000000 5.066667 5.133333 5.200000 5.266667 5.333333 5.400000 5.466667 5.533333 5.600000 5.666667 5.733333 5.800000 5.866667 5.933333 6.000000 6.066667 6.133333 6.200000 6.266667 6.333333 6.400000 6.466667 6.533333 6.600000 6.666667 6.733333 6.800000 6.866667 6.933333 7.000000 7.066667 7.133333 7.200000 7.266667 7.333333 7.400000 7.466667 7.533333 7.600000 7.666667 7.733333 7.800000 7.866667 7.933333 8.000000 8.066667 8.133333 8.200000 8.266667 8.333333 8.400000 8.466667 8.533333 8.600000 8.666667 8.733333 8.800000 8.866667 8.933333 9.000000 9.066667 9.133333 9.200000 9.266667 9.333333 9.400000 9.466667 9.533333 9.600000 9.666667 9.733333 9.800000 9.866667 9.933333 10.000000 
#
# matrix elements [MeV fm^3] 
-46.41633767 -46.16311783 -45.42389775 -44.25480015 -42.73443362 -40.94821315 -38.97543902 -36.88173427 -34.71668132 -32.51500269 -30.29944033 -28.08398450 -25.87672188 -23.68203893 -21.50218129 -19.33828418 -17.19101488 -15.06095461 -12.94882097 -10.85560585  -8.78268246  -6.73191954  -4.70582891  -2.70776397  -0.74217825   1.18505599   3.06628086   4.89166521   6.64884432   8.32265885   9.89509097  11.34551602  12.65139442  13.78950574  14.73775975  15.47749481  15.99599408  16.28874368  16.36079277  16.22656194  15.90769939  15.42915958  14.81447427  14.08187729  13.24305684  12.30547914  11.27758200  10.17447389   9.02121278   7.85187233   6.70483024   5.61654925   4.61641217   3.72404703   2.94912759   2.29279353   1.74974612   1.31037086   0.96256607   0.69317951   0.48906886   0.33784211   0.22833633   0.15088419   0.09741013   0.06139533   0.03774958   0.02262584   0.01320926   0.00750577   0.00414773   0.00222729   0.00116129   0.00058742   0.00028803   0.00013678   0.00006286   0.00002793   0.00001199   0.00000497   0.00000198   0.00000076   0.00000028   0.00000010   0.00000003   0.00000001   0.00000000   0.00000000   0.00000000   0.00000000   0.00000000   0.00000000   0.00000000   0.00000000   0.00000000   0.00000000   0.00000000   0.00000000   0.00000000   0.00000000   0.00000000   0.00000000   0.00000000   0.00000000   0.00000000   0.00000000   0.00000000   0.00000000   0.00000000   0.00000000   0.00000000   0.00000000   0.00000000   0.00000000   0.00000000   0.00000000   0.00000000   0.00000000   0.00000000   0.00000000   0.00000000   0.00000000   0.00000000   0.00000000   0.00000000   0.00000000   0.00000000   0.00000000   0.00000000   0.00000000   0.00000000   0.00000000   0.00000000   0.00000000   0.00000000   0.00000000   0.00000000   0.00000000   0.00000000   0.00000000   0.00000000   0.00000000   0.00000000   0.00000000   0.00000000   0.00000000   0.00000000   0.00000000   0.00000000   0.00000000   0.00000000 
-46.16311783 -45.91568793 -45.19260667 -44.04682883 -42.55308496 -40.79340303 -38.84484159 -36.77197978 -34.62425093 -32.43673890 -30.23274928 -28.02684873 -25.82762241 -23.63984929 -21.46606590 -19.30761382 -17.16530168 -15.03980451 -12.93190010 -10.84261738  -8.77335100  -6.72598086  -4.70302346  -2.70783294  -0.74486142   1.18002105   3.05915874   4.88272196   6.63834612   8.31087038   9.88227338  11.33192465  12.63727634  13.77509707  14.72328295  15.46315588  15.98197994  16.27521965  16.34790048  16.21441780  15.89639369  15.41875653  14.80501287  14.07337305  13.23550408  12.29885366  11.27184382  10.16956996   9.01707963   7.84843882   6.70202036   5.61428503   4.61461650   3.72264609   2.94805288   2.29198325   1.74914603   1.30993455   0.96225480   0.69296177   0.48891960   0.33774191   0.22827050   0.15084189   0.09738357   0.06137905   0.03773984   0.02262015   0.01320603   0.00750398   0.00414677   0.00222679   0.00116104   0.00058729   0.00028797   0.00013675   0.00006285   0.00002792   0.00001199   0.00000497   0.00000198   0.00000076   0.00000028   0.00000010   0.00000003   0.00000001   0.00000000   0.00000000   0.00000000   0.00000000   0.00000000   0.00000000   0.00000000   0.00000000   0.00000000   0.00000000   0.00000000   0.00000000   0.00000000   0.00000000   0.00000000   0.00000000   0.00000000   0.00000000   0.00000000   0.00000000   0.00000000   0.00000000   0.00000000   0.00000000   0.00000000   0.00000000   0.00000000   0.00000000   0.00000000   0.00000000   0.00000000   0.00000000   0.00000000   0.00000000   0.00000000   0.00000000   0.00000000   0.00000000   0.00000000   0.00000000   0.00000000   0.00000000   0.00000000   0.00000000   0.00000000   0.00000000   0.00000000   0.00000000   0.00000000   0.00000000   0.00000000   0.00000000   0.00000000   0.00000000   0.00000000   0.00000000   0.00000000   0.00000000   0.00000000   0.00000000   0.00000000   0.00000000   0.00000000   0.00000000   0.00000000 
-45.42389775 -45.19260667 -44.51469240 -43.43466473 -42.01671568 -40.33340373 -38.45526123 -36.44360168 -34.34715223 -32.20183423 -30.03246399 -27.85522569 -25.68013901 -23.51313149 -21.35760085 -19.21550493 -17.08807733 -14.97627662 -12.88106331 -10.80357921  -8.74528458  -6.70809380  -4.69453792  -2.70797360  -0.75284891   1.16497282   3.03784247   4.85593477   6.60688582   8.27553043   9.84383691  11.29115764  12.59492009  13.73186032  14.67983359  15.42011269  15.93990449  16.23460891  16.30918045  16.17793879  15.86242776  15.38749743  14.77657868  14.04781128  13.21279859  12.27893258  11.25458781  10.15482030   9.00464621   7.83810829   6.69356470   5.60747022   4.60921093   3.71842801   2.94481643   2.28954267   1.74733819   1.30861984   0.96131671   0.69230541   0.48846957   0.33743973   0.22807194   0.15071429   0.09730342   0.06132989   0.03771042   0.02260298   0.01319626   0.00749857   0.00414385   0.00222526   0.00116026   0.00058691   0.00028778   0.00013667   0.00006281   0.00002791   0.00001198   0.00000496   0.00000198   0.00000076   0.00000028   0.00000010   0.00000003   0.00000001   0.00000000   0.00000000   0.00000000   0.00000000   0.00000000   0.00000000   0.00000000   0.00000000   0.00000000   0.00000000   0.00000000   0.00000000   0.00000000   0.00000000   0.00000000   0.00000000   0.00000000   0.00000000   0.00000000   0.00000000   0.00000000   0.00000000   0.00000000   0.00000000   0.00000000   0.00000000   0.00000000   0.00000000   0.00000000   0.00000000   0.00000000   0.00000000   0.00000000   0.00000000   0.00000000   0.00000000   0.00000000   0.00000000   0.00000000   0.00000000   0.00000000   0.00000000   0.00000000   0.00000000   0.00000000   0.00000000   0.00000000   0.00000000   0.00000000   0.00000000   0.00000000   0.00000000   0.00000000   0.00000000   0.00000000   0.00000000   0.00000000   0.00000000   0.00000000   0.00000000   0.00000000   0.00000000   0.00000000   0.00000000   0.00000000 
-44.25480015 -44.04682883 -43.43466473 -42.45167517 -41.14763928 -39.58146311 -37.81355213 -35.89950563 -33.88615274 -31.81006682 -29.69801068 -27.56849583 -25.43372530 -23.30143824 -21.17642509 -19.06165866 -16.95908231 -14.87013331 -12.79608354 -10.73826875  -8.69826302  -6.67804117  -4.68016045  -2.70798274  -0.76594985   1.14008614   3.00248744   4.81143670   6.55457177   8.21672099   9.77983617  11.22324185  12.52432519  13.65976862  14.60736002  15.34829087  15.86967325  16.16679979  16.24450701  16.11698866  15.80565819  15.33523511  14.72902405  14.00504685  13.17480041  12.24558342  11.22569076  10.13011230   8.98381134   7.82079144   6.67938577   5.59603874   4.60014011   3.71134728   2.93938147   2.28544265   1.74429996   1.30640949   0.95973892   0.69120103   0.48771204   0.33693087   0.22773741   0.15049921   0.09716829   0.06124697   0.03766076   0.02257398   0.01317976   0.00748943   0.00413893   0.00222268   0.00115895   0.00058626   0.00028747   0.00013653   0.00006274   0.00002788   0.00001197   0.00000496   0.00000198   0.00000076   0.00000028   0.00000010   0.00000003   0.00000001   0.00000000   0.00000000   0.00000000   0.00000000   0.00000000   0.00000000   0.00000000   0.00000000   0.00000000   0.00000000   0.00000000   0.00000000   0.00000000   0.00000000   0.00000000   0.00000000   0.00000000   0.00000000   0.00000000   0.00000000   0.00000000   0.00000000   0.00000000   0.00000000   0.00000000   0.00000000   0.00000000   0.00000000   0.00000000   0.00000000   0.00000000   0.00000000   0.00000000   0.00000000   0.00000000   0.00000000   0.00000000   0.00000000   0.00000000   0.00000000   0.00000000   0.00000000   0.00000000   0.00000000   0.00000000   0.00000000   0.00000000   0.00000000   0.00000000   0.00000000   0.00000000   0.00000000   0.00000000   0.00000000   0.00000000   0.00000000   0.00000000   0.00000000   0.00000000   0.00000000   0.00000000   0.00000000   0.00000000   0.00000000   0.00000000 
-42.73443362 -42.55308496 -42.01671568 -41.14763928 -39.98062902 -38.55933803 -36.93172292 -35.14529216 -33.24314239 -31.26146228 -29.22865065 -27.16572735 -25.08750502 -23.00402538 -20.92192413 -18.84555979 -16.77786667 -14.72096226 -12.67656733 -10.64630090  -8.63190548  -6.63544702  -4.65952355  -2.70750667  -0.78383034   1.10566898   2.95336998   4.74946742   6.48160297   8.13459734   9.69038086  11.12824068  12.42550908  13.55879493  14.50579314  15.24758265  15.77114388  16.07162013  16.15368349  16.03135178  15.72585614  15.26173323  14.66211059  13.94484445  13.12128186  12.19858998  11.18495113  10.09526139   8.95440898   7.79634144   6.65935602   5.57988174   4.58731280   3.70132879   2.93168736   2.27963511   1.73999395   1.30327502   0.95750016   0.68963306   0.48663589   0.33620755   0.22726161   0.15019312   0.09697584   0.06112881   0.03758996   0.02253262   0.01315621   0.00747637   0.00413188   0.00221899   0.00115707   0.00058533   0.00028703   0.00013632   0.00006265   0.00002784   0.00001195   0.00000495   0.00000198   0.00000076   0.00000028   0.00000010   0.00000003   0.00000001   0.00000000   0.00000000   0.00000000   0.00000000   0.00000000   0.00000000   0.00000000   0.00000000   0.00000000   0.00000000   0.00000000   0.00000000   0.00000000   0.00000000   0.00000000   0.00000000   0.00000000   0.00000000   0.00000000   0.00000000   0.00000000   0.00000000   0.00000000   0.00000000   0.00000000   0.00000000   0.00000000   0.00000000   0.00000000   0.00000000   0.00000000   0.00000000   0.00000000   0.00000000   0.00000000   0.00000000   0.00000000   0.00000000   0.00000000   0.00000000   0.00000000   0.00000000   0.00000000   0.00000000   0.00000000   0.00000000   0.00000000   0.00000000   0.00000000   0.00000000   0.00000000   0.00000000   0.00000000   0.00000000   0.00000000   0.00000000   0.00000000   0.00000000   0.00000000   0.00000000   0.00000000   0.00000000   0.00000000   0.00000000   0.00000000 
-40.94821315 -40.79340303 -40.33340373 -39.58146311 -38.55933803 -37.29633070 -35.82735947 -34.19013410 -32.42195597 -30.55688109 -28.62383194 -26.64585477 -24.64034412 -22.61986668 -20.59321816 -18.56645459 -16.54376560 -14.52815283 -12.52193267 -10.52710697  -8.54565003  -6.57975608  -4.63208295  -2.70601903  -0.80599024   1.06218676   2.89091269   4.67039952   6.38829598   8.02941549   9.57566339  11.00628147  12.29853414  13.42893827  14.37507166  15.11787072  15.64414853  15.94885805  16.03646110  15.92075021  15.62272252  15.16667957  14.57552074  13.86688843  13.05193583  12.13765934  11.13209480  10.05001579   8.91621198   7.76455707   6.63330036   5.55884957   4.57060343   3.68826908   2.92165041   2.27205369   1.73436855   1.29917706   0.95457103   0.68758002   0.48522572   0.33525897   0.22663715   0.14979108   0.09672287   0.06097336   0.03749675   0.02247811   0.01312515   0.00745914   0.00412258   0.00221411   0.00115458   0.00058410   0.00028644   0.00013604   0.00006253   0.00002779   0.00001193   0.00000494   0.00000197   0.00000076   0.00000028   0.00000010   0.00000003   0.00000001   0.00000000   0.00000000   0.00000000   0.00000000   0.00000000   0.00000000   0.00000000   0.00000000   0.00000000   0.00000000   0.00000000   0.00000000   0.00000000   0.00000000   0.00000000   0.00000000   0.00000000   0.00000000   0.00000000   0.00000000   0.00000000   0.00000000   0.00000000   0.00000000   0.00000000   0.00000000   0.00000000   0.00000000   0.00000000   0.00000000   0.00000000   0.00000000   0.00000000   0.00000000   0.00000000   0.00000000   0.00000000   0.00000000   0.00000000   0.00000000   0.00000000   0.00000000   0.00000000   0.00000000   0.00000000   0.00000000   0.00000000   0.00000000   0.00000000   0.00000000   0.00000000   0.00000000   0.00000000   0.00000000   0.00000000   0.00000000   0.00000000   0.00000000   0.00000000   0.00000000   0.00000000   0.00000000   0.00000000   0.00000000   0.00000000 
-38.97543902 -38.84484159 -38.45526123 -37.81355213 -36.93172292 -35.82735947 -34.52348278 -33.04750501 -31.42929887 -29.69879287 -27.88371080 -26.00797561 -24.09099078 -22.14770078 -20.18916053 -18.22332791 -16.25586922 -14.29086475 -12.33137881 -10.37990583  -8.43872545  -6.51020554  -4.59708868  -2.70279085  -0.83173170   1.01029535   2.81571889   4.57477416   6.27512163   7.90156945   9.43599639  10.85759289  12.14354447  13.27025955  14.21517651  14.95906102  15.48852470  15.79829041  15.89256507  15.78486728  15.49590898  15.04970449  14.46887375  13.77079659  12.96638739  12.06243157  11.06678316   9.99406307   8.86893753   7.72518704   6.60099959   5.53275453   4.54985420   3.67203798   2.90916526   2.26261470   1.72735860   1.29406589   0.95091436   0.68501467   0.48346204   0.33407149   0.22585468   0.14928683   0.09640529   0.06077803   0.03737950   0.02240947   0.01308601   0.00743740   0.00411084   0.00220794   0.00115143   0.00058254   0.00028569   0.00013570   0.00006237   0.00002772   0.00001190   0.00000493   0.00000197   0.00000076   0.00000028   0.00000010   0.00000003   0.00000001   0.00000000   0.00000000   0.00000000   0.00000000   0.00000000   0.00000000   0.00000000   0.00000000   0.00000000   0.00000000   0.00000000   0.00000000   0.00000000   0.00000000   0.00000000   0.00000000   0.00000000   0.00000000   0.00000000   0.00000000   0.00000000   0.00000000   0.00000000   0.00000000   0.00000000   0.00000000   0.00000000   0.00000000   0.00000000   0.00000000   0.00000000   0.00000000   0.00000000   0.00000000   0.00000000   0.00000000   0.00000000   0.00000000   0.00000000   0.00000000   0.00000000   0.00000000   0.00000000   0.00000000   0.00000000   0.00000000   0.00000000   0.00000000   0.00000000   0.00000000   0.00000000   0.00000000   0.00000000   0.00000000   0.00000000   0.00000000   0.00000000   0.00000000   0.00000000   0.00000000   0.00000000   0.00000000   0.00000000   0.00000000   0.00000000 
-36.88173427 -36.77197978 -36.44360168 -35.89950563 -35.14529216 -34.19013410 -33.04750501 -31.73536222 -30.27550537 -28.69211719 -27.00982291 -25.25178893 -23.43831608 -21.58613686 -19.70836473 -17.81489003 -15.91299199 -14.00799190 -12.10384940 -10.20366792  -8.31011598  -6.42578987  -4.55354915  -2.69685327  -0.86012031   0.95088170   2.72861501   4.46334507   6.14275024   7.75163736   9.27185924  10.68255133  11.96081168  13.08292618  14.02617390  14.77112372  15.30415369  15.61971864  15.72172743  15.62337728  15.34504447  14.91040435  14.34174607  13.65613761  12.86420871  11.97249221  10.98862346   9.92703877   8.81225412   7.67793563   6.56219497   5.50137451   4.52487802   3.65248084   2.89410652   2.25121846   1.71888638   1.28788213   0.94648571   0.68190448   0.48132151   0.33262875   0.22490299   0.14867287   0.09601820   0.06053968   0.03723627   0.02232555   0.01303809   0.00741076   0.00409643   0.00220036   0.00114756   0.00058062   0.00028477   0.00013527   0.00006218   0.00002763   0.00001186   0.00000492   0.00000196   0.00000076   0.00000028   0.00000010   0.00000003   0.00000001   0.00000000   0.00000000   0.00000000   0.00000000   0.00000000   0.00000000   0.00000000   0.00000000   0.00000000   0.00000000   0.00000000   0.00000000   0.00000000   0.00000000   0.00000000   0.00000000   0.00000000   0.00000000   0.00000000   0.00000000   0.00000000   0.00000000   0.00000000   0.00000000   0.00000000   0.00000000   0.00000000   0.00000000   0.00000000   0.00000000   0.00000000   0.00000000   0.00000000   0.00000000   0.00000000   0.00000000   0.00000000   0.00000000   0.00000000   0.00000000   0.00000000   0.00000000   0.00000000   0.00000000   0.00000000   0.00000000   0.00000000   0.00000000   0.00000000   0.00000000   0.00000000   0.00000000   0.00000000   0.00000000   0.00000000   0.00000000   0.00000000   0.00000000   0.00000000   0.00000000   0.00000000   0.00000000   0.00000000   0.00000000   0.00000000 
-34.71668132 -34.62425093 -34.34715223 -33.88615274 -33.24314239 -32.42195597 -31.42929887 -30.27550537 -28.97481305 -27.54491943 -26.00581551 -24.37816706 -22.68168046 -20.93384986 -19.14928381 -17.33958892 -15.51365116 -13.67812630 -11.83799163  -9.99707361  -8.15852001  -6.32521955  -4.50018935  -2.68695443  -0.88994017   0.88511083   2.63069965   4.33712944   5.99210405   7.58043498   9.08395211  10.48173493  11.75078830  12.86726438  13.80826581  14.55414141  15.09100613  15.41301114  15.52372608  15.43598090  15.16976701  14.74836963  14.19369592  13.52245231  12.74493708  11.86738749  10.89718151   9.84853679   8.74579007   7.62246969   6.51659381   5.46445740   4.49546196   3.62942129   2.87633093   2.23775084   1.70886281   1.28055765   0.94123403   0.67821200   0.47877726   0.33091190   0.22376916   0.14794054   0.09555593   0.06025471   0.03706483   0.02222497   0.01298059   0.00737876   0.00407910   0.00219124   0.00114290   0.00057831   0.00028365   0.00013475   0.00006194   0.00002753   0.00001182   0.00000490   0.00000196   0.00000075   0.00000028   0.00000010   0.00000003   0.00000001   0.00000000   0.00000000   0.00000000   0.00000000   0.00000000   0.00000000   0.00000000   0.00000000   0.00000000   0.00000000   0.00000000   0.00000000   0.00000000   0.00000000   0.00000000   0.00000000   0.00000000   0.00000000   0.00000000   0.00000000   0.00000000   0.00000000   0.00000000   0.00000000   0.00000000   0.00000000   0.00000000   0.00000000   0.00000000   0.00000000   0.00000000   0.00000000   0.00000000   0.00000000   0.00000000   0.00000000   0.00000000   0.00000000   0.00000000   0.00000000   0.00000000   0.00000000   0.00000000   0.00000000   0.00000000   0.00000000   0.00000000   0.00000000   0.00000000   0.00000000   0.00000000   0.00000000   0.00000000   0.00000000   0.00000000   0.00000000   0.00000000   0.00000000   0.00000000   0.00000000   0.00000000   0.00000000   0.00000000   0.00000000   0.00000000 
-32.51500269 -32.43673890 -32.20183423 -31.81006682 -31.26146228 -30.55688109 -29.69879287 -28.69211719 -27.54491943 -26.26869929 -24.87806748 -23.38979086 -21.82142328 -20.18988978 -18.51037061 -16.79567025 -15.05606872 -13.29953060 -11.53211609  -9.75846861  -7.98230436  -6.20687503  -4.43540410  -2.67151159  -0.91964427   0.81447752   2.52339744   4.19746392   5.82441501   7.38907484   8.87325591  10.25598376  11.51416748  12.62381763  13.56184671  14.30836349  14.84919342  15.17815138  15.29842914  15.22244576  14.96976013  14.56321734  14.02429173  13.36927827  12.60809603  11.74664219  10.79199661   9.75812185   8.66914377   7.55842689   6.46387617   5.42172649   4.46137151   3.60266455   2.85567988   2.22208528   1.69718889   1.27201658   0.93510240   0.67389542   0.47579926   0.32889982   0.22243869   0.14708013   0.09501213   0.05991906   0.03686265   0.02210622   0.01291262   0.00734087   0.00405856   0.00218041   0.00113735   0.00057555   0.00028232   0.00013413   0.00006166   0.00002741   0.00001177   0.00000488   0.00000195   0.00000075   0.00000028   0.00000010   0.00000003   0.00000001   0.00000000   0.00000000   0.00000000   0.00000000   0.00000000   0.00000000   0.00000000   0.00000000   0.00000000   0.00000000   0.00000000   0.00000000   0.00000000   0.00000000   0.00000000   0.00000000   0.00000000   0.00000000   0.00000000   0.00000000   0.00000000   0.00000000   0.00000000   0.00000000   0.00000000   0.00000000   0.00000000   0.00000000   0.00000000   0.00000000   0.00000000   0.00000000   0.00000000   0.00000000   0.00000000   0.00000000   0.00000000   0.00000000   0.00000000   0.00000000   0.00000000   0.00000000   0.00000000   0.00000000   0.00000000   0.00000000   0.00000000   0.00000000   0.00000000   0.00000000   0.00000000   0.00000000   0.00000000   0.00000000   0.00000000   0.00000000   0.00000000   0.00000000   0.00000000   0.00000000   0.00000000   0.00000000   0.00000000   0.00000000   0.00000000 
-30.29944033 -30.23274928 -30.03246399 -29.69801068 -29.22865065 -28.62383194 -27.88371080 -27.00982291 -26.00581551 -24.87806748 -23.63597270 -22.29170276 -20.85941866 -19.35410545 -17.79034212 -16.18131067 -14.53821667 -12.87013245 -11.18416520  -9.48582091  -7.77945689  -6.06875781  -4.35720837  -2.64856025  -0.94730191   0.74086095   2.40851601   4.04606379   5.64128601   7.17902906   8.64109617  10.00646405  11.25194693  12.35340968  13.28756484  14.03426509  14.57902384  14.91529056  15.04584393  14.98265124  14.74479355  14.35462735  13.83314422  13.19617773  12.45321933  11.60978003  10.67259872   9.65534372   8.58189542   7.48542536   6.40370267   5.37288676   4.42235559   3.57200134   2.83198248   2.20408505   1.68375744   1.26217665   0.92802898   0.66890926   0.47235477   0.32656949   0.22089575   0.14608101   0.09437984   0.05952828   0.03662696   0.02196760   0.01283318   0.00729655   0.00403449   0.00216771   0.00113084   0.00057232   0.00028076   0.00013340   0.00006133   0.00002726   0.00001171   0.00000485   0.00000194   0.00000075   0.00000028   0.00000010   0.00000003   0.00000001   0.00000000   0.00000000   0.00000000   0.00000000   0.00000000   0.00000000   0.00000000   0.00000000   0.00000000   0.00000000   0.00000000   0.00000000   0.00000000   0.00000000   0.00000000   0.00000000   0.00000000   0.00000000   0.00000000   0.00000000   0.00000000   0.00000000   0.00000000   0.00000000   0.00000000   0.00000000   0.00000000   0.00000000   0.00000000   0.00000000   0.00000000   0.00000000   0.00000000   0.00000000   0.00000000   0.00000000   0.00000000   0.00000000   0.00000000   0.00000000   0.00000000   0.00000000   0.00000000   0.00000000   0.00000000   0.00000000   0.00000000   0.00000000   0.00000000   0.00000000   0.00000000   0.00000000   0.00000000   0.00000000   0.00000000   0.00000000   0.00000000   0.00000000   0.00000000   0.00000000   0.00000000   0.00000000   0.00000000   0.00000000   0.00000000 
-28.08398450 -28.02684873 -27.85522569 -27.56849583 -27.16572735 -26.64585477 -26.00797561 -25.25178893 -24.37816706 -23.38979086 -22.29170276 -21.09158162 -19.79957290 -18.42763620 -16.98855087 -15.49484692 -13.95792983 -12.38755926 -10.79170259  -9.17668697  -7.54754211  -5.90844179  -4.26318668  -2.61570221  -0.97054533   0.66658008   2.28830358   3.88508296   5.44475298   6.95219330   8.38920836   9.73473422  10.96549501  12.05720997  12.98638627  13.73260906  14.28106172  14.62480365  14.76616922  14.71663674  14.49476708  14.12238190  13.61994144  13.00276842  12.27987763  11.45634647  10.53852770   9.53975335   8.48362040   7.40307467   6.33572342   5.31763204   4.37815230   3.53721241   2.80505906   2.18360595   1.66845516   1.25095066   0.91994809   0.66320509   0.46840889   0.32389632   0.21912341   0.14493180   0.09365160   0.05907759   0.03635478   0.02180731   0.01274120   0.00724516   0.00400656   0.00215295   0.00112327   0.00056854   0.00027894   0.00013254   0.00006095   0.00002709   0.00001164   0.00000482   0.00000193   0.00000074   0.00000028   0.00000010   0.00000003   0.00000001   0.00000000   0.00000000   0.00000000   0.00000000   0.00000000   0.00000000   0.00000000   0.00000000   0.00000000   0.00000000   0.00000000   0.00000000   0.00000000   0.00000000   0.00000000   0.00000000   0.00000000   0.00000000   0.00000000   0.00000000   0.00000000   0.00000000   0.00000000   0.00000000   0.00000000   0.00000000   0.00000000   0.00000000   0.00000000   0.00000000   0.00000000   0.00000000   0.00000000   0.00000000   0.00000000   0.00000000   0.00000000   0.00000000   0.00000000   0.00000000   0.00000000   0.00000000   0.00000000   0.00000000   0.00000000   0.00000000   0.00000000   0.00000000   0.00000000   0.00000000   0.00000000   0.00000000   0.00000000   0.00000000   0.00000000   0.00000000   0.00000000   0.00000000   0.00000000   0.00000000   0.00000000   0.00000000   0.00000000   0.00000000   0.00000000 
-25.87672188 -25.82762241 -25.68013901 -25.43372530 -25.08750502 -24.64034412 -24.09099078 -23.43831608 -22.68168046 -21.82142328 -20.85941866 -19.79957290 -18.64809144 -17.41336380 -16.10542461 -14.73510532 -13.31310738 -11.84923562 -10.35194076  -8.82819868  -7.28366714  -5.72302938  -4.15044496  -2.57005543  -0.98651781   0.59444731   2.16550472   3.71717196   5.23734527   6.71094924   8.11980193   9.44281013  10.65661638  11.73679896  12.65965927  13.40450867  13.95618789  14.30734685  14.45984937  14.42465200  14.21975687  13.86640759  13.38448640  12.78875668  12.08770740  11.28593359  10.38935449   9.41092070   8.37390406   7.31098807   6.25958800   5.25565312   4.32849537   3.49807370   2.77472519   2.16049943   1.65116490   1.23824821   0.91079145   0.65673249   0.46392518   0.32085457   0.21710393   0.14362055   0.09281954   0.05856198   0.03604298   0.02162344   0.01263555   0.00718605   0.00397439   0.00213593   0.00111452   0.00056418   0.00027683   0.00013156   0.00006050   0.00002690   0.00001155   0.00000479   0.00000191   0.00000074   0.00000027   0.00000010   0.00000003   0.00000001   0.00000000   0.00000000   0.00000000   0.00000000   0.00000000   0.00000000   0.00000000   0.00000000   0.00000000   0.00000000   0.00000000   0.00000000   0.00000000   0.00000000   0.00000000   0.00000000   0.00000000   0.00000000   0.00000000   0.00000000   0.00000000   0.00000000   0.00000000   0.00000000   0.00000000   0.00000000   0.00000000   0.00000000   0.00000000   0.00000000   0.00000000   0.00000000   0.00000000   0.00000000   0.00000000   0.00000000   0.00000000   0.00000000   0.00000000   0.00000000   0.00000000   0.00000000   0.00000000   0.00000000   0.00000000   0.00000000   0.00000000   0.00000000   0.00000000   0.00000000   0.00000000   0.00000000   0.00000000   0.00000000   0.00000000   0.00000000   0.00000000   0.00000000   0.00000000   0.00000000   0.00000000   0.00000000   0.00000000   0.00000000   0.00000000 
-23.68203893 -23.63984929 -23.51313149 -23.30143824 -23.00402538 -22.61986668 -22.14770078 -21.58613686 -20.93384986 -20.18988978 -19.35410545 -18.42763620 -17.41336380 -16.31617272 -15.14288134 -13.90179981 -12.60200945 -11.25256423  -9.86182829  -8.43708775  -6.98446938  -5.50912007  -4.01557005  -2.50820918  -0.99182667   0.52781729   2.04341120   3.54553104   5.02214104   6.45822215   7.83561999   9.13322614  10.32761412  11.39423063  12.30917639  13.05148870  13.60565911  13.96391482  14.12762868  14.10720820  13.92006286  13.58681878  13.12673632  12.55397252  11.87644168  11.09820677  10.22470393   9.26845398   8.25235794   7.20879590   6.17495657   5.18664678   4.27312142   3.45436207   2.74079617   2.13461601   1.63176834   1.22397767   0.90048964   0.64944001   0.45886639   0.31741789   0.21481909   0.14213497   0.09187558   0.05797624   0.03568829   0.02141401   0.01251507   0.00711857   0.00393762   0.00211646   0.00110450   0.00055918   0.00027441   0.00013042   0.00005998   0.00002667   0.00001146   0.00000475   0.00000190   0.00000073   0.00000027   0.00000010   0.00000003   0.00000001   0.00000000   0.00000000   0.00000000   0.00000000   0.00000000   0.00000000   0.00000000   0.00000000   0.00000000   0.00000000   0.00000000   0.00000000   0.00000000   0.00000000   0.00000000   0.00000000   0.00000000   0.00000000   0.00000000   0.00000000   0.00000000   0.00000000   0.00000000   0.00000000   0.00000000   0.00000000   0.00000000   0.00000000   0.00000000   0.00000000   0.00000000   0.00000000   0.00000000   0.00000000   0.00000000   0.00000000   0.00000000   0.00000000   0.00000000   0.00000000   0.00000000   0.00000000   0.00000000   0.00000000   0.00000000   0.00000000   0.00000000   0.00000000   0.00000000   0.00000000   0.00000000   0.00000000   0.00000000   0.00000000   0.00000000   0.00000000   0.00000000   0.00000000   0.00000000   0.00000000   0.00000000   0.00000000   0.00000000   0.00000000   0.00000000 
-21.50218129 -21.46606590 -21.35760085 -21.17642509 -20.92192413 -20.59321816 -20.18916053 -19.70836473 -19.14928381 -18.51037061 -17.79034212 -16.98855087 -16.10542461 -15.14288134 -14.10458515 -12.99591795 -11.82362287 -10.59519797  -9.31821680  -7.99976784  -6.64614183  -5.26280248  -3.85460423  -2.42619023  -0.98250527   0.47062735   1.92590434   3.37395465   4.80281403   6.19753015   7.53999073   8.80908866   9.98134478  11.03208860  11.93723115  12.67554194  13.23116380  13.59589496  13.77060386  13.76512791  13.59625580  13.28396128  12.84684257  12.29840561  11.64594207  10.89293267  10.04427893   9.11202031   8.11863714   7.09616008   6.08151176   5.11032552   4.21177791   3.40586162   2.70309203   2.10580918   1.61014890   1.20804835   0.88897369   0.64127637   0.45319527   0.31355983   0.21225055   0.14046265   0.09081155   0.05731511   0.03528745   0.02117703   0.01237855   0.00704201   0.00389585   0.00209430   0.00109309   0.00055347   0.00027164   0.00012912   0.00005939   0.00002641   0.00001135   0.00000470   0.00000188   0.00000072   0.00000027   0.00000010   0.00000003   0.00000001   0.00000000   0.00000000   0.00000000   0.00000000   0.00000000   0.00000000   0.00000000   0.00000000   0.00000000   0.00000000   0.00000000   0.00000000   0.00000000   0.00000000   0.00000000   0.00000000   0.00000000   0.00000000   0.00000000   0.00000000   0.00000000   0.00000000   0.00000000   0.00000000   0.00000000   0.00000000   0.00000000   0.00000000   0.00000000   0.00000000   0.00000000   0.00000000   0.00000000   0.00000000   0.00000000   0.00000000   0.00000000   0.00000000   0.00000000   0.00000000   0.00000000   0.00000000   0.00000000   0.00000000   0.00000000   0.00000000   0.00000000   0.00000000   0.00000000   0.00000000   0.00000000   0.00000000   0.00000000   0.00000000   0.00000000   0.00000000   0.00000000   0.00000000   0.00000000   0.00000000   0.00000000   0.00000000   0.00000000   0.00000000   0.00000000 
-19.33828418 -19.30761382 -19.21550493 -19.06165866 -18.84555979 -18.56645459 -18.22332791 -17.81489003 -17.33958892 -16.79567025 -16.18131067 -15.49484692 -14.73510532 -13.90179981 -12.99591795 -12.01997543 -10.97802579  -9.87538206  -8.71811648  -7.51249437  -6.26451586  -4.97968547  -3.66304606  -2.31944761  -0.95398992   0.42742455   1.81748456   3.20686311   4.58366759   5.93302065   7.23686659   8.47411784   9.62126241  10.65353209  11.54666545  12.27917762  12.83487090  13.20511624  13.39027199  13.39959184  13.24922199  12.95845471  12.54519006  12.02224130  11.39623113  10.67000788   9.84788541   8.94136717   7.97245850   6.97278945   5.97897150   5.02642815   4.14423165   3.35237057   2.66144293   2.07393959   1.58619499   1.19037295   0.87617688   0.63219176   0.44687545   0.30925450   0.20938031   0.13859140   0.08961936   0.05657340   0.03483716   0.02091048   0.01222482   0.00695569   0.00384870   0.00206927   0.00108018   0.00054701   0.00026851   0.00012765   0.00005872   0.00002612   0.00001122   0.00000465   0.00000186   0.00000072   0.00000027   0.00000009   0.00000003   0.00000001   0.00000000   0.00000000   0.00000000   0.00000000   0.00000000   0.00000000   0.00000000   0.00000000   0.00000000   0.00000000   0.00000000   0.00000000   0.00000000   0.00000000   0.00000000   0.00000000   0.00000000   0.00000000   0.00000000   0.00000000   0.00000000   0.00000000   0.00000000   0.00000000   0.00000000   0.00000000   0.00000000   0.00000000   0.00000000   0.00000000   0.00000000   0.00000000   0.00000000   0.00000000   0.00000000   0.00000000   0.00000000   0.00000000   0.00000000   0.00000000   0.00000000   0.00000000   0.00000000   0.00000000   0.00000000   0.00000000   0.00000000   0.00000000   0.00000000   0.00000000   0.00000000   0.00000000   0.00000000   0.00000000   0.00000000   0.00000000   0.00000000   0.00000000   0.00000000   0.00000000   0.00000000   0.00000000   0.00000000   0.00000000   0.00000000 
-17.19101488 -17.16530168 -17.08807733 -16.95908231 -16.77786667 -16.54376560 -16.25586922 -15.91299199 -15.51365116 -15.05606872 -14.53821667 -13.95792983 -13.31310738 -12.60200945 -11.82362287 -10.97802579 -10.06664537  -9.09230566  -8.05902394  -6.97161203  -5.83522112  -4.65498796  -3.43589322  -2.18286774  -0.90112024   0.40337279   1.72328252   3.04931649   4.36965098   5.66948943   6.93084620   8.13267262   9.25144681  10.26232721  11.14090364  11.86545789  12.41946832  12.79388905  12.98857132  13.01217972  12.88020384  12.61123170  12.22243462  11.72589551  11.12752429  10.42948759   9.63545760   8.75634435   7.81361949   6.83845575   5.86710235   4.93473079   4.07027787   3.29370857   2.61569501   2.03887962   1.55980347   1.17087017   0.86203664   0.62213917   0.43987249   0.30447724   0.20619117   0.13650948   0.08829124   0.05574606   0.03433427   0.02061243   0.01205271   0.00685894   0.00379579   0.00204115   0.00106567   0.00053974   0.00026498   0.00012599   0.00005796   0.00002578   0.00001108   0.00000459   0.00000184   0.00000071   0.00000026   0.00000009   0.00000003   0.00000001   0.00000000   0.00000000   0.00000000   0.00000000   0.00000000   0.00000000   0.00000000   0.00000000   0.00000000   0.00000000   0.00000000   0.00000000   0.00000000   0.00000000   0.00000000   0.00000000   0.00000000   0.00000000   0.00000000   0.00000000   0.00000000   0.00000000   0.00000000   0.00000000   0.00000000   0.00000000   0.00000000   0.00000000   0.00000000   0.00000000   0.00000000   0.00000000   0.00000000   0.00000000   0.00000000   0.00000000   0.00000000   0.00000000   0.00000000   0.00000000   0.00000000   0.00000000   0.00000000   0.00000000   0.00000000   0.00000000   0.00000000   0.00000000   0.00000000   0.00000000   0.00000000   0.00000000   0.00000000   0.00000000   0.00000000   0.00000000   0.00000000   0.00000000   0.00000000   0.00000000   0.00000000   0.00000000   0.00000000   0.00000000   0.00000000 
-15.06095461 -15.03980451 -14.97627662 -14.87013331 -14.72096226 -14.52815283 -14.29086475 -14.00799190 -13.67812630 -13.29953060 -12.87013245 -12.38755926 -11.84923562 -11.25256423 -10.59519797  -9.87538206  -9.09230566  -8.24636849  -7.33926952  -6.37387783  -5.35393418  -4.28370711  -3.16774639  -2.01083538  -0.81817461   0.40423112   1.64904461   2.90700423   4.16635220   5.41237651   6.62717375   7.78975389   8.87661073   9.86285844  10.72396827  11.43801769  11.98818664  12.36503229  12.56791121  12.60490253  12.49083331  12.24357194  11.87953654  11.41004697  10.84026004  10.17161319   9.40708281   8.55692574   7.64201707   6.69300974   5.74573318   4.83505833   3.98974965   3.22972435   2.56571646   2.00051817   1.53088339   1.14946752   0.84649669   0.61107598   0.43215491   0.29920537   0.20266719   0.13420600   0.08681992   0.05482838   0.03377579   0.02028104   0.01186114   0.00675112   0.00373676   0.00200974   0.00104943   0.00053160   0.00026102   0.00012412   0.00005711   0.00002541   0.00001092   0.00000453   0.00000181   0.00000070   0.00000026   0.00000009   0.00000003   0.00000001   0.00000000   0.00000000   0.00000000   0.00000000   0.00000000   0.00000000   0.00000000   0.00000000   0.00000000   0.00000000   0.00000000   0.00000000   0.00000000   0.00000000   0.00000000   0.00000000   0.00000000   0.00000000   0.00000000   0.00000000   0.00000000   0.00000000   0.00000000   0.00000000   0.00000000   0.00000000   0.00000000   0.00000000   0.00000000   0.00000000   0.00000000   0.00000000   0.00000000   0.00000000   0.00000000   0.00000000   0.00000000   0.00000000   0.00000000   0.00000000   0.00000000   0.00000000   0.00000000   0.00000000   0.00000000   0.00000000   0.00000000   0.00000000   0.00000000   0.00000000   0.00000000   0.00000000   0.00000000   0.00000000   0.00000000   0.00000000   0.00000000   0.00000000   0.00000000   0.00000000   0.00000000   0.00000000   0.00000000   0.00000000   0.00000000 
-12.94882097 -12.93190010 -12.88106331 -12.79608354 -12.67656733 -12.52193267 -12.33137881 -12.10384940 -11.83799163 -11.53211609 -11.18416520 -10.79170259 -10.35194076  -9.86182829  -9.31821680  -8.71811648  -8.05902394  -7.33926952  -6.55830018  -5.71681378  -4.81670686  -3.86087761  -2.85299462  -1.79735987  -0.69895681   0.43629084   1.60108315   2.78620269   3.97996018   5.16773231   6.33170922   7.45097946   8.50208016   9.46011458  10.30047208  11.00106293  11.54480340  11.92188354  12.13118760  12.18022243  12.08315560  11.85712835  11.51778818  11.07566507  10.53512705   9.89683787   9.16302483   8.34323037   7.45766619   6.53639727   5.61476891   4.72729599   3.90252754   3.16030358   2.51140391   1.95876566   1.49935983   1.12610429   0.82950920   0.59896554   0.42369536   0.29341903   0.19879432   0.13167127   0.08519888   0.05381612   0.03315902   0.01991465   0.01164909   0.00663165   0.00367129   0.00197486   0.00103139   0.00052255   0.00025661   0.00012204   0.00005617   0.00002499   0.00001074   0.00000446   0.00000178   0.00000069   0.00000025   0.00000009   0.00000003   0.00000001   0.00000000   0.00000000   0.00000000   0.00000000   0.00000000   0.00000000   0.00000000   0.00000000   0.00000000   0.00000000   0.00000000   0.00000000   0.00000000   0.00000000   0.00000000   0.00000000   0.00000000   0.00000000   0.00000000   0.00000000   0.00000000   0.00000000   0.00000000   0.00000000   0.00000000   0.00000000   0.00000000   0.00000000   0.00000000   0.00000000   0.00000000   0.00000000   0.00000000   0.00000000   0.00000000   0.00000000   0.00000000   0.00000000   0.00000000   0.00000000   0.00000000   0.00000000   0.00000000   0.00000000   0.00000000   0.00000000   0.00000000   0.00000000   0.00000000   0.00000000   0.00000000   0.00000000   0.00000000   0.00000000   0.00000000   0.00000000   0.00000000   0.00000000   0.00000000   0.00000000   0.00000000   0.00000000   0.00000000   0.00000000   0.00000000 
