# coconut-me2b/v0.99.21 
# 
# momentum space matrix elements 
# partial wave J=0, L=1/1, S=1, T=1, MT=0 
# 
# momentum grid [fm^-1]
0.000000 0.066667 0.133333 0.200000 0.266667 0.333333 0.400000 0.466667 0.533333 0.600000 0.666667 0.733333 0.800000 0.866667 0.933333 1.000000 1.066667 1.133333 1.200000 1.266667 1.333333 1.400000 1.466667 1.533333 1.600000 1.666667 1.733333 1.800000 1.866667 1.933333 2.000000 2.066667 2.133333 2.200000 2.266667 2.333333 2.400000 2.466667 2.533333 2.600000 2.666667 2.733333 2.800000 2.866667 2.933333 3.000000 3.066667 3.133333 3.200000 3.266667 3.333333 3.400000 3.466667 3.533333 3.600000 3.666667 3.733333 3.800000 3.866667 3.933333 4.000000 4.066667 4.133333 4.200000 4.266667 4.333333 4.400000 4.466667 4.533333 4.600000 4.666667 4.733333 4.800000 4.866667 4.933333 5.000000 5.066667 5.133333 5.200000 5.266667 5.333333 5.400000 5.466667 5.533333 5.600000 5.666667 5.733333 5.800000 5.866667 5.933333 6.000000 6.066667 6.133333 6.200000 6.266667 6.333333 6.400000 6.466667 6.533333 6.600000 6.666667 6.733333 6.800000 6.866667 6.933333 7.000000 7.066667 7.133333 7.200000 7.266667 7.333333 7.400000 7.466667 7.533333 7.600000 7.666667 7.733333 7.800000 7.866667 7.933333 8.000000 8.066667 8.133333 8.200000 8.266667 8.333333 8.400000 8.466667 8.533333 8.600000 8.666667 8.733333 8.800000 8.866667 8.933333 9.000000 9.066667 9.133333 9.200000 9.266667 9.333333 9.400000 9.466667 9.533333 9.600000 9.666667 9.733333 9.800000 9.866667 9.933333 10.000000 
#
# matrix elements [MeV fm^3] 
 -0.00841486  -0.00000004  -0.00000008  -0.00000011  -0.00000014  -0.00000015  -0.00000016  -0.00000017  -0.00000017  -0.00000016  -0.00000015  -0.00000014  -0.00000013  -0.00000012  -0.00000011  -0.00000009  -0.00000008  -0.00000007  -0.00000006  -0.00000005  -0.00000004  -0.00000003  -0.00000002  -0.00000001  -0.00000000   0.00000001   0.00000001   0.00000002   0.00000002   0.00000003   0.00000003   0.00000003   0.00000004   0.00000004   0.00000003   0.00000003   0.00000003   0.00000003   0.00000002   0.00000001   0.00000000  -0.00000000  -0.00000001  -0.00000002  -0.00000003  -0.00000003  -0.00000004  -0.00000004  -0.00000004  -0.00000004  -0.00000003  -0.00000003  -0.00000003  -0.00000002  -0.00000002  -0.00000001  -0.00000001  -0.00000001  -0.00000001  -0.00000000  -0.00000000  -0.00000000  -0.00000000  -0.00000000  -0.00000000  -0.00000000  -0.00000000  -0.00000000  -0.00000000  -0.00000000  -0.00000000  -0.00000000  -0.00000000  -0.00000000  -0.00000000  -0.00000000  -0.00000000  -0.00000000  -0.00000000  -0.00000000  -0.00000000  -0.00000000  -0.00000000  -0.00000000  -0.00000000  -0.00000000  -0.00000000  -0.00000000  -0.00000000  -0.00000000  -0.00000000  -0.00000000  -0.00000000  -0.00000000  -0.00000000  -0.00000000  -0.00000000  -0.00000000  -0.00000000  -0.00000000  -0.00000000  -0.00000000  -0.00000000  -0.00000000  -0.00000000  -0.00000000  -0.00000000  -0.00000000  -0.00000000  -0.00000000  -0.00000000  -0.00000000  -0.00000000  -0.00000000  -0.00000000  -0.00000000  -0.00000000  -0.00000000  -0.00000000  -0.00000000  -0.00000000  -0.00000000  -0.00000000  -0.00000000  -0.00000000  -0.00000000  -0.00000000  -0.00000000  -0.00000000  -0.00000000  -0.00000000  -0.00000000  -0.00000000  -0.00000000  -0.00000000  -0.00000000  -0.00000000  -0.00000000  -0.00000000  -0.00000000  -0.00000000  -0.00000000  -0.00000000  -0.00000000  -0.00000000  -0.00000000  -0.00000000  -0.00000000  -0.00000000  -0.00000000  -0.00000000 
 -0.00000004  -0.26760225  -0.51568199  -0.72828344  -0.89536101  -1.01332244  -1.08401905  -1.11292832  -1.10728591  -1.07463251  -1.02191240  -0.95504891  -0.87884480  -0.79706309  -0.71258454  -0.62757983  -0.54366577  -0.46203411  -0.38355203  -0.30883811  -0.23831941  -0.17227477  -0.11086966  -0.05418609  -0.00225086   0.04493594   0.08737130   0.12501843   0.15777618   0.18545092   0.20773450   0.22419278   0.23426996   0.23731419   0.23262993   0.21956099   0.19760628   0.16656585   0.12670754   0.07893474   0.02492178  -0.03282943  -0.09106383  -0.14602086  -0.19386047  -0.23121295  -0.25573239  -0.26649754  -0.26412938  -0.25058342  -0.22868908  -0.20158853  -0.17223404  -0.14304791  -0.11577179  -0.09147371  -0.07065397  -0.05339123  -0.03948604  -0.02857903  -0.02023759  -0.01401465  -0.00948589  -0.00627166  -0.00404778  -0.00254854  -0.00156426  -0.00093533  -0.00054444  -0.00030828  -0.00016968  -0.00009072  -0.00004707  -0.00002369  -0.00001155  -0.00000545  -0.00000249  -0.00000110  -0.00000047  -0.00000019  -0.00000008  -0.00000003  -0.00000001  -0.00000000  -0.00000000  -0.00000000  -0.00000000  -0.00000000  -0.00000000  -0.00000000  -0.00000000  -0.00000000  -0.00000000  -0.00000000  -0.00000000  -0.00000000  -0.00000000  -0.00000000  -0.00000000  -0.00000000  -0.00000000  -0.00000000  -0.00000000  -0.00000000  -0.00000000  -0.00000000  -0.00000000  -0.00000000  -0.00000000  -0.00000000  -0.00000000  -0.00000000  -0.00000000  -0.00000000  -0.00000000  -0.00000000  -0.00000000  -0.00000000  -0.00000000  -0.00000000  -0.00000000  -0.00000000  -0.00000000  -0.00000000  -0.00000000  -0.00000000  -0.00000000  -0.00000000  -0.00000000  -0.00000000  -0.00000000  -0.00000000  -0.00000000  -0.00000000  -0.00000000  -0.00000000  -0.00000000  -0.00000000  -0.00000000  -0.00000000  -0.00000000  -0.00000000  -0.00000000  -0.00000000  -0.00000000  -0.00000000  -0.00000000  -0.00000000  -0.00000000  -0.00000000  -0.00000000 
 -0.00000008  -0.51568199  -0.99531153  -1.40902550  -1.73736775  -1.97252266  -2.11683543  -2.17975774  -2.17449889  -2.11526741  -2.01544860  -1.88666242  -1.73846274  -1.57841862  -1.41237592  -1.24477076  -1.07892615  -0.91730313  -0.76170020  -0.61340625  -0.47331638  -0.34202072  -0.21987586  -0.10706642  -0.00366283   0.09032065   0.17486577   0.24988813   0.31517555   0.37033163   0.41473168   0.44749986   0.46751803   0.47347740   0.46398337   0.43772213   0.39369229   0.33149685   0.25167651   0.15604445   0.04795632  -0.06757733  -0.18404127  -0.29391158  -0.38950848  -0.46409608  -0.51298887  -0.53435284  -0.52943943  -0.50216904  -0.45820889  -0.40384980  -0.34500074  -0.28650848  -0.23185661  -0.18318010  -0.14147746  -0.10690354  -0.07905687  -0.05721624  -0.04051429  -0.02805502  -0.01898834  -0.01255375  -0.00810196  -0.00510092  -0.00313077  -0.00187195  -0.00108960  -0.00061695  -0.00033957  -0.00018154  -0.00009419  -0.00004740  -0.00002311  -0.00001091  -0.00000498  -0.00000220  -0.00000094  -0.00000039  -0.00000015  -0.00000006  -0.00000002  -0.00000001  -0.00000000  -0.00000000  -0.00000000  -0.00000000  -0.00000000  -0.00000000  -0.00000000  -0.00000000  -0.00000000  -0.00000000  -0.00000000  -0.00000000  -0.00000000  -0.00000000  -0.00000000  -0.00000000  -0.00000000  -0.00000000  -0.00000000  -0.00000000  -0.00000000  -0.00000000  -0.00000000  -0.00000000  -0.00000000  -0.00000000  -0.00000000  -0.00000000  -0.00000000  -0.00000000  -0.00000000  -0.00000000  -0.00000000  -0.00000000  -0.00000000  -0.00000000  -0.00000000  -0.00000000  -0.00000000  -0.00000000  -0.00000000  -0.00000000  -0.00000000  -0.00000000  -0.00000000  -0.00000000  -0.00000000  -0.00000000  -0.00000000  -0.00000000  -0.00000000  -0.00000000  -0.00000000  -0.00000000  -0.00000000  -0.00000000  -0.00000000  -0.00000000  -0.00000000  -0.00000000  -0.00000000  -0.00000000  -0.00000000  -0.00000000  -0.00000000  -0.00000000  -0.00000000 
 -0.00000011  -0.72828344  -1.40902550  -2.00204476  -2.47981804  -2.82951599  -3.05182011  -3.15756556  -3.16361910  -3.08915558  -2.95295134  -2.77179814  -2.55983053  -2.32845842  -2.08662662  -1.84120405  -1.59738549  -1.35904872  -1.12904774  -0.90944290  -0.70167827  -0.50671961  -0.32516580  -0.15734519  -0.00340554   0.13659641   0.26260270   0.37445954   0.47182381   0.55407802   0.62026406   0.66904914   0.69873969   0.70735952   0.69280803   0.65311077   0.58676745   0.49318997   0.37320171   0.22953842   0.06725116  -0.10612762  -0.28081210  -0.44550949  -0.58870078  -0.70029083  -0.77326721  -0.80489994  -0.79708980  -0.75574078  -0.68937447  -0.60744340  -0.51882187  -0.43078551  -0.34856046  -0.27534631  -0.21263575  -0.16065483  -0.11879490  -0.08596809  -0.06086798  -0.04214602  -0.02852336  -0.01885631  -0.01216873  -0.00766085  -0.00470170  -0.00281109  -0.00163616  -0.00092638  -0.00050985  -0.00027256  -0.00014142  -0.00007116  -0.00003470  -0.00001638  -0.00000748  -0.00000330  -0.00000141  -0.00000058  -0.00000023  -0.00000009  -0.00000003  -0.00000001  -0.00000000  -0.00000000  -0.00000000  -0.00000000  -0.00000000  -0.00000000  -0.00000000  -0.00000000  -0.00000000  -0.00000000  -0.00000000  -0.00000000  -0.00000000  -0.00000000  -0.00000000  -0.00000000  -0.00000000  -0.00000000  -0.00000000  -0.00000000  -0.00000000  -0.00000000  -0.00000000  -0.00000000  -0.00000000  -0.00000000  -0.00000000  -0.00000000  -0.00000000  -0.00000000  -0.00000000  -0.00000000  -0.00000000  -0.00000000  -0.00000000  -0.00000000  -0.00000000  -0.00000000  -0.00000000  -0.00000000  -0.00000000  -0.00000000  -0.00000000  -0.00000000  -0.00000000  -0.00000000  -0.00000000  -0.00000000  -0.00000000  -0.00000000  -0.00000000  -0.00000000  -0.00000000  -0.00000000  -0.00000000  -0.00000000  -0.00000000  -0.00000000  -0.00000000  -0.00000000  -0.00000000  -0.00000000  -0.00000000  -0.00000000  -0.00000000  -0.00000000  -0.00000000 
 -0.00000014  -0.89536101  -1.73736775  -2.47981804  -3.08916391  -3.54724172  -3.85096883  -4.00960841  -4.04073884  -3.96611620  -3.80827941  -3.58826240  -3.32437553  -3.03180062  -2.72269635  -2.40655969  -2.09067132  -1.78052705  -1.48021143  -1.19270197  -0.92011011  -0.66387221  -0.42490567  -0.20374417  -0.00066341   0.18419476   0.35069574   0.49858337   0.62735357   0.73613998   0.82362547   0.88799725   0.92696637   0.93787342   0.91790107   0.86440950   0.77540151   0.65010654   0.48964532   0.29769526   0.08102389  -0.15029454  -0.38318796  -0.60258629  -0.79313196  -0.94138076  -1.03801212  -1.07942504  -1.06819771  -1.01224556  -0.92296922  -0.81300223  -0.69419717  -0.57626494  -0.46617507  -0.36818837  -0.28428558  -0.21475656  -0.15877784  -0.11488766  -0.08133417  -0.05631088  -0.03810582  -0.02518867  -0.01625377  -0.01023173  -0.00627902  -0.00375387  -0.00218474  -0.00123690  -0.00068071  -0.00036387  -0.00018878  -0.00009499  -0.00004631  -0.00002186  -0.00000999  -0.00000441  -0.00000188  -0.00000077  -0.00000031  -0.00000012  -0.00000004  -0.00000002  -0.00000001  -0.00000000  -0.00000000  -0.00000000  -0.00000000  -0.00000000  -0.00000000  -0.00000000  -0.00000000  -0.00000000  -0.00000000  -0.00000000  -0.00000000  -0.00000000  -0.00000000  -0.00000000  -0.00000000  -0.00000000  -0.00000000  -0.00000000  -0.00000000  -0.00000000  -0.00000000  -0.00000000  -0.00000000  -0.00000000  -0.00000000  -0.00000000  -0.00000000  -0.00000000  -0.00000000  -0.00000000  -0.00000000  -0.00000000  -0.00000000  -0.00000000  -0.00000000  -0.00000000  -0.00000000  -0.00000000  -0.00000000  -0.00000000  -0.00000000  -0.00000000  -0.00000000  -0.00000000  -0.00000000  -0.00000000  -0.00000000  -0.00000000  -0.00000000  -0.00000000  -0.00000000  -0.00000000  -0.00000000  -0.00000000  -0.00000000  -0.00000000  -0.00000000  -0.00000000  -0.00000000  -0.00000000  -0.00000000  -0.00000000  -0.00000000  -0.00000000  -0.00000000 
 -0.00000015  -1.01332244  -1.97252266  -2.82951599  -3.54724172  -4.10274563  -4.48790735  -4.70790851  -4.77806567  -4.71995638  -4.55774069  -4.31528493  -4.01430945  -3.67347293  -3.30814731  -2.93061323  -2.55045640  -2.17501922  -1.80982730  -1.45895707  -1.12533862  -0.81100241  -0.51728458  -0.24500583   0.00536260   0.23353661   0.43925531   0.62211579   0.78141248   0.91599270   1.02414573   1.10354752   1.15128677   1.16399931   1.13813632   1.07038603   0.95825657   0.80080616   0.59947221   0.35889903   0.08759857  -0.20178647  -0.49287692  -0.76681397  -1.00440208  -1.18886129  -1.30858747  -1.35914144  -1.34381577  -1.27257402  -1.15972829  -1.02111863  -0.87159284  -0.72330550  -0.58497051  -0.46190534  -0.35657070  -0.26931045  -0.19907620  -0.14402282  -0.10194467  -0.07057031  -0.04774889  -0.03155899  -0.02036206  -0.01281648  -0.00786443  -0.00470124  -0.00273585  -0.00154878  -0.00085228  -0.00045555  -0.00023633  -0.00011890  -0.00005797  -0.00002736  -0.00001250  -0.00000552  -0.00000235  -0.00000097  -0.00000038  -0.00000015  -0.00000005  -0.00000002  -0.00000001  -0.00000000  -0.00000000  -0.00000000  -0.00000000  -0.00000000  -0.00000000  -0.00000000  -0.00000000  -0.00000000  -0.00000000  -0.00000000  -0.00000000  -0.00000000  -0.00000000  -0.00000000  -0.00000000  -0.00000000  -0.00000000  -0.00000000  -0.00000000  -0.00000000  -0.00000000  -0.00000000  -0.00000000  -0.00000000  -0.00000000  -0.00000000  -0.00000000  -0.00000000  -0.00000000  -0.00000000  -0.00000000  -0.00000000  -0.00000000  -0.00000000  -0.00000000  -0.00000000  -0.00000000  -0.00000000  -0.00000000  -0.00000000  -0.00000000  -0.00000000  -0.00000000  -0.00000000  -0.00000000  -0.00000000  -0.00000000  -0.00000000  -0.00000000  -0.00000000  -0.00000000  -0.00000000  -0.00000000  -0.00000000  -0.00000000  -0.00000000  -0.00000000  -0.00000000  -0.00000000  -0.00000000  -0.00000000  -0.00000000  -0.00000000  -0.00000000  -0.00000000 
 -0.00000016  -1.08401905  -2.11683543  -3.05182011  -3.85096883  -4.48790735  -4.94939610  -5.23509401  -5.35569634  -5.32993734  -5.18117467  -4.93425019  -4.61308783  -4.23918336  -3.83089430  -3.40331381  -2.96849625  -2.53584735  -2.11255624  -1.70400240  -1.31411116  -0.94565521  -0.60051178  -0.27988974   0.01545981   0.28503873   0.52839714   0.74492930   0.93367677   1.09315298   1.22120972   1.31497197   1.37087164   1.38481222   1.35249438   1.26992550   1.13412132   0.94398248   0.70128680   0.41167681   0.08544364  -0.26216835  -0.61144666  -0.93972925  -1.22398298  -1.44410818  -1.58624728  -1.64516329  -1.62490862  -1.53754007  -1.40032120  -1.23232974  -1.05142948  -0.87222892  -0.70518741  -0.55667333  -0.42961728  -0.32440501  -0.23975076  -0.17341444  -0.12272639  -0.08494159  -0.05746344  -0.03797397  -0.02449757  -0.01541746  -0.00945926  -0.00565394  -0.00328990  -0.00186224  -0.00102467  -0.00054765  -0.00028408  -0.00014292  -0.00006967  -0.00003289  -0.00001502  -0.00000663  -0.00000283  -0.00000116  -0.00000046  -0.00000018  -0.00000006  -0.00000002  -0.00000001  -0.00000000  -0.00000000  -0.00000000  -0.00000000  -0.00000000  -0.00000000  -0.00000000  -0.00000000  -0.00000000  -0.00000000  -0.00000000  -0.00000000  -0.00000000  -0.00000000  -0.00000000  -0.00000000  -0.00000000  -0.00000000  -0.00000000  -0.00000000  -0.00000000  -0.00000000  -0.00000000  -0.00000000  -0.00000000  -0.00000000  -0.00000000  -0.00000000  -0.00000000  -0.00000000  -0.00000000  -0.00000000  -0.00000000  -0.00000000  -0.00000000  -0.00000000  -0.00000000  -0.00000000  -0.00000000  -0.00000000  -0.00000000  -0.00000000  -0.00000000  -0.00000000  -0.00000000  -0.00000000  -0.00000000  -0.00000000  -0.00000000  -0.00000000  -0.00000000  -0.00000000  -0.00000000  -0.00000000  -0.00000000  -0.00000000  -0.00000000  -0.00000000  -0.00000000  -0.00000000  -0.00000000  -0.00000000  -0.00000000  -0.00000000  -0.00000000  -0.00000000 
 -0.00000017  -1.11292832  -2.17975774  -3.15756556  -4.00960841  -4.70790851  -5.23509401  -5.58515156  -5.76288265  -5.78212720  -5.66312583  -5.42958748  -5.10602135  -4.71570798  -4.27943380  -3.81491012  -3.33669237  -2.85640200  -2.38309189  -1.92365046  -1.48318847  -1.06538700  -0.67280567  -0.30716041   0.03041717   0.33912844   0.61825867   0.86693100   1.08387152   1.26720172   1.41428223   1.52163840   1.58500308   1.59951341   1.56009586   1.46206548   1.30194764   1.07850104   0.79387190   0.45473807   0.07321137  -0.33282249  -0.74028609  -1.12269646  -1.45318278  -1.70834424  -1.87210504  -1.93847781  -1.91232823  -1.80785941  -1.64533327  -1.44710191  -1.23406929  -1.02330965  -0.82702882  -0.65263911  -0.50352903  -0.38011188  -0.28084994  -0.20309449  -0.14369991  -0.09943769  -0.06725742  -0.04443833  -0.02866308  -0.01803619  -0.01106434  -0.00661241  -0.00384712  -0.00217738  -0.00119794  -0.00064018  -0.00033205  -0.00016703  -0.00008142  -0.00003843  -0.00001755  -0.00000774  -0.00000330  -0.00000136  -0.00000054  -0.00000021  -0.00000008  -0.00000003  -0.00000001  -0.00000000  -0.00000000  -0.00000000  -0.00000000  -0.00000000  -0.00000000  -0.00000000  -0.00000000  -0.00000000  -0.00000000  -0.00000000  -0.00000000  -0.00000000  -0.00000000  -0.00000000  -0.00000000  -0.00000000  -0.00000000  -0.00000000  -0.00000000  -0.00000000  -0.00000000  -0.00000000  -0.00000000  -0.00000000  -0.00000000  -0.00000000  -0.00000000  -0.00000000  -0.00000000  -0.00000000  -0.00000000  -0.00000000  -0.00000000  -0.00000000  -0.00000000  -0.00000000  -0.00000000  -0.00000000  -0.00000000  -0.00000000  -0.00000000  -0.00000000  -0.00000000  -0.00000000  -0.00000000  -0.00000000  -0.00000000  -0.00000000  -0.00000000  -0.00000000  -0.00000000  -0.00000000  -0.00000000  -0.00000000  -0.00000000  -0.00000000  -0.00000000  -0.00000000  -0.00000000  -0.00000000  -0.00000000  -0.00000000  -0.00000000  -0.00000000  -0.00000000 
 -0.00000017  -1.10728591  -2.17449889  -3.16361910  -4.04073884  -4.77806567  -5.35569634  -5.76288265  -5.99848171  -6.07038637  -5.99395968  -5.78976237  -5.48103696  -5.09141640  -4.64317681  -4.15614468  -3.64719550  -3.13018927  -2.61617515  -2.11372859  -1.62933155  -1.16774750  -0.73237296  -0.32556498   0.05104867   0.39626813   0.70902462   0.98808945   1.23179894   1.43781361   1.60293902   1.72304287   1.79310844   1.80746563   1.76023798   1.64603374   1.46088934   1.20343894   0.87622902   0.48701549   0.04977877  -0.41490790  -0.88056535  -1.31686872  -1.69310878  -1.98260433  -2.16710127  -2.23991573  -2.20678752  -2.08412641  -1.89524598  -1.66581418  -1.41980245  -1.17676381  -0.95065145  -0.74991336  -0.57838208  -0.43648208  -0.32240698  -0.23308400  -0.16487817  -0.11406628  -0.07713520  -0.05095448  -0.03285981  -0.02067330  -0.01267995  -0.00757676  -0.00440752  -0.00249421  -0.00137206  -0.00073314  -0.00038022  -0.00019124  -0.00009321  -0.00004399  -0.00002008  -0.00000886  -0.00000378  -0.00000155  -0.00000062  -0.00000024  -0.00000009  -0.00000003  -0.00000001  -0.00000000  -0.00000000  -0.00000000  -0.00000000  -0.00000000  -0.00000000  -0.00000000  -0.00000000  -0.00000000  -0.00000000  -0.00000000  -0.00000000  -0.00000000  -0.00000000  -0.00000000  -0.00000000  -0.00000000  -0.00000000  -0.00000000  -0.00000000  -0.00000000  -0.00000000  -0.00000000  -0.00000000  -0.00000000  -0.00000000  -0.00000000  -0.00000000  -0.00000000  -0.00000000  -0.00000000  -0.00000000  -0.00000000  -0.00000000  -0.00000000  -0.00000000  -0.00000000  -0.00000000  -0.00000000  -0.00000000  -0.00000000  -0.00000000  -0.00000000  -0.00000000  -0.00000000  -0.00000000  -0.00000000  -0.00000000  -0.00000000  -0.00000000  -0.00000000  -0.00000000  -0.00000000  -0.00000000  -0.00000000  -0.00000000  -0.00000000  -0.00000000  -0.00000000  -0.00000000  -0.00000000  -0.00000000  -0.00000000  -0.00000000  -0.00000000  -0.00000000 
 -0.00000016  -1.07463251  -2.11526741  -3.08915558  -3.96611620  -4.71995638  -5.32993734  -5.78212720  -6.07038637  -6.19670416  -6.17069224  -6.00823602  -5.72953649  -5.35693219  -4.91290325  -4.41853825  -3.89256682  -3.35091052  -2.80662327  -2.27007830  -1.74928437  -1.25025344  -0.77737785  -0.33379999   0.07822782   0.45699050   0.80096280   1.10847088   1.37737497   1.60479419   1.78690438   1.91884777   1.99479881   2.00823208   1.95243396   1.82128818   1.61034259   1.31812569   0.94761968   0.50770651   0.01428937  -0.50931866  -1.03319466  -1.52314768  -1.94462865  -2.26769859  -2.47196926  -2.55012004  -2.50883239  -2.36678961  -2.15041586  -1.88874061  -1.60883256  -1.33273754  -1.07615649  -0.84856355  -0.65421962  -0.49354194  -0.36443703  -0.26339105  -0.18626496  -0.12882875  -0.08709696  -0.05752203  -0.03708724  -0.02332826  -0.01430569  -0.00854668  -0.00497091  -0.00281259  -0.00154697  -0.00082648  -0.00042857  -0.00021553  -0.00010504  -0.00004956  -0.00002263  -0.00000999  -0.00000426  -0.00000175  -0.00000069  -0.00000027  -0.00000010  -0.00000003  -0.00000001  -0.00000000  -0.00000000  -0.00000000  -0.00000000  -0.00000000  -0.00000000  -0.00000000  -0.00000000  -0.00000000  -0.00000000  -0.00000000  -0.00000000  -0.00000000  -0.00000000  -0.00000000  -0.00000000  -0.00000000  -0.00000000  -0.00000000  -0.00000000  -0.00000000  -0.00000000  -0.00000000  -0.00000000  -0.00000000  -0.00000000  -0.00000000  -0.00000000  -0.00000000  -0.00000000  -0.00000000  -0.00000000  -0.00000000  -0.00000000  -0.00000000  -0.00000000  -0.00000000  -0.00000000  -0.00000000  -0.00000000  -0.00000000  -0.00000000  -0.00000000  -0.00000000  -0.00000000  -0.00000000  -0.00000000  -0.00000000  -0.00000000  -0.00000000  -0.00000000  -0.00000000  -0.00000000  -0.00000000  -0.00000000  -0.00000000  -0.00000000  -0.00000000  -0.00000000  -0.00000000  -0.00000000  -0.00000000  -0.00000000  -0.00000000  -0.00000000  -0.00000000 
 -0.00000015  -1.02191240  -2.01544860  -2.95295134  -3.80827941  -4.55774069  -5.18117467  -5.66312583  -5.99395968  -6.17069224  -6.19727985  -6.08418908  -5.84723549  -5.50588282  -5.08133617  -4.59478078  -4.06601710  -3.51259095  -2.94938503  -2.38856473  -1.83975637  -1.31035614  -0.80590157  -0.33046710   0.11293356   0.52194479   0.89447014   1.22828479   1.52067426   1.76812405   1.96609458   2.10892447   2.18991104   2.20161781   2.13645400   1.98755743   1.74998650   1.42218392   1.00760636   0.51631466  -0.03380521  -0.61664219  -1.19878277  -1.74214261  -2.20833062  -2.56417433  -2.78719929  -2.86951308  -2.81881213  -2.65612572  -2.41105220  -2.11603151  -1.80126132  -1.49129461  -1.20357989  -0.94860645  -0.73104616  -0.55128894  -0.40693412  -0.29400853  -0.20785341  -0.14371917  -0.09713791  -0.06413738  -0.04134276  -0.02599928  -0.01594033  -0.00952140  -0.00553680  -0.00313223  -0.00172249  -0.00092011  -0.00047705  -0.00023988  -0.00011689  -0.00005515  -0.00002517  -0.00001111  -0.00000473  -0.00000195  -0.00000077  -0.00000029  -0.00000011  -0.00000004  -0.00000001  -0.00000000  -0.00000000  -0.00000000  -0.00000000  -0.00000000  -0.00000000  -0.00000000  -0.00000000  -0.00000000  -0.00000000  -0.00000000  -0.00000000  -0.00000000  -0.00000000  -0.00000000  -0.00000000  -0.00000000  -0.00000000  -0.00000000  -0.00000000  -0.00000000  -0.00000000  -0.00000000  -0.00000000  -0.00000000  -0.00000000  -0.00000000  -0.00000000  -0.00000000  -0.00000000  -0.00000000  -0.00000000  -0.00000000  -0.00000000  -0.00000000  -0.00000000  -0.00000000  -0.00000000  -0.00000000  -0.00000000  -0.00000000  -0.00000000  -0.00000000  -0.00000000  -0.00000000  -0.00000000  -0.00000000  -0.00000000  -0.00000000  -0.00000000  -0.00000000  -0.00000000  -0.00000000  -0.00000000  -0.00000000  -0.00000000  -0.00000000  -0.00000000  -0.00000000  -0.00000000  -0.00000000  -0.00000000  -0.00000000  -0.00000000  -0.00000000  -0.00000000 
 -0.00000014  -0.95504891  -1.88666242  -2.77179814  -3.58826240  -4.31528493  -4.93425019  -5.42958748  -5.78976237  -6.00823602  -6.08418908  -6.02278423  -5.83480278  -5.53563676  -5.14379734  -4.67922885  -4.16173951  -3.60977607  -3.03963772  -2.46510746  -1.89741223  -1.34540719  -0.81589511  -0.31401937   0.15630653   0.59195345   0.99012847   1.34793808   1.66198233   1.92800894   2.14066573   2.29339907   2.37855143   2.38771164   2.31236575   2.14488031   1.87982181   1.51556786   1.05609108   0.51268860  -0.09470559  -0.73711898  -1.37759622  -1.97412967  -2.48448335  -2.87227723  -3.11300183  -3.19826245  -3.13684855  -2.95221237  -2.67719352  -2.34769376  -1.99707225  -1.65240345  -1.33288214  -1.05000031  -0.80882172  -0.60968733  -0.44986798  -0.32491194  -0.22962447  -0.15872322  -0.10724770  -0.07079324  -0.04562140  -0.02868307  -0.01758178  -0.01049962  -0.00610441  -0.00345267  -0.00189837  -0.00101389  -0.00052559  -0.00026424  -0.00012874  -0.00006073  -0.00002772  -0.00001223  -0.00000521  -0.00000214  -0.00000085  -0.00000032  -0.00000012  -0.00000004  -0.00000001  -0.00000000  -0.00000000  -0.00000000  -0.00000000  -0.00000000  -0.00000000  -0.00000000  -0.00000000  -0.00000000  -0.00000000  -0.00000000  -0.00000000  -0.00000000  -0.00000000  -0.00000000  -0.00000000  -0.00000000  -0.00000000  -0.00000000  -0.00000000  -0.00000000  -0.00000000  -0.00000000  -0.00000000  -0.00000000  -0.00000000  -0.00000000  -0.00000000  -0.00000000  -0.00000000  -0.00000000  -0.00000000  -0.00000000  -0.00000000  -0.00000000  -0.00000000  -0.00000000  -0.00000000  -0.00000000  -0.00000000  -0.00000000  -0.00000000  -0.00000000  -0.00000000  -0.00000000  -0.00000000  -0.00000000  -0.00000000  -0.00000000  -0.00000000  -0.00000000  -0.00000000  -0.00000000  -0.00000000  -0.00000000  -0.00000000  -0.00000000  -0.00000000  -0.00000000  -0.00000000  -0.00000000  -0.00000000  -0.00000000  -0.00000000  -0.00000000  -0.00000000 
 -0.00000013  -0.87884480  -1.73846274  -2.55983053  -3.32437553  -4.01430945  -4.61308783  -5.10602135  -5.48103696  -5.72953649  -5.84723549  -5.83480278  -5.69809975  -5.44786972  -5.09885491  -4.66847738  -4.17533809  -3.63781155  -3.07294405  -2.49574794  -1.91888000  -1.35263021  -0.80513017  -0.28270159   0.20971312   0.66807692   1.08876782   1.46809567   1.80185283   2.08493322   2.31106346   2.47269836   2.56113822   2.56692559   2.48057107   2.29364064   2.00020458   1.59859646   1.09334880   0.49705624  -0.16822928  -0.87060588  -1.56952148  -2.21901308  -2.77299690  -3.19191277  -3.44927048  -3.53624617  -3.46280426  -3.25489992  -2.94868330  -2.58357024  -2.19611396  -1.81592369  -1.46393775  -1.15263673  -0.88745569  -0.66866370  -0.49318085  -0.35605714  -0.25154532  -0.17381719  -0.11740961  -0.07747816  -0.04991553  -0.03137470  -0.01922694  -0.01147942  -0.00667260  -0.00377325  -0.00207423  -0.00110761  -0.00057407  -0.00028857  -0.00014057  -0.00006630  -0.00003026  -0.00001335  -0.00000569  -0.00000234  -0.00000093  -0.00000035  -0.00000013  -0.00000005  -0.00000002  -0.00000001  -0.00000000  -0.00000000  -0.00000000  -0.00000000  -0.00000000  -0.00000000  -0.00000000  -0.00000000  -0.00000000  -0.00000000  -0.00000000  -0.00000000  -0.00000000  -0.00000000  -0.00000000  -0.00000000  -0.00000000  -0.00000000  -0.00000000  -0.00000000  -0.00000000  -0.00000000  -0.00000000  -0.00000000  -0.00000000  -0.00000000  -0.00000000  -0.00000000  -0.00000000  -0.00000000  -0.00000000  -0.00000000  -0.00000000  -0.00000000  -0.00000000  -0.00000000  -0.00000000  -0.00000000  -0.00000000  -0.00000000  -0.00000000  -0.00000000  -0.00000000  -0.00000000  -0.00000000  -0.00000000  -0.00000000  -0.00000000  -0.00000000  -0.00000000  -0.00000000  -0.00000000  -0.00000000  -0.00000000  -0.00000000  -0.00000000  -0.00000000  -0.00000000  -0.00000000  -0.00000000  -0.00000000  -0.00000000  -0.00000000  -0.00000000  -0.00000000 
 -0.00000012  -0.79706309  -1.57841862  -2.32845842  -3.03180062  -3.67347293  -4.23918336  -4.71570798  -5.09141640  -5.35693219  -5.50588282  -5.53563676  -5.44786972  -5.24878100  -4.94882427  -4.56192839  -4.10432539  -3.59321070  -3.04548539  -2.47677198  -1.90079329  -1.32911035  -0.77115698  -0.23449093   0.27481255   0.75168250   1.19153363   1.58974401   1.94116610   2.23971302   2.47807048   2.64759181   2.73843853   2.74002727   2.64183492   2.43459338   2.11187060   1.67197730   1.12005180   0.47005057  -0.25378288  -1.01654581  -1.77403212  -2.47629033  -3.07338644  -3.52260957  -3.79554584  -3.88301835  -3.79625082  -3.56378298  -3.22514519  -2.82331906  -2.39808299  -1.98159242  -1.59652453  -1.25633255  -0.96680076  -0.72810245  -0.53678426  -0.38737805  -0.27356782  -0.18896686  -0.12759994  -0.08417613  -0.05421463  -0.03406740  -0.02087157  -0.01245824  -0.00723986  -0.00409312  -0.00224959  -0.00120101  -0.00062236  -0.00031279  -0.00015234  -0.00007184  -0.00003278  -0.00001446  -0.00000616  -0.00000253  -0.00000100  -0.00000038  -0.00000014  -0.00000005  -0.00000002  -0.00000001  -0.00000000  -0.00000000  -0.00000000  -0.00000000  -0.00000000  -0.00000000  -0.00000000  -0.00000000  -0.00000000  -0.00000000  -0.00000000  -0.00000000  -0.00000000  -0.00000000  -0.00000000  -0.00000000  -0.00000000  -0.00000000  -0.00000000  -0.00000000  -0.00000000  -0.00000000  -0.00000000  -0.00000000  -0.00000000  -0.00000000  -0.00000000  -0.00000000  -0.00000000  -0.00000000  -0.00000000  -0.00000000  -0.00000000  -0.00000000  -0.00000000  -0.00000000  -0.00000000  -0.00000000  -0.00000000  -0.00000000  -0.00000000  -0.00000000  -0.00000000  -0.00000000  -0.00000000  -0.00000000  -0.00000000  -0.00000000  -0.00000000  -0.00000000  -0.00000000  -0.00000000  -0.00000000  -0.00000000  -0.00000000  -0.00000000  -0.00000000  -0.00000000  -0.00000000  -0.00000000  -0.00000000  -0.00000000  -0.00000000  -0.00000000  -0.00000000 
 -0.00000011  -0.71258454  -1.41237592  -2.08662662  -2.72269635  -3.30814731  -3.83089430  -4.27943380  -4.64317681  -4.91290325  -5.08133617  -5.14379734  -5.09885491  -4.94882427  -4.69996269  -4.36223464  -3.94862311  -3.47408875  -2.95437768  -2.40490438  -1.83988650  -1.27181812  -0.71128214  -0.16704813   0.35361890   0.84451081   1.29995203   1.71425188   2.08118374   2.39354359   2.64284636   2.81922418   2.91159413   2.90815988   2.79730042   2.56887636   2.21594521   1.73681601   1.13728011   0.43272243  -0.35034582  -1.17394765  -1.99016458  -2.74502407  -3.38474117  -3.86348637  -4.15098194  -4.23777635  -4.13643800  -3.87817250  -3.50595858  -3.06639277  -2.60250675  -2.14901061  -1.73031297  -1.36082170  -1.04664688  -0.78784147  -0.58055590  -0.41878447  -0.29562699  -0.20412651  -0.13778729  -0.09086612  -0.05850493  -0.03675241  -0.02251024  -0.01343281  -0.00780425  -0.00441116  -0.00242384  -0.00129376  -0.00067029  -0.00033681  -0.00016401  -0.00007733  -0.00003528  -0.00001556  -0.00000663  -0.00000272  -0.00000108  -0.00000041  -0.00000015  -0.00000005  -0.00000002  -0.00000001  -0.00000000  -0.00000000  -0.00000000  -0.00000000  -0.00000000  -0.00000000  -0.00000000  -0.00000000  -0.00000000  -0.00000000  -0.00000000  -0.00000000  -0.00000000  -0.00000000  -0.00000000  -0.00000000  -0.00000000  -0.00000000  -0.00000000  -0.00000000  -0.00000000  -0.00000000  -0.00000000  -0.00000000  -0.00000000  -0.00000000  -0.00000000  -0.00000000  -0.00000000  -0.00000000  -0.00000000  -0.00000000  -0.00000000  -0.00000000  -0.00000000  -0.00000000  -0.00000000  -0.00000000  -0.00000000  -0.00000000  -0.00000000  -0.00000000  -0.00000000  -0.00000000  -0.00000000  -0.00000000  -0.00000000  -0.00000000  -0.00000000  -0.00000000  -0.00000000  -0.00000000  -0.00000000  -0.00000000  -0.00000000  -0.00000000  -0.00000000  -0.00000000  -0.00000000  -0.00000000  -0.00000000  -0.00000000  -0.00000000  -0.00000000  -0.00000000 
 -0.00000009  -0.62757983  -1.24477076  -1.84120405  -2.40655969  -2.93061323  -3.40331381  -3.81491012  -4.15614468  -4.41853825  -4.59478078  -4.67922885  -4.66847738  -4.56192839  -4.36223464  -4.07547608  -3.71095814  -3.28060746  -2.79805473  -2.27758504  -1.73316181  -1.17768762  -0.62258406  -0.07769362   0.44854629   0.94872976   1.41598457   1.84342075   2.22359164   2.54803352   2.80695249   2.98913123   3.08212886   3.07284227   2.94848340   2.69800085   2.31393196   1.79460502   1.14651233   0.38653512  -0.45647074  -1.34138049  -2.21650622  -3.02382416  -3.70570129  -4.21322522  -4.51431730  -4.59933122  -4.48226514  -4.19706943  -3.79023530  -3.31201852  -2.80872719  -2.31763000  -1.86485609  -1.46574755  -1.12671557  -0.84766796  -0.62433665  -0.45016007  -0.31763965  -0.21923802  -0.14793200  -0.09752169  -0.06276926  -0.03941885  -0.02413624  -0.01439908  -0.00836342  -0.00472603  -0.00259624  -0.00138547  -0.00071765  -0.00036053  -0.00017553  -0.00008275  -0.00003774  -0.00001664  -0.00000709  -0.00000291  -0.00000115  -0.00000044  -0.00000016  -0.00000006  -0.00000002  -0.00000001  -0.00000000  -0.00000000  -0.00000000  -0.00000000  -0.00000000  -0.00000000  -0.00000000  -0.00000000  -0.00000000  -0.00000000  -0.00000000  -0.00000000  -0.00000000  -0.00000000  -0.00000000  -0.00000000  -0.00000000  -0.00000000  -0.00000000  -0.00000000  -0.00000000  -0.00000000  -0.00000000  -0.00000000  -0.00000000  -0.00000000  -0.00000000  -0.00000000  -0.00000000  -0.00000000  -0.00000000  -0.00000000  -0.00000000  -0.00000000  -0.00000000  -0.00000000  -0.00000000  -0.00000000  -0.00000000  -0.00000000  -0.00000000  -0.00000000  -0.00000000  -0.00000000  -0.00000000  -0.00000000  -0.00000000  -0.00000000  -0.00000000  -0.00000000  -0.00000000  -0.00000000  -0.00000000  -0.00000000  -0.00000000  -0.00000000  -0.00000000  -0.00000000  -0.00000000  -0.00000000  -0.00000000  -0.00000000  -0.00000000  -0.00000000  -0.00000000 
 -0.00000008  -0.54366577  -1.07892615  -1.59738549  -2.09067132  -2.55045640  -2.96849625  -3.33669237  -3.64719550  -3.89256682  -4.06601710  -4.16173951  -4.17533809  -4.10432539  -3.94862311  -3.71095814  -3.39702811  -3.01533610  -2.57667147  -2.09331628  -1.57813995  -1.04376987  -0.50198779   0.03657195   0.56242098   1.06696260   1.54206056   1.97951402   2.37052168   2.70521646   2.97235292   3.15922987   3.25192884   3.23594092   3.09723781   2.82381294   2.40767241   1.84718430   1.14958991   0.33333431  -0.57030604  -1.51698765  -2.45120016  -3.31084387  -4.03444641  -4.57005373  -4.88385280  -4.96608350  -4.83225663  -4.51914130  -4.07679852  -3.55917989  -3.01588575  -2.48674111  -1.99958011  -1.57065585  -1.20665475  -0.90731474  -0.66792805  -0.48136056  -0.33950320  -0.23423005  -0.15798559  -0.10411069  -0.06698679  -0.04205357  -0.02574146  -0.01535219  -0.00891453  -0.00503612  -0.00276589  -0.00147565  -0.00076419  -0.00038383  -0.00018683  -0.00008806  -0.00004016  -0.00001770  -0.00000754  -0.00000310  -0.00000123  -0.00000047  -0.00000017  -0.00000006  -0.00000002  -0.00000001  -0.00000000  -0.00000000  -0.00000000  -0.00000000  -0.00000000  -0.00000000  -0.00000000  -0.00000000  -0.00000000  -0.00000000  -0.00000000  -0.00000000  -0.00000000  -0.00000000  -0.00000000  -0.00000000  -0.00000000  -0.00000000  -0.00000000  -0.00000000  -0.00000000  -0.00000000  -0.00000000  -0.00000000  -0.00000000  -0.00000000  -0.00000000  -0.00000000  -0.00000000  -0.00000000  -0.00000000  -0.00000000  -0.00000000  -0.00000000  -0.00000000  -0.00000000  -0.00000000  -0.00000000  -0.00000000  -0.00000000  -0.00000000  -0.00000000  -0.00000000  -0.00000000  -0.00000000  -0.00000000  -0.00000000  -0.00000000  -0.00000000  -0.00000000  -0.00000000  -0.00000000  -0.00000000  -0.00000000  -0.00000000  -0.00000000  -0.00000000  -0.00000000  -0.00000000  -0.00000000  -0.00000000  -0.00000000  -0.00000000  -0.00000000  -0.00000000 
 -0.00000007  -0.46203411  -0.91730313  -1.35904872  -1.78052705  -2.17501922  -2.53584735  -2.85640200  -3.13018927  -3.35091052  -3.51259095  -3.60977607  -3.63781155  -3.59321070  -3.47408875  -3.28060746  -3.01533610  -2.68341704  -2.29244558  -1.85204248  -1.37318975  -0.86747606  -0.34642199   0.17897928   0.69843899   1.20227156   1.68107137   2.12525149   2.52453964   2.86752889   3.14138030   3.33177217   3.42318558   3.39960384   3.24568300   2.94841684   2.49926861   1.89666632   1.14864748   0.27528661  -0.68964702  -1.69852599  -2.69197226  -3.60379458  -4.36869929  -4.93173965  -5.25743960  -5.33600666  -5.18454327  -4.84270354  -4.36416530  -3.80660163  -3.22291062  -2.65546300  -2.13377659  -1.67498889  -1.28603447  -0.96645719  -0.71109011  -0.51221225  -0.36109464  -0.24901743  -0.16789041  -0.11059499  -0.07113292  -0.04464107  -0.02731639  -0.01628646  -0.00945427  -0.00533956  -0.00293178  -0.00156376  -0.00080962  -0.00040656  -0.00019786  -0.00009324  -0.00004251  -0.00001874  -0.00000798  -0.00000328  -0.00000130  -0.00000050  -0.00000018  -0.00000006  -0.00000002  -0.00000001  -0.00000000  -0.00000000  -0.00000000  -0.00000000  -0.00000000  -0.00000000  -0.00000000  -0.00000000  -0.00000000  -0.00000000  -0.00000000  -0.00000000  -0.00000000  -0.00000000  -0.00000000  -0.00000000  -0.00000000  -0.00000000  -0.00000000  -0.00000000  -0.00000000  -0.00000000  -0.00000000  -0.00000000  -0.00000000  -0.00000000  -0.00000000  -0.00000000  -0.00000000  -0.00000000  -0.00000000  -0.00000000  -0.00000000  -0.00000000  -0.00000000  -0.00000000  -0.00000000  -0.00000000  -0.00000000  -0.00000000  -0.00000000  -0.00000000  -0.00000000  -0.00000000  -0.00000000  -0.00000000  -0.00000000  -0.00000000  -0.00000000  -0.00000000  -0.00000000  -0.00000000  -0.00000000  -0.00000000  -0.00000000  -0.00000000  -0.00000000  -0.00000000  -0.00000000  -0.00000000  -0.00000000  -0.00000000  -0.00000000  -0.00000000  -0.00000000 
 -0.00000006  -0.38355203  -0.76170020  -1.12904774  -1.48021143  -1.80982730  -2.11255624  -2.38309189  -2.61617515  -2.80662327  -2.94938503  -3.03963772  -3.07294405  -3.04548539  -2.95437768  -2.79805473  -2.57667147  -2.29244558  -1.94983793  -1.55549112  -1.11790479  -0.64691035  -0.15307543   0.35280972   0.86004451   1.35807455   1.83630707   2.28375187   2.68858436   3.03774033   3.31665446   3.50925167   3.59829093   3.56614613   3.39608271   3.07405080   2.59095958   1.94531684   1.14600166   0.21477963  -0.81202191  -1.88343628  -2.93618505  -3.89998377  -4.70574909  -5.29560156  -5.63247981  -5.70664082  -5.53685184  -5.16570716  -4.65053427  -4.05273837  -3.42850717  -2.82273569  -2.26659660  -1.77808115  -1.36434383  -1.02471118  -0.75353995  -0.54251118  -0.38227004  -0.26350080  -0.17757941  -0.11693039  -0.07517920  -0.04716348  -0.02885010  -0.01719535  -0.00997885  -0.00563420  -0.00309270  -0.00164917  -0.00085363  -0.00042856  -0.00020851  -0.00009824  -0.00004478  -0.00001973  -0.00000840  -0.00000345  -0.00000137  -0.00000052  -0.00000019  -0.00000007  -0.00000002  -0.00000001  -0.00000000  -0.00000000  -0.00000000  -0.00000000  -0.00000000  -0.00000000  -0.00000000  -0.00000000  -0.00000000  -0.00000000  -0.00000000  -0.00000000  -0.00000000  -0.00000000  -0.00000000  -0.00000000  -0.00000000  -0.00000000  -0.00000000  -0.00000000  -0.00000000  -0.00000000  -0.00000000  -0.00000000  -0.00000000  -0.00000000  -0.00000000  -0.00000000  -0.00000000  -0.00000000  -0.00000000  -0.00000000  -0.00000000  -0.00000000  -0.00000000  -0.00000000  -0.00000000  -0.00000000  -0.00000000  -0.00000000  -0.00000000  -0.00000000  -0.00000000  -0.00000000  -0.00000000  -0.00000000  -0.00000000  -0.00000000  -0.00000000  -0.00000000  -0.00000000  -0.00000000  -0.00000000  -0.00000000  -0.00000000  -0.00000000  -0.00000000  -0.00000000  -0.00000000  -0.00000000  -0.00000000  -0.00000000  -0.00000000  -0.00000000  -0.00000000 
