# coconut-me2b/v0.99.21 
# 
# momentum space matrix elements 
# partial wave J=1, L=1/1, S=1, T=1, MT=1 
# 
# momentum grid [fm^-1]
0.000000 0.066667 0.133333 0.200000 0.266667 0.333333 0.400000 0.466667 0.533333 0.600000 0.666667 0.733333 0.800000 0.866667 0.933333 1.000000 1.066667 1.133333 1.200000 1.266667 1.333333 1.400000 1.466667 1.533333 1.600000 1.666667 1.733333 1.800000 1.866667 1.933333 2.000000 2.066667 2.133333 2.200000 2.266667 2.333333 2.400000 2.466667 2.533333 2.600000 2.666667 2.733333 2.800000 2.866667 2.933333 3.000000 3.066667 3.133333 3.200000 3.266667 3.333333 3.400000 3.466667 3.533333 3.600000 3.666667 3.733333 3.800000 3.866667 3.933333 4.000000 4.066667 4.133333 4.200000 4.266667 4.333333 4.400000 4.466667 4.533333 4.600000 4.666667 4.733333 4.800000 4.866667 4.933333 5.000000 5.066667 5.133333 5.200000 5.266667 5.333333 5.400000 5.466667 5.533333 5.600000 5.666667 5.733333 5.800000 5.866667 5.933333 6.000000 6.066667 6.133333 6.200000 6.266667 6.333333 6.400000 6.466667 6.533333 6.600000 6.666667 6.733333 6.800000 6.866667 6.933333 7.000000 7.066667 7.133333 7.200000 7.266667 7.333333 7.400000 7.466667 7.533333 7.600000 7.666667 7.733333 7.800000 7.866667 7.933333 8.000000 8.066667 8.133333 8.200000 8.266667 8.333333 8.400000 8.466667 8.533333 8.600000 8.666667 8.733333 8.800000 8.866667 8.933333 9.000000 9.066667 9.133333 9.200000 9.266667 9.333333 9.400000 9.466667 9.533333 9.600000 9.666667 9.733333 9.800000 9.866667 9.933333 10.000000 
#
# matrix elements [MeV fm^3] 
  0.00000000   0.00000084   0.00000137   0.00000145   0.00000113   0.00000063   0.00000021   0.00000001   0.00000002   0.00000013   0.00000022   0.00000022   0.00000015   0.00000008   0.00000006   0.00000008   0.00000012   0.00000013   0.00000011   0.00000008   0.00000006   0.00000006   0.00000008   0.00000009   0.00000009   0.00000007   0.00000006   0.00000005   0.00000006   0.00000007   0.00000007   0.00000006   0.00000005   0.00000004   0.00000004   0.00000004   0.00000004   0.00000003   0.00000002   0.00000000  -0.00000000  -0.00000000  -0.00000001  -0.00000001  -0.00000002  -0.00000003  -0.00000003  -0.00000003  -0.00000002  -0.00000002  -0.00000002  -0.00000002  -0.00000002  -0.00000002  -0.00000001  -0.00000001  -0.00000001  -0.00000001  -0.00000001  -0.00000000  -0.00000000   0.00000000   0.00000000  -0.00000000  -0.00000000  -0.00000000   0.00000000   0.00000000   0.00000000   0.00000000  -0.00000000  -0.00000000  -0.00000000   0.00000000   0.00000000   0.00000000  -0.00000000  -0.00000000  -0.00000000   0.00000000   0.00000000   0.00000000  -0.00000000  -0.00000000  -0.00000000   0.00000000   0.00000000   0.00000000  -0.00000000  -0.00000000  -0.00000000  -0.00000000   0.00000000   0.00000000   0.00000000  -0.00000000  -0.00000000  -0.00000000   0.00000000   0.00000000   0.00000001  -0.00000000  -0.00000000  -0.00000000   0.00000000   0.00000000   0.00000000  -0.00000000  -0.00000000  -0.00000000   0.00000000   0.00000000   0.00000000   0.00000000  -0.00000000  -0.00000000   0.00000001   0.00000000   0.00000000   0.00000000  -0.00000000  -0.00000000  -0.00000000   0.00000000   0.00000000   0.00000000  -0.00000000  -0.00000000  -0.00000000   0.00000000   0.00000000   0.00000000  -0.00000000  -0.00000000  -0.00000000  -0.00000000   0.00000000   0.00000000   0.00000000   0.00000000  -0.00000000  -0.00000000  -0.00000000   0.00000000  -0.00000000   0.00000000   0.00000000   0.00000000   0.00000000   0.00000000  -0.00000000 
  0.00000084   5.22956630   8.58231203   9.10574427   7.16601541   4.11533666   1.47904945   0.17308604   0.18963707   0.85287765   1.38865701   1.40474427   1.00938776   0.57967200   0.41586421   0.54249263   0.75913582   0.84582162   0.73685247   0.53888721   0.41112143   0.42741314   0.53206029   0.60763210   0.58128184   0.47727672   0.38148534   0.36034217   0.40777003   0.46005721   0.45695250   0.39172766   0.30959257   0.26227531   0.26254765   0.27736258   0.26111371   0.19625560   0.10580513   0.03001048  -0.00907594  -0.02344900  -0.04377680  -0.08924132  -0.15028402  -0.19822610  -0.21114235  -0.19212957  -0.16470983  -0.15124227  -0.15449602  -0.15811039  -0.14389469  -0.10934839  -0.06988584  -0.04487259  -0.04090943  -0.04729198  -0.04683069  -0.03147934  -0.00870480   0.00635986   0.00506605  -0.00725327  -0.01667222  -0.01337337   0.00004722   0.01177144   0.01192659   0.00134113  -0.00974892  -0.01131156  -0.00242145   0.00843604   0.01146006   0.00436120  -0.00598712  -0.01016560  -0.00475765   0.00490227   0.00994052   0.00606030  -0.00283663  -0.00854101  -0.00609564   0.00191658   0.00804038   0.00685779  -0.00024563  -0.00663120  -0.00659961  -0.00046559   0.00598745   0.00693837   0.00175981  -0.00463782  -0.00645213  -0.00224277   0.00395207   0.00647066   0.00318715  -0.00271584  -0.00582133  -0.00344244   0.00206335   0.00561074   0.00407156  -0.00097980  -0.00486035  -0.00411473   0.00041411   0.00450060   0.00446932   0.00049123  -0.00370611  -0.00432677  -0.00093513   0.00326619   0.00445189   0.00164950  -0.00247772  -0.00415733  -0.00195259   0.00201552   0.00410032   0.00247472  -0.00127509  -0.00369167  -0.00263151   0.00083724   0.00350015   0.00297016  -0.00017786  -0.00301670  -0.00298637  -0.00020020   0.00273659   0.00315853   0.00075494  -0.00221665  -0.00304869  -0.00104869   0.00189040   0.00307768   0.00148455  -0.00136922  -0.00286283  -0.00167976   0.00103430   0.00277630   0.00199138 
  0.00000137   8.58231203  14.18870739  15.28202354  12.38761920   7.59489229   3.30752716   1.02238867   0.81420792   1.69652965   2.48163703   2.52767071   1.94861493   1.28803160   1.00266236   1.15037489   1.44829364   1.57004607   1.40771615   1.10858260   0.90506870   0.91099085   1.05086007   1.15443950   1.11200922   0.95454662   0.80542251   0.76298925   0.82119068   0.88859705   0.87636040   0.77221042   0.64010453   0.55521504   0.53727431   0.53922959   0.49468926   0.37724091   0.21970269   0.08111159  -0.00476731  -0.05328435  -0.10745595  -0.19444862  -0.30015053  -0.38260384  -0.40941629  -0.38463387  -0.34256967  -0.31664555  -0.31232818  -0.30723305  -0.27584643  -0.21497558  -0.14728441  -0.10128771  -0.08707275  -0.08946423  -0.08351033  -0.05718922  -0.02090598   0.00362793   0.00385954  -0.01257174  -0.02543822  -0.02027590  -0.00055205   0.01677187   0.01734901   0.00223135  -0.01383427  -0.01624153  -0.00348286   0.01226673   0.01678459   0.00662439  -0.00836735  -0.01453991  -0.00683499   0.00712899   0.01451123   0.00900049  -0.00385485  -0.01219084  -0.00875950   0.00279410   0.01170910   0.01008787  -0.00015037  -0.00943547  -0.00947816  -0.00065584   0.00870521   0.01015319   0.00271058  -0.00656368  -0.00925692  -0.00322393   0.00574063   0.00943793   0.00473959  -0.00379830  -0.00833984  -0.00495344   0.00299799   0.00816573   0.00598797  -0.00130370  -0.00694857  -0.00591918   0.00060846   0.00654013   0.00653728   0.00080685  -0.00528089  -0.00621974  -0.00134278   0.00474162   0.00649081   0.00246521  -0.00350862  -0.00596989  -0.00281157   0.00292497   0.00596559   0.00364280  -0.00177564  -0.00529338  -0.00378950   0.00121709   0.00508493   0.00434490  -0.00019650  -0.00431606  -0.00429847  -0.00028416   0.00397163   0.00460470   0.00114403  -0.00315965  -0.00438478  -0.00151014   0.00274195   0.00447719   0.00219046  -0.00193632  -0.00411303  -0.00242050   0.00150055   0.00403284   0.00291494 
  0.00000145   9.10574427  15.28202354  16.95796653  14.53143246   9.93915845   5.51049503   2.80925693   2.09319753   2.57631177   3.18230264   3.24616622   2.76349420   2.15399400   1.82118127   1.85580110   2.04940889   2.12851704   1.98237590   1.71329378   1.50894290   1.47281003   1.55499078   1.61996349   1.57235988   1.42864009   1.28481138   1.22303433   1.24363589   1.27537617   1.24436147   1.13576806   0.99731807   0.88905503   0.82881239   0.78052582   0.69065095   0.53635329   0.34305598   0.15965869   0.01717696  -0.09198463  -0.19859067  -0.32232958  -0.45081907  -0.54942239  -0.59096806  -0.57794737  -0.53849722  -0.50173460  -0.47541428  -0.44486575  -0.39197942  -0.31556605  -0.23473307  -0.17335094  -0.14059280  -0.12502336  -0.10661828  -0.07502022  -0.03764274  -0.01128737  -0.00590188  -0.01546044  -0.02364744  -0.01840148  -0.00187591   0.01274759   0.01397572   0.00238974  -0.01038921  -0.01256394  -0.00260947   0.00999107   0.01385137   0.00597903  -0.00598188  -0.01113410  -0.00523760   0.00583868   0.01188038   0.00769023  -0.00250310  -0.00929135  -0.00676767   0.00234335   0.00953344   0.00841137   0.00034148  -0.00713197  -0.00733542  -0.00042142   0.00706702   0.00835286   0.00252665  -0.00488439  -0.00715697  -0.00246925   0.00466123   0.00770072   0.00406180  -0.00272426  -0.00642891  -0.00384204   0.00245266   0.00662783   0.00498764  -0.00078063  -0.00532837  -0.00460421   0.00053914   0.00529179   0.00536869   0.00085805  -0.00401254  -0.00483729  -0.00101655   0.00383251   0.00528651   0.00213897  -0.00261739  -0.00463445  -0.00218297   0.00236990   0.00483333   0.00304054  -0.00125639  -0.00409506  -0.00295623   0.00100217   0.00410625   0.00356777  -0.00001956  -0.00331956  -0.00335573  -0.00019524   0.00320180   0.00374758   0.00102674  -0.00240464  -0.00341969  -0.00116972   0.00221125   0.00362394   0.00183936  -0.00143911  -0.00320035  -0.00189081   0.00121664   0.00325289   0.00239699 
  0.00000113   7.16601541  12.38761920  14.53143246  13.67219953  10.90034436   7.69237018   5.21486545   3.92082869   3.58413688   3.65406838   3.66070995   3.43618153   3.08222251   2.78436811   2.63949824   2.60692407   2.57851885   2.48138282   2.32627832   2.17783707   2.08831676   2.05577743   2.03529767   1.98359411   1.89412259   1.79531509   1.71966385   1.67420176   1.63689287   1.57802634   1.48485650   1.36813708   1.24753893   1.13137950   1.00905171   0.86145532   0.67866632   0.46905682   0.25310508   0.04890864  -0.13739097  -0.30892988  -0.46741452  -0.60525816  -0.70786819  -0.76369425  -0.77285437  -0.74695474  -0.70081261  -0.64360555  -0.57669266  -0.49884382  -0.41308331  -0.32851183  -0.25558022  -0.19936657  -0.15700015  -0.12138190  -0.08768662  -0.05692126  -0.03378639  -0.02127946  -0.01715998  -0.01536900  -0.01086468  -0.00337451   0.00320639   0.00497714   0.00184421  -0.00237638  -0.00342441  -0.00031387   0.00404475   0.00571269   0.00333543  -0.00076438  -0.00285140  -0.00119286   0.00249412   0.00475911   0.00360112   0.00019259  -0.00232802  -0.00176901   0.00119138   0.00374952   0.00359459   0.00096277  -0.00169113  -0.00200114   0.00018568   0.00276897   0.00338324   0.00153842  -0.00101885  -0.00197244  -0.00054663   0.00185858   0.00301783   0.00191935  -0.00037160  -0.00175554  -0.00103262   0.00105006   0.00254736   0.00211675   0.00020712  -0.00141343  -0.00130261   0.00036577   0.00201750   0.00215026   0.00068809  -0.00100047  -0.00138970  -0.00018106   0.00146929   0.00204539   0.00105425  -0.00056270  -0.00132887  -0.00058580   0.00093803   0.00183132   0.00129903  -0.00013788  -0.00115571  -0.00085155   0.00045250   0.00153888   0.00142464   0.00024448  -0.00090513  -0.00098810   0.00003451   0.00119868   0.00144045   0.00056300  -0.00061006  -0.00101061  -0.00030124   0.00083960   0.00136128   0.00080411  -0.00030025  -0.00093824  -0.00054698   0.00048745   0.00120583   0.00096148 
  0.00000063   4.11533666   7.59489229   9.93915845  10.90034436  10.54620275   9.23882753   7.51683358   5.91305292   4.78004160   4.20136810   4.02657466   4.00237955   3.92251731   3.71579658   3.43720043   3.18869451   3.03382311   2.96151767   2.91134125   2.82852879   2.70286321   2.56608009   2.45777876   2.39164002   2.34799737   2.29408148   2.21137158   2.10702096   2.00245724   1.91164073   1.82817066   1.73071170   1.60003265   1.43230148   1.23834816   1.03158393   0.81646744   0.58756120   0.33904944   0.07551253  -0.18565810  -0.42203065  -0.61726338  -0.76664107  -0.87364241  -0.94199129  -0.97085526  -0.95714012  -0.90202663  -0.81517659  -0.71240812  -0.60858933  -0.51158428  -0.42187377  -0.33738342  -0.25876563  -0.19053704  -0.13757873  -0.10067984  -0.07539642  -0.05525729  -0.03640046  -0.01959851  -0.00814340  -0.00377079  -0.00436958  -0.00539534  -0.00350359   0.00096364   0.00479533   0.00513990   0.00216427  -0.00116646  -0.00181919   0.00064167   0.00382764   0.00481644   0.00279209  -0.00033157  -0.00175504  -0.00033558   0.00247444   0.00405195   0.00300404   0.00035473  -0.00148487  -0.00093863   0.00136207   0.00324398   0.00300785   0.00092990  -0.00107271  -0.00123220   0.00049070   0.00244497   0.00284209   0.00136720  -0.00059898  -0.00128949  -0.00015422   0.00169431   0.00254678   0.00165727  -0.00012337  -0.00117427  -0.00059228   0.00102230   0.00216219   0.00180378   0.00031116  -0.00094226  -0.00084745   0.00045028   0.00172662   0.00181971   0.00067554  -0.00064156  -0.00094707  -0.00000900   0.00127477   0.00172441   0.00095233  -0.00031288  -0.00092056  -0.00035069   0.00083658   0.00154118   0.00113395   0.00001049  -0.00079817  -0.00057696   0.00043640   0.00129516   0.00122094   0.00030266  -0.00060958  -0.00069589   0.00009255   0.00101159   0.00122033   0.00054498  -0.00038279  -0.00072030  -0.00018276   0.00071433   0.00114408   0.00072563  -0.00014297  -0.00066641  -0.00038330 
  0.00000021   1.47904945   3.30752716   5.51049503   7.69237018   9.23882753   9.68248058   8.98941887   7.58297121   6.10076258   5.05278508   4.59650308   4.54757705   4.58094417   4.46387699   4.16990006   3.82854355   3.58375059   3.48026608   3.45201978   3.39746838   3.26604965   3.08692945   2.92886067   2.83571925   2.79355707   2.75035631   2.66375415   2.53316170   2.39203950   2.27243561   2.17521160   2.07020667   1.92249430   1.71958859   1.47686113   1.21965317   0.96053858   0.69216954   0.40041258   0.08432289  -0.23532550  -0.52590042  -0.76184392  -0.93653367  -1.05849790  -1.13752568  -1.17414448  -1.16142376  -1.09615630  -0.98819349  -0.85901967  -0.73070570  -0.61479169  -0.51016195  -0.41065388  -0.31481526  -0.22913904  -0.16264688  -0.11855169  -0.09091445  -0.06921686  -0.04651516  -0.02389046  -0.00759937  -0.00197405  -0.00466060  -0.00828153  -0.00664540   0.00030612   0.00716391   0.00844036   0.00364187  -0.00245222  -0.00426938  -0.00041610   0.00532751   0.00767342   0.00463975  -0.00084157  -0.00379398  -0.00175115   0.00315932   0.00634524   0.00498256   0.00046207  -0.00305562  -0.00249989   0.00140532   0.00496329   0.00495584   0.00151141  -0.00215729  -0.00277330   0.00005725   0.00361350   0.00463687   0.00228363  -0.00121568  -0.00268833  -0.00091258   0.00236050   0.00410101   0.00277862  -0.00031724  -0.00234732  -0.00153982   0.00125295   0.00342074   0.00301371   0.00047651  -0.00183972  -0.00186690   0.00032413   0.00266306   0.00301876   0.00112513  -0.00124280  -0.00194144  -0.00040719   0.00188751   0.00283214   0.00160617  -0.00062162  -0.00181414  -0.00093546   0.00114456   0.00249722   0.00191247  -0.00002902  -0.00153660  -0.00126679   0.00047462   0.00205926   0.00204958   0.00049443  -0.00115912  -0.00141704  -0.00009252   0.00156265   0.00203314   0.00092021  -0.00072873  -0.00140970  -0.00053769   0.00104867   0.00188639   0.00123116  -0.00028741  -0.00127370  -0.00085191 
  0.00000001   0.17308604   1.02238867   2.80925693   5.21486545   7.51683358   8.98941887   9.28096338   8.55406425   7.33469397   6.19419830   5.46932599   5.17037342   5.08899552   4.99541300   4.78469063   4.49665264   4.23351152   4.06043945   3.96365667   3.88071564   3.76133709   3.60426622   3.44648843   3.32353430   3.23873908   3.16477869   3.07028069   2.94501997   2.80282206   2.66319348   2.53037694   2.38802657   2.21206548   1.98868374   1.72192731   1.42628914   1.11312951   0.78389609   0.43553586   0.07202540  -0.28909901  -0.62123573  -0.90038980  -1.11446062  -1.26351797  -1.35265532  -1.38493009  -1.36065864  -1.28273225  -1.16196522  -1.01670319  -0.86636232  -0.72402909  -0.59389552  -0.47489652  -0.36666828  -0.27248307  -0.19709116  -0.14215663  -0.10391852  -0.07535748  -0.05091536  -0.02959964  -0.01394460  -0.00609179  -0.00469228  -0.00534080  -0.00392301   0.00030966   0.00469427   0.00603453   0.00369485   0.00016097  -0.00127026   0.00056726   0.00381162   0.00542025   0.00396861   0.00084884  -0.00111975  -0.00029027   0.00239291   0.00436939   0.00383987   0.00134540  -0.00082969  -0.00079216   0.00127648   0.00337802   0.00357641   0.00173632  -0.00043487  -0.00100419   0.00043722   0.00247112   0.00320657   0.00200280  -0.00000540  -0.00100310  -0.00015861   0.00166625   0.00276050   0.00214031   0.00040796  -0.00085277  -0.00054319   0.00097711   0.00226954   0.00215524   0.00076986  -0.00060690  -0.00074851   0.00041229   0.00176386   0.00206164   0.00105748  -0.00031050  -0.00080667  -0.00002523   0.00127080   0.00187868   0.00125840  -0.00000060  -0.00074957  -0.00033800   0.00081364   0.00162850   0.00136886   0.00029333  -0.00060823  -0.00053364   0.00041086   0.00133441   0.00139211   0.00054907  -0.00041200  -0.00062415   0.00007568   0.00101932   0.00133695   0.00075133  -0.00018764  -0.00062490  -0.00018408   0.00070446   0.00121623   0.00089123   0.00004134  -0.00055358  -0.00036574 
  0.00000002   0.18963707   0.81420792   2.09319753   3.92082869   5.91305292   7.58297121   8.55406425   8.70757715   8.20086759   7.36285121   6.53221849   5.92336956   5.57808897   5.40786320   5.28468375   5.12202021   4.90633216   4.67635318   4.47778074   4.32826825   4.21203450   4.09939132   3.97112548   3.82920722   3.68919897   3.56391621   3.45230442   3.34083156   3.21386868   3.06333071   2.89017233   2.69802292   2.48552633   2.24413028   1.96286881   1.63593583   1.26717659   0.86879705   0.45641342   0.04492617  -0.35197679  -0.71967033  -1.04120848  -1.29924674  -1.48067440  -1.58083774  -1.60443667  -1.56274347  -1.46941165  -1.33767808  -1.18002809  -1.00910944  -0.83782995  -0.67770719  -0.53645979  -0.41676787  -0.31729459  -0.23525613  -0.16865562  -0.11673517  -0.07878804  -0.05279381  -0.03529656  -0.02268603  -0.01274680  -0.00513815  -0.00045867   0.00121051   0.00100262   0.00067354   0.00135713   0.00283554   0.00396529   0.00383938   0.00263612   0.00143653   0.00123850   0.00208940   0.00310170   0.00329275   0.00246289   0.00133265   0.00085583   0.00136024   0.00228733   0.00273256   0.00226701   0.00129632   0.00065959   0.00086118   0.00163639   0.00222264   0.00206232   0.00129136   0.00058706   0.00053928   0.00112690   0.00176277   0.00184267   0.00128656   0.00058852   0.00035079   0.00073997   0.00135516   0.00160969   0.00126431   0.00062817   0.00026039   0.00045879   0.00100245   0.00136935   0.00121629   0.00068055   0.00023907   0.00026758   0.00070643   0.00112959   0.00114059   0.00072812   0.00026291   0.00015109   0.00046735   0.00089880   0.00103961   0.00075957   0.00031239   0.00009460   0.00028361   0.00068475   0.00091853   0.00076861   0.00037188   0.00008400   0.00015183   0.00049397   0.00078411   0.00075288   0.00042940   0.00010610   0.00006698   0.00033128   0.00064374   0.00071309   0.00047625   0.00014891   0.00002276   0.00019964   0.00050474   0.00065221   0.00050675 
  0.00000013   0.85287765   1.69652965   2.57631177   3.58413688   4.78004160   6.10076258   7.33469397   8.20086759   8.49370727   8.20241917   7.52495529   6.76494782   6.17683249   5.85513778   5.72893261   5.64966979   5.50296631   5.27023695   5.01165692   4.79973539   4.66077694   4.56440817   4.45852615   4.31385171   4.14174114   3.97610352   3.83994791   3.72585684   3.60387539   3.44612158   3.24545207   3.01372782   2.76420306   2.49532663   2.19003371   1.83000457   1.41185269   0.95196142   0.47751247   0.01281159  -0.42748470  -0.83427462  -1.19520185  -1.49090118  -1.70067207  -1.81304961  -1.83238448  -1.77616818  -1.66570665  -1.51777900  -1.34308492  -1.15079355  -0.95336654  -0.76634727  -0.60302186  -0.46878361  -0.36031317  -0.27035420  -0.19401887  -0.13150118  -0.08551698  -0.05644259  -0.03984876  -0.02861367  -0.01754228  -0.00628343   0.00193080   0.00437090   0.00196040  -0.00120929  -0.00131482   0.00207495   0.00598041   0.00696815   0.00430733   0.00051809  -0.00102669   0.00085497   0.00421817   0.00589235   0.00437959   0.00111215  -0.00097278  -0.00013530   0.00266626   0.00476129   0.00423988   0.00162957  -0.00068916  -0.00070185   0.00144870   0.00368563   0.00394685   0.00203606  -0.00028071  -0.00094490   0.00053221   0.00269494   0.00353171   0.00230672   0.00017062  -0.00094983  -0.00011656   0.00181380   0.00303035   0.00243531   0.00060589  -0.00078859  -0.00053164   0.00106046   0.00247963   0.00242883   0.00098427  -0.00052205  -0.00074829   0.00044603   0.00191467   0.00230344   0.00127978  -0.00020127  -0.00080266  -0.00002571   0.00136690   0.00208126   0.00147867   0.00013192  -0.00073101  -0.00035782   0.00086272   0.00178777   0.00157726   0.00044453  -0.00056862  -0.00055953   0.00042265   0.00144960   0.00158001   0.00071206  -0.00034875  -0.00064509   0.00006092   0.00109265   0.00149762   0.00091805  -0.00010154  -0.00063259  -0.00021451   0.00074066   0.00134527   0.00105346 
  0.00000022   1.38865701   2.48163703   3.18230264   3.65406838   4.20136810   5.05278508   6.19419830   7.36285121   8.20241917   8.47319407   8.18196364   7.55791910   6.90546904   6.43855030   6.19820195   6.08692017   5.97385393   5.78896457   5.54901489   5.31639812   5.13726640   5.00881226   4.89265517   4.75306415   4.58447565   4.40853478   4.24893103   4.10855006   3.96720279   3.79827787   3.58741646   3.33741272   3.05760367   2.74949477   2.40210776   2.00063054   1.54019161   1.03308113   0.50442271  -0.01871352  -0.51530265  -0.97015011  -1.36827702  -1.69129009  -1.92052683  -2.04499181  -2.06750146  -2.00392042  -1.87616948  -1.70448297  -1.50419762  -1.28782468  -1.06860831  -0.86112153  -0.67786876  -0.52494481  -0.40082507  -0.29959044  -0.21601821  -0.14850752  -0.09792235  -0.06406003  -0.04331913  -0.02973513  -0.01834290  -0.00776927   0.00019899   0.00352245   0.00258960   0.00034229  -0.00006679   0.00219299   0.00521571   0.00634246   0.00465994   0.00176942   0.00024444   0.00128858   0.00373610   0.00522298   0.00436964   0.00196982   0.00017086   0.00047995   0.00244168   0.00414058   0.00399057   0.00214470   0.00027730   0.00000918   0.00145228   0.00317598   0.00356200   0.00226885   0.00048416  -0.00020986   0.00072198   0.00232932   0.00309360   0.00231963   0.00072883  -0.00024786   0.00021166   0.00160298   0.00260160   0.00228931   0.00096722  -0.00016201  -0.00011347   0.00099882   0.00210508   0.00218054   0.00116944   0.00000080  -0.00028582   0.00051637   0.00162334   0.00200303   0.00131684   0.00020231  -0.00033618   0.00015193   0.00117408   0.00177101   0.00139983   0.00041187  -0.00029382  -0.00010164   0.00077218   0.00150125   0.00141615   0.00060581  -0.00018613  -0.00025470   0.00042893   0.00121140   0.00136935   0.00076692  -0.00003820  -0.00032033   0.00015159   0.00091861   0.00126734   0.00088399   0.00012774  -0.00031364  -0.00005662   0.00063849   0.00112112   0.00095118 
  0.00000022   1.40474427   2.52767071   3.24616622   3.66070995   4.02657466   4.59650308   5.46932599   6.53221849   7.52495529   8.18196364   8.36681564   8.12621536   7.64410321   7.13491906   6.74303354   6.50039722   6.35193047   6.21802900   6.04949208   5.84571451   5.63654687   5.45040842   5.29363367   5.15164483   5.00478168   4.84325443   4.67028462   4.49384108   4.31581100   4.12745967   3.91341662   3.65952117   3.35797030   3.00680302   2.60598572   2.15479649   1.65335608   1.10716223   0.53086466  -0.05182416  -0.61221058  -1.12215827  -1.55817545  -1.90292270  -2.14514580  -2.27975809  -2.30878813  -2.24233872  -2.09805431  -1.89840682  -1.66663847  -1.42314202  -1.18367291  -0.95946798  -0.75821164  -0.58469247  -0.44082100  -0.32556643  -0.23552794  -0.16624143  -0.11358753  -0.07450588  -0.04675889  -0.02822021  -0.01644752  -0.00892804  -0.00372908   0.00006979   0.00256266   0.00366072   0.00364961   0.00322971   0.00308405   0.00341762   0.00389631   0.00402739   0.00363044   0.00298924   0.00257957   0.00264320   0.00299337   0.00320775   0.00301493   0.00252329   0.00210159   0.00203802   0.00229120   0.00254637   0.00250896   0.00216304   0.00176899   0.00161763   0.00177145   0.00202200   0.00208903   0.00187219   0.00153002   0.00132572   0.00138844   0.00160564   0.00173521   0.00162665   0.00134994   0.00112244   0.00110862   0.00127643   0.00143511   0.00141224   0.00120613   0.00097939   0.00090666   0.00101854   0.00118075   0.00122098   0.00108410   0.00087617   0.00076291   0.00081934   0.00096658   0.00104867   0.00097491   0.00079820   0.00066194   0.00066827   0.00078838   0.00089336   0.00087339   0.00073516   0.00059149   0.00055628   0.00064252   0.00075437   0.00077697   0.00068003   0.00054189   0.00047542   0.00052560   0.00063155   0.00068481   0.00062825   0.00050559   0.00041871   0.00043425   0.00052492   0.00059712   0.00057717   0.00047685   0.00038004   0.00036504   0.00043433 
  0.00000015   1.00938776   1.94861493   2.76349420   3.43618153   4.00237955   4.54757705   5.17037342   5.92336956   6.76494782   7.55791910   8.12621536   8.34286038   8.19821102   7.80619458   7.34411261   6.96319902   6.72387693   6.59058883   6.48064056   6.32842980   6.12246598   5.89738943   5.69629099   5.53593491   5.39906406   5.25370124   5.07936304   4.87852177   4.66682680   4.45336892   4.22848032   3.96802525   3.64870891   3.26096416   2.81000753   2.30680263   1.75883917   1.16939558   0.54540805  -0.09380478  -0.71531336  -1.28066315  -1.75752070  -2.12689646  -2.38237867  -2.52450370  -2.55652465  -2.48519082  -2.32464304  -2.09828752  -1.83525501  -1.56292238  -1.30047662  -1.05762512  -0.83830448  -0.64547242  -0.48292832  -0.35336567  -0.25538408  -0.18290343  -0.12796156  -0.08468212  -0.05117071  -0.02801443  -0.01504735  -0.00939926  -0.00647330  -0.00277543   0.00207142   0.00592142   0.00668463   0.00453984   0.00188311   0.00122215   0.00303040   0.00549161   0.00627367   0.00465336   0.00208693   0.00080257   0.00177357   0.00391277   0.00514655   0.00431713   0.00217362   0.00061042   0.00091728   0.00265239   0.00411772   0.00393753   0.00227678   0.00062442   0.00039956   0.00168115   0.00319468   0.00351384   0.00234750   0.00075379   0.00013364   0.00095772   0.00238080   0.00305431   0.00235900   0.00093331   0.00005007   0.00044644   0.00168069   0.00257429   0.00230073   0.00111697   0.00009214   0.00011455   0.00109748   0.00209207   0.00217335   0.00127350   0.00021326  -0.00006915   0.00063130   0.00162621   0.00198506   0.00138331   0.00037544  -0.00013461   0.00027875   0.00119363   0.00174888   0.00143618   0.00054832  -0.00011041   0.00003279   0.00080840   0.00148047   0.00142933   0.00070863  -0.00002329  -0.00011691   0.00048097   0.00119638   0.00136586   0.00083958   0.00010234  -0.00018333   0.00021785   0.00091272   0.00125321   0.00093036   0.00024502  -0.00018137   0.00002154 
  0.00000008   0.57967200   1.28803160   2.15399400   3.08222251   3.92251731   4.58094417   5.08899552   5.57808897   6.17683249   6.90546904   7.64410321   8.19821102   8.41634272   8.28037062   7.91091213   7.49067639   7.16191417   6.96460023   6.84664307   6.72588571   6.55346781   6.33704433   6.11810914   5.93067316   5.77575976   5.62699815   5.45592955   5.25282180   5.02709241   4.79072718   4.54133551   4.25916613   3.91886208   3.50466645   3.01682088   2.46618107   1.86441777   1.21973266   0.54161488  -0.15066835  -0.82454812  -1.43984407  -1.96011327  -2.36184378  -2.63617649  -2.78428516  -2.81209888  -2.72910596  -2.55102447  -2.30198193  -2.01217509  -1.71117137  -1.42105154  -1.15386972  -0.91437316  -0.70487164  -0.52805929  -0.38610483  -0.27792009  -0.19797622  -0.13830144  -0.09219456  -0.05660729  -0.03139979  -0.01646395  -0.00946052  -0.00614171  -0.00277427   0.00167834   0.00560643   0.00692109   0.00533897   0.00278964   0.00173002   0.00301923   0.00529840   0.00636207   0.00519743   0.00283873   0.00133917   0.00188057   0.00375886   0.00511018   0.00464035   0.00275841   0.00112706   0.00110971   0.00255958   0.00402150   0.00409955   0.00270911   0.00109391   0.00064835   0.00165618   0.00308319   0.00356443   0.00264696   0.00115932   0.00041196   0.00099675   0.00228279   0.00303406   0.00254766   0.00126644   0.00033484   0.00053944   0.00161299   0.00251541   0.00240137   0.00137597   0.00036482   0.00024827   0.00106797   0.00201926   0.00220804   0.00146175   0.00046002   0.00009100   0.00064134   0.00155741   0.00197421   0.00150790   0.00058701   0.00003812   0.00032504   0.00114090   0.00171048   0.00150665   0.00071967   0.00006249   0.00010903   0.00077876   0.00142964   0.00145657   0.00083836   0.00013948  -0.00001874   0.00047727   0.00114518   0.00136115   0.00092934   0.00024714  -0.00007187   0.00023964   0.00087007   0.00122746   0.00098412   0.00036656  -0.00006507   0.00006592 
  0.00000006   0.41586421   1.00266236   1.82118127   2.78436811   3.71579658   4.46387699   4.99541300   5.40786320   5.85513778   6.43855030   7.13491906   7.80619458   8.28037062   8.44929539   8.32309541   8.01357309   7.66524034   7.38148254   7.18864749   7.05045051   6.91239755   6.74222637   6.54294449   6.33823981   6.14798103   5.97336469   5.79934167   5.60765323   5.38779335   5.13796805   4.85776088   4.54045891   4.17180122   3.73569726   3.22202562   2.63103974   1.97266611   1.26321922   0.52323483  -0.22217119  -0.94222206  -1.60164632  -2.16533683  -2.60484777  -2.90353099  -3.05807782  -3.07667551  -2.97580165  -2.77756805  -2.50798436  -2.19517444  -1.86663690  -1.54584975  -1.24959533  -0.98728429  -0.76237657  -0.57475868  -0.42262621  -0.30317706  -0.21250908  -0.14563108  -0.09712292  -0.06218474  -0.03735533  -0.02042907  -0.00976931  -0.00367321  -0.00030359   0.00186196   0.00357429   0.00482047   0.00531271   0.00503931   0.00442729   0.00403612   0.00411425   0.00443880   0.00456975   0.00426863   0.00370149   0.00326416   0.00321385   0.00344965   0.00362748   0.00348384   0.00306552   0.00266680   0.00254962   0.00271109   0.00290288   0.00286896   0.00257526   0.00222623   0.00206673   0.00215982   0.00234087   0.00237868   0.00218680   0.00189266   0.00171076   0.00174480   0.00190059   0.00198155   0.00187107   0.00163305   0.00144458   0.00143045   0.00155343   0.00165611   0.00160887   0.00142523   0.00124238   0.00119129   0.00127876   0.00138735   0.00138730   0.00125417   0.00108592   0.00100863   0.00106126   0.00116446   0.00119760   0.00110965   0.00096214   0.00086853   0.00088926   0.00097938   0.00103374   0.00098467   0.00086162   0.00076039   0.00075362   0.00082595   0.00089151   0.00087454   0.00077760   0.00067610   0.00064708   0.00069929   0.00076790   0.00077611   0.00070523   0.00060939   0.00056371   0.00059536   0.00066067   0.00068734   0.00064110   0.00055540   0.00049864 
  0.00000008   0.54249263   1.15037489   1.85580110   2.63949824   3.43720043   4.16990006   4.78469063   5.28468375   5.72893261   6.19820195   6.74303354   7.34411261   7.91091213   8.32309541   8.49267510   8.41083090   8.15178379   7.83240309   7.55312938   7.35559407   7.21913529   7.09218043   6.93347403   6.73583254   6.52101778   6.31543372   6.12747077   5.94212451   5.73314007   5.48006384   5.17631613   4.82390264   4.42178891   3.95915473   3.41942908   2.79163912   2.08013745   1.30603216   0.50079101  -0.30188493  -1.07005825  -1.77260885  -2.37744667  -2.85350992  -3.17725853  -3.33981488  -3.34975323  -3.22960617  -3.00860735  -2.71627542  -2.37975240  -2.02420416  -1.67330028  -1.34755687  -1.06109527  -0.81945495  -0.62062295  -0.45891583  -0.32908436  -0.22799265  -0.15338452  -0.10163313  -0.06693546  -0.04281940  -0.02462270  -0.01075218  -0.00168812   0.00228770   0.00262024   0.00203595   0.00271147   0.00482680   0.00681897   0.00705920   0.00542062   0.00337730   0.00264558   0.00366574   0.00528966   0.00589284   0.00484962   0.00304109   0.00199339   0.00248341   0.00388177   0.00478299   0.00429835   0.00282565   0.00163298   0.00168371   0.00278798   0.00382451   0.00378620   0.00267719   0.00146486   0.00117081   0.00195225   0.00299726   0.00329372   0.00254589   0.00141056   0.00086851   0.00133037   0.00229010   0.00281570   0.00240356   0.00141483   0.00071748   0.00088625   0.00169629   0.00235505   0.00223660   0.00143916   0.00067053   0.00058863   0.00121036   0.00191881   0.00204126   0.00145762   0.00068985   0.00040938   0.00082639   0.00151546   0.00182037   0.00145395   0.00074529   0.00032279   0.00053709   0.00115316   0.00158093   0.00141947   0.00081336   0.00030533   0.00033352   0.00083859   0.00133221   0.00135138   0.00087641   0.00033570   0.00020518   0.00057632   0.00108437   0.00125138   0.00092202   0.00039506   0.00014029   0.00036841   0.00084732   0.00112440   0.00094242 
  0.00000012   0.75913582   1.44829364   2.04940889   2.60692407   3.18869451   3.82854355   4.49665264   5.12202021   5.64966979   6.08692017   6.50039722   6.96319902   7.49067639   8.01357309   8.41083090   8.58117228   8.50483625   8.25447514   7.95041664   7.69296636   7.51660095   7.39132445   7.26195521   7.09250066   6.88522718   6.66716195   6.46098806   6.26499302   6.05502620   5.80229064   5.48994057   5.11579946   4.68214310   4.18412132   3.60794372   2.94039053   2.18156574   1.35094739   0.48315899  -0.38185816  -1.20647922  -1.95686362  -2.60075740  -3.10727303  -3.45171575  -3.62310244  -3.62884157  -3.49280046  -3.24786908  -2.92781249  -2.56278200  -2.17915666  -1.80088013  -1.44904604  -1.13910612  -0.87803954  -0.66437248  -0.49167710  -0.35327119  -0.24492619  -0.16421403  -0.10796807  -0.07068435  -0.04548953  -0.02679101  -0.01220261  -0.00207677   0.00283526   0.00346934   0.00252241   0.00265275   0.00459478   0.00693505   0.00770161   0.00628303   0.00397375   0.00275451   0.00350685   0.00529538   0.00630728   0.00552448   0.00359618   0.00217288   0.00237649   0.00381996   0.00502766   0.00481175   0.00332448   0.00185834   0.00163194   0.00269825   0.00394955   0.00416490   0.00311282   0.00171603   0.00117120   0.00186022   0.00304079   0.00356158   0.00291578   0.00167106   0.00091447   0.00125194   0.00228122   0.00299398   0.00270842   0.00167150   0.00080058   0.00083049   0.00165717   0.00246268   0.00247956   0.00168184   0.00078165   0.00055972   0.00115768   0.00197251   0.00222720   0.00167884   0.00081989   0.00040806   0.00077237   0.00152987   0.00195541   0.00164868   0.00088571   0.00034736   0.00049031   0.00114087   0.00167194   0.00158479   0.00095647   0.00035243   0.00029957   0.00081025   0.00138649   0.00148623   0.00101563   0.00040096   0.00018718   0.00054068   0.00110929   0.00135626   0.00105200   0.00047357   0.00013939   0.00033241   0.00085004   0.00120108   0.00105907 
  0.00000013   0.84582162   1.57004607   2.12851704   2.57851885   3.03382311   3.58375059   4.23351152   4.90633216   5.50296631   5.97385393   6.35193047   6.72387693   7.16191417   7.66524034   8.15178379   8.50483625   8.64195053   8.56078849   8.33510376   8.06846693   7.83900903   7.66929823   7.53415877   7.39313372   7.22150137   7.02053928   6.80591974   6.58810819   6.36072106   6.10322074   5.79242330   5.41224498   4.95520651   4.41741878   3.79388539   3.07951535   2.27554002   1.39633411   0.47152841  -0.45788150  -1.34662702  -2.15148691  -2.83489383  -3.36673804  -3.72636400  -3.90547433  -3.91058657  -3.76290088  -3.49464131  -3.14304750  -2.74446869  -2.33054121  -1.92678163  -1.55251396  -1.22089301  -0.93872223  -0.70671742  -0.52089777  -0.37492678  -0.26236578  -0.17778994  -0.11657861  -0.07415367  -0.04567602  -0.02658083  -0.01346005  -0.00446777   0.00112713   0.00385298   0.00465132   0.00475734   0.00508566   0.00577252   0.00632465   0.00623808   0.00552952   0.00473097   0.00440265   0.00464125   0.00502981   0.00504830   0.00454884   0.00386591   0.00348587   0.00359979   0.00394861   0.00408242   0.00377649   0.00322071   0.00282486   0.00283666   0.00312688   0.00332593   0.00317000   0.00273345   0.00234404   0.00227372   0.00249561   0.00272291   0.00268081   0.00235418   0.00198869   0.00185617   0.00200730   0.00223588   0.00227705   0.00204960   0.00172120   0.00154552   0.00162863   0.00183921   0.00193758   0.00179734   0.00151519   0.00131396   0.00133541   0.00151491   0.00164825   0.00158231   0.00135191   0.00114087   0.00110948   0.00124989   0.00139954   0.00139440   0.00121794   0.00101064   0.00093677   0.00103434   0.00118498   0.00122702   0.00110374   0.00091129   0.00080606   0.00086050   0.00100010   0.00107598   0.00100265   0.00083362   0.00070818   0.00072204   0.00084165   0.00093880   0.00091018   0.00077051   0.00063551   0.00061352   0.00070717   0.00081416   0.00082346 
  0.00000011   0.73685247   1.40771615   1.98237590   2.48138282   2.96151767   3.48026608   4.06043945   4.67635318   5.27023695   5.78896457   6.21802900   6.59058883   6.96460023   7.38148254   7.83240309   8.25447514   8.56078849   8.68683537   8.62545695   8.42976925   8.18369126   7.95929906   7.78661225   7.65124095   7.51643969   7.35163085   7.14840974   6.91651183   6.66687280   6.39633276   6.08468493   5.70410464   5.23222730   4.65934549   3.98665146   3.22008652   2.36704606   1.43947861   0.46059055  -0.53114937  -1.48512816  -2.34795055  -3.07392659  -3.63153243  -4.00432812  -4.18876360  -4.19241268  -4.03402485  -3.74373106  -3.36066391  -2.92706577  -2.48094736  -2.05082215  -1.65471017  -1.30267473  -1.00010811  -0.74934989  -0.54937821  -0.39521849  -0.27878926  -0.19132602  -0.12588575  -0.07823371  -0.04575382  -0.02563195  -0.01401000  -0.00677406  -0.00111838   0.00362270   0.00665315   0.00730305   0.00615304   0.00480141   0.00461630   0.00567733   0.00686215   0.00695715   0.00576554   0.00424012   0.00358165   0.00416171   0.00523706   0.00566916   0.00495776   0.00365397   0.00281645   0.00304229   0.00395652   0.00459294   0.00428429   0.00324396   0.00233432   0.00226614   0.00296961   0.00369135   0.00369844   0.00293339   0.00203637   0.00174189   0.00221651   0.00293306   0.00317171   0.00267335   0.00185331   0.00140160   0.00165255   0.00229836   0.00269037   0.00243476   0.00173671   0.00119339   0.00124233   0.00177378   0.00224933   0.00220177   0.00165299   0.00107679   0.00095638   0.00134880   0.00184824   0.00196744   0.00157949   0.00102005   0.00076925   0.00101401   0.00148900   0.00173070   0.00150185   0.00099832   0.00065852   0.00076005   0.00117407   0.00149420   0.00141201   0.00099258   0.00060438   0.00057724   0.00090542   0.00126274   0.00130673   0.00098876   0.00058943   0.00045538   0.00068391   0.00104201   0.00118638   0.00097712   0.00059865   0.00038392   0.00050893 
