# coconut-me2b/v0.99.21 
# 
# momentum space matrix elements 
# partial wave J=2, L=1/1, S=1, T=1, MT=-1 
# 
# momentum grid [fm^-1]
0.000000 0.100000 0.200000 0.300000 0.400000 0.500000 0.600000 0.700000 0.800000 0.900000 1.000000 1.100000 1.200000 1.300000 1.400000 1.500000 1.600000 1.700000 1.800000 1.900000 2.000000 2.100000 2.200000 2.300000 2.400000 2.500000 2.600000 2.700000 2.800000 2.900000 3.000000 3.100000 3.200000 3.300000 3.400000 3.500000 3.600000 3.700000 3.800000 3.900000 4.000000 4.100000 4.200000 4.300000 4.400000 4.500000 4.600000 4.700000 4.800000 4.900000 5.000000 5.100000 5.200000 5.300000 5.400000 5.500000 5.600000 5.700000 5.800000 5.900000 6.000000 6.100000 6.200000 6.300000 6.400000 6.500000 6.600000 6.700000 6.800000 6.900000 7.000000 7.100000 7.200000 7.300000 7.400000 7.500000 7.600000 7.700000 7.800000 7.900000 8.000000 8.100000 8.200000 8.300000 8.400000 8.500000 8.600000 8.700000 8.800000 8.900000 9.000000 9.100000 9.200000 9.300000 9.400000 9.500000 9.600000 9.700000 9.800000 9.900000 10.000000 
#
# matrix elements [MeV fm^3] 
  0.00000000  -0.00000001  -0.00000001  -0.00000002  -0.00000003  -0.00000003  -0.00000004  -0.00000004  -0.00000005  -0.00000005  -0.00000005  -0.00000005  -0.00000005  -0.00000005  -0.00000004  -0.00000004  -0.00000004  -0.00000004  -0.00000003  -0.00000003  -0.00000003  -0.00000002  -0.00000002  -0.00000002  -0.00000002  -0.00000001  -0.00000001  -0.00000001  -0.00000001  -0.00000001  -0.00000001  -0.00000001  -0.00000000  -0.00000000  -0.00000000  -0.00000000  -0.00000000  -0.00000000  -0.00000000  -0.00000000  -0.00000000  -0.00000000  -0.00000000  -0.00000000  -0.00000000  -0.00000000  -0.00000000  -0.00000000  -0.00000000  -0.00000000  -0.00000000  -0.00000000  -0.00000000  -0.00000000  -0.00000000  -0.00000000  -0.00000000  -0.00000000  -0.00000000  -0.00000000  -0.00000000  -0.00000000  -0.00000000  -0.00000000  -0.00000000  -0.00000000  -0.00000000  -0.00000000  -0.00000000  -0.00000000  -0.00000000  -0.00000000  -0.00000000  -0.00000000  -0.00000000  -0.00000000  -0.00000000  -0.00000000  -0.00000000  -0.00000000  -0.00000000  -0.00000000  -0.00000000  -0.00000000  -0.00000000  -0.00000000  -0.00000000  -0.00000000  -0.00000000  -0.00000000  -0.00000000  -0.00000000  -0.00000000  -0.00000000  -0.00000000  -0.00000000  -0.00000000  -0.00000000  -0.00000000  -0.00000000  -0.00000000 
 -0.00000001  -0.06714057  -0.13711899  -0.20954359  -0.28062894  -0.34544615  -0.40006216  -0.44234341  -0.47175490  -0.48883543  -0.49473394  -0.49090295  -0.47892029  -0.46038793  -0.43686876  -0.40983850  -0.38064192  -0.35045050  -0.32022397  -0.29068199  -0.26229477  -0.23530199  -0.20976706  -0.18566539  -0.16299094  -0.14184578  -0.12246383  -0.10513085  -0.09001516  -0.07700399  -0.06568098  -0.05550288  -0.04606382  -0.03724634  -0.02917199  -0.02204633  -0.01603128  -0.01118929  -0.00747890  -0.00477637  -0.00290813  -0.00168428  -0.00092579  -0.00048186  -0.00023692  -0.00010978  -0.00004782  -0.00001954  -0.00000746  -0.00000266  -0.00000088  -0.00000027  -0.00000008  -0.00000002  -0.00000000  -0.00000000  -0.00000000  -0.00000000  -0.00000000  -0.00000000  -0.00000000  -0.00000000  -0.00000000  -0.00000000  -0.00000000  -0.00000000  -0.00000000  -0.00000000  -0.00000000  -0.00000000  -0.00000000  -0.00000000  -0.00000000  -0.00000000  -0.00000000  -0.00000000  -0.00000000  -0.00000000  -0.00000000  -0.00000000  -0.00000000  -0.00000000  -0.00000000  -0.00000000  -0.00000000  -0.00000000  -0.00000000  -0.00000000  -0.00000000  -0.00000000  -0.00000000  -0.00000000  -0.00000000  -0.00000000  -0.00000000  -0.00000000  -0.00000000  -0.00000000  -0.00000000  -0.00000000  -0.00000000 
 -0.00000001  -0.13711899  -0.27720869  -0.41915340  -0.55705191  -0.68283816  -0.78950875  -0.87284222  -0.93146336  -0.96610708  -0.97880439  -0.97227844  -0.94956620  -0.91379352  -0.86803292  -0.81519784  -0.75794976  -0.69861063  -0.63908454  -0.58080041  -0.52469282  -0.47123980  -0.42057100  -0.37264402  -0.32745703  -0.28522743  -0.24643878  -0.21168016  -0.18130694  -0.15511258  -0.13228227  -0.11174487  -0.09270013  -0.07492034  -0.05865190  -0.04430614  -0.03220486  -0.02246961  -0.01501362  -0.00958547  -0.00583458  -0.00337832  -0.00185653  -0.00096609  -0.00047493  -0.00022003  -0.00009584  -0.00003914  -0.00001495  -0.00000533  -0.00000177  -0.00000054  -0.00000015  -0.00000004  -0.00000001  -0.00000000  -0.00000000  -0.00000000  -0.00000000  -0.00000000  -0.00000000  -0.00000000  -0.00000000  -0.00000000  -0.00000000  -0.00000000  -0.00000000  -0.00000000  -0.00000000  -0.00000000  -0.00000000  -0.00000000  -0.00000000  -0.00000000  -0.00000000  -0.00000000  -0.00000000  -0.00000000  -0.00000000  -0.00000000  -0.00000000  -0.00000000  -0.00000000  -0.00000000  -0.00000000  -0.00000000  -0.00000000  -0.00000000  -0.00000000  -0.00000000  -0.00000000  -0.00000000  -0.00000000  -0.00000000  -0.00000000  -0.00000000  -0.00000000  -0.00000000  -0.00000000  -0.00000000  -0.00000000 
 -0.00000002  -0.20954359  -0.41915340  -0.62617392  -0.82421322  -1.00449096  -1.15854428  -1.28047821  -1.36775137  -1.42075091  -1.44190280  -1.43484341  -1.40382577  -1.35333645  -1.28784548  -1.21162399  -1.12859113  -1.04217519  -0.95519227  -0.86975840  -0.78725996  -0.70840970  -0.63340863  -0.56220961  -0.49483526  -0.43164461  -0.37340212  -0.32103520  -0.27512373  -0.23540528  -0.20070239  -0.16944658  -0.14046614  -0.11343745  -0.08873822  -0.06698584  -0.04865792  -0.03392849  -0.02265763  -0.01445854  -0.00879676  -0.00509137  -0.00279689  -0.00145493  -0.00071502  -0.00033117  -0.00014421  -0.00005889  -0.00002249  -0.00000801  -0.00000266  -0.00000082  -0.00000023  -0.00000006  -0.00000001  -0.00000000  -0.00000000  -0.00000000  -0.00000000  -0.00000000  -0.00000000  -0.00000000  -0.00000000  -0.00000000  -0.00000000  -0.00000000  -0.00000000  -0.00000000  -0.00000000  -0.00000000  -0.00000000  -0.00000000  -0.00000000  -0.00000000  -0.00000000  -0.00000000  -0.00000000  -0.00000000  -0.00000000  -0.00000000  -0.00000000  -0.00000000  -0.00000000  -0.00000000  -0.00000000  -0.00000000  -0.00000000  -0.00000000  -0.00000000  -0.00000000  -0.00000000  -0.00000000  -0.00000000  -0.00000000  -0.00000000  -0.00000000  -0.00000000  -0.00000000  -0.00000000  -0.00000000  -0.00000000 
 -0.00000003  -0.28062894  -0.55705191  -0.82421322  -1.07555840  -1.30311870  -1.49870808  -1.65573303  -1.77054051  -1.84269965  -1.87444346  -1.86981950  -1.83392664  -1.77235301  -1.69078487  -1.59472117  -1.48924295  -1.37881336  -1.26710791  -1.15689338  -1.04998643  -0.94732728  -0.84919431  -0.75555413  -0.66648330  -0.58252140  -0.50476027  -0.43451798  -0.37265483  -0.31890921  -0.27179441  -0.22929019  -0.18988745  -0.15318784  -0.11970989  -0.09027725  -0.06551721  -0.04564622  -0.03045963  -0.01942380  -0.01181027  -0.00683163  -0.00375094  -0.00195032  -0.00095806  -0.00044357  -0.00019308  -0.00007882  -0.00003010  -0.00001072  -0.00000355  -0.00000109  -0.00000031  -0.00000008  -0.00000002  -0.00000000  -0.00000000  -0.00000000  -0.00000000  -0.00000000  -0.00000000  -0.00000000  -0.00000000  -0.00000000  -0.00000000  -0.00000000  -0.00000000  -0.00000000  -0.00000000  -0.00000000  -0.00000000  -0.00000000  -0.00000000  -0.00000000  -0.00000000  -0.00000000  -0.00000000  -0.00000000  -0.00000000  -0.00000000  -0.00000000  -0.00000000  -0.00000000  -0.00000000  -0.00000000  -0.00000000  -0.00000000  -0.00000000  -0.00000000  -0.00000000  -0.00000000  -0.00000000  -0.00000000  -0.00000000  -0.00000000  -0.00000000  -0.00000000  -0.00000000  -0.00000000  -0.00000000  -0.00000000 
 -0.00000003  -0.34544615  -0.68283816  -1.00449096  -1.30311870  -1.57158758  -1.80291237  -1.99094944  -2.13154086  -2.22335332  -2.26794683  -2.26922057  -2.23264055  -2.16453449  -2.07154237  -1.96020027  -1.83661037  -1.70616548  -1.57332290  -1.44144580  -1.31274786  -1.18838327  -1.06871304  -0.95373993  -0.84363220  -0.73916070  -0.64180591  -0.55334566  -0.47499478  -0.40656758  -0.34633881  -0.29189665  -0.24143942  -0.19452176  -0.15181509  -0.11434933  -0.08289305  -0.05769179  -0.03846085  -0.02450476  -0.01488786  -0.00860567  -0.00472191  -0.00245372  -0.00120470  -0.00055749  -0.00024256  -0.00009898  -0.00003778  -0.00001345  -0.00000446  -0.00000137  -0.00000039  -0.00000010  -0.00000002  -0.00000001  -0.00000000  -0.00000000  -0.00000000  -0.00000000  -0.00000000  -0.00000000  -0.00000000  -0.00000000  -0.00000000  -0.00000000  -0.00000000  -0.00000000  -0.00000000  -0.00000000  -0.00000000  -0.00000000  -0.00000000  -0.00000000  -0.00000000  -0.00000000  -0.00000000  -0.00000000  -0.00000000  -0.00000000  -0.00000000  -0.00000000  -0.00000000  -0.00000000  -0.00000000  -0.00000000  -0.00000000  -0.00000000  -0.00000000  -0.00000000  -0.00000000  -0.00000000  -0.00000000  -0.00000000  -0.00000000  -0.00000000  -0.00000000  -0.00000000  -0.00000000  -0.00000000  -0.00000000 
 -0.00000004  -0.40006216  -0.78950875  -1.15854428  -1.49870808  -1.80291237  -2.06514236  -2.28028610  -2.44449996  -2.55596021  -2.61541767  -2.62616746  -2.59352235  -2.52409786  -2.42513651  -2.30394864  -2.16746138  -2.02185031  -1.87224563  -1.72252966  -1.57526417  -1.43179469  -1.29256674  -1.15764378  -1.02733027  -0.90268972  -0.78566630  -0.67858286  -0.58310039  -0.49920200  -0.42501124  -0.35779887  -0.29552555  -0.23773248  -0.18525833  -0.13933873  -0.10087273  -0.07011842  -0.04669217  -0.02971840  -0.01803837  -0.01041782  -0.00571177  -0.00296598  -0.00145527  -0.00067304  -0.00029268  -0.00011937  -0.00004554  -0.00001621  -0.00000537  -0.00000165  -0.00000047  -0.00000012  -0.00000003  -0.00000001  -0.00000000  -0.00000000  -0.00000000  -0.00000000  -0.00000000  -0.00000000  -0.00000000  -0.00000000  -0.00000000  -0.00000000  -0.00000000  -0.00000000  -0.00000000  -0.00000000  -0.00000000  -0.00000000  -0.00000000  -0.00000000  -0.00000000  -0.00000000  -0.00000000  -0.00000000  -0.00000000  -0.00000000  -0.00000000  -0.00000000  -0.00000000  -0.00000000  -0.00000000  -0.00000000  -0.00000000  -0.00000000  -0.00000000  -0.00000000  -0.00000000  -0.00000000  -0.00000000  -0.00000000  -0.00000000  -0.00000000  -0.00000000  -0.00000000  -0.00000000  -0.00000000  -0.00000000 
 -0.00000004  -0.44234341  -0.87284222  -1.28047821  -1.65573303  -1.99094944  -2.28028610  -2.51938499  -2.70512619  -2.83580910  -2.91166108  -2.93520858  -2.91117999  -2.84599156  -2.74705891  -2.62212492  -2.47867999  -2.32348455  -2.16219410  -1.99910422  -1.83705559  -1.67754948  -1.52111162  -1.36789030  -1.21837545  -1.07399377  -0.93724059  -0.81108396  -0.69773902  -0.59746729  -0.50834411  -0.42740994  -0.35245191  -0.28303649  -0.22018556  -0.16533891  -0.11951292  -0.08295839  -0.05517074  -0.03507313  -0.02126551  -0.01226948  -0.00672092  -0.00348715  -0.00170970  -0.00079018  -0.00034340  -0.00013998  -0.00005338  -0.00001899  -0.00000629  -0.00000193  -0.00000055  -0.00000014  -0.00000003  -0.00000001  -0.00000000  -0.00000000  -0.00000000  -0.00000000  -0.00000000  -0.00000000  -0.00000000  -0.00000000  -0.00000000  -0.00000000  -0.00000000  -0.00000000  -0.00000000  -0.00000000  -0.00000000  -0.00000000  -0.00000000  -0.00000000  -0.00000000  -0.00000000  -0.00000000  -0.00000000  -0.00000000  -0.00000000  -0.00000000  -0.00000000  -0.00000000  -0.00000000  -0.00000000  -0.00000000  -0.00000000  -0.00000000  -0.00000000  -0.00000000  -0.00000000  -0.00000000  -0.00000000  -0.00000000  -0.00000000  -0.00000000  -0.00000000  -0.00000000  -0.00000000  -0.00000000  -0.00000000 
 -0.00000005  -0.47175490  -0.93146336  -1.36775137  -1.77054051  -2.13154086  -2.44449996  -2.70512619  -2.91076923  -3.06015324  -3.15344530  -3.19259280  -3.18155274  -3.12612941  -3.03345036  -2.91127974  -2.76733865  -2.60871485  -2.44139486  -2.26994646  -2.09739449  -1.92534332  -1.75438477  -1.58477283  -1.41723446  -1.25363689  -1.09712452  -0.95142379  -0.81942664  -0.70179773  -0.59668120  -0.50098595  -0.41239758  -0.33055068  -0.25666710  -0.19238796  -0.13883115  -0.09621744  -0.06389644  -0.04056656  -0.02456653  -0.01415840  -0.00774780  -0.00401624  -0.00196745  -0.00090860  -0.00039459  -0.00016074  -0.00006126  -0.00002178  -0.00000721  -0.00000221  -0.00000063  -0.00000016  -0.00000004  -0.00000001  -0.00000000  -0.00000000  -0.00000000  -0.00000000  -0.00000000  -0.00000000  -0.00000000  -0.00000000  -0.00000000  -0.00000000  -0.00000000  -0.00000000  -0.00000000  -0.00000000  -0.00000000  -0.00000000  -0.00000000  -0.00000000  -0.00000000  -0.00000000  -0.00000000  -0.00000000  -0.00000000  -0.00000000  -0.00000000  -0.00000000  -0.00000000  -0.00000000  -0.00000000  -0.00000000  -0.00000000  -0.00000000  -0.00000000  -0.00000000  -0.00000000  -0.00000000  -0.00000000  -0.00000000  -0.00000000  -0.00000000  -0.00000000  -0.00000000  -0.00000000  -0.00000000  -0.00000000 
 -0.00000005  -0.48883543  -0.96610708  -1.42075091  -1.84269965  -2.22335332  -2.55596021  -2.83580910  -3.06015324  -3.22791890  -3.33943335  -3.39640988  -3.40214636  -3.36162869  -3.28129747  -3.16849808  -3.03078785  -2.87526086  -2.70798679  -2.53362263  -2.35525164  -2.17450690  -1.99201856  -1.80816047  -1.62394733  -1.44176812  -1.26552179  -1.09981661  -0.94835597  -0.81234499  -0.69012561  -0.57858348  -0.47538107  -0.38026664  -0.29467871  -0.22045498  -0.15879649  -0.10986858  -0.07284791  -0.04618312  -0.02793091  -0.01607792  -0.00878846  -0.00455108  -0.00222739  -0.00102777  -0.00044600  -0.00018155  -0.00006915  -0.00002457  -0.00000813  -0.00000249  -0.00000071  -0.00000019  -0.00000004  -0.00000001  -0.00000000  -0.00000000  -0.00000000  -0.00000000  -0.00000000  -0.00000000  -0.00000000  -0.00000000  -0.00000000  -0.00000000  -0.00000000  -0.00000000  -0.00000000  -0.00000000  -0.00000000  -0.00000000  -0.00000000  -0.00000000  -0.00000000  -0.00000000  -0.00000000  -0.00000000  -0.00000000  -0.00000000  -0.00000000  -0.00000000  -0.00000000  -0.00000000  -0.00000000  -0.00000000  -0.00000000  -0.00000000  -0.00000000  -0.00000000  -0.00000000  -0.00000000  -0.00000000  -0.00000000  -0.00000000  -0.00000000  -0.00000000  -0.00000000  -0.00000000  -0.00000000  -0.00000000 
 -0.00000005  -0.49473394  -0.97880439  -1.44190280  -1.87444346  -2.26794683  -2.61541767  -2.91166108  -3.15344530  -3.33943335  -3.46991426  -3.54652219  -3.57214601  -3.55100311  -3.48862494  -3.39155159  -3.26675686  -3.12096574  -2.96002721  -2.78845736  -2.60923570  -2.42392315  -2.23314264  -2.03739144  -1.83801802  -1.63801439  -1.44214317  -1.25602425  -1.08431540  -0.92890874  -0.78848192  -0.66001288  -0.54122362  -0.43202278  -0.33408108  -0.24942568  -0.17931973  -0.12384561  -0.08197853  -0.05189166  -0.03133891  -0.01801620  -0.00983621  -0.00508808  -0.00248770  -0.00114683  -0.00049724  -0.00020225  -0.00007697  -0.00002734  -0.00000904  -0.00000277  -0.00000079  -0.00000021  -0.00000005  -0.00000001  -0.00000000  -0.00000000  -0.00000000  -0.00000000  -0.00000000  -0.00000000  -0.00000000  -0.00000000  -0.00000000  -0.00000000  -0.00000000  -0.00000000  -0.00000000  -0.00000000  -0.00000000  -0.00000000  -0.00000000  -0.00000000  -0.00000000  -0.00000000  -0.00000000  -0.00000000  -0.00000000  -0.00000000  -0.00000000  -0.00000000  -0.00000000  -0.00000000  -0.00000000  -0.00000000  -0.00000000  -0.00000000  -0.00000000  -0.00000000  -0.00000000  -0.00000000  -0.00000000  -0.00000000  -0.00000000  -0.00000000  -0.00000000  -0.00000000  -0.00000000  -0.00000000  -0.00000000 
 -0.00000005  -0.49090295  -0.97227844  -1.43484341  -1.86981950  -2.26922057  -2.62616746  -2.93520858  -3.19259280  -3.39640988  -3.54652219  -3.64430278  -3.69233323  -3.69423691  -3.65463717  -3.57903658  -3.47345351  -3.34384763  -3.19549693  -3.03249838  -2.85752521  -2.67193456  -2.47627442  -2.27115417  -2.05829298  -1.84136230  -1.62609607  -1.41925662  -1.22660209  -1.05086287  -0.89119534  -0.74478944  -0.60951121  -0.48547576  -0.37459909  -0.27908775  -0.20024355  -0.13803686  -0.09121248  -0.05764308  -0.03476025  -0.01995551  -0.01088118  -0.00562206  -0.00274584  -0.00126458  -0.00054780  -0.00022263  -0.00008466  -0.00003005  -0.00000992  -0.00000304  -0.00000086  -0.00000023  -0.00000005  -0.00000001  -0.00000000  -0.00000000  -0.00000000  -0.00000000  -0.00000000  -0.00000000  -0.00000000  -0.00000000  -0.00000000  -0.00000000  -0.00000000  -0.00000000  -0.00000000  -0.00000000  -0.00000000  -0.00000000  -0.00000000  -0.00000000  -0.00000000  -0.00000000  -0.00000000  -0.00000000  -0.00000000  -0.00000000  -0.00000000  -0.00000000  -0.00000000  -0.00000000  -0.00000000  -0.00000000  -0.00000000  -0.00000000  -0.00000000  -0.00000000  -0.00000000  -0.00000000  -0.00000000  -0.00000000  -0.00000000  -0.00000000  -0.00000000  -0.00000000  -0.00000000  -0.00000000  -0.00000000 
 -0.00000005  -0.47892029  -0.94956620  -1.40382577  -1.83392664  -2.23264055  -2.59352235  -2.91117999  -3.18155274  -3.40214636  -3.57214601  -3.69233323  -3.76481181  -3.79267078  -3.77974159  -3.73045526  -3.64964085  -3.54214176  -3.41229939  -3.26347523  -3.09779367  -2.91624261  -2.71920133  -2.50736059  -2.28283272  -2.05003437  -1.81577015  -1.58806975  -1.37393411  -1.17708186  -0.99729164  -0.83208571  -0.67955789  -0.54007319  -0.41580221  -0.30911743  -0.22133361  -0.15227941  -0.10044128  -0.06336831  -0.03815301  -0.02187164  -0.01191011  -0.00614613  -0.00299840  -0.00137946  -0.00059699  -0.00024241  -0.00009211  -0.00003266  -0.00001078  -0.00000330  -0.00000094  -0.00000024  -0.00000006  -0.00000001  -0.00000000  -0.00000000  -0.00000000  -0.00000000  -0.00000000  -0.00000000  -0.00000000  -0.00000000  -0.00000000  -0.00000000  -0.00000000  -0.00000000  -0.00000000  -0.00000000  -0.00000000  -0.00000000  -0.00000000  -0.00000000  -0.00000000  -0.00000000  -0.00000000  -0.00000000  -0.00000000  -0.00000000  -0.00000000  -0.00000000  -0.00000000  -0.00000000  -0.00000000  -0.00000000  -0.00000000  -0.00000000  -0.00000000  -0.00000000  -0.00000000  -0.00000000  -0.00000000  -0.00000000  -0.00000000  -0.00000000  -0.00000000  -0.00000000  -0.00000000  -0.00000000  -0.00000000 
 -0.00000005  -0.46038793  -0.91379352  -1.35333645  -1.77235301  -2.16453449  -2.52409786  -2.84599156  -3.12612941  -3.36162869  -3.55100311  -3.69423691  -3.79267078  -3.84869915  -3.86539104  -3.84618107  -3.79465497  -3.71431565  -3.60824748  -3.47875131  -3.32713004  -3.15380398  -2.95886101  -2.74301856  -2.50878437  -2.26136790  -2.00872735  -1.76026981  -1.52436931  -1.30587426  -1.10532401  -0.92069017  -0.75037456  -0.59503082  -0.45708855  -0.33906869  -0.24227154  -0.16635489  -0.10952129  -0.06897697  -0.04146289  -0.02373352  -0.01290610  -0.00665158  -0.00324115  -0.00148951  -0.00064397  -0.00026124  -0.00009918  -0.00003514  -0.00001159  -0.00000355  -0.00000101  -0.00000026  -0.00000006  -0.00000001  -0.00000000  -0.00000000  -0.00000000  -0.00000000  -0.00000000  -0.00000000  -0.00000000  -0.00000000  -0.00000000  -0.00000000  -0.00000000  -0.00000000  -0.00000000  -0.00000000  -0.00000000  -0.00000000  -0.00000000  -0.00000000  -0.00000000  -0.00000000  -0.00000000  -0.00000000  -0.00000000  -0.00000000  -0.00000000  -0.00000000  -0.00000000  -0.00000000  -0.00000000  -0.00000000  -0.00000000  -0.00000000  -0.00000000  -0.00000000  -0.00000000  -0.00000000  -0.00000000  -0.00000000  -0.00000000  -0.00000000  -0.00000000  -0.00000000  -0.00000000  -0.00000000  -0.00000000 
 -0.00000004  -0.43686876  -0.86803292  -1.28784548  -1.69078487  -2.07154237  -2.42513651  -2.74705891  -3.03345036  -3.28129747  -3.48862494  -3.65463717  -3.77974159  -3.86539104  -3.91374510  -3.92725479  -3.90831489  -3.85903057  -3.78102825  -3.67526947  -3.54196041  -3.38073206  -3.19122985  -2.97411534  -2.73226721  -2.47170888  -2.20160830  -1.93283421  -1.67524142  -1.43493242  -1.21333449  -1.00897837  -0.82064805  -0.64931805  -0.49767516  -0.36836723  -0.26265143  -0.17998748  -0.11827271  -0.07435687  -0.04462304  -0.02550318  -0.01384867  -0.00712794  -0.00346902  -0.00159242  -0.00068774  -0.00027872  -0.00010572  -0.00003743  -0.00001234  -0.00000377  -0.00000107  -0.00000028  -0.00000007  -0.00000001  -0.00000000  -0.00000000  -0.00000000  -0.00000000  -0.00000000  -0.00000000  -0.00000000  -0.00000000  -0.00000000  -0.00000000  -0.00000000  -0.00000000  -0.00000000  -0.00000000  -0.00000000  -0.00000000  -0.00000000  -0.00000000  -0.00000000  -0.00000000  -0.00000000  -0.00000000  -0.00000000  -0.00000000  -0.00000000  -0.00000000  -0.00000000  -0.00000000  -0.00000000  -0.00000000  -0.00000000  -0.00000000  -0.00000000  -0.00000000  -0.00000000  -0.00000000  -0.00000000  -0.00000000  -0.00000000  -0.00000000  -0.00000000  -0.00000000  -0.00000000  -0.00000000  -0.00000000 
 -0.00000004  -0.40983850  -0.81519784  -1.21162399  -1.59472117  -1.96020027  -2.30394864  -2.62212492  -2.91127974  -3.16849808  -3.39155159  -3.57903658  -3.73045526  -3.84618107  -3.92725479  -3.97501751  -3.99068517  -3.97501420  -3.92813016  -3.84949131  -3.73797991  -3.59221752  -3.41123567  -3.19552861  -2.94828848  -2.67633759  -2.39007104  -2.10186450  -1.82312615  -1.56130969  -1.31883955  -1.09490454  -0.88873684  -0.70165637  -0.53659833  -0.39631161  -0.28198138  -0.19284546  -0.12648089  -0.07937502  -0.04755474  -0.02713624  -0.01471400  -0.00756308  -0.00367617  -0.00168555  -0.00072717  -0.00029441  -0.00011157  -0.00003947  -0.00001300  -0.00000397  -0.00000112  -0.00000029  -0.00000007  -0.00000002  -0.00000000  -0.00000000  -0.00000000  -0.00000000  -0.00000000  -0.00000000  -0.00000000  -0.00000000  -0.00000000  -0.00000000  -0.00000000  -0.00000000  -0.00000000  -0.00000000  -0.00000000  -0.00000000  -0.00000000  -0.00000000  -0.00000000  -0.00000000  -0.00000000  -0.00000000  -0.00000000  -0.00000000  -0.00000000  -0.00000000  -0.00000000  -0.00000000  -0.00000000  -0.00000000  -0.00000000  -0.00000000  -0.00000000  -0.00000000  -0.00000000  -0.00000000  -0.00000000  -0.00000000  -0.00000000  -0.00000000  -0.00000000  -0.00000000  -0.00000000  -0.00000000  -0.00000000 
 -0.00000004  -0.38064192  -0.75794976  -1.12859113  -1.48924295  -1.83661037  -2.16746138  -2.47867999  -2.76733865  -3.03078785  -3.26675686  -3.47345351  -3.64964085  -3.79465497  -3.90831489  -3.99068517  -4.04170873  -4.06082223  -4.04671522  -3.99732998  -3.91010773  -3.78248773  -3.61271749  -3.40098865  -3.15071196  -2.86944713  -2.56878134  -2.26258826  -1.96385254  -1.68143783  -1.41885036  -1.17602193  -0.95268994  -0.75053588  -0.57272724  -0.42208422  -0.29969178  -0.20454726  -0.13390053  -0.08388041  -0.05016918  -0.02858288  -0.01547553  -0.00794356  -0.00385615  -0.00176596  -0.00076101  -0.00030779  -0.00011653  -0.00004118  -0.00001355  -0.00000414  -0.00000117  -0.00000031  -0.00000007  -0.00000002  -0.00000000  -0.00000000  -0.00000000  -0.00000000  -0.00000000  -0.00000000  -0.00000000  -0.00000000  -0.00000000  -0.00000000  -0.00000000  -0.00000000  -0.00000000  -0.00000000  -0.00000000  -0.00000000  -0.00000000  -0.00000000  -0.00000000  -0.00000000  -0.00000000  -0.00000000  -0.00000000  -0.00000000  -0.00000000  -0.00000000  -0.00000000  -0.00000000  -0.00000000  -0.00000000  -0.00000000  -0.00000000  -0.00000000  -0.00000000  -0.00000000  -0.00000000  -0.00000000  -0.00000000  -0.00000000  -0.00000000  -0.00000000  -0.00000000  -0.00000000  -0.00000000  -0.00000000 
 -0.00000004  -0.35045050  -0.69861063  -1.04217519  -1.37881336  -1.70616548  -2.02185031  -2.32348455  -2.60871485  -2.87526086  -3.12096574  -3.34384763  -3.54214176  -3.71431565  -3.85903057  -3.97501420  -4.06082223  -4.11452353  -4.13343462  -4.11407821  -4.05248160  -3.94483181  -3.78846334  -3.58312320  -3.33230926  -3.04420187  -2.73147820  -2.40942989  -2.09257590  -1.79119831  -1.50993857  -1.24954070  -1.01029550  -0.79425459  -0.60479477  -0.44477440  -0.31515212  -0.21467309  -0.14026342  -0.08770894  -0.05237039  -0.02978960  -0.01610488  -0.00825510  -0.00400218  -0.00183061  -0.00078798  -0.00031836  -0.00012041  -0.00004252  -0.00001398  -0.00000427  -0.00000121  -0.00000031  -0.00000008  -0.00000002  -0.00000000  -0.00000000  -0.00000000  -0.00000000  -0.00000000  -0.00000000  -0.00000000  -0.00000000  -0.00000000  -0.00000000  -0.00000000  -0.00000000  -0.00000000  -0.00000000  -0.00000000  -0.00000000  -0.00000000  -0.00000000  -0.00000000  -0.00000000  -0.00000000  -0.00000000  -0.00000000  -0.00000000  -0.00000000  -0.00000000  -0.00000000  -0.00000000  -0.00000000  -0.00000000  -0.00000000  -0.00000000  -0.00000000  -0.00000000  -0.00000000  -0.00000000  -0.00000000  -0.00000000  -0.00000000  -0.00000000  -0.00000000  -0.00000000  -0.00000000  -0.00000000  -0.00000000 
 -0.00000003  -0.32022397  -0.63908454  -0.95519227  -1.26710791  -1.57332290  -1.87224563  -2.16219410  -2.44139486  -2.70798679  -2.96002721  -3.19549693  -3.41229939  -3.60824748  -3.78102825  -3.92813016  -4.04671522  -4.13343462  -4.18424313  -4.19435360  -4.15851450  -4.07172442  -3.93036567  -3.73362498  -3.48493081  -3.19290783  -2.87114083  -2.53617134  -2.20392864  -1.88605943  -1.58835691  -1.31243008  -1.05916450  -0.83098461  -0.63144796  -0.46341569  -0.32769742  -0.22278303  -0.14529030  -0.09069082  -0.05405973  -0.03070176  -0.01657327  -0.00848330  -0.00410743  -0.00187645  -0.00080678  -0.00032561  -0.00012303  -0.00004340  -0.00001426  -0.00000435  -0.00000123  -0.00000032  -0.00000008  -0.00000002  -0.00000000  -0.00000000  -0.00000000  -0.00000000  -0.00000000  -0.00000000  -0.00000000  -0.00000000  -0.00000000  -0.00000000  -0.00000000  -0.00000000  -0.00000000  -0.00000000  -0.00000000  -0.00000000  -0.00000000  -0.00000000  -0.00000000  -0.00000000  -0.00000000  -0.00000000  -0.00000000  -0.00000000  -0.00000000  -0.00000000  -0.00000000  -0.00000000  -0.00000000  -0.00000000  -0.00000000  -0.00000000  -0.00000000  -0.00000000  -0.00000000  -0.00000000  -0.00000000  -0.00000000  -0.00000000  -0.00000000  -0.00000000  -0.00000000  -0.00000000  -0.00000000  -0.00000000 
 -0.00000003  -0.29068199  -0.58080041  -0.86975840  -1.15689338  -1.44144580  -1.72252966  -1.99910422  -2.26994646  -2.53362263  -2.78845736  -3.03249838  -3.26347523  -3.47875131  -3.67526947  -3.84949131  -3.99732998  -4.11407821  -4.19435360  -4.23213724  -4.22105729  -4.15508935  -4.02974077  -3.84359003  -3.59984062  -3.30733190  -2.98028594  -2.63622340  -2.29226310  -1.96128909  -1.65022084  -1.36156929  -1.09685224  -0.85886696  -0.65131952  -0.47703787  -0.33666467  -0.22844160  -0.14870672  -0.09266044  -0.05514172  -0.03126686  -0.01685321  -0.00861452  -0.00416548  -0.00190062  -0.00081623  -0.00032907  -0.00012421  -0.00004378  -0.00001437  -0.00000438  -0.00000123  -0.00000032  -0.00000008  -0.00000002  -0.00000000  -0.00000000  -0.00000000  -0.00000000  -0.00000000  -0.00000000  -0.00000000  -0.00000000  -0.00000000  -0.00000000  -0.00000000  -0.00000000  -0.00000000  -0.00000000  -0.00000000  -0.00000000  -0.00000000  -0.00000000  -0.00000000  -0.00000000  -0.00000000  -0.00000000  -0.00000000  -0.00000000  -0.00000000  -0.00000000  -0.00000000  -0.00000000  -0.00000000  -0.00000000  -0.00000000  -0.00000000  -0.00000000  -0.00000000  -0.00000000  -0.00000000  -0.00000000  -0.00000000  -0.00000000  -0.00000000  -0.00000000  -0.00000000  -0.00000000  -0.00000000  -0.00000000 
 -0.00000003  -0.26229477  -0.52469282  -0.78725996  -1.04998643  -1.31274786  -1.57526417  -1.83705559  -2.09739449  -2.35525164  -2.60923570  -2.85752521  -3.09779367  -3.32713004  -3.54196041  -3.73797991  -3.91010773  -4.05248160  -4.15851450  -4.22105729  -4.23275813  -4.18676114  -4.07786345  -3.90407727  -3.66826148  -3.37920837  -3.05142317  -2.70302567  -2.35199617  -2.01224675  -1.69175189  -1.39394613  -1.12101652  -0.87613371  -0.66311919  -0.48473281  -0.34143870  -0.23124838  -0.15026271  -0.09346842  -0.05553107  -0.03143848  -0.01692068  -0.00863696  -0.00417084  -0.00190072  -0.00081533  -0.00032834  -0.00012381  -0.00004359  -0.00001429  -0.00000435  -0.00000123  -0.00000032  -0.00000008  -0.00000002  -0.00000000  -0.00000000  -0.00000000  -0.00000000  -0.00000000  -0.00000000  -0.00000000  -0.00000000  -0.00000000  -0.00000000  -0.00000000  -0.00000000  -0.00000000  -0.00000000  -0.00000000  -0.00000000  -0.00000000  -0.00000000  -0.00000000  -0.00000000  -0.00000000  -0.00000000  -0.00000000  -0.00000000  -0.00000000  -0.00000000  -0.00000000  -0.00000000  -0.00000000  -0.00000000  -0.00000000  -0.00000000  -0.00000000  -0.00000000  -0.00000000  -0.00000000  -0.00000000  -0.00000000  -0.00000000  -0.00000000  -0.00000000  -0.00000000  -0.00000000  -0.00000000  -0.00000000 
 -0.00000002  -0.23530199  -0.47123980  -0.70840970  -0.94732728  -1.18838327  -1.43179469  -1.67754948  -1.92534332  -2.17450690  -2.42392315  -2.67193456  -2.91624261  -3.15380398  -3.38073206  -3.59221752  -3.78248773  -3.94483181  -4.07172442  -4.15508935  -4.18676114  -4.15923085  -4.06677016  -3.90693225  -3.68216845  -3.40096309  -3.07768891  -2.73058442  -2.37805634  -2.03475018  -1.70957542  -1.40689593  -1.12960559  -0.88125207  -0.66574058  -0.48573106  -0.34150491  -0.23087300  -0.14975501  -0.09299516  -0.05516060  -0.03118067  -0.01675742  -0.00854179  -0.00411950  -0.00187501  -0.00080336  -0.00032317  -0.00012173  -0.00004282  -0.00001403  -0.00000427  -0.00000120  -0.00000031  -0.00000007  -0.00000002  -0.00000000  -0.00000000  -0.00000000  -0.00000000  -0.00000000  -0.00000000  -0.00000000  -0.00000000  -0.00000000  -0.00000000  -0.00000000  -0.00000000  -0.00000000  -0.00000000  -0.00000000  -0.00000000  -0.00000000  -0.00000000  -0.00000000  -0.00000000  -0.00000000  -0.00000000  -0.00000000  -0.00000000  -0.00000000  -0.00000000  -0.00000000  -0.00000000  -0.00000000  -0.00000000  -0.00000000  -0.00000000  -0.00000000  -0.00000000  -0.00000000  -0.00000000  -0.00000000  -0.00000000  -0.00000000  -0.00000000  -0.00000000  -0.00000000  -0.00000000  -0.00000000  -0.00000000 
 -0.00000002  -0.20976706  -0.42057100  -0.63340863  -0.84919431  -1.06871304  -1.29256674  -1.52111162  -1.75438477  -1.99201856  -2.23314264  -2.47627442  -2.71920133  -2.95886101  -3.19122985  -3.41123567  -3.61271749  -3.78846334  -3.93036567  -4.02974077  -4.07786345  -4.06677016  -3.99037600  -3.84589085  -3.63533684  -3.36665734  -3.05365561  -2.71413980  -2.36641930  -2.02549985  -1.70105568  -1.39836500  -1.12106292  -0.87307986  -0.65837571  -0.47948326  -0.33650503  -0.22709180  -0.14705027  -0.09116486  -0.05398934  -0.03047244  -0.01635322  -0.00832437  -0.00400944  -0.00182268  -0.00078004  -0.00031345  -0.00011795  -0.00004145  -0.00001356  -0.00000412  -0.00000116  -0.00000030  -0.00000007  -0.00000002  -0.00000000  -0.00000000  -0.00000000  -0.00000000  -0.00000000  -0.00000000  -0.00000000  -0.00000000  -0.00000000  -0.00000000  -0.00000000  -0.00000000  -0.00000000  -0.00000000  -0.00000000  -0.00000000  -0.00000000  -0.00000000  -0.00000000  -0.00000000  -0.00000000  -0.00000000  -0.00000000  -0.00000000  -0.00000000  -0.00000000  -0.00000000  -0.00000000  -0.00000000  -0.00000000  -0.00000000  -0.00000000  -0.00000000  -0.00000000  -0.00000000  -0.00000000  -0.00000000  -0.00000000  -0.00000000  -0.00000000  -0.00000000  -0.00000000  -0.00000000  -0.00000000  -0.00000000 
 -0.00000002  -0.18566539  -0.37264402  -0.56220961  -0.75555413  -0.95373993  -1.15764378  -1.36789030  -1.58477283  -1.80816047  -2.03739144  -2.27115417  -2.50736059  -2.74301856  -2.97411534  -3.19552861  -3.40098865  -3.58312320  -3.73362498  -3.84359003  -3.90407727  -3.90693225  -3.84589085  -3.71791579  -3.52458190  -3.27309123  -2.97626436  -2.65091734  -2.31469295  -1.98252674  -1.66463844  -1.36717391  -1.09452877  -0.85101709  -0.64062562  -0.46573803  -0.32629000  -0.21982233  -0.14210654  -0.08795839  -0.05200987  -0.02931171  -0.01570805  -0.00798519  -0.00384115  -0.00174406  -0.00074553  -0.00029926  -0.00011249  -0.00003949  -0.00001291  -0.00000392  -0.00000110  -0.00000029  -0.00000007  -0.00000001  -0.00000000  -0.00000000  -0.00000000  -0.00000000  -0.00000000  -0.00000000  -0.00000000  -0.00000000  -0.00000000  -0.00000000  -0.00000000  -0.00000000  -0.00000000  -0.00000000  -0.00000000  -0.00000000  -0.00000000  -0.00000000  -0.00000000  -0.00000000  -0.00000000  -0.00000000  -0.00000000  -0.00000000  -0.00000000  -0.00000000  -0.00000000  -0.00000000  -0.00000000  -0.00000000  -0.00000000  -0.00000000  -0.00000000  -0.00000000  -0.00000000  -0.00000000  -0.00000000  -0.00000000  -0.00000000  -0.00000000  -0.00000000  -0.00000000  -0.00000000  -0.00000000  -0.00000000 
 -0.00000002  -0.16299094  -0.32745703  -0.49483526  -0.66648330  -0.84363220  -1.02733027  -1.21837545  -1.41723446  -1.62394733  -1.83801802  -2.05829298  -2.28283272  -2.50878437  -2.73226721  -2.94828848  -3.15071196  -3.33230926  -3.48493081  -3.59984062  -3.66826148  -3.68216845  -3.63533684  -3.52458190  -3.35100679  -3.12089892  -2.84574344  -2.54085900  -2.22267428  -1.90560651  -1.60015827  -1.31324775  -1.05001307  -0.81513406  -0.61259277  -0.44460630  -0.31096292  -0.20915091  -0.13499025  -0.08342325  -0.04925394  -0.02771835  -0.01483359  -0.00753068  -0.00361795  -0.00164075  -0.00070057  -0.00028090  -0.00010549  -0.00003700  -0.00001209  -0.00000367  -0.00000103  -0.00000027  -0.00000006  -0.00000001  -0.00000000  -0.00000000  -0.00000000  -0.00000000  -0.00000000  -0.00000000  -0.00000000  -0.00000000  -0.00000000  -0.00000000  -0.00000000  -0.00000000  -0.00000000  -0.00000000  -0.00000000  -0.00000000  -0.00000000  -0.00000000  -0.00000000  -0.00000000  -0.00000000  -0.00000000  -0.00000000  -0.00000000  -0.00000000  -0.00000000  -0.00000000  -0.00000000  -0.00000000  -0.00000000  -0.00000000  -0.00000000  -0.00000000  -0.00000000  -0.00000000  -0.00000000  -0.00000000  -0.00000000  -0.00000000  -0.00000000  -0.00000000  -0.00000000  -0.00000000  -0.00000000  -0.00000000 
 -0.00000001  -0.14184578  -0.28522743  -0.43164461  -0.58252140  -0.73916070  -0.90268972  -1.07399377  -1.25363689  -1.44176812  -1.63801439  -1.84136230  -2.05003437  -2.26136790  -2.47170888  -2.67633759  -2.86944713  -3.04420187  -3.19290783  -3.30733190  -3.37920837  -3.40096309  -3.36665734  -3.27309123  -3.12089892  -2.91532645  -2.66626441  -2.38715117  -2.09275312  -1.79655704  -1.50905500  -1.23777407  -0.98851110  -0.76625487  -0.57493953  -0.41660076  -0.29090462  -0.19534841  -0.12588556  -0.07767885  -0.04579522  -0.02573555  -0.01375383  -0.00697345  -0.00334610  -0.00151567  -0.00064644  -0.00025892  -0.00009713  -0.00003403  -0.00001111  -0.00000337  -0.00000095  -0.00000024  -0.00000006  -0.00000001  -0.00000000  -0.00000000  -0.00000000  -0.00000000  -0.00000000  -0.00000000  -0.00000000  -0.00000000  -0.00000000  -0.00000000  -0.00000000  -0.00000000  -0.00000000  -0.00000000  -0.00000000  -0.00000000  -0.00000000  -0.00000000  -0.00000000  -0.00000000  -0.00000000  -0.00000000  -0.00000000  -0.00000000  -0.00000000  -0.00000000  -0.00000000  -0.00000000  -0.00000000  -0.00000000  -0.00000000  -0.00000000  -0.00000000  -0.00000000  -0.00000000  -0.00000000  -0.00000000  -0.00000000  -0.00000000  -0.00000000  -0.00000000  -0.00000000  -0.00000000  -0.00000000  -0.00000000 
 -0.00000001  -0.12246383  -0.24643878  -0.37340212  -0.50476027  -0.64180591  -0.78566630  -0.93724059  -1.09712452  -1.26552179  -1.44214317  -1.62609607  -1.81577015  -2.00872735  -2.20160830  -2.39007104  -2.56878134  -2.73147820  -2.87114083  -2.98028594  -3.05142317  -3.07768891  -3.05365561  -2.97626436  -2.84574344  -2.66626441  -2.44600182  -2.19630711  -1.93000143  -1.65931922  -1.39443790  -1.14324920  -0.91203422  -0.70597623  -0.52889845  -0.38264048  -0.26677491  -0.17886982  -0.11509315  -0.07091523  -0.04174835  -0.02342913  -0.01250467  -0.00633207  -0.00303465  -0.00137300  -0.00058494  -0.00023404  -0.00008771  -0.00003070  -0.00001001  -0.00000303  -0.00000085  -0.00000022  -0.00000005  -0.00000001  -0.00000000  -0.00000000  -0.00000000  -0.00000000  -0.00000000  -0.00000000  -0.00000000  -0.00000000  -0.00000000  -0.00000000  -0.00000000  -0.00000000  -0.00000000  -0.00000000  -0.00000000  -0.00000000  -0.00000000  -0.00000000  -0.00000000  -0.00000000  -0.00000000  -0.00000000  -0.00000000  -0.00000000  -0.00000000  -0.00000000  -0.00000000  -0.00000000  -0.00000000  -0.00000000  -0.00000000  -0.00000000  -0.00000000  -0.00000000  -0.00000000  -0.00000000  -0.00000000  -0.00000000  -0.00000000  -0.00000000  -0.00000000  -0.00000000  -0.00000000  -0.00000000  -0.00000000 
 -0.00000001  -0.10513085  -0.21168016  -0.32103520  -0.43451798  -0.55334566  -0.67858286  -0.81108396  -0.95142379  -1.09981661  -1.25602425  -1.41925662  -1.58806975  -1.76026981  -1.93283421  -2.10186450  -2.26258826  -2.40942989  -2.53617134  -2.63622340  -2.70302567  -2.73058442  -2.71413980  -2.65091734  -2.54085900  -2.38715117  -2.19630711  -1.97759504  -1.74180875  -1.49973505  -1.26094670  -1.03338175  -0.82353540  -0.63660733  -0.47622429  -0.34401385  -0.23948505  -0.16033467  -0.10301701  -0.06338452  -0.03726358  -0.02088441  -0.01113216  -0.00563008  -0.00269502  -0.00121795  -0.00051832  -0.00020717  -0.00007756  -0.00002713  -0.00000884  -0.00000267  -0.00000075  -0.00000019  -0.00000005  -0.00000001  -0.00000000  -0.00000000  -0.00000000  -0.00000000  -0.00000000  -0.00000000  -0.00000000  -0.00000000  -0.00000000  -0.00000000  -0.00000000  -0.00000000  -0.00000000  -0.00000000  -0.00000000  -0.00000000  -0.00000000  -0.00000000  -0.00000000  -0.00000000  -0.00000000  -0.00000000  -0.00000000  -0.00000000  -0.00000000  -0.00000000  -0.00000000  -0.00000000  -0.00000000  -0.00000000  -0.00000000  -0.00000000  -0.00000000  -0.00000000  -0.00000000  -0.00000000  -0.00000000  -0.00000000  -0.00000000  -0.00000000  -0.00000000  -0.00000000  -0.00000000  -0.00000000  -0.00000000 
 -0.00000001  -0.09001516  -0.18130694  -0.27512373  -0.37265483  -0.47499478  -0.58310039  -0.69773902  -0.81942664  -0.94835597  -1.08431540  -1.22660209  -1.37393411  -1.52436931  -1.67524142  -1.82312615  -1.96385254  -2.09257590  -2.20392864  -2.29226310  -2.35199617  -2.37805634  -2.36641930  -2.31469295  -2.22267428  -2.09275312  -1.93000143  -1.74180875  -1.53705187  -1.32500829  -1.11439661  -0.91284371  -0.72672272  -0.56102637  -0.41908483  -0.30229804  -0.21014059  -0.14048798  -0.09013885  -0.05538489  -0.03251723  -0.01820075  -0.00968954  -0.00489457  -0.00234022  -0.00105643  -0.00044910  -0.00017932  -0.00006707  -0.00002344  -0.00000763  -0.00000231  -0.00000065  -0.00000017  -0.00000004  -0.00000001  -0.00000000  -0.00000000  -0.00000000  -0.00000000  -0.00000000  -0.00000000  -0.00000000  -0.00000000  -0.00000000  -0.00000000  -0.00000000  -0.00000000  -0.00000000  -0.00000000  -0.00000000  -0.00000000  -0.00000000  -0.00000000  -0.00000000  -0.00000000  -0.00000000  -0.00000000  -0.00000000  -0.00000000  -0.00000000  -0.00000000  -0.00000000  -0.00000000  -0.00000000  -0.00000000  -0.00000000  -0.00000000  -0.00000000  -0.00000000  -0.00000000  -0.00000000  -0.00000000  -0.00000000  -0.00000000  -0.00000000  -0.00000000  -0.00000000  -0.00000000  -0.00000000  -0.00000000 
