# coconut-me2b/v0.99.21 
# 
# momentum space matrix elements 
# partial wave J=2, L=1/1, S=1, T=1, MT=0 
# 
# momentum grid [fm^-1]
0.000000 0.100000 0.200000 0.300000 0.400000 0.500000 0.600000 0.700000 0.800000 0.900000 1.000000 1.100000 1.200000 1.300000 1.400000 1.500000 1.600000 1.700000 1.800000 1.900000 2.000000 2.100000 2.200000 2.300000 2.400000 2.500000 2.600000 2.700000 2.800000 2.900000 3.000000 3.100000 3.200000 3.300000 3.400000 3.500000 3.600000 3.700000 3.800000 3.900000 4.000000 4.100000 4.200000 4.300000 4.400000 4.500000 4.600000 4.700000 4.800000 4.900000 5.000000 5.100000 5.200000 5.300000 5.400000 5.500000 5.600000 5.700000 5.800000 5.900000 6.000000 6.100000 6.200000 6.300000 6.400000 6.500000 6.600000 6.700000 6.800000 6.900000 7.000000 7.100000 7.200000 7.300000 7.400000 7.500000 7.600000 7.700000 7.800000 7.900000 8.000000 8.100000 8.200000 8.300000 8.400000 8.500000 8.600000 8.700000 8.800000 8.900000 9.000000 9.100000 9.200000 9.300000 9.400000 9.500000 9.600000 9.700000 9.800000 9.900000 10.000000 
#
# matrix elements [MeV fm^3] 
 -0.00044144  -0.00000001  -0.00000001  -0.00000002  -0.00000003  -0.00000003  -0.00000004  -0.00000004  -0.00000005  -0.00000005  -0.00000005  -0.00000005  -0.00000005  -0.00000005  -0.00000004  -0.00000004  -0.00000004  -0.00000003  -0.00000003  -0.00000003  -0.00000003  -0.00000002  -0.00000002  -0.00000002  -0.00000002  -0.00000001  -0.00000001  -0.00000001  -0.00000001  -0.00000001  -0.00000001  -0.00000001  -0.00000000  -0.00000000  -0.00000000  -0.00000000  -0.00000000  -0.00000000  -0.00000000  -0.00000000  -0.00000000  -0.00000000  -0.00000000  -0.00000000  -0.00000000  -0.00000000  -0.00000000  -0.00000000  -0.00000000  -0.00000000  -0.00000000  -0.00000000  -0.00000000  -0.00000000  -0.00000000  -0.00000000  -0.00000000  -0.00000000  -0.00000000  -0.00000000  -0.00000000  -0.00000000  -0.00000000  -0.00000000  -0.00000000  -0.00000000  -0.00000000  -0.00000000  -0.00000000  -0.00000000  -0.00000000  -0.00000000  -0.00000000  -0.00000000  -0.00000000  -0.00000000  -0.00000000  -0.00000000  -0.00000000  -0.00000000  -0.00000000  -0.00000000  -0.00000000  -0.00000000  -0.00000000  -0.00000000  -0.00000000  -0.00000000  -0.00000000  -0.00000000  -0.00000000  -0.00000000  -0.00000000  -0.00000000  -0.00000000  -0.00000000  -0.00000000  -0.00000000  -0.00000000  -0.00000000  -0.00000000 
 -0.00000001  -0.06665542  -0.13511690  -0.20495692  -0.27320477  -0.33577959  -0.38913125  -0.43107307  -0.46081379  -0.47861609  -0.48541346  -0.48251717  -0.47142427  -0.45369747  -0.43088636  -0.40446836  -0.37579808  -0.34606078  -0.31623148  -0.28704503  -0.25898562  -0.23230463  -0.20707385  -0.18327285  -0.16089484  -0.14003663  -0.12092384  -0.10383373  -0.08892939  -0.07609828  -0.06492922  -0.05488593  -0.04556752  -0.03685797  -0.02887789  -0.02183149  -0.01588021  -0.01108723  -0.00741281  -0.00473541  -0.00288390  -0.00167062  -0.00091848  -0.00047814  -0.00023514  -0.00010897  -0.00004748  -0.00001940  -0.00000741  -0.00000264  -0.00000088  -0.00000027  -0.00000008  -0.00000002  -0.00000000  -0.00000000  -0.00000000  -0.00000000  -0.00000000  -0.00000000  -0.00000000  -0.00000000  -0.00000000  -0.00000000  -0.00000000  -0.00000000  -0.00000000  -0.00000000  -0.00000000  -0.00000000  -0.00000000  -0.00000000  -0.00000000  -0.00000000  -0.00000000  -0.00000000  -0.00000000  -0.00000000  -0.00000000  -0.00000000  -0.00000000  -0.00000000  -0.00000000  -0.00000000  -0.00000000  -0.00000000  -0.00000000  -0.00000000  -0.00000000  -0.00000000  -0.00000000  -0.00000000  -0.00000000  -0.00000000  -0.00000000  -0.00000000  -0.00000000  -0.00000000  -0.00000000  -0.00000000  -0.00000000 
 -0.00000001  -0.13511690  -0.27198024  -0.40935635  -0.54234720  -0.66412869  -0.76840322  -0.85097809  -0.91010242  -0.94603624  -0.96040830  -0.95566263  -0.93466872  -0.90046646  -0.85609540  -0.80446772  -0.74826132  -0.68982360  -0.63108785  -0.57351249  -0.51805948  -0.46522985  -0.41516980  -0.36784499  -0.32325206  -0.28159771  -0.24334880  -0.20907737  -0.17912825  -0.15329530  -0.13077409  -0.11050734  -0.09170478  -0.07414160  -0.05806230  -0.04387549  -0.03190207  -0.02226510  -0.01488118  -0.00950341  -0.00578604  -0.00335096  -0.00184188  -0.00095865  -0.00047135  -0.00021841  -0.00009514  -0.00003887  -0.00001485  -0.00000529  -0.00000176  -0.00000054  -0.00000015  -0.00000004  -0.00000001  -0.00000000  -0.00000000  -0.00000000  -0.00000000  -0.00000000  -0.00000000  -0.00000000  -0.00000000  -0.00000000  -0.00000000  -0.00000000  -0.00000000  -0.00000000  -0.00000000  -0.00000000  -0.00000000  -0.00000000  -0.00000000  -0.00000000  -0.00000000  -0.00000000  -0.00000000  -0.00000000  -0.00000000  -0.00000000  -0.00000000  -0.00000000  -0.00000000  -0.00000000  -0.00000000  -0.00000000  -0.00000000  -0.00000000  -0.00000000  -0.00000000  -0.00000000  -0.00000000  -0.00000000  -0.00000000  -0.00000000  -0.00000000  -0.00000000  -0.00000000  -0.00000000  -0.00000000  -0.00000000 
 -0.00000002  -0.20495692  -0.40935635  -0.61046097  -0.80252447  -0.97779232  -1.12860188  -1.24927527  -1.33697450  -1.39155686  -1.41492579  -1.41031699  -1.38172327  -1.33348625  -1.27001159  -1.19555713  -1.11405861  -1.02897713  -0.94316903  -0.85879233  -0.77727296  -0.69935725  -0.62527032  -0.55497669  -0.48849628  -0.42617184  -0.36874250  -0.31710994  -0.27183807  -0.23266497  -0.19842866  -0.16758140  -0.13896641  -0.11226445  -0.08785036  -0.06633749  -0.04820219  -0.03362074  -0.02245838  -0.01433511  -0.00872376  -0.00505024  -0.00277486  -0.00144375  -0.00070965  -0.00032874  -0.00014317  -0.00005847  -0.00002234  -0.00000796  -0.00000264  -0.00000081  -0.00000023  -0.00000006  -0.00000001  -0.00000000  -0.00000000  -0.00000000  -0.00000000  -0.00000000  -0.00000000  -0.00000000  -0.00000000  -0.00000000  -0.00000000  -0.00000000  -0.00000000  -0.00000000  -0.00000000  -0.00000000  -0.00000000  -0.00000000  -0.00000000  -0.00000000  -0.00000000  -0.00000000  -0.00000000  -0.00000000  -0.00000000  -0.00000000  -0.00000000  -0.00000000  -0.00000000  -0.00000000  -0.00000000  -0.00000000  -0.00000000  -0.00000000  -0.00000000  -0.00000000  -0.00000000  -0.00000000  -0.00000000  -0.00000000  -0.00000000  -0.00000000  -0.00000000  -0.00000000  -0.00000000  -0.00000000  -0.00000000 
 -0.00000003  -0.27320477  -0.54234720  -0.80252447  -1.04746070  -1.26968147  -1.46156332  -1.61683359  -1.73174496  -1.80544565  -1.83963382  -1.83787872  -1.80493114  -1.74616395  -1.66715321  -1.57335990  -1.46987242  -1.36118745  -1.25102736  -1.14221047  -1.03660329  -0.93518887  -0.83827648  -0.74584731  -0.65797367  -0.57517283  -0.49850244  -0.42924590  -0.36824192  -0.31522936  -0.26874202  -0.22678722  -0.18787574  -0.15161504  -0.11851987  -0.08940857  -0.06490679  -0.04523413  -0.03019290  -0.01925861  -0.01171260  -0.00677661  -0.00372149  -0.00193536  -0.00095088  -0.00044032  -0.00019169  -0.00007826  -0.00002989  -0.00001065  -0.00000353  -0.00000109  -0.00000031  -0.00000008  -0.00000002  -0.00000000  -0.00000000  -0.00000000  -0.00000000  -0.00000000  -0.00000000  -0.00000000  -0.00000000  -0.00000000  -0.00000000  -0.00000000  -0.00000000  -0.00000000  -0.00000000  -0.00000000  -0.00000000  -0.00000000  -0.00000000  -0.00000000  -0.00000000  -0.00000000  -0.00000000  -0.00000000  -0.00000000  -0.00000000  -0.00000000  -0.00000000  -0.00000000  -0.00000000  -0.00000000  -0.00000000  -0.00000000  -0.00000000  -0.00000000  -0.00000000  -0.00000000  -0.00000000  -0.00000000  -0.00000000  -0.00000000  -0.00000000  -0.00000000  -0.00000000  -0.00000000  -0.00000000  -0.00000000 
 -0.00000003  -0.33577959  -0.66412869  -0.97779232  -1.26968147  -1.53276694  -1.76023208  -1.94613508  -2.08636740  -2.17937631  -2.22629675  -2.23055064  -2.19719711  -2.13227777  -2.04226409  -1.93361545  -1.81242023  -1.68409670  -1.55314946  -1.42299862  -1.29591524  -1.17310377  -1.05496158  -0.94150811  -0.83290510  -0.72989459  -0.63391356  -0.54669589  -0.46942899  -0.40192742  -0.34249134  -0.28874327  -0.23890630  -0.19254234  -0.15031813  -0.11325709  -0.08212585  -0.05717407  -0.03812586  -0.02429737  -0.01476527  -0.00853664  -0.00468496  -0.00243496  -0.00119570  -0.00055341  -0.00024082  -0.00009828  -0.00003752  -0.00001336  -0.00000443  -0.00000136  -0.00000039  -0.00000010  -0.00000002  -0.00000001  -0.00000000  -0.00000000  -0.00000000  -0.00000000  -0.00000000  -0.00000000  -0.00000000  -0.00000000  -0.00000000  -0.00000000  -0.00000000  -0.00000000  -0.00000000  -0.00000000  -0.00000000  -0.00000000  -0.00000000  -0.00000000  -0.00000000  -0.00000000  -0.00000000  -0.00000000  -0.00000000  -0.00000000  -0.00000000  -0.00000000  -0.00000000  -0.00000000  -0.00000000  -0.00000000  -0.00000000  -0.00000000  -0.00000000  -0.00000000  -0.00000000  -0.00000000  -0.00000000  -0.00000000  -0.00000000  -0.00000000  -0.00000000  -0.00000000  -0.00000000  -0.00000000  -0.00000000 
 -0.00000004  -0.38913125  -0.76840322  -1.12860188  -1.46156332  -1.76023208  -2.01851332  -2.23125953  -2.39463982  -2.50675981  -2.56812333  -2.58164270  -2.55222525  -2.48615057  -2.39043195  -2.27225261  -2.13849205  -1.99533256  -1.84794420  -1.70026609  -1.55492113  -1.41330998  -1.27591824  -1.14282688  -1.01433065  -0.89145708  -0.77609696  -0.67051951  -0.57635211  -0.49357768  -0.42034996  -0.35398079  -0.29246042  -0.23533882  -0.18344917  -0.13801940  -0.09994649  -0.06949365  -0.04628809  -0.02946833  -0.01789061  -0.01033464  -0.00566726  -0.00294340  -0.00144443  -0.00066813  -0.00029059  -0.00011853  -0.00004523  -0.00001610  -0.00000533  -0.00000164  -0.00000047  -0.00000012  -0.00000003  -0.00000001  -0.00000000  -0.00000000  -0.00000000  -0.00000000  -0.00000000  -0.00000000  -0.00000000  -0.00000000  -0.00000000  -0.00000000  -0.00000000  -0.00000000  -0.00000000  -0.00000000  -0.00000000  -0.00000000  -0.00000000  -0.00000000  -0.00000000  -0.00000000  -0.00000000  -0.00000000  -0.00000000  -0.00000000  -0.00000000  -0.00000000  -0.00000000  -0.00000000  -0.00000000  -0.00000000  -0.00000000  -0.00000000  -0.00000000  -0.00000000  -0.00000000  -0.00000000  -0.00000000  -0.00000000  -0.00000000  -0.00000000  -0.00000000  -0.00000000  -0.00000000  -0.00000000  -0.00000000 
 -0.00000004  -0.43107307  -0.85097809  -1.24927527  -1.61683359  -1.94613508  -2.23125953  -2.46767954  -2.65214892  -2.78289739  -2.86003909  -2.88586625  -2.86477836  -2.80285444  -2.70723680  -2.58548808  -2.44500688  -2.29253050  -2.13373755  -1.97297326  -1.81313824  -1.65579032  -1.50149665  -1.35042218  -1.20304271  -1.06074082  -0.92594788  -0.80156807  -0.68977633  -0.59083335  -0.50284926  -0.42291223  -0.34884386  -0.28022088  -0.21805891  -0.16378903  -0.11842545  -0.08222525  -0.05469681  -0.03477996  -0.02109235  -0.01217204  -0.00666880  -0.00346071  -0.00169701  -0.00078443  -0.00034095  -0.00013900  -0.00005301  -0.00001886  -0.00000625  -0.00000192  -0.00000055  -0.00000014  -0.00000003  -0.00000001  -0.00000000  -0.00000000  -0.00000000  -0.00000000  -0.00000000  -0.00000000  -0.00000000  -0.00000000  -0.00000000  -0.00000000  -0.00000000  -0.00000000  -0.00000000  -0.00000000  -0.00000000  -0.00000000  -0.00000000  -0.00000000  -0.00000000  -0.00000000  -0.00000000  -0.00000000  -0.00000000  -0.00000000  -0.00000000  -0.00000000  -0.00000000  -0.00000000  -0.00000000  -0.00000000  -0.00000000  -0.00000000  -0.00000000  -0.00000000  -0.00000000  -0.00000000  -0.00000000  -0.00000000  -0.00000000  -0.00000000  -0.00000000  -0.00000000  -0.00000000  -0.00000000  -0.00000000 
 -0.00000005  -0.46081379  -0.91010242  -1.33697450  -1.73174496  -2.08636740  -2.39463982  -2.65214892  -2.85605109  -3.00491620  -3.09881301  -3.13956877  -3.13093357  -3.07843586  -2.98892630  -2.86994964  -2.72908859  -2.57336903  -2.40877418  -2.23990615  -2.06984232  -1.90024058  -1.73173238  -1.56458521  -1.39950590  -1.23830816  -1.08406093  -0.94041584  -0.81021761  -0.69412905  -0.59033359  -0.49579439  -0.40823642  -0.32730609  -0.25421831  -0.19060455  -0.13758064  -0.09537490  -0.06335208  -0.04023000  -0.02436784  -0.01404664  -0.00768804  -0.00398594  -0.00195292  -0.00090202  -0.00039179  -0.00015962  -0.00006084  -0.00002164  -0.00000716  -0.00000220  -0.00000062  -0.00000016  -0.00000004  -0.00000001  -0.00000000  -0.00000000  -0.00000000  -0.00000000  -0.00000000  -0.00000000  -0.00000000  -0.00000000  -0.00000000  -0.00000000  -0.00000000  -0.00000000  -0.00000000  -0.00000000  -0.00000000  -0.00000000  -0.00000000  -0.00000000  -0.00000000  -0.00000000  -0.00000000  -0.00000000  -0.00000000  -0.00000000  -0.00000000  -0.00000000  -0.00000000  -0.00000000  -0.00000000  -0.00000000  -0.00000000  -0.00000000  -0.00000000  -0.00000000  -0.00000000  -0.00000000  -0.00000000  -0.00000000  -0.00000000  -0.00000000  -0.00000000  -0.00000000  -0.00000000  -0.00000000  -0.00000000 
 -0.00000005  -0.47861609  -0.94603624  -1.39155686  -1.80544565  -2.17937631  -2.50675981  -2.78289739  -3.00491620  -3.17155701  -3.28299462  -3.34084136  -3.34828433  -3.31013443  -3.23260533  -3.12281849  -2.98815832  -2.83561624  -2.67122453  -2.49965077  -2.32401616  -2.14599869  -1.96626228  -1.78518819  -1.60376278  -1.42431054  -1.25064229  -1.08727971  -0.93787133  -0.80361911  -0.68290856  -0.57268614  -0.47065861  -0.37658769  -0.29190442  -0.21843610  -0.15738187  -0.10891610  -0.07223290  -0.04580310  -0.02770668  -0.01595186  -0.00872109  -0.00451693  -0.00221101  -0.00102036  -0.00044284  -0.00018029  -0.00006867  -0.00002441  -0.00000807  -0.00000248  -0.00000070  -0.00000018  -0.00000004  -0.00000001  -0.00000000  -0.00000000  -0.00000000  -0.00000000  -0.00000000  -0.00000000  -0.00000000  -0.00000000  -0.00000000  -0.00000000  -0.00000000  -0.00000000  -0.00000000  -0.00000000  -0.00000000  -0.00000000  -0.00000000  -0.00000000  -0.00000000  -0.00000000  -0.00000000  -0.00000000  -0.00000000  -0.00000000  -0.00000000  -0.00000000  -0.00000000  -0.00000000  -0.00000000  -0.00000000  -0.00000000  -0.00000000  -0.00000000  -0.00000000  -0.00000000  -0.00000000  -0.00000000  -0.00000000  -0.00000000  -0.00000000  -0.00000000  -0.00000000  -0.00000000  -0.00000000  -0.00000000 
 -0.00000005  -0.48541346  -0.96040830  -1.41492579  -1.83963382  -2.22629675  -2.56812333  -2.86003909  -3.09881301  -3.28299462  -3.41270863  -3.48945230  -3.51602383  -3.49654729  -3.43641207  -3.34197611  -3.22003583  -3.07718338  -2.91919457  -2.75056565  -2.57429195  -2.39196431  -2.20422842  -2.01157915  -1.81532562  -1.61838234  -1.42540964  -1.24192796  -1.07253189  -0.91910867  -0.78038362  -0.65340203  -0.53593515  -0.42790691  -0.33098013  -0.24717098  -0.17774112  -0.12278348  -0.08129318  -0.05146844  -0.03108933  -0.01787597  -0.00976130  -0.00505013  -0.00246951  -0.00113860  -0.00049374  -0.00020085  -0.00007645  -0.00002715  -0.00000898  -0.00000275  -0.00000078  -0.00000020  -0.00000005  -0.00000001  -0.00000000  -0.00000000  -0.00000000  -0.00000000  -0.00000000  -0.00000000  -0.00000000  -0.00000000  -0.00000000  -0.00000000  -0.00000000  -0.00000000  -0.00000000  -0.00000000  -0.00000000  -0.00000000  -0.00000000  -0.00000000  -0.00000000  -0.00000000  -0.00000000  -0.00000000  -0.00000000  -0.00000000  -0.00000000  -0.00000000  -0.00000000  -0.00000000  -0.00000000  -0.00000000  -0.00000000  -0.00000000  -0.00000000  -0.00000000  -0.00000000  -0.00000000  -0.00000000  -0.00000000  -0.00000000  -0.00000000  -0.00000000  -0.00000000  -0.00000000  -0.00000000  -0.00000000 
 -0.00000005  -0.48251717  -0.95566263  -1.41031699  -1.83787872  -2.23055064  -2.58164270  -2.88586625  -3.13956877  -3.34084136  -3.48945230  -3.58663679  -3.63486166  -3.63767710  -3.59963501  -3.52612872  -3.42303528  -3.29617768  -3.15073424  -2.99075025  -2.81888675  -2.63650900  -2.44417095  -2.24246505  -2.03305660  -1.81952395  -1.60748268  -1.40358154  -1.21350633  -1.03998031  -0.88221150  -0.73746367  -0.60365722  -0.48092450  -0.37117344  -0.27659921  -0.19850268  -0.13686646  -0.09045782  -0.05717737  -0.03448579  -0.01980139  -0.01079890  -0.00558039  -0.00272587  -0.00125555  -0.00054396  -0.00022110  -0.00008409  -0.00002985  -0.00000986  -0.00000302  -0.00000086  -0.00000022  -0.00000005  -0.00000001  -0.00000000  -0.00000000  -0.00000000  -0.00000000  -0.00000000  -0.00000000  -0.00000000  -0.00000000  -0.00000000  -0.00000000  -0.00000000  -0.00000000  -0.00000000  -0.00000000  -0.00000000  -0.00000000  -0.00000000  -0.00000000  -0.00000000  -0.00000000  -0.00000000  -0.00000000  -0.00000000  -0.00000000  -0.00000000  -0.00000000  -0.00000000  -0.00000000  -0.00000000  -0.00000000  -0.00000000  -0.00000000  -0.00000000  -0.00000000  -0.00000000  -0.00000000  -0.00000000  -0.00000000  -0.00000000  -0.00000000  -0.00000000  -0.00000000  -0.00000000  -0.00000000  -0.00000000 
 -0.00000005  -0.47142427  -0.93466872  -1.38172327  -1.80493114  -2.19719711  -2.55222525  -2.86477836  -3.13093357  -3.34828433  -3.51602383  -3.63486166  -3.70679242  -3.73481623  -3.72271327  -3.67486760  -3.59603089  -3.49094165  -3.36383843  -3.21800737  -3.05553132  -2.87737915  -2.68391315  -2.47578724  -2.25504105  -2.02597926  -1.79526976  -1.57081287  -1.35952701  -1.16512089  -0.98742848  -0.82405235  -0.67314591  -0.53509359  -0.41205802  -0.30640008  -0.21943436  -0.15100359  -0.09961927  -0.06286141  -0.03785447  -0.02170410  -0.01182071  -0.00610088  -0.00297673  -0.00136966  -0.00059282  -0.00024074  -0.00009149  -0.00003245  -0.00001071  -0.00000328  -0.00000093  -0.00000024  -0.00000006  -0.00000001  -0.00000000  -0.00000000  -0.00000000  -0.00000000  -0.00000000  -0.00000000  -0.00000000  -0.00000000  -0.00000000  -0.00000000  -0.00000000  -0.00000000  -0.00000000  -0.00000000  -0.00000000  -0.00000000  -0.00000000  -0.00000000  -0.00000000  -0.00000000  -0.00000000  -0.00000000  -0.00000000  -0.00000000  -0.00000000  -0.00000000  -0.00000000  -0.00000000  -0.00000000  -0.00000000  -0.00000000  -0.00000000  -0.00000000  -0.00000000  -0.00000000  -0.00000000  -0.00000000  -0.00000000  -0.00000000  -0.00000000  -0.00000000  -0.00000000  -0.00000000  -0.00000000  -0.00000000 
 -0.00000005  -0.45369747  -0.90046646  -1.33348625  -1.74616395  -2.13227777  -2.48615057  -2.80285444  -3.07843586  -3.31013443  -3.49654729  -3.63767710  -3.73481623  -3.79027989  -3.80707641  -3.78861382  -3.73845645  -3.66005924  -3.55643209  -3.42979740  -3.28139438  -3.11159592  -2.92044497  -2.70859659  -2.47846204  -2.23511609  -1.98635893  -1.74145057  -1.50867104  -1.29285533  -1.09460146  -0.91196780  -0.74342113  -0.58963695  -0.45303722  -0.33613138  -0.24022045  -0.16497826  -0.10863505  -0.06843087  -0.04114149  -0.02355326  -0.01280998  -0.00660297  -0.00321788  -0.00147900  -0.00063950  -0.00025945  -0.00009851  -0.00003491  -0.00001152  -0.00000353  -0.00000100  -0.00000026  -0.00000006  -0.00000001  -0.00000000  -0.00000000  -0.00000000  -0.00000000  -0.00000000  -0.00000000  -0.00000000  -0.00000000  -0.00000000  -0.00000000  -0.00000000  -0.00000000  -0.00000000  -0.00000000  -0.00000000  -0.00000000  -0.00000000  -0.00000000  -0.00000000  -0.00000000  -0.00000000  -0.00000000  -0.00000000  -0.00000000  -0.00000000  -0.00000000  -0.00000000  -0.00000000  -0.00000000  -0.00000000  -0.00000000  -0.00000000  -0.00000000  -0.00000000  -0.00000000  -0.00000000  -0.00000000  -0.00000000  -0.00000000  -0.00000000  -0.00000000  -0.00000000  -0.00000000  -0.00000000  -0.00000000 
 -0.00000004  -0.43088636  -0.85609540  -1.27001159  -1.66715321  -2.04226409  -2.39043195  -2.70723680  -2.98892630  -3.23260533  -3.43641207  -3.59963501  -3.72271327  -3.80707641  -3.85483573  -3.86841123  -3.85019701  -3.80230132  -3.72632716  -3.62318269  -3.49300655  -3.33536017  -3.14981487  -2.93693974  -2.69948814  -2.44332161  -2.17742545  -1.91250122  -1.65829669  -1.42089651  -1.20178948  -0.99959940  -0.81318070  -0.64353245  -0.49333444  -0.36522337  -0.26045823  -0.17851681  -0.11732672  -0.07377441  -0.04428050  -0.02531121  -0.01374637  -0.00707623  -0.00344428  -0.00158126  -0.00068299  -0.00027683  -0.00010501  -0.00003718  -0.00001226  -0.00000375  -0.00000106  -0.00000028  -0.00000007  -0.00000001  -0.00000000  -0.00000000  -0.00000000  -0.00000000  -0.00000000  -0.00000000  -0.00000000  -0.00000000  -0.00000000  -0.00000000  -0.00000000  -0.00000000  -0.00000000  -0.00000000  -0.00000000  -0.00000000  -0.00000000  -0.00000000  -0.00000000  -0.00000000  -0.00000000  -0.00000000  -0.00000000  -0.00000000  -0.00000000  -0.00000000  -0.00000000  -0.00000000  -0.00000000  -0.00000000  -0.00000000  -0.00000000  -0.00000000  -0.00000000  -0.00000000  -0.00000000  -0.00000000  -0.00000000  -0.00000000  -0.00000000  -0.00000000  -0.00000000  -0.00000000  -0.00000000  -0.00000000 
 -0.00000004  -0.40446836  -0.80446772  -1.19555713  -1.57335990  -1.93361545  -2.27225261  -2.58548808  -2.86994964  -3.12281849  -3.34197611  -3.52612872  -3.67486760  -3.78861382  -3.86841123  -3.91558416  -3.93134740  -3.91648151  -3.87113552  -3.79476003  -3.68619113  -3.54397500  -3.36704541  -3.15577286  -2.91319123  -2.64592934  -2.36417129  -2.08010264  -1.80500964  -1.54632245  -1.30652918  -1.08491765  -0.88079595  -0.69551145  -0.53199330  -0.39297988  -0.27965944  -0.19128991  -0.12548118  -0.07875999  -0.04719332  -0.02693383  -0.01460621  -0.00750863  -0.00365013  -0.00167380  -0.00072217  -0.00029242  -0.00011082  -0.00003921  -0.00001291  -0.00000395  -0.00000112  -0.00000029  -0.00000007  -0.00000002  -0.00000000  -0.00000000  -0.00000000  -0.00000000  -0.00000000  -0.00000000  -0.00000000  -0.00000000  -0.00000000  -0.00000000  -0.00000000  -0.00000000  -0.00000000  -0.00000000  -0.00000000  -0.00000000  -0.00000000  -0.00000000  -0.00000000  -0.00000000  -0.00000000  -0.00000000  -0.00000000  -0.00000000  -0.00000000  -0.00000000  -0.00000000  -0.00000000  -0.00000000  -0.00000000  -0.00000000  -0.00000000  -0.00000000  -0.00000000  -0.00000000  -0.00000000  -0.00000000  -0.00000000  -0.00000000  -0.00000000  -0.00000000  -0.00000000  -0.00000000  -0.00000000  -0.00000000 
 -0.00000004  -0.37579808  -0.74826132  -1.11405861  -1.46987242  -1.81242023  -2.13849205  -2.44500688  -2.72908859  -2.98815832  -3.22003583  -3.42303528  -3.59603089  -3.73845645  -3.85019701  -3.93134740  -3.98186473  -4.00121256  -3.98812507  -3.94057988  -3.85601243  -3.73180357  -3.56609411  -3.35892566  -3.11351686  -2.83719896  -2.54131610  -2.23952598  -1.94467416  -1.66559346  -1.40585476  -1.16549419  -0.94433028  -0.74407502  -0.56789111  -0.41858910  -0.29725847  -0.20291866  -0.13285481  -0.08323762  -0.04979174  -0.02837165  -0.01536312  -0.00788681  -0.00382904  -0.00175374  -0.00075582  -0.00030572  -0.00011575  -0.00004091  -0.00001346  -0.00000411  -0.00000116  -0.00000030  -0.00000007  -0.00000002  -0.00000000  -0.00000000  -0.00000000  -0.00000000  -0.00000000  -0.00000000  -0.00000000  -0.00000000  -0.00000000  -0.00000000  -0.00000000  -0.00000000  -0.00000000  -0.00000000  -0.00000000  -0.00000000  -0.00000000  -0.00000000  -0.00000000  -0.00000000  -0.00000000  -0.00000000  -0.00000000  -0.00000000  -0.00000000  -0.00000000  -0.00000000  -0.00000000  -0.00000000  -0.00000000  -0.00000000  -0.00000000  -0.00000000  -0.00000000  -0.00000000  -0.00000000  -0.00000000  -0.00000000  -0.00000000  -0.00000000  -0.00000000  -0.00000000  -0.00000000  -0.00000000  -0.00000000 
 -0.00000003  -0.34606078  -0.68982360  -1.02897713  -1.36118745  -1.68409670  -1.99533256  -2.29253050  -2.57336903  -2.83561624  -3.07718338  -3.29617768  -3.49094165  -3.66005924  -3.80230132  -3.91648151  -4.00121256  -4.05460604  -4.07402825  -4.05605829  -3.99675669  -3.89228688  -3.73988859  -3.53914602  -3.29333599  -3.01037502  -2.70266275  -2.38524617  -2.07248552  -1.77462265  -1.49636301  -1.23855904  -1.00158731  -0.78753291  -0.59976938  -0.44114654  -0.31262903  -0.21298605  -0.13918118  -0.08704426  -0.05198042  -0.02957153  -0.01598892  -0.00819660  -0.00397425  -0.00181803  -0.00078264  -0.00031623  -0.00011962  -0.00004224  -0.00001389  -0.00000424  -0.00000120  -0.00000031  -0.00000007  -0.00000002  -0.00000000  -0.00000000  -0.00000000  -0.00000000  -0.00000000  -0.00000000  -0.00000000  -0.00000000  -0.00000000  -0.00000000  -0.00000000  -0.00000000  -0.00000000  -0.00000000  -0.00000000  -0.00000000  -0.00000000  -0.00000000  -0.00000000  -0.00000000  -0.00000000  -0.00000000  -0.00000000  -0.00000000  -0.00000000  -0.00000000  -0.00000000  -0.00000000  -0.00000000  -0.00000000  -0.00000000  -0.00000000  -0.00000000  -0.00000000  -0.00000000  -0.00000000  -0.00000000  -0.00000000  -0.00000000  -0.00000000  -0.00000000  -0.00000000  -0.00000000  -0.00000000  -0.00000000 
 -0.00000003  -0.31623148  -0.63108785  -0.94316903  -1.25102736  -1.55314946  -1.84794420  -2.13373755  -2.40877418  -2.67122453  -2.91919457  -3.15073424  -3.36383843  -3.55643209  -3.72632716  -3.87113552  -3.98812507  -4.07402825  -4.12486532  -4.13591232  -4.10197157  -4.01805302  -3.88047331  -3.68826322  -3.44461397  -3.15785626  -2.84126327  -2.51110151  -2.18311956  -1.86891202  -1.57433295  -1.30110192  -1.05019380  -0.82406916  -0.62628388  -0.45969190  -0.32511034  -0.22105493  -0.14418275  -0.09001120  -0.05366133  -0.03047915  -0.01645497  -0.00842367  -0.00407897  -0.00186363  -0.00080135  -0.00032345  -0.00012222  -0.00004312  -0.00001416  -0.00000432  -0.00000122  -0.00000032  -0.00000008  -0.00000002  -0.00000000  -0.00000000  -0.00000000  -0.00000000  -0.00000000  -0.00000000  -0.00000000  -0.00000000  -0.00000000  -0.00000000  -0.00000000  -0.00000000  -0.00000000  -0.00000000  -0.00000000  -0.00000000  -0.00000000  -0.00000000  -0.00000000  -0.00000000  -0.00000000  -0.00000000  -0.00000000  -0.00000000  -0.00000000  -0.00000000  -0.00000000  -0.00000000  -0.00000000  -0.00000000  -0.00000000  -0.00000000  -0.00000000  -0.00000000  -0.00000000  -0.00000000  -0.00000000  -0.00000000  -0.00000000  -0.00000000  -0.00000000  -0.00000000  -0.00000000  -0.00000000  -0.00000000 
 -0.00000003  -0.28704503  -0.57351249  -0.85879233  -1.14221047  -1.42299862  -1.70026609  -1.97297326  -2.23990615  -2.49965077  -2.75056565  -2.99075025  -3.21800737  -3.42979740  -3.62318269  -3.79476003  -3.94057988  -4.05605829  -4.13591232  -4.17420136  -4.16461547  -4.10116167  -3.97931290  -3.79751565  -3.55873904  -3.27151094  -2.94971345  -2.61056286  -2.27097380  -1.94376349  -1.63590596  -1.35002196  -1.08772026  -0.85183614  -0.64607559  -0.47326077  -0.33404336  -0.22669239  -0.14758671  -0.09197379  -0.05473954  -0.03104231  -0.01673398  -0.00855446  -0.00413684  -0.00188773  -0.00081077  -0.00032689  -0.00012340  -0.00004349  -0.00001427  -0.00000435  -0.00000123  -0.00000032  -0.00000008  -0.00000002  -0.00000000  -0.00000000  -0.00000000  -0.00000000  -0.00000000  -0.00000000  -0.00000000  -0.00000000  -0.00000000  -0.00000000  -0.00000000  -0.00000000  -0.00000000  -0.00000000  -0.00000000  -0.00000000  -0.00000000  -0.00000000  -0.00000000  -0.00000000  -0.00000000  -0.00000000  -0.00000000  -0.00000000  -0.00000000  -0.00000000  -0.00000000  -0.00000000  -0.00000000  -0.00000000  -0.00000000  -0.00000000  -0.00000000  -0.00000000  -0.00000000  -0.00000000  -0.00000000  -0.00000000  -0.00000000  -0.00000000  -0.00000000  -0.00000000  -0.00000000  -0.00000000  -0.00000000 
 -0.00000003  -0.25898562  -0.51805948  -0.77727296  -1.03660329  -1.29591524  -1.55492113  -1.81313824  -2.06984232  -2.32401616  -2.57429195  -2.81888675  -3.05553132  -3.28139438  -3.49300655  -3.68619113  -3.85601243  -3.99675669  -4.10197157  -4.16461547  -4.17741269  -4.13354830  -4.02780516  -3.85809229  -3.62705490  -3.34317529  -3.02060297  -2.67712980  -2.33050901  -1.99456864  -1.67732736  -1.38232483  -1.11183791  -0.86907588  -0.65786141  -0.48095002  -0.33881624  -0.22950018  -0.14914440  -0.09278344  -0.05513020  -0.03121485  -0.01680203  -0.00857723  -0.00414238  -0.00188792  -0.00080990  -0.00032619  -0.00012300  -0.00004331  -0.00001420  -0.00000432  -0.00000122  -0.00000032  -0.00000008  -0.00000002  -0.00000000  -0.00000000  -0.00000000  -0.00000000  -0.00000000  -0.00000000  -0.00000000  -0.00000000  -0.00000000  -0.00000000  -0.00000000  -0.00000000  -0.00000000  -0.00000000  -0.00000000  -0.00000000  -0.00000000  -0.00000000  -0.00000000  -0.00000000  -0.00000000  -0.00000000  -0.00000000  -0.00000000  -0.00000000  -0.00000000  -0.00000000  -0.00000000  -0.00000000  -0.00000000  -0.00000000  -0.00000000  -0.00000000  -0.00000000  -0.00000000  -0.00000000  -0.00000000  -0.00000000  -0.00000000  -0.00000000  -0.00000000  -0.00000000  -0.00000000  -0.00000000  -0.00000000 
 -0.00000002  -0.23230463  -0.46522985  -0.69935725  -0.93518887  -1.17310377  -1.41330998  -1.65579032  -1.90024058  -2.14599869  -2.39196431  -2.63650900  -2.87737915  -3.11159592  -3.33536017  -3.54397500  -3.73180357  -3.89228688  -4.01805302  -4.10116167  -4.13354830  -4.10775887  -4.01806294  -3.86193268  -3.64163466  -3.36536370  -3.04713999  -2.70486246  -2.35669231  -2.01717254  -1.69524203  -1.39536007  -1.12050544  -0.87426315  -0.66054031  -0.48199388  -0.33891684  -0.22914946  -0.14865355  -0.09232110  -0.05476647  -0.03096098  -0.01664094  -0.00848320  -0.00409160  -0.00186247  -0.00079805  -0.00032106  -0.00012095  -0.00004255  -0.00001394  -0.00000424  -0.00000119  -0.00000031  -0.00000007  -0.00000002  -0.00000000  -0.00000000  -0.00000000  -0.00000000  -0.00000000  -0.00000000  -0.00000000  -0.00000000  -0.00000000  -0.00000000  -0.00000000  -0.00000000  -0.00000000  -0.00000000  -0.00000000  -0.00000000  -0.00000000  -0.00000000  -0.00000000  -0.00000000  -0.00000000  -0.00000000  -0.00000000  -0.00000000  -0.00000000  -0.00000000  -0.00000000  -0.00000000  -0.00000000  -0.00000000  -0.00000000  -0.00000000  -0.00000000  -0.00000000  -0.00000000  -0.00000000  -0.00000000  -0.00000000  -0.00000000  -0.00000000  -0.00000000  -0.00000000  -0.00000000  -0.00000000  -0.00000000 
 -0.00000002  -0.20707385  -0.41516980  -0.62527032  -0.83827648  -1.05496158  -1.27591824  -1.50149665  -1.73173238  -1.96626228  -2.20422842  -2.44417095  -2.68391315  -2.92044497  -3.14981487  -3.36704541  -3.56609411  -3.73988859  -3.88047331  -3.97931290  -4.02780516  -4.01806294  -3.94401487  -3.80280714  -3.59630460  -3.33219335  -3.02394704  -2.68904008  -2.34552724  -2.00829455  -1.68702697  -1.38708274  -1.11217242  -0.86626002  -0.65330718  -0.47584483  -0.33398803  -0.22541729  -0.14598116  -0.09051120  -0.05360746  -0.03025975  -0.01624054  -0.00826773  -0.00398249  -0.00181057  -0.00077492  -0.00031141  -0.00011719  -0.00004118  -0.00001348  -0.00000410  -0.00000115  -0.00000030  -0.00000007  -0.00000002  -0.00000000  -0.00000000  -0.00000000  -0.00000000  -0.00000000  -0.00000000  -0.00000000  -0.00000000  -0.00000000  -0.00000000  -0.00000000  -0.00000000  -0.00000000  -0.00000000  -0.00000000  -0.00000000  -0.00000000  -0.00000000  -0.00000000  -0.00000000  -0.00000000  -0.00000000  -0.00000000  -0.00000000  -0.00000000  -0.00000000  -0.00000000  -0.00000000  -0.00000000  -0.00000000  -0.00000000  -0.00000000  -0.00000000  -0.00000000  -0.00000000  -0.00000000  -0.00000000  -0.00000000  -0.00000000  -0.00000000  -0.00000000  -0.00000000  -0.00000000  -0.00000000  -0.00000000 
 -0.00000002  -0.18327285  -0.36784499  -0.55497669  -0.74584731  -0.94150811  -1.14282688  -1.35042218  -1.56458521  -1.78518819  -2.01157915  -2.24246505  -2.47578724  -2.70859659  -2.93693974  -3.15577286  -3.35892566  -3.53914602  -3.68826322  -3.79751565  -3.85809229  -3.86193268  -3.80280714  -3.67763552  -3.48786161  -3.24046610  -2.94797715  -2.62690152  -2.29463202  -1.96597218  -1.65113148  -1.35631508  -1.08597970  -0.84446650  -0.63576279  -0.46225113  -0.32388038  -0.21822087  -0.14108505  -0.08733441  -0.05164565  -0.02910902  -0.01560076  -0.00793130  -0.00381553  -0.00173255  -0.00074067  -0.00029732  -0.00011177  -0.00003924  -0.00001283  -0.00000390  -0.00000110  -0.00000028  -0.00000007  -0.00000001  -0.00000000  -0.00000000  -0.00000000  -0.00000000  -0.00000000  -0.00000000  -0.00000000  -0.00000000  -0.00000000  -0.00000000  -0.00000000  -0.00000000  -0.00000000  -0.00000000  -0.00000000  -0.00000000  -0.00000000  -0.00000000  -0.00000000  -0.00000000  -0.00000000  -0.00000000  -0.00000000  -0.00000000  -0.00000000  -0.00000000  -0.00000000  -0.00000000  -0.00000000  -0.00000000  -0.00000000  -0.00000000  -0.00000000  -0.00000000  -0.00000000  -0.00000000  -0.00000000  -0.00000000  -0.00000000  -0.00000000  -0.00000000  -0.00000000  -0.00000000  -0.00000000  -0.00000000 
 -0.00000002  -0.16089484  -0.32325206  -0.48849628  -0.65797367  -0.83290510  -1.01433065  -1.20304271  -1.39950590  -1.60376278  -1.81532562  -2.03305660  -2.25504105  -2.47846204  -2.69948814  -2.91319123  -3.11351686  -3.29333599  -3.44461397  -3.55873904  -3.62705490  -3.64163466  -3.59630460  -3.48786161  -3.31730790  -3.09074745  -2.81941727  -2.51836533  -2.20378962  -1.88997127  -1.58738220  -1.30297536  -1.04193141  -0.80894808  -0.60800574  -0.44132077  -0.30869483  -0.20764502  -0.13403064  -0.08283761  -0.04891239  -0.02752843  -0.01473314  -0.00748026  -0.00359400  -0.00163000  -0.00069603  -0.00027910  -0.00010482  -0.00003676  -0.00001201  -0.00000364  -0.00000102  -0.00000027  -0.00000006  -0.00000001  -0.00000000  -0.00000000  -0.00000000  -0.00000000  -0.00000000  -0.00000000  -0.00000000  -0.00000000  -0.00000000  -0.00000000  -0.00000000  -0.00000000  -0.00000000  -0.00000000  -0.00000000  -0.00000000  -0.00000000  -0.00000000  -0.00000000  -0.00000000  -0.00000000  -0.00000000  -0.00000000  -0.00000000  -0.00000000  -0.00000000  -0.00000000  -0.00000000  -0.00000000  -0.00000000  -0.00000000  -0.00000000  -0.00000000  -0.00000000  -0.00000000  -0.00000000  -0.00000000  -0.00000000  -0.00000000  -0.00000000  -0.00000000  -0.00000000  -0.00000000  -0.00000000  -0.00000000 
 -0.00000001  -0.14003663  -0.28159771  -0.42617184  -0.57517283  -0.72989459  -0.89145708  -1.06074082  -1.23830816  -1.42431054  -1.61838234  -1.81952395  -2.02597926  -2.23511609  -2.44332161  -2.64592934  -2.83719896  -3.01037502  -3.15785626  -3.27151094  -3.34317529  -3.36536370  -3.33219335  -3.24046610  -3.09074745  -2.88814136  -2.64233798  -2.36655102  -2.07534662  -1.78208072  -1.49719808  -1.22823509  -0.98101012  -0.76051889  -0.57069081  -0.41356083  -0.28880825  -0.19395791  -0.12500031  -0.07713907  -0.04548070  -0.02556080  -0.01366148  -0.00692713  -0.00332410  -0.00150581  -0.00064228  -0.00025727  -0.00009652  -0.00003382  -0.00001104  -0.00000335  -0.00000094  -0.00000024  -0.00000006  -0.00000001  -0.00000000  -0.00000000  -0.00000000  -0.00000000  -0.00000000  -0.00000000  -0.00000000  -0.00000000  -0.00000000  -0.00000000  -0.00000000  -0.00000000  -0.00000000  -0.00000000  -0.00000000  -0.00000000  -0.00000000  -0.00000000  -0.00000000  -0.00000000  -0.00000000  -0.00000000  -0.00000000  -0.00000000  -0.00000000  -0.00000000  -0.00000000  -0.00000000  -0.00000000  -0.00000000  -0.00000000  -0.00000000  -0.00000000  -0.00000000  -0.00000000  -0.00000000  -0.00000000  -0.00000000  -0.00000000  -0.00000000  -0.00000000  -0.00000000  -0.00000000  -0.00000000  -0.00000000 
 -0.00000001  -0.12092384  -0.24334880  -0.36874250  -0.49850244  -0.63391356  -0.77609696  -0.92594788  -1.08406093  -1.25064229  -1.42540964  -1.60748268  -1.79526976  -1.98635893  -2.17742545  -2.36417129  -2.54131610  -2.70266275  -2.84126327  -2.94971345  -3.02060297  -3.04713999  -3.02394704  -2.94797715  -2.81941727  -2.64233798  -2.42476224  -2.17786508  -1.91430331  -1.64619336  -1.38365463  -1.13456545  -0.90520782  -0.70076073  -0.52503934  -0.37988223  -0.26487473  -0.17761068  -0.11429228  -0.07042734  -0.04146430  -0.02327144  -0.01242140  -0.00629033  -0.00301485  -0.00136413  -0.00058120  -0.00023256  -0.00008716  -0.00003051  -0.00000995  -0.00000301  -0.00000085  -0.00000022  -0.00000005  -0.00000001  -0.00000000  -0.00000000  -0.00000000  -0.00000000  -0.00000000  -0.00000000  -0.00000000  -0.00000000  -0.00000000  -0.00000000  -0.00000000  -0.00000000  -0.00000000  -0.00000000  -0.00000000  -0.00000000  -0.00000000  -0.00000000  -0.00000000  -0.00000000  -0.00000000  -0.00000000  -0.00000000  -0.00000000  -0.00000000  -0.00000000  -0.00000000  -0.00000000  -0.00000000  -0.00000000  -0.00000000  -0.00000000  -0.00000000  -0.00000000  -0.00000000  -0.00000000  -0.00000000  -0.00000000  -0.00000000  -0.00000000  -0.00000000  -0.00000000  -0.00000000  -0.00000000  -0.00000000 
 -0.00000001  -0.10383373  -0.20907737  -0.31710994  -0.42924590  -0.54669589  -0.67051951  -0.80156807  -0.94041584  -1.08727971  -1.24192796  -1.40358154  -1.57081287  -1.74145057  -1.91250122  -2.08010264  -2.23952598  -2.38524617  -2.51110151  -2.61056286  -2.67712980  -2.70486246  -2.68904008  -2.62690152  -2.51836533  -2.36655102  -2.17786508  -1.96144546  -1.72795790  -1.48808826  -1.25134711  -1.02564212  -0.81745236  -0.63196366  -0.47279181  -0.34156307  -0.23779839  -0.15921809  -0.10230747  -0.06295265  -0.03701236  -0.02074506  -0.01105863  -0.00559326  -0.00267756  -0.00121013  -0.00051502  -0.00020587  -0.00007708  -0.00002696  -0.00000878  -0.00000266  -0.00000074  -0.00000019  -0.00000005  -0.00000001  -0.00000000  -0.00000000  -0.00000000  -0.00000000  -0.00000000  -0.00000000  -0.00000000  -0.00000000  -0.00000000  -0.00000000  -0.00000000  -0.00000000  -0.00000000  -0.00000000  -0.00000000  -0.00000000  -0.00000000  -0.00000000  -0.00000000  -0.00000000  -0.00000000  -0.00000000  -0.00000000  -0.00000000  -0.00000000  -0.00000000  -0.00000000  -0.00000000  -0.00000000  -0.00000000  -0.00000000  -0.00000000  -0.00000000  -0.00000000  -0.00000000  -0.00000000  -0.00000000  -0.00000000  -0.00000000  -0.00000000  -0.00000000  -0.00000000  -0.00000000  -0.00000000  -0.00000000 
 -0.00000001  -0.08892939  -0.17912825  -0.27183807  -0.36824192  -0.46942899  -0.57635211  -0.68977633  -0.81021761  -0.93787133  -1.07253189  -1.21350633  -1.35952701  -1.50867104  -1.65829669  -1.80500964  -1.94467416  -2.07248552  -2.18311956  -2.27097380  -2.33050901  -2.35669231  -2.34552724  -2.29463202  -2.20378962  -2.07534662  -1.91430331  -1.72795790  -1.52509184  -1.31489989  -1.10603994  -0.90609890  -0.72142266  -0.55698371  -0.41609960  -0.30016877  -0.20867663  -0.13951974  -0.08952414  -0.05501107  -0.03229995  -0.01808032  -0.00962604  -0.00486279  -0.00232517  -0.00104969  -0.00044627  -0.00017820  -0.00006665  -0.00002329  -0.00000758  -0.00000229  -0.00000064  -0.00000017  -0.00000004  -0.00000001  -0.00000000  -0.00000000  -0.00000000  -0.00000000  -0.00000000  -0.00000000  -0.00000000  -0.00000000  -0.00000000  -0.00000000  -0.00000000  -0.00000000  -0.00000000  -0.00000000  -0.00000000  -0.00000000  -0.00000000  -0.00000000  -0.00000000  -0.00000000  -0.00000000  -0.00000000  -0.00000000  -0.00000000  -0.00000000  -0.00000000  -0.00000000  -0.00000000  -0.00000000  -0.00000000  -0.00000000  -0.00000000  -0.00000000  -0.00000000  -0.00000000  -0.00000000  -0.00000000  -0.00000000  -0.00000000  -0.00000000  -0.00000000  -0.00000000  -0.00000000  -0.00000000  -0.00000000 
