# coconut-me2b/v0.99.21 
# 
# momentum space matrix elements 
# partial wave J=1, L=1/1, S=1, T=1, MT=1 
# 
# momentum grid [fm^-1]
0.000000 0.100000 0.200000 0.300000 0.400000 0.500000 0.600000 0.700000 0.800000 0.900000 1.000000 1.100000 1.200000 1.300000 1.400000 1.500000 1.600000 1.700000 1.800000 1.900000 2.000000 2.100000 2.200000 2.300000 2.400000 2.500000 2.600000 2.700000 2.800000 2.900000 3.000000 3.100000 3.200000 3.300000 3.400000 3.500000 3.600000 3.700000 3.800000 3.900000 4.000000 4.100000 4.200000 4.300000 4.400000 4.500000 4.600000 4.700000 4.800000 4.900000 5.000000 5.100000 5.200000 5.300000 5.400000 5.500000 5.600000 5.700000 5.800000 5.900000 6.000000 6.100000 6.200000 6.300000 6.400000 6.500000 6.600000 6.700000 6.800000 6.900000 7.000000 7.100000 7.200000 7.300000 7.400000 7.500000 7.600000 7.700000 7.800000 7.900000 8.000000 8.100000 8.200000 8.300000 8.400000 8.500000 8.600000 8.700000 8.800000 8.900000 9.000000 9.100000 9.200000 9.300000 9.400000 9.500000 9.600000 9.700000 9.800000 9.900000 10.000000 
#
# matrix elements [MeV fm^3] 
  0.00000000   0.00000116   0.00000145   0.00000089   0.00000021  -0.00000001   0.00000013   0.00000023   0.00000015   0.00000006   0.00000008   0.00000013   0.00000011   0.00000007   0.00000006   0.00000009   0.00000009   0.00000006   0.00000005   0.00000007   0.00000007   0.00000005   0.00000004   0.00000004   0.00000004   0.00000002   0.00000000  -0.00000000  -0.00000001  -0.00000002  -0.00000003  -0.00000003  -0.00000002  -0.00000002  -0.00000002  -0.00000002  -0.00000001  -0.00000001  -0.00000001  -0.00000001  -0.00000000   0.00000000  -0.00000000  -0.00000000   0.00000000   0.00000000   0.00000000  -0.00000000  -0.00000000   0.00000000   0.00000000  -0.00000000  -0.00000000   0.00000000   0.00000000  -0.00000000  -0.00000000   0.00000000   0.00000000  -0.00000000  -0.00000000   0.00000000   0.00000000  -0.00000000  -0.00000000   0.00000000   0.00000000   0.00000000  -0.00000000  -0.00000000   0.00000000   0.00000000  -0.00000000  -0.00000000   0.00000000   0.00000000  -0.00000000  -0.00000000   0.00000000   0.00000000  -0.00000000  -0.00000000   0.00000000   0.00000000  -0.00000000  -0.00000000   0.00000000   0.00000000  -0.00000000  -0.00000000  -0.00000000   0.00000000   0.00000000  -0.00000000  -0.00000000   0.00000000  -0.00000000   0.00000000   0.00000000   0.00000000  -0.00000000 
  0.00000116  10.00715174  12.70227594   8.10077678   2.33779781   0.27306221   1.27461058   2.09025427   1.49175203   0.74152223   0.83515266   1.20452580   1.08357628   0.70990915   0.65971152   0.85573442   0.85518082   0.64271478   0.55457197   0.65174621   0.67296447   0.52567544   0.40362783   0.40609712   0.38252374   0.22637053   0.05206383  -0.02498237  -0.07226818  -0.18192854  -0.29269628  -0.30425639  -0.25143026  -0.23047461  -0.23415484  -0.18980811  -0.10733166  -0.06403089  -0.06922473  -0.05831907  -0.01422681   0.00872374  -0.01022992  -0.02242297  -0.00014945   0.01778593   0.00186606  -0.01578518  -0.00318327   0.01492761   0.00584663  -0.01212527  -0.00624691   0.01114761   0.00805396  -0.00855229  -0.00800275   0.00748900   0.00908032  -0.00518036  -0.00866159   0.00416468   0.00916857  -0.00218185  -0.00846430   0.00130474   0.00853976   0.00033160  -0.00763234  -0.00101373   0.00739852   0.00229969  -0.00636723  -0.00275802   0.00593105   0.00370473  -0.00484900  -0.00393261   0.00430245   0.00456407  -0.00323422  -0.00457234   0.00265435   0.00492298  -0.00165408  -0.00473584   0.00110291   0.00484782  -0.00021314  -0.00449894  -0.00026220   0.00441938   0.00101116  -0.00394834  -0.00137802   0.00372653   0.00196803  -0.00317554  -0.00220739   0.00286031   0.00263188 
  0.00000145  12.70227594  16.95796653  12.35424339   5.51049503   2.23545995   2.57631177   3.29690065   2.76349420   1.93861508   1.85580110   2.11566874   1.98237590   1.59304857   1.47281003   1.59786008   1.57235988   1.35015747   1.22303433   1.26360162   1.24436147   1.06604708   0.88905503   0.80673998   0.69065095   0.44157111   0.15965869  -0.03980063  -0.19859067  -0.38793721  -0.54942239  -0.58988516  -0.53849722  -0.48781957  -0.44486575  -0.35588156  -0.23473307  -0.15369368  -0.12502336  -0.09239689  -0.03764274  -0.00597036  -0.01546044  -0.02293385  -0.00187591   0.01533548   0.00238974  -0.01320660  -0.00260947   0.01347798   0.00597903  -0.00991868  -0.00523760   0.01002481   0.00769023  -0.00686977  -0.00676767   0.00672295   0.00841137  -0.00400031  -0.00733542   0.00375799   0.00835286  -0.00145633  -0.00715697   0.00122850   0.00770072   0.00066686  -0.00642891  -0.00080889   0.00662783   0.00231847  -0.00532837  -0.00233322   0.00529179   0.00348449  -0.00401254  -0.00335382   0.00383251   0.00418103  -0.00261739  -0.00390491   0.00236990   0.00444820  -0.00125639  -0.00404024   0.00100217   0.00434410  -0.00001956  -0.00382766  -0.00019524   0.00393912   0.00102674  -0.00334381  -0.00116972   0.00331041   0.00183936  -0.00266896  -0.00189081   0.00253679   0.00239699 
  0.00000089   8.10077678  12.35424339  11.80355648   8.58202743   5.58211542   4.15885846   3.85957503   3.72815048   3.39434786   3.04166617   2.84023152   2.71975783   2.56851101   2.39938819   2.27346650   2.18503090   2.08686339   1.96877454   1.85379210   1.74269404   1.60673175   1.42642923   1.20494813   0.94510267   0.64080369   0.29837583  -0.05070157  -0.36612824  -0.61828193  -0.78889762  -0.86647269  -0.85247430  -0.76765664  -0.64349116  -0.50696715  -0.37563958  -0.26179438  -0.17327662  -0.11017797  -0.06644804  -0.03656660  -0.01818330  -0.00877570  -0.00396380  -0.00057917   0.00141221   0.00150490   0.00098763   0.00128001   0.00186778   0.00163234   0.00096689   0.00095982   0.00142929   0.00138374   0.00084737   0.00071177   0.00108025   0.00116489   0.00076104   0.00055071   0.00081465   0.00097423   0.00069275   0.00044824   0.00061430   0.00080768   0.00063295   0.00038440   0.00046534   0.00066283   0.00057649   0.00034519   0.00035679   0.00053810   0.00052099   0.00032081   0.00027983   0.00043220   0.00046573   0.00030442   0.00022715   0.00034391   0.00041100   0.00029144   0.00019271   0.00027187   0.00035759   0.00027888   0.00017151   0.00021462   0.00030654   0.00026502   0.00015943   0.00017054   0.00025887   0.00024904   0.00015314   0.00013787   0.00021549 
  0.00000021   2.33779781   5.51049503   8.58202743   9.68248058   8.33645324   6.10076258   4.75594312   4.54757705   4.54784088   4.16990006   3.68826156   3.48026608   3.43310772   3.26604965   3.00129265   2.83571925   2.77551007   2.66375415   2.46141918   2.27243561   2.12613917   1.92249430   1.60154995   1.21965317   0.82848533   0.40041258  -0.07703595  -0.52590042  -0.85652321  -1.05849790  -1.16150345  -1.16142376  -1.04634103  -0.85901967  -0.67102582  -0.51016195  -0.36202770  -0.22913904  -0.13797509  -0.09091445  -0.05811364  -0.02389046  -0.00342998  -0.00466060  -0.00829172   0.00030612   0.00868017   0.00364187  -0.00411858  -0.00041610   0.00716896   0.00463975  -0.00289185  -0.00175115   0.00523196   0.00498256  -0.00168574  -0.00249989   0.00348518   0.00495584  -0.00054143  -0.00277330   0.00197634   0.00463687   0.00046358  -0.00268833   0.00073002   0.00410101   0.00128133  -0.00234732  -0.00024386   0.00342074   0.00188755  -0.00183972  -0.00094880   0.00266306   0.00227683  -0.00124280  -0.00139998   0.00188751   0.00245873  -0.00062162  -0.00162225   0.00114456   0.00245422  -0.00002902  -0.00164788   0.00047462   0.00229255   0.00049443  -0.00151413  -0.00009252   0.00200820   0.00092021  -0.00126089  -0.00053769   0.00163814   0.00123116  -0.00092840  -0.00085191 
 -0.00000001   0.27306221   2.23545995   5.58211542   8.33645324   8.97756096   7.83013501   6.35283162   5.53067795   5.26607386   5.04640425   4.69459231   4.36716711   4.15977926   3.98967261   3.78329399   3.57660450   3.41293967   3.26237945   3.07914394   2.86387551   2.62900431   2.34936184   1.98574987   1.53201591   1.01114915   0.44675084  -0.13193768  -0.66914987  -1.09658014  -1.37123852  -1.48764128  -1.46074026  -1.31661505  -1.09808741  -0.85786399  -0.63544470  -0.44652787  -0.29494783  -0.18358716  -0.11018636  -0.06362005  -0.03254250  -0.01326027  -0.00483060  -0.00212712   0.00058777   0.00332704   0.00331936   0.00160091   0.00155998   0.00303128   0.00305910   0.00149632   0.00106606   0.00225362   0.00261141   0.00138219   0.00073341   0.00164074   0.00221642   0.00131206   0.00053650   0.00116540   0.00186129   0.00125965   0.00043451   0.00080195   0.00153856   0.00120824   0.00039700   0.00053124   0.00124556   0.00114816   0.00040081   0.00033796   0.00098216   0.00107472   0.00042808   0.00020899   0.00074941   0.00098680   0.00046511   0.00013261   0.00054860   0.00088579   0.00050164   0.00009802   0.00038064   0.00077477   0.00053030   0.00009520   0.00024568   0.00065787   0.00054626   0.00011494   0.00014294   0.00053970   0.00054687   0.00014888   0.00007064 
  0.00000013   1.27461058   2.57631177   4.15885846   6.10076258   7.83013501   8.49370727   7.89365917   6.76494782   5.98394260   5.72893261   5.58832194   5.27023695   4.89673684   4.66077694   4.51542042   4.31385171   4.05606303   3.83994791   3.66794523   3.44612158   3.13243265   2.76420306   2.34856798   1.83000457   1.18550930   0.47751247  -0.21098066  -0.83427462  -1.35258886  -1.70067207  -1.83346864  -1.77616818  -1.59564967  -1.34308492  -1.05177686  -0.76634727  -0.53230477  -0.36031317  -0.23058328  -0.13150118  -0.06903346  -0.03984876  -0.02319948  -0.00628343   0.00391491   0.00196040  -0.00177034   0.00207495   0.00697144   0.00430733  -0.00068622   0.00085497   0.00542724   0.00437959  -0.00024389  -0.00013530   0.00396838   0.00423988   0.00027072  -0.00070185   0.00271304   0.00394685   0.00078074  -0.00094490   0.00166450   0.00353171   0.00122863  -0.00094983   0.00082154   0.00303035   0.00157951  -0.00078859   0.00017783   0.00247963   0.00181565  -0.00052205  -0.00027856   0.00191467   0.00193255  -0.00020127  -0.00056471   0.00136690   0.00193580   0.00013192  -0.00070210   0.00086272   0.00183843   0.00044453  -0.00071537   0.00042265   0.00165863   0.00071206  -0.00063112   0.00006092   0.00141764   0.00091805  -0.00047646  -0.00021451   0.00113797   0.00105346 
  0.00000023   2.09025427   3.29690065   3.85957503   4.75594312   6.35283162   7.89365917   8.42470046   7.88026650   7.01137303   6.46049879   6.23097728   6.01362519   5.69381832   5.38581248   5.16102454   4.95605818   4.71324626   4.45945288   4.22264297   3.96459773   3.63090954   3.20791636   2.69726498   2.07890334   1.33957214   0.51842034  -0.30329366  -1.04473812  -1.63994677  -2.03173257  -2.18691221  -2.12219541  -1.89822532  -1.58492992  -1.23980515  -0.91009832  -0.63232214  -0.42070615  -0.26687518  -0.15741156  -0.08560112  -0.04496520  -0.02293178  -0.00842582   0.00052045   0.00265870   0.00167817   0.00262558   0.00474107   0.00436427   0.00224057   0.00205327   0.00368380   0.00376465   0.00198636   0.00142157   0.00275151   0.00321649   0.00182631   0.00101532   0.00201981   0.00273182   0.00172217   0.00077192   0.00144990   0.00229390   0.00164080   0.00064287   0.00101344   0.00189507   0.00156159   0.00059156   0.00068869   0.00153302   0.00147269   0.00058983   0.00045768   0.00120827   0.00136848   0.00061585   0.00030465   0.00092245   0.00124779   0.00065289   0.00021522   0.00067725   0.00111255   0.00068846   0.00017599   0.00047371   0.00096681   0.00071372   0.00017452   0.00031180   0.00081580   0.00072302   0.00019930   0.00019024   0.00066529   0.00071344 
  0.00000015   1.49175203   2.76349420   3.72815048   4.54757705   5.53067795   6.76494782   7.88026650   8.34286038   8.02248885   7.34411261   6.82619202   6.59058883   6.41192502   6.12246598   5.79192732   5.53593491   5.32923773   5.07936304   4.77309202   4.45336892   4.10437044   3.64870891   3.04270169   2.30680263   1.46907721   0.54540805  -0.40918627  -1.28066315  -1.95628194  -2.38237867  -2.55397936  -2.48519082  -2.21792586  -1.83525501  -1.42966086  -1.05762512  -0.73835133  -0.48292832  -0.30071644  -0.18290343  -0.10507359  -0.05117071  -0.02037016  -0.00939926  -0.00482451   0.00207142   0.00674344   0.00453984   0.00121090   0.00303040   0.00619295   0.00465336   0.00117528   0.00177357   0.00475647   0.00431713   0.00120463   0.00091728   0.00353214   0.00393753   0.00134004   0.00039956   0.00251267   0.00351384   0.00150767   0.00013364   0.00168224   0.00305431   0.00165906   0.00005007   0.00102715   0.00257429   0.00176475   0.00009214   0.00053326   0.00209207   0.00180922   0.00021326   0.00018488   0.00162621   0.00178735   0.00037544  -0.00003560   0.00119363   0.00170174   0.00054832  -0.00014744   0.00080840   0.00156050   0.00070863  -0.00017099   0.00048097   0.00137543   0.00083958  -0.00012701   0.00021785   0.00116040   0.00093036  -0.00003582   0.00002154 
  0.00000006   0.74152223   1.93861508   3.39434786   4.54784088   5.26607386   5.98394260   7.01137303   8.02248885   8.43876553   8.14330083   7.57322176   7.16683176   6.95695889   6.74153096   6.43890994   6.13380921   5.88195229   5.63096054   5.32357287   4.96386779   4.55514227   4.04672739   3.38018799   2.54845587   1.58509738   0.53365770  -0.53849938  -1.52003827  -2.28868905  -2.76857547  -2.94677266  -2.85184258  -2.54155919  -2.10318630  -1.63332324  -1.20162259  -0.83812722  -0.55136710  -0.34325765  -0.20520836  -0.11685019  -0.05944953  -0.02517227  -0.00954478  -0.00335332   0.00168449   0.00561600   0.00542057   0.00323011   0.00342571   0.00528089   0.00498883   0.00285386   0.00246550   0.00402241   0.00423960   0.00250652   0.00178500   0.00302587   0.00360004   0.00227721   0.00134376   0.00224652   0.00303951   0.00211222   0.00107265   0.00164198   0.00253894   0.00197635   0.00092058   0.00118137   0.00208911   0.00184780   0.00084895   0.00084062   0.00168639   0.00171406   0.00082810   0.00059962   0.00133015   0.00156929   0.00083522   0.00044075   0.00102091   0.00141230   0.00085299   0.00034797   0.00075928   0.00124514   0.00086873   0.00030655   0.00054518   0.00107196   0.00087368   0.00030293   0.00037746   0.00089808   0.00086246   0.00032482   0.00025372 
  0.00000008   0.83515266   1.85580110   3.04166617   4.16990006   5.04640425   5.72893261   6.46049879   7.34411261   8.14330083   8.49267510   8.29646308   7.83240309   7.44422016   7.21913529   7.01812124   6.73583254   6.41595905   6.12747077   5.84216436   5.48006384   5.00605886   4.42178891   3.69989000   2.79163912   1.69908148   0.50079101  -0.69221804  -1.77260885  -2.63331674  -3.17725853  -3.36270237  -3.22960617  -2.86960207  -2.37975240  -1.84677987  -1.34755687  -0.93465773  -0.62062295  -0.39025823  -0.22799265  -0.12497103  -0.06693546  -0.03315163  -0.01075218   0.00089097   0.00262024   0.00215163   0.00482680   0.00721130   0.00542062   0.00277835   0.00366574   0.00579448   0.00484962   0.00234210   0.00248341   0.00447646   0.00429835   0.00211270   0.00168371   0.00339423   0.00378620   0.00200809   0.00117081   0.00251279   0.00329372   0.00196157   0.00086851   0.00180649   0.00281570   0.00192994   0.00071748   0.00125498   0.00235505   0.00188650   0.00067053   0.00084020   0.00191881   0.00181648   0.00068985   0.00054478   0.00151546   0.00171375   0.00074529   0.00035141   0.00115316   0.00157850   0.00081336   0.00024266   0.00083859   0.00141528   0.00087641   0.00020122   0.00057632   0.00123152   0.00092202   0.00021026   0.00036841   0.00103619   0.00094242 
  0.00000013   1.20452580   2.11566874   2.84023152   3.68826156   4.69459231   5.58832194   6.23097728   6.82619202   7.57322176   8.29646308   8.61719315   8.42719147   8.00733426   7.67378473   7.46812842   7.24965623   6.95261370   6.63248681   6.32036727   5.95484449   5.46182857   4.81745099   4.01095516   3.01059569   1.80908017   0.47683851  -0.85604252  -2.05333963  -2.99616096  -3.58885674  -3.78715480  -3.62731728  -3.21047057  -2.65366562  -2.05733451  -1.50072383  -1.03762592  -0.68561584  -0.43126515  -0.25368085  -0.13868692  -0.07239046  -0.03561928  -0.01289867   0.00007406   0.00374223   0.00336128   0.00474360   0.00699701   0.00636613   0.00399589   0.00384231   0.00552065   0.00540158   0.00338624   0.00281500   0.00421518   0.00456127   0.00296518   0.00211753   0.00319666   0.00385085   0.00266903   0.00165853   0.00240315   0.00323356   0.00244289   0.00136856   0.00179057   0.00268879   0.00225154   0.00119636   0.00132631   0.00220575   0.00207324   0.00110320   0.00098459   0.00177934   0.00189557   0.00105946   0.00074385   0.00140740   0.00171276   0.00104260   0.00058521   0.00108903   0.00152364   0.00103571   0.00049171   0.00082339   0.00133020   0.00102666   0.00044793   0.00060906   0.00113639   0.00100729   0.00043990   0.00044363   0.00094721   0.00097288 
  0.00000011   1.08357628   1.98237590   2.71975783   3.48026608   4.36716711   5.27023695   6.01362519   6.59058883   7.16683176   7.83240309   8.42719147   8.68683537   8.53937811   8.18369126   7.86652465   7.65124095   7.43887820   7.14840974   6.79366961   6.39633276   5.90466699   5.23222730   4.33514704   3.22008652   1.91146740   0.46059055  -1.01626341  -2.34795055  -3.37513678  -4.00432812  -4.21228540  -4.03402485  -3.56113940  -2.92706577  -2.26253167  -1.65471017  -1.14499308  -0.74934989  -0.46702727  -0.27878926  -0.15617635  -0.07823371  -0.03436671  -0.01401000  -0.00383984   0.00362270   0.00727316   0.00615304   0.00452225   0.00567733   0.00708970   0.00576554   0.00375101   0.00416171   0.00558942   0.00495776   0.00311865   0.00304229   0.00436844   0.00428429   0.00271468   0.00226614   0.00338428   0.00369844   0.00244843   0.00174189   0.00259358   0.00317171   0.00225909   0.00140160   0.00196552   0.00269037   0.00210697   0.00119339   0.00147631   0.00224933   0.00196703   0.00107679   0.00110603   0.00184824   0.00182463   0.00102005   0.00083687   0.00148900   0.00167262   0.00099832   0.00065227   0.00117407   0.00150914   0.00099258   0.00053651   0.00090542   0.00133600   0.00098876   0.00047473   0.00068391   0.00115734   0.00097712   0.00045298   0.00050893 
  0.00000007   0.70990915   1.59304857   2.56851101   3.43310772   4.15977926   4.89673684   5.69381832   6.41192502   6.95695889   7.44422016   8.00733426   8.53937811   8.77902964   8.63802853   8.31048949   8.03157428   7.83660451   7.61051898   7.27972139   6.85705126   6.33496270   5.63439021   4.67760150   3.45683938   2.01885640   0.43640273  -1.17208392  -2.62953950  -3.75338389  -4.43043234  -4.64012462  -4.43189771  -3.90658760  -3.20424950  -2.46862313  -1.80080445  -1.24582344  -0.81510057  -0.50571169  -0.30019432  -0.16890263  -0.08566032  -0.03699451  -0.01389008  -0.00385958   0.00306257   0.00764070   0.00748614   0.00529615   0.00554242   0.00729558   0.00677506   0.00451883   0.00413712   0.00562973   0.00567308   0.00382919   0.00311241   0.00432390   0.00477003   0.00334709   0.00241322   0.00330839   0.00400903   0.00299205   0.00194552   0.00251996   0.00335257   0.00271078   0.00164153   0.00191382   0.00277909   0.00246915   0.00145114   0.00145637   0.00227653   0.00224610   0.00133654   0.00112079   0.00183840   0.00202969   0.00126901   0.00088461   0.00146106   0.00181434   0.00122689   0.00072828   0.00114215   0.00159892   0.00119418   0.00063436   0.00087941   0.00138522   0.00115961   0.00058724   0.00067010   0.00117683   0.00111587   0.00057301   0.00051062 
  0.00000006   0.65971152   1.47281003   2.39938819   3.26604965   3.98967261   4.66077694   5.38581248   6.12246598   6.74153096   7.21913529   7.67378473   8.18369126   8.63802853   8.83900061   8.73046243   8.45950098   8.20439923   7.99762552   7.74202248   7.34590798   6.78146696   6.02767386   5.02559012   3.72441521   2.15066193   0.41551704  -1.32408084  -2.89297393  -4.11475198  -4.85336234  -5.06617826  -4.81689343  -4.23685151  -3.47597007  -2.67349603  -1.93947111  -1.33689039  -0.87846813  -0.54704249  -0.32008955  -0.17650317  -0.09219793  -0.04315396  -0.01446898  -0.00049098   0.00370987   0.00516715   0.00740795   0.00850736   0.00702375   0.00549016   0.00605728   0.00692452   0.00592272   0.00440079   0.00455956   0.00548474   0.00500685   0.00364516   0.00348234   0.00434319   0.00426565   0.00312083   0.00271496   0.00343245   0.00364196   0.00274330   0.00217404   0.00270586   0.00310205   0.00245646   0.00179856   0.00213014   0.00262670   0.00222325   0.00154250   0.00168001   0.00220547   0.00201970   0.00137058   0.00133497   0.00183304   0.00183111   0.00125550   0.00107751   0.00150684   0.00164927   0.00117622   0.00089210   0.00122555   0.00147064   0.00111681   0.00076467   0.00098802   0.00129480   0.00106558   0.00068238   0.00079276   0.00112338   0.00101445 
  0.00000009   0.85573442   1.59786008   2.27346650   3.00129265   3.78329399   4.51542042   5.16102454   5.79192732   6.43890994   7.01812124   7.46812842   7.86652465   8.31048949   8.73046243   8.93677966   8.85423398   8.61361615   8.37790674   8.15206221   7.81116180   7.25295988   6.44921550   5.37802337   3.99601057   2.30800020   0.42622768  -1.45948015  -3.14699544  -4.45575643  -5.24821288  -5.47215399  -5.19035782  -4.55190595  -3.72734081  -2.86398574  -2.07335316  -1.42386395  -0.93354178  -0.58229694  -0.34071250  -0.18596586  -0.09615234  -0.04597242  -0.01614631   0.00008921   0.00512724   0.00543078   0.00709157   0.00922553   0.00837392   0.00595854   0.00580776   0.00732449   0.00699363   0.00492353   0.00437018   0.00566404   0.00583737   0.00418649   0.00336591   0.00438025   0.00489309   0.00365442   0.00267314   0.00338369   0.00409924   0.00324930   0.00220164   0.00261213   0.00341863   0.00292046   0.00188632   0.00202083   0.00282918   0.00263541   0.00167902   0.00157577   0.00231785   0.00237415   0.00154348   0.00124967   0.00187691   0.00212531   0.00145238   0.00101965   0.00150139   0.00188361   0.00138527   0.00086587   0.00118755   0.00164786   0.00132731   0.00077086   0.00093184   0.00141959   0.00126826   0.00071917   0.00073033   0.00120190   0.00120168 
  0.00000009   0.85518082   1.57235988   2.18503090   2.83571925   3.57660450   4.31385171   4.95605818   5.53593491   6.13380921   6.73583254   7.24965623   7.65124095   8.03157428   8.45950098   8.85423398   9.05642380   9.00808518   8.80234455   8.54638890   8.22306871   7.71049992   6.89865179   5.74834223   4.26376981   2.47375688   0.46974327  -1.56274667  -3.38272714  -4.77474900  -5.60571303  -5.84021109  -5.53910142  -4.84722229  -3.95345268  -3.03088341  -2.19588137  -1.50667503  -0.98102907  -0.60847105  -0.35910435  -0.19827708  -0.09948278  -0.04446761  -0.01691129  -0.00261745   0.00555422   0.00866861   0.00811725   0.00744560   0.00820372   0.00853279   0.00723715   0.00602110   0.00631090   0.00679826   0.00598499   0.00483712   0.00487290   0.00543289   0.00501606   0.00399972   0.00382509   0.00435854   0.00424200   0.00339307   0.00306009   0.00350549   0.00360342   0.00293925   0.00250207   0.00282621   0.00306359   0.00258611   0.00209592   0.00228671   0.00259979   0.00229866   0.00180056   0.00186140   0.00219800   0.00205372   0.00158479   0.00153004   0.00184951   0.00183637   0.00142476   0.00127589   0.00154874   0.00163751   0.00130226   0.00108460   0.00129182   0.00145212   0.00120355   0.00094363   0.00107560   0.00127801   0.00111856   0.00084191   0.00089712 
  0.00000006   0.64271478   1.35015747   2.08686339   2.77551007   3.41293967   4.05606303   4.71324626   5.32923773   5.88195229   6.41595905   6.95261370   7.43887820   7.83660451   8.20439923   8.61361615   9.00808518   9.23012010   9.19392541   8.96131159   8.61493709   8.11291334   7.31582769   6.12377148   4.54073624   2.63587994   0.51718036  -1.63782056  -3.57843789  -5.05849764  -5.92880252  -6.16467205  -5.84098415  -5.10601480  -4.15438217  -3.17501932  -2.29654924  -1.57543306  -1.02345137  -0.63114916  -0.37162655  -0.20665111  -0.10373619  -0.04452076  -0.01597817  -0.00309175   0.00510119   0.00991638   0.00970478   0.00758796   0.00784382   0.00935382   0.00858960   0.00631818   0.00595185   0.00726705   0.00710179   0.00523743   0.00455887   0.00565131   0.00591866   0.00446622   0.00358190   0.00440346   0.00495093   0.00389388   0.00289968   0.00343605   0.00413911   0.00344718   0.00242687   0.00268852   0.00344681   0.00307846   0.00210167   0.00211674   0.00285171   0.00275718   0.00187835   0.00168681   0.00234004   0.00246449   0.00172261   0.00137140   0.00190298   0.00218969   0.00160875   0.00114761   0.00153438   0.00192771   0.00151777   0.00099573   0.00122928   0.00167728   0.00143605   0.00089853   0.00098300   0.00143956   0.00135442   0.00084100   0.00079058 
  0.00000005   0.55457197   1.22303433   1.96877454   2.66375415   3.26237945   3.83994791   4.45945288   5.07936304   5.63096054   6.12747077   6.63248681   7.14840974   7.61051898   7.99762552   8.37790674   8.80234455   9.19392541   9.39703118   9.32359788   8.99896328   8.45777979   7.64372119   6.44415370   4.80437502   2.78727061   0.54789675  -1.70645920  -3.73402673  -5.29205858  -6.20816891  -6.44208748  -6.08559683  -5.31188827  -4.32019283  -3.29484658  -2.37264052  -1.62329605  -1.05692560  -0.65214599  -0.37959327  -0.20838165  -0.10672634  -0.04780986  -0.01522674   0.00001568   0.00562099   0.00822833   0.01012021   0.01029164   0.00891251   0.00804533   0.00837585   0.00837764   0.00727539   0.00634708   0.00649593   0.00670338   0.00598819   0.00512105   0.00511180   0.00540870   0.00499933   0.00423151   0.00408655   0.00439230   0.00421538   0.00357047   0.00332181   0.00358585   0.00357680   0.00306587   0.00274859   0.00294240   0.00304531   0.00266894   0.00231701   0.00242835   0.00259605   0.00234643   0.00199013   0.00201866   0.00221266   0.00207574   0.00174014   0.00169381   0.00188421   0.00184172   0.00154587   0.00143810   0.00160310   0.00163445   0.00139124   0.00123843   0.00136380   0.00144773   0.00126409   0.00108371   0.00116192   0.00127792   0.00115542 
  0.00000007   0.65174621   1.26360162   1.85379210   2.46141918   3.07914394   3.66794523   4.22264297   4.77309202   5.32357287   5.84216436   6.32036727   6.79366961   7.27972139   7.74202248   8.15206221   8.54638890   8.96131159   9.32359788   9.46754948   9.27184389   8.73001446   7.86697398   6.63990884   4.97539607   2.89265552   0.55545272  -1.78676759  -3.87526079  -5.47802858  -6.42373153  -6.65829744  -6.27298357  -5.46030057  -4.43446896  -3.37837699  -2.42594503  -1.65319145  -1.07504538  -0.66454638  -0.38551311  -0.20867683  -0.10626121  -0.04899625  -0.01565452   0.00187188   0.00737118   0.00802744   0.00976884   0.01160313   0.01048382   0.00808635   0.00793664   0.00920122   0.00862778   0.00656553   0.00604969   0.00716685   0.00712861   0.00547329   0.00471206   0.00560928   0.00593627   0.00467734   0.00376507   0.00440611   0.00495967   0.00407323   0.00309512   0.00347401   0.00414213   0.00359282   0.00262208   0.00275451   0.00344827   0.00319164   0.00228779   0.00220449   0.00285576   0.00284112   0.00204920   0.00179057   0.00235024   0.00252362   0.00187419   0.00148575   0.00192197   0.00222904   0.00173883   0.00126745   0.00156378   0.00195248   0.00162562   0.00111633   0.00126967   0.00169248   0.00152220   0.00101571   0.00103399   0.00144979   0.00142039 
  0.00000007   0.67296447   1.24436147   1.74269404   2.27243561   2.86387551   3.44612158   3.96459773   4.45336892   4.96386779   5.48006384   5.95484449   6.39633276   6.85705126   7.34590798   7.81116180   8.22306871   8.61493709   8.99896328   9.27184389   9.25409661   8.81952934   7.94988986   6.66762607   4.97114642   2.87621946   0.50594842  -1.89188880  -4.02171427  -5.63297373  -6.57103336  -6.79689639  -6.39445991  -5.54979349  -4.49035600  -3.41405940  -2.45136149  -1.66725756  -1.07762317  -0.66348868  -0.38713530  -0.21035394  -0.10398780  -0.04549819  -0.01536246   0.00051940   0.00849629   0.01084536   0.01048268   0.01037926   0.01079134   0.01029465   0.00895731   0.00825384   0.00842388   0.00821861   0.00723923   0.00653695   0.00662312   0.00662727   0.00595368   0.00529337   0.00528556   0.00539779   0.00496674   0.00437407   0.00427945   0.00443178   0.00418804   0.00367972   0.00351513   0.00366353   0.00355894   0.00314345   0.00292981   0.00304763   0.00304066   0.00271941   0.00247822   0.00255162   0.00260714   0.00237584   0.00212697   0.00215144   0.00224062   0.00209061   0.00185101   0.00182868   0.00192872   0.00184836   0.00163132   0.00156876   0.00166263   0.00163851   0.00145343   0.00135987   0.00143579   0.00145387   0.00130631   0.00119220   0.00124312 
  0.00000005   0.52567544   1.06604708   1.60673175   2.12613917   2.62900431   3.13243265   3.63090954   4.10437044   4.55514227   5.00605886   5.46182857   5.90466699   6.33496270   6.78146696   7.25295988   7.71049992   8.11291334   8.45777979   8.73001446   8.81952934   8.54250404   7.76422507   6.47590881   4.74812082   2.66068206   0.32364221  -2.05440820  -4.17672934  -5.76605162  -6.66508366  -6.85623893  -6.43249899  -5.56954701  -4.49022018  -3.40183347  -2.43931654  -1.65858610  -1.06810675  -0.65308312  -0.38063487  -0.20842029  -0.10207550  -0.04180592  -0.01296070   0.00022484   0.00840452   0.01277858   0.01223502   0.01014839   0.01037305   0.01154343   0.01049834   0.00825778   0.00791693   0.00899008   0.00858103   0.00673560   0.00611695   0.00704244   0.00709363   0.00564155   0.00483547   0.00555007   0.00590592   0.00482857   0.00391880   0.00439659   0.00493229   0.00420022   0.00326138   0.00350304   0.00411893   0.00369336   0.00278841   0.00281331   0.00343159   0.00326668   0.00244550   0.00228561   0.00284807   0.00289355   0.00219245   0.00188737   0.00235352   0.00255745   0.00199935   0.00159222   0.00193749   0.00224881   0.00184410   0.00137817   0.00159193   0.00196280   0.00171069   0.00122653   0.00130996   0.00169774   0.00158797   0.00112130   0.00108517 
  0.00000004   0.40362783   0.88905503   1.42642923   1.92249430   2.34936184   2.76420306   3.20791636   3.64870891   4.04672739   4.42178891   4.81745099   5.23222730   5.63439021   6.02767386   6.44921550   6.89865179   7.31582769   7.64372119   7.86697398   7.94988986   7.76422507   7.13201933   5.95191858   4.26465137   2.20584517  -0.05840771  -2.32993651  -4.35658049  -5.87593451  -6.71349974  -6.84545463  -6.38142549  -5.50660087  -4.43052086  -3.34554863  -2.38816054  -1.62024441  -1.04474135  -0.63752229  -0.36713797  -0.19895704  -0.09886258  -0.04099871  -0.01019227   0.00351021   0.00893789   0.01182275   0.01316033   0.01247836   0.01108571   0.01065051   0.01074931   0.01006381   0.00884996   0.00832070   0.00842231   0.00807191   0.00715985   0.00662717   0.00669862   0.00656129   0.00589602   0.00538342   0.00540272   0.00539133   0.00492538   0.00445154   0.00441440   0.00446923   0.00416169   0.00374002   0.00365199   0.00373260   0.00354783   0.00318655   0.00305825   0.00313814   0.00304525   0.00274788   0.00259199   0.00265495   0.00262742   0.00239354   0.00222285   0.00226032   0.00227584   0.00210182   0.00192807   0.00193704   0.00197735   0.00185719   0.00169035   0.00167177   0.00172243   0.00164854   0.00149640   0.00145389   0.00150402   0.00146791   0.00133598 
  0.00000004   0.40609712   0.80673998   1.20494813   1.60154995   1.98574987   2.34856798   2.69726498   3.04270169   3.38018799   3.69989000   4.01095516   4.33514704   4.67760150   5.02559012   5.37802337   5.74834223   6.12377148   6.44415370   6.63990884   6.66762607   6.47590881   5.95191858   4.95511136   3.43280120   1.49113224  -0.65178734  -2.75676750  -4.59994802  -5.97042330  -6.70596272  -6.76472720  -6.25137230  -5.36156170  -4.30113347  -3.24095556  -2.30393170  -1.55567955  -1.00240464  -0.61282382  -0.35034034  -0.18596579  -0.09176820  -0.03920863  -0.00875732   0.00669363   0.01104944   0.01140180   0.01291854   0.01424686   0.01277504   0.01041707   0.01026574   0.01120977   0.01035643   0.00833385   0.00786877   0.00876036   0.00847551   0.00684134   0.00616005   0.00690567   0.00701261   0.00575157   0.00493290   0.00548190   0.00584051   0.00492810   0.00404550   0.00438037   0.00487928   0.00428222   0.00340008   0.00352648   0.00407794   0.00375558   0.00292714   0.00286666   0.00340339   0.00330987   0.00257604   0.00236065   0.00283363   0.00292028   0.00230946   0.00197698   0.00235350   0.00257129   0.00209971   0.00169013   0.00195192   0.00225374   0.00192650   0.00147892   0.00162014   0.00196282   0.00177522   0.00132547   0.00135062   0.00169654   0.00163583 
  0.00000004   0.38252374   0.69065095   0.94510267   1.21965317   1.53201591   1.83000457   2.07890334   2.30680263   2.54845587   2.79163912   3.01059569   3.22008652   3.45683938   3.72441521   3.99601057   4.26376981   4.54073624   4.80437502   4.97539607   4.97114642   4.74812082   4.26465137   3.43280120   2.16416934   0.48149180  -1.43503301  -3.31946953  -4.92461663  -6.06863114  -6.63781513  -6.60331273  -6.04708738  -5.14543383  -4.10189352  -3.08154307  -2.18809943  -1.47219597  -0.94220007  -0.57413091  -0.32953663  -0.17401382  -0.08225221  -0.03285505  -0.00706947   0.00678572   0.01296933   0.01393294   0.01336570   0.01352829   0.01355317   0.01234247   0.01093047   0.01057534   0.01059690   0.00982114   0.00869332   0.00830018   0.00838182   0.00793472   0.00705469   0.00664380   0.00672845   0.00649961   0.00582521   0.00541313   0.00547113   0.00538356   0.00488004   0.00448191   0.00450055   0.00449977   0.00413726   0.00376556   0.00374227   0.00378950   0.00354178   0.00320588   0.00314403   0.00321194   0.00305575   0.00276189   0.00266820   0.00273800   0.00265273   0.00240427   0.00228702   0.00234644   0.00231397   0.00211172   0.00197962   0.00202138   0.00202603   0.00186863   0.00173002   0.00175066   0.00177911   0.00166349   0.00152585   0.00152475   0.00156599 
  0.00000002   0.22637053   0.44157111   0.64080369   0.82848533   1.01114915   1.18550930   1.33957214   1.46907721   1.58509738   1.69908148   1.80908017   1.91146740   2.01885640   2.15066193   2.30800020   2.47375688   2.63587994   2.78727061   2.89265552   2.87621946   2.66068206   2.20584517   1.49113224   0.48149180  -0.84158060  -2.39540278  -3.96600602  -5.28937769  -6.16839996  -6.52147229  -6.35940928  -5.75967484  -4.86217601  -3.84633077  -2.87288884  -2.03659682  -1.36934101  -0.87095497  -0.52541728  -0.30128409  -0.16023313  -0.07343182  -0.02524740  -0.00312700   0.00689111   0.01337849   0.01645993   0.01521329   0.01306145   0.01320320   0.01394112   0.01256540   0.01037916   0.01006827   0.01084475   0.01015513   0.00835039   0.00780491   0.00852523   0.00832741   0.00689244   0.00618278   0.00676458   0.00689843   0.00581174   0.00500691   0.00541022   0.00575052   0.00498349   0.00414698   0.00436085   0.00480907   0.00432616   0.00351269   0.00354618   0.00402578   0.00378587   0.00303964   0.00291525   0.00336869   0.00332708   0.00268091   0.00242955   0.00281609   0.00292663   0.00240195   0.00205886   0.00235258   0.00256987   0.00217727   0.00177873   0.00196665   0.00224796   0.00198826   0.00156895   0.00164899   0.00195601   0.00182163   0.00141257   0.00139157 
  0.00000000   0.05206383   0.15965869   0.29837583   0.40041258   0.44675084   0.47751247   0.51842034   0.54540805   0.53365770   0.50079101   0.47683851   0.46059055   0.43640273   0.41551704   0.42622768   0.46974327   0.51718036   0.54789675   0.55545272   0.50594842   0.32364221  -0.05840771  -0.65178734  -1.43503301  -2.39540278  -3.50417481  -4.64751410  -5.62097774  -6.22301583  -6.35647670  -6.04592371  -5.38787535  -4.50777209  -3.54461025  -2.63001348  -1.85293906  -1.24330694  -0.79109901  -0.47405905  -0.26700546  -0.14017096  -0.06449775  -0.02061988   0.00159151   0.01037511   0.01391594   0.01620192   0.01666759   0.01509244   0.01360112   0.01343907   0.01326995   0.01198495   0.01065989   0.01040750   0.01041397   0.00958921   0.00851253   0.00821713   0.00830707   0.00780351   0.00693543   0.00660672   0.00671857   0.00643807   0.00574799   0.00539923   0.00549803   0.00537060   0.00483367   0.00447880   0.00454597   0.00452028   0.00411500   0.00376703   0.00379444   0.00383224   0.00353916   0.00320936   0.00319561   0.00326827   0.00306941   0.00276688   0.00271496   0.00280123   0.00267979   0.00241132   0.00232693   0.00241142   0.00235173   0.00212179   0.00201220   0.00208426   0.00207180   0.00188268   0.00175585   0.00180871   0.00183029   0.00168224   0.00154616 
 -0.00000000  -0.02498237  -0.03980063  -0.05070157  -0.07703595  -0.13193768  -0.21098066  -0.30329366  -0.40918627  -0.53849938  -0.69221804  -0.85604252  -1.01626341  -1.17208392  -1.32408084  -1.45948015  -1.56274667  -1.63782056  -1.70645920  -1.78676759  -1.89188880  -2.05440820  -2.32993651  -2.75676750  -3.31946953  -3.96600602  -4.64751410  -5.31334899  -5.86788805  -6.16948193  -6.10490659  -5.66675340  -4.95097825  -4.08949443  -3.19652894  -2.36119812  -1.65109985  -1.09991029  -0.69976899  -0.41985979  -0.23221101  -0.11683843  -0.05246576  -0.01658598   0.00459502   0.01463700   0.01625157   0.01565112   0.01664906   0.01726343   0.01533660   0.01302096   0.01285890   0.01341465   0.01223703   0.01027096   0.00986211   0.01048304   0.00991694   0.00831861   0.00772907   0.00829243   0.00814960   0.00689729   0.00618751   0.00662443   0.00676164   0.00582970   0.00505928   0.00533837   0.00564446   0.00500175   0.00422473   0.00433988   0.00472836   0.00433848   0.00360064   0.00356288   0.00396755   0.00379012   0.00312746   0.00295909   0.00333122   0.00332365   0.00276185   0.00249185   0.00279795   0.00291735   0.00247193   0.00213236   0.00235228   0.00255732   0.00223426   0.00185737   0.00198234   0.00223494   0.00203180   0.00164772   0.00167849   0.00194516   0.00185247 
 -0.00000001  -0.07226818  -0.19859067  -0.36612824  -0.52590042  -0.66914987  -0.83427462  -1.04473812  -1.28066315  -1.52003827  -1.77260885  -2.05333963  -2.34795055  -2.62953950  -2.89297393  -3.14699544  -3.38272714  -3.57843789  -3.73402673  -3.87526079  -4.02171427  -4.17672934  -4.35658049  -4.59994802  -4.92461663  -5.28937769  -5.62097774  -5.86788805  -6.00235848  -5.97759264  -5.72253252  -5.20164324  -4.46646818  -3.63205926  -2.80911283  -2.06653160  -1.44111073  -0.95246049  -0.59946539  -0.35835002  -0.19811033  -0.09640398  -0.03841598  -0.00878548   0.00696493   0.01587063   0.01889338   0.01791204   0.01684457   0.01704487   0.01659931   0.01471573   0.01321074   0.01308775   0.01290975   0.01162548   0.01036678   0.01019041   0.01020981   0.00936760   0.00832041   0.00808948   0.00820251   0.00767531   0.00680993   0.00653138   0.00667477   0.00637363   0.00566862   0.00535464   0.00549010   0.00534980   0.00478784   0.00445262   0.00455785   0.00452890   0.00409453   0.00375245   0.00381584   0.00385989   0.00353833   0.00320281   0.00322017   0.00330722   0.00308389   0.00276669   0.00273901   0.00284571   0.00270601   0.00241681   0.00234867   0.00245719   0.00238658   0.00213273   0.00203108   0.00212831   0.00211253   0.00189895   0.00177215   0.00184907   0.00187438 
