# coconut-me2b/v0.99.21 
# 
# momentum space matrix elements 
# partial wave J=2, L=2/2, S=0, T=1, MT=1 
# 
# momentum grid [fm^-1]
0.000000 0.100000 0.200000 0.300000 0.400000 0.500000 0.600000 0.700000 0.800000 0.900000 1.000000 1.100000 1.200000 1.300000 1.400000 1.500000 1.600000 1.700000 1.800000 1.900000 2.000000 2.100000 2.200000 2.300000 2.400000 2.500000 2.600000 2.700000 2.800000 2.900000 3.000000 3.100000 3.200000 3.300000 3.400000 3.500000 3.600000 3.700000 3.800000 3.900000 4.000000 4.100000 4.200000 4.300000 4.400000 4.500000 4.600000 4.700000 4.800000 4.900000 5.000000 5.100000 5.200000 5.300000 5.400000 5.500000 5.600000 5.700000 5.800000 5.900000 6.000000 6.100000 6.200000 6.300000 6.400000 6.500000 6.600000 6.700000 6.800000 6.900000 7.000000 7.100000 7.200000 7.300000 7.400000 7.500000 7.600000 7.700000 7.800000 7.900000 8.000000 8.100000 8.200000 8.300000 8.400000 8.500000 8.600000 8.700000 8.800000 8.900000 9.000000 9.100000 9.200000 9.300000 9.400000 9.500000 9.600000 9.700000 9.800000 9.900000 10.000000 
#
# matrix elements [MeV fm^3] 
  0.00000000   0.00000000   0.00000000   0.00000000   0.00000000  -0.00000000  -0.00000000  -0.00000000   0.00000000  -0.00000000  -0.00000000  -0.00000000   0.00000000  -0.00000000  -0.00000000  -0.00000000  -0.00000000   0.00000000   0.00000000   0.00000000  -0.00000000   0.00000000   0.00000000   0.00000000   0.00000000   0.00000000  -0.00000000   0.00000000   0.00000000   0.00000000   0.00000000   0.00000000  -0.00000000  -0.00000000   0.00000000  -0.00000000  -0.00000000   0.00000000  -0.00000000  -0.00000000  -0.00000000   0.00000000   0.00000000  -0.00000000  -0.00000000   0.00000000   0.00000000   0.00000000  -0.00000000  -0.00000000   0.00000000   0.00000000  -0.00000000  -0.00000000   0.00000000   0.00000000  -0.00000000  -0.00000000   0.00000000   0.00000000  -0.00000000  -0.00000000   0.00000000   0.00000000  -0.00000000  -0.00000000   0.00000000   0.00000000   0.00000000  -0.00000000  -0.00000000   0.00000000   0.00000000  -0.00000000  -0.00000000   0.00000000   0.00000000  -0.00000000  -0.00000000   0.00000000   0.00000000  -0.00000000  -0.00000000   0.00000000   0.00000000  -0.00000000  -0.00000000   0.00000000   0.00000000   0.00000000  -0.00000000  -0.00000000   0.00000000   0.00000000  -0.00000000  -0.00000000   0.00000000  -0.00000000  -0.00000000   0.00000000   0.00000000 
  0.00000000   0.60260817   1.64809613   1.83138468   0.92291011  -0.08935132  -0.34264097  -0.02520716   0.16892973   0.02345670  -0.12971206  -0.06562084   0.05068690   0.02735497  -0.05907454  -0.05426852   0.01354289   0.02208666  -0.02800939  -0.04061659  -0.00033066   0.01795679  -0.01012632  -0.02670375  -0.00255406   0.01830074   0.00440540  -0.01180142   0.00111769   0.01961751   0.01278482  -0.00358619  -0.00016146   0.01366245   0.01097717  -0.00348254  -0.00488671   0.00629353   0.00788598  -0.00285570  -0.00643558   0.00234203   0.00653907  -0.00100887  -0.00597519   0.00016481   0.00553205   0.00064306  -0.00496949  -0.00126112   0.00442073   0.00178988  -0.00382627  -0.00217478   0.00325796   0.00248066  -0.00267623  -0.00267114   0.00213314   0.00279620  -0.00159863  -0.00283042   0.00111127   0.00281342  -0.00064733  -0.00272733   0.00023548   0.00260416   0.00014371  -0.00243125  -0.00046899   0.00223475   0.00075687  -0.00200559  -0.00099177   0.00176527   0.00118814  -0.00150707  -0.00133477   0.00124868   0.00144459  -0.00098487  -0.00150977   0.00073009   0.00154206  -0.00047996  -0.00153618   0.00024615   0.00150291  -0.00002467  -0.00143886  -0.00017523   0.00135387   0.00035743  -0.00124592  -0.00051482   0.00112396   0.00065135  -0.00098684  -0.00076175   0.00084258 
  0.00000000   1.64809613   4.56393953   5.22563585   2.89018523   0.08559931  -0.82144460  -0.14318308   0.37033710   0.05729365  -0.32856296  -0.19970383   0.08420699   0.04565982  -0.15890061  -0.15588426   0.00543255   0.03387643  -0.08132407  -0.11380582  -0.01853472   0.02981113  -0.03217313  -0.07037748  -0.01177197   0.04228134   0.01460988  -0.02106712   0.01083144   0.05674610   0.04253429   0.00344815   0.00942123   0.04036169   0.03297608  -0.00277218  -0.00823720   0.01677142   0.02021530  -0.00544721  -0.01468518   0.00550564   0.01558832  -0.00199916  -0.01398837   0.00018214   0.01299314   0.00173664  -0.01160511  -0.00312345   0.01032659   0.00436209  -0.00889344  -0.00521641   0.00757134   0.00592878  -0.00618344  -0.00633698   0.00492263   0.00662477  -0.00365584  -0.00667481   0.00252690   0.00663035  -0.00143254  -0.00640527   0.00048103   0.00611339   0.00041012  -0.00569059  -0.00115899   0.00522856   0.00183331  -0.00467873  -0.00237111   0.00411566   0.00282939  -0.00350173  -0.00316142   0.00289781   0.00341620  -0.00227389  -0.00355871   0.00167963   0.00363176  -0.00109025  -0.00360927   0.00054602   0.00352903  -0.00002566  -0.00337175  -0.00043850   0.00317093   0.00086550  -0.00291232  -0.00122975   0.00262557   0.00154885  -0.00230002  -0.00180295   0.00196178 
  0.00000000   1.83138468   5.22563585   6.40470242   4.24090828   1.06394884  -0.51037597  -0.30482204   0.15866008   0.00458659  -0.32615182  -0.28534301  -0.05961492  -0.04870700  -0.19552198  -0.20926417  -0.08696905  -0.04588179  -0.12079306  -0.14774603  -0.07481268  -0.02498210  -0.05726176  -0.07877984  -0.02729049   0.02820245   0.02445274   0.00897015   0.03966796   0.08105944   0.07588838   0.04575590   0.04387211   0.06041928   0.04985187   0.01735397   0.00642615   0.02008062   0.02062445   0.00017070  -0.00889244   0.00449295   0.01207783  -0.00051161  -0.00997257  -0.00024897   0.00947433   0.00177246  -0.00826205  -0.00258970   0.00740211   0.00352403  -0.00624552  -0.00400461   0.00534476   0.00453960  -0.00426311  -0.00472747   0.00340267   0.00494680  -0.00243715  -0.00489943   0.00166857   0.00487499  -0.00084713  -0.00464790   0.00020329   0.00444388   0.00045824  -0.00408943  -0.00095935   0.00376318   0.00145570  -0.00332955  -0.00180826   0.00293166   0.00214329  -0.00246187  -0.00235135   0.00203595   0.00253646  -0.00156703  -0.00261185   0.00114938   0.00266441  -0.00071171  -0.00262483   0.00033112   0.00256651   0.00005191  -0.00243366  -0.00037421   0.00228879   0.00068631  -0.00208660  -0.00093644   0.00188060   0.00116821  -0.00163360  -0.00133921   0.00139153 
  0.00000000   0.92291011   2.89018523   4.24090828   3.93742738   2.34344835   0.66306634  -0.22274487  -0.33301490  -0.20431967  -0.20238895  -0.29221039  -0.31288603  -0.25268014  -0.21051444  -0.22164616  -0.23085406  -0.20199986  -0.16621337  -0.15601008  -0.15414718  -0.13130317  -0.09381199  -0.06494533  -0.04365691  -0.01159751   0.03168985   0.06762240   0.08790260   0.10182246   0.11403297   0.11537331   0.10081781   0.08037878   0.06462729   0.05149241   0.03553953   0.02046591   0.01291885   0.01074040   0.00701723   0.00165465  -0.00009222   0.00189605   0.00229317  -0.00026491  -0.00144447   0.00048451   0.00173698   0.00009998  -0.00132843  -0.00006312   0.00141999   0.00045827  -0.00106731  -0.00041662   0.00108034   0.00068684  -0.00077094  -0.00062795   0.00074230   0.00080201  -0.00047540  -0.00072404   0.00042916   0.00082452  -0.00020452  -0.00072981   0.00015666   0.00077524   0.00002640  -0.00066834  -0.00006566   0.00067422   0.00020870  -0.00056068  -0.00023342   0.00054005   0.00033896  -0.00042558  -0.00034644   0.00038929   0.00041794  -0.00027924  -0.00040790   0.00023617   0.00044963  -0.00013511  -0.00042352   0.00009225   0.00044032  -0.00000377  -0.00040086  -0.00003364   0.00039789   0.00010704  -0.00034851  -0.00013542   0.00033101   0.00019239  -0.00027554 
 -0.00000000  -0.08935132   0.08559931   1.06394884   2.34344835   2.71921485   1.74545388   0.29946371  -0.49373979  -0.46890354  -0.26710798  -0.32473904  -0.47427303  -0.44937230  -0.32139611  -0.29160646  -0.34775662  -0.34250128  -0.26166539  -0.21523337  -0.22996448  -0.22107815  -0.15241245  -0.08581719  -0.05939101  -0.02840714   0.04221261   0.11414817   0.14467208   0.15259649   0.17091366   0.18470552   0.16393558   0.12206944   0.09461132   0.08253277   0.06119149   0.03065286   0.01487679   0.01725566   0.01573915   0.00271740  -0.00444836   0.00230453   0.00740110   0.00065943  -0.00560079  -0.00064312   0.00559717   0.00180594  -0.00451343  -0.00192729   0.00423222   0.00266353  -0.00327860  -0.00266250   0.00292226   0.00310224  -0.00208848  -0.00298613   0.00172242   0.00319913  -0.00101331  -0.00298804   0.00067968   0.00303118  -0.00009777  -0.00274894  -0.00017694   0.00267019   0.00063270  -0.00234172  -0.00083381   0.00218196   0.00116840  -0.00183140  -0.00129036   0.00162532   0.00151252  -0.00127472  -0.00155684   0.00105119   0.00167858  -0.00071955  -0.00165212   0.00050188   0.00168801  -0.00020455  -0.00160145   0.00001060   0.00156779   0.00024112  -0.00143428  -0.00039867   0.00134820   0.00059760  -0.00118220  -0.00071099   0.00106079   0.00085393  -0.00087690 
 -0.00000000  -0.34264097  -0.82144460  -0.51037597   0.66306634   1.74545388   1.81832236   0.94690009  -0.04797270  -0.53523569  -0.55911974  -0.49300045  -0.51873105  -0.55702506  -0.52518958  -0.46521945  -0.43820194  -0.42960194  -0.39871690  -0.34935358  -0.30847050  -0.27436737  -0.22460693  -0.15539544  -0.08221122  -0.01136196   0.06356061   0.14011279   0.20234378   0.23920426   0.25319519   0.24902660   0.22647348   0.18840595   0.14570070   0.10835707   0.07774788   0.05170156   0.03152959   0.01932021   0.01269261   0.00745421   0.00308744   0.00141561   0.00174830   0.00143794   0.00014315  -0.00022716   0.00062881   0.00092293   0.00010918  -0.00030598   0.00033509   0.00074916   0.00018565  -0.00028602   0.00014362   0.00060045   0.00024089  -0.00024037   0.00001252   0.00046771   0.00027456  -0.00018262  -0.00007347   0.00034985   0.00028918  -0.00012110  -0.00012504   0.00024654   0.00028759  -0.00006136  -0.00015025   0.00015769   0.00027272  -0.00000710  -0.00015542   0.00008320   0.00024749   0.00003931  -0.00014574   0.00002288   0.00021476   0.00007645  -0.00012558  -0.00002374   0.00017726   0.00010368  -0.00009871  -0.00005735   0.00013752   0.00012100  -0.00006830  -0.00007895   0.00009781   0.00012892  -0.00003708  -0.00008979   0.00006010   0.00012834  -0.00000726 
 -0.00000000  -0.02520716  -0.14318308  -0.30482204  -0.22274487   0.29946371   0.94690009   1.10043631   0.54049154  -0.27252738  -0.73478567  -0.73831010  -0.62148749  -0.63503906  -0.70027543  -0.66787962  -0.57111534  -0.52547157  -0.52987180  -0.49824438  -0.41511961  -0.34163403  -0.29607332  -0.22913466  -0.11705664   0.00126295   0.09376631   0.17713597   0.26639903   0.33425781   0.35121533   0.32992264   0.29920927   0.26127277   0.20522520   0.14278023   0.09813220   0.07289311   0.04962572   0.02458159   0.01083706   0.01075541   0.01003670   0.00209492  -0.00291195   0.00111195   0.00491108   0.00107946  -0.00328146  -0.00055896   0.00371626   0.00172685  -0.00255173  -0.00135756   0.00272323   0.00214323  -0.00176072  -0.00179667   0.00180120   0.00230658  -0.00100532  -0.00196060   0.00098247   0.00226579  -0.00033255  -0.00191436   0.00029056   0.00206949   0.00022849  -0.00171525  -0.00026145   0.00176380   0.00066247  -0.00141396  -0.00066970   0.00139111   0.00096508  -0.00105485  -0.00093832   0.00098914   0.00114073  -0.00067582  -0.00107795   0.00059014   0.00120069  -0.00030815  -0.00110438   0.00022036   0.00116121   0.00002366  -0.00103700  -0.00010025   0.00104188   0.00030182  -0.00089740  -0.00035804   0.00086404   0.00051503  -0.00070790  -0.00054545   0.00064933 
  0.00000000   0.16892973   0.37033710   0.15866008  -0.33301490  -0.49373979  -0.04797270   0.54049154   0.61785716   0.09436923  -0.54240056  -0.85237884  -0.84939364  -0.79236505  -0.80239392  -0.81042120  -0.75839082  -0.68887922  -0.64775660  -0.61262608  -0.54722945  -0.45954338  -0.37221053  -0.27768255  -0.15632215  -0.01467652   0.12245509   0.24292519   0.34627966   0.42220561   0.45338856   0.43797286   0.39226960   0.33161609   0.26227627   0.19173023   0.13226133   0.08987381   0.05952200   0.03554043   0.01905796   0.01146468   0.00819448   0.00430344   0.00085408   0.00068708   0.00205542   0.00148289  -0.00028299  -0.00022064   0.00125062   0.00127341  -0.00014806  -0.00040954   0.00080631   0.00114541   0.00001866  -0.00047877   0.00046179   0.00100467   0.00016678  -0.00047449   0.00019584   0.00085277   0.00028703  -0.00042128  -0.00000334   0.00069474   0.00037519  -0.00033758  -0.00014471   0.00053652   0.00043026  -0.00023772  -0.00023599   0.00038411   0.00045360  -0.00013298  -0.00028443   0.00024299   0.00044826  -0.00003216  -0.00029715   0.00011776   0.00041853   0.00005811  -0.00028125   0.00001189   0.00036949   0.00013313  -0.00024374  -0.00007238   0.00030665   0.00018999  -0.00019140  -0.00013407   0.00023557   0.00022737  -0.00013057  -0.00017342   0.00016157 
 -0.00000000   0.02345670   0.05729365   0.00458659  -0.20431967  -0.46890354  -0.53523569  -0.27252738   0.09436923   0.16324163  -0.20304198  -0.71906175  -1.01181019  -1.01162399  -0.92573146  -0.91316855  -0.93026997  -0.88406449  -0.79155814  -0.72311294  -0.67763225  -0.59781442  -0.46896163  -0.32852086  -0.19247512  -0.03667378   0.14511286   0.31565384   0.44005904   0.51906642   0.56160595   0.55752193   0.49976539   0.41066790   0.32246863   0.24517237   0.17293976   0.10998343   0.06838603   0.04646611   0.02993598   0.01357014   0.00480079   0.00546539   0.00608650   0.00148811  -0.00188638   0.00072002   0.00359949   0.00130910  -0.00183965  -0.00030191   0.00271700   0.00163911  -0.00137606  -0.00086761   0.00193913   0.00180591  -0.00087258  -0.00117004   0.00124306   0.00182013  -0.00038969  -0.00127198   0.00064391   0.00171147   0.00003679  -0.00122466   0.00015153   0.00151099   0.00038540  -0.00107199  -0.00023011   0.00124895   0.00064550  -0.00085186  -0.00050252   0.00095346   0.00081480  -0.00059663  -0.00067207   0.00064947   0.00089748  -0.00033330  -0.00074914   0.00035806   0.00090257  -0.00008361  -0.00074713   0.00009603   0.00084249   0.00013594  -0.00068149  -0.00012433   0.00073180   0.00031390  -0.00056871  -0.00029522   0.00058600   0.00044358  -0.00042530 
 -0.00000000  -0.12971206  -0.32856296  -0.32615182  -0.20238895  -0.26710798  -0.55911974  -0.73478567  -0.54240056  -0.20304198  -0.14996358  -0.49354733  -0.92775445  -1.13764751  -1.12041916  -1.06240405  -1.05380421  -1.03894960  -0.97016539  -0.88027314  -0.80338206  -0.71576035  -0.58364098  -0.41482788  -0.23345708  -0.04072707   0.16857700   0.37298603   0.53588753   0.63906874   0.68466037   0.67448902   0.60967488   0.50697190   0.39567001   0.29549695   0.20944829   0.13786778   0.08589144   0.05416156   0.03418496   0.01861254   0.00837157   0.00527835   0.00500607   0.00275061   0.00006905   0.00041731   0.00219259   0.00171521  -0.00019234  -0.00015009   0.00148227   0.00154550  -0.00004046  -0.00038228   0.00096418   0.00138380   0.00012736  -0.00048042   0.00055658   0.00120769   0.00028115  -0.00048727   0.00024088   0.00101954   0.00040702  -0.00043274   0.00000455   0.00082515   0.00049789  -0.00033973  -0.00016239   0.00063169   0.00055133  -0.00022618  -0.00026892   0.00044646   0.00056829  -0.00010628  -0.00032373   0.00027615   0.00055215   0.00000895  -0.00033560   0.00012630   0.00050798   0.00011126  -0.00031331   0.00000102   0.00044193   0.00019489  -0.00026560  -0.00009717   0.00036072   0.00025638  -0.00020088  -0.00016734   0.00027112   0.00029429  -0.00012701 
 -0.00000000  -0.06562084  -0.19970383  -0.28534301  -0.29221039  -0.32473904  -0.49300045  -0.73831010  -0.85237884  -0.71906175  -0.49354733  -0.46122975  -0.71913416  -1.07214590  -1.26765010  -1.25949289  -1.18720916  -1.15725524  -1.13946434  -1.06860636  -0.95107836  -0.82919322  -0.69931152  -0.52248569  -0.29216760  -0.04324339   0.19706044   0.42534424   0.62804499   0.76843490   0.82108287   0.79662930   0.72122342   0.61090462   0.47870597   0.34880560   0.24422918   0.16761878   0.10832044   0.06287790   0.03552724   0.02322279   0.01496523   0.00612099   0.00151041   0.00290811   0.00414457   0.00142476  -0.00093332   0.00075984   0.00288954   0.00145256  -0.00085794   0.00001098   0.00215643   0.00155958  -0.00060195  -0.00043866   0.00151611   0.00157294  -0.00030235  -0.00067966   0.00096378   0.00150002  -0.00000723  -0.00076499   0.00050231   0.00135694   0.00025358  -0.00073722   0.00013282   0.00116267   0.00046256  -0.00063169  -0.00014630   0.00093667   0.00061118  -0.00047806  -0.00033968   0.00069741   0.00069766  -0.00030098  -0.00045473   0.00046131   0.00072526  -0.00012055  -0.00050119   0.00024212   0.00070086   0.00004749  -0.00049051   0.00005052   0.00063381   0.00019159  -0.00043519  -0.00010601   0.00053488   0.00030407  -0.00034803  -0.00022323   0.00041538 
 -0.00000000   0.05068690   0.08420699  -0.05961492  -0.31288603  -0.47427303  -0.51873105  -0.62148749  -0.84939364  -1.01181019  -0.92775445  -0.71913416  -0.68496481  -0.92598713  -1.23841319  -1.38893088  -1.36595183  -1.30620340  -1.27776042  -1.23275531  -1.12636064  -0.97940398  -0.81719343  -0.62049152  -0.36592461  -0.07220071   0.22082157   0.49019842   0.72208713   0.88806418   0.95864008   0.93399504   0.84203068   0.71109079   0.56045016   0.41129260   0.28618856   0.19372069   0.12620885   0.07574454   0.04251856   0.02553893   0.01652148   0.00853866   0.00294073   0.00243650   0.00371902   0.00241644   0.00009448   0.00044911   0.00228800   0.00197118   0.00006840  -0.00003356   0.00157144   0.00175155   0.00018359  -0.00028464   0.00101676   0.00153696   0.00031907  -0.00039363   0.00058383   0.00131742   0.00044584  -0.00040521   0.00025231   0.00109358   0.00054759  -0.00035204   0.00000777   0.00087020   0.00061589  -0.00025903  -0.00016146   0.00065383   0.00064778  -0.00014564  -0.00026589   0.00045132   0.00064411  -0.00002703  -0.00031565   0.00026891   0.00060849   0.00008519  -0.00032077   0.00011168   0.00054639   0.00018252  -0.00029116  -0.00001685   0.00046436   0.00025928  -0.00023647  -0.00011478   0.00036952   0.00031224  -0.00016586  -0.00018190   0.00026892 
 -0.00000000   0.02735497   0.04565982  -0.04870700  -0.25268014  -0.44937230  -0.55702506  -0.63503906  -0.79236505  -1.01162399  -1.13764751  -1.07214590  -0.92598713  -0.91355636  -1.10881194  -1.36869298  -1.50893278  -1.49544485  -1.42540399  -1.36908640  -1.29835119  -1.16105263  -0.95750910  -0.71695794  -0.44279515  -0.12201047   0.22802650   0.55672382   0.82054748   1.00170211   1.09040194   1.07701664   0.97135695   0.81116664   0.63863458   0.47676170   0.33420405   0.21986436   0.14014802   0.08901807   0.05364348   0.02836480   0.01469408   0.01024855   0.00743047   0.00305469   0.00072547   0.00215528   0.00334314   0.00159478  -0.00012202   0.00096385   0.00248978   0.00153950  -0.00015840   0.00033061   0.00184214   0.00149280  -0.00006425  -0.00006245   0.00129552   0.00140793   0.00008354  -0.00028136   0.00083937   0.00128268   0.00024233  -0.00037303   0.00046817   0.00112328   0.00038568  -0.00037403   0.00017732   0.00093993   0.00049806  -0.00031377  -0.00003833   0.00074429   0.00057177  -0.00021622  -0.00018520   0.00054789   0.00060473  -0.00010080  -0.00027105   0.00036116   0.00059895   0.00001705  -0.00030480   0.00019275   0.00055931   0.00012557  -0.00029618   0.00004920   0.00049256   0.00021635  -0.00025532  -0.00006519   0.00040649   0.00028405  -0.00019226 
 -0.00000000  -0.05907454  -0.15890061  -0.19552198  -0.21051444  -0.32139611  -0.52518958  -0.70027543  -0.80239392  -0.92573146  -1.12041916  -1.26765010  -1.23841319  -1.10881194  -1.09450009  -1.28022078  -1.52137538  -1.63677793  -1.60674698  -1.52916126  -1.45197457  -1.33054075  -1.12241809  -0.84412205  -0.52562314  -0.16886507   0.22148981   0.60187738   0.91297423   1.12142723   1.22063603   1.20981196   1.09759654   0.91813312   0.71999508   0.53663936   0.37868855   0.25051555   0.15801009   0.09900901   0.06089558   0.03363047   0.01677196   0.01041498   0.00823903   0.00458359   0.00125195   0.00162955   0.00339201   0.00255520   0.00040345   0.00058567   0.00233726   0.00218919   0.00037650   0.00011299   0.00160170   0.00190259   0.00043872  -0.00014599   0.00103223   0.00163471   0.00052836  -0.00026069   0.00059317   0.00137459   0.00061495  -0.00027731   0.00026186   0.00112063   0.00068097  -0.00022971   0.00002181   0.00087590   0.00071742  -0.00014361  -0.00014037   0.00064560   0.00072111  -0.00003881  -0.00023665   0.00043536   0.00069292   0.00006945  -0.00027832   0.00025032   0.00063654   0.00016976  -0.00027634   0.00009448   0.00055749   0.00025400  -0.00024129  -0.00002965   0.00046238   0.00031699  -0.00018326  -0.00012116   0.00035821   0.00035609  -0.00011160 
 -0.00000000  -0.05426852  -0.15588426  -0.20926417  -0.22164616  -0.29160646  -0.46521945  -0.66787962  -0.81042120  -0.91316855  -1.06240405  -1.25949289  -1.38893088  -1.36869298  -1.28022078  -1.28971544  -1.45406148  -1.65967019  -1.76023053  -1.72364414  -1.61527465  -1.47860602  -1.28613939  -0.99977759  -0.62940582  -0.21556969   0.21125670   0.62702898   0.98807349   1.23938052   1.35110945   1.33265840   1.21332252   1.02517871   0.80494156   0.59290287   0.41682361   0.28162399   0.18021198   0.10832858   0.06377182   0.03871478   0.02261637   0.01117878   0.00575756   0.00520036   0.00467632   0.00233744   0.00100978   0.00212637   0.00300690   0.00177617   0.00051336   0.00121400   0.00226636   0.00159164   0.00035258   0.00063455   0.00167747   0.00144048   0.00032011   0.00026512   0.00119684   0.00129190   0.00035220   0.00004675   0.00080660   0.00113556   0.00040943  -0.00006297   0.00049554   0.00097027   0.00046731  -0.00009614   0.00025534   0.00079967   0.00051127  -0.00007784   0.00007861   0.00062957   0.00053366  -0.00002795  -0.00004199   0.00046643   0.00053169   0.00003783  -0.00011412   0.00031629   0.00050603   0.00010729  -0.00014579   0.00018418   0.00045970   0.00017134  -0.00014523   0.00007380   0.00039721   0.00022361  -0.00012061  -0.00001269   0.00032391 
 -0.00000000   0.01354289   0.00543255  -0.08696905  -0.23085406  -0.34775662  -0.43820194  -0.57111534  -0.75839082  -0.93026997  -1.05380421  -1.18720916  -1.36595183  -1.50893278  -1.52137538  -1.45406148  -1.46578451  -1.62219357  -1.81049871  -1.88000886  -1.80120562  -1.64116648  -1.43421922  -1.14606600  -0.75154558  -0.28536487   0.19495811   0.65097696   1.04860005   1.33656917   1.47141338   1.45376228   1.32204057   1.11972569   0.88346980   0.65083006   0.45485093   0.30713305   0.19885750   0.12022630   0.06910540   0.04129506   0.02558521   0.01359645   0.00605713   0.00476301   0.00546960   0.00364068   0.00114075   0.00157393   0.00334249   0.00277628   0.00076677   0.00075103   0.00235192   0.00235745   0.00068435   0.00027883   0.00160802   0.00200817   0.00068951   0.00001626   0.00103752   0.00169322   0.00072865  -0.00010367   0.00060321   0.00139907   0.00077053  -0.00012762   0.00028028   0.00112189   0.00079717  -0.00008970   0.00005041   0.00086289   0.00079937  -0.00001560  -0.00010130   0.00062558   0.00077390   0.00007514  -0.00018800   0.00041411   0.00072161   0.00016773  -0.00022188   0.00023222   0.00064611   0.00025136  -0.00021449   0.00008261   0.00055279   0.00031858  -0.00017672  -0.00003338   0.00044797   0.00036487  -0.00011877  -0.00011590   0.00033826 
  0.00000000   0.02208666   0.03387643  -0.04588179  -0.20199986  -0.34250128  -0.42960194  -0.52547157  -0.68887922  -0.88406449  -1.03894960  -1.15725524  -1.30620340  -1.49544485  -1.63677793  -1.65967019  -1.62219357  -1.65210663  -1.78868034  -1.93188046  -1.95477542  -1.82301207  -1.58230855  -1.26681582  -0.86595716  -0.37501293   0.16218138   0.67436803   1.10355579   1.41195578   1.57048374   1.56704207   1.42564182   1.20094283   0.94868048   0.70589634   0.49454909   0.32863067   0.21104622   0.13194977   0.07833819   0.04350226   0.02450592   0.01558032   0.00982206   0.00513361   0.00326447   0.00386886   0.00389223   0.00237541   0.00150526   0.00229682   0.00285012   0.00191254   0.00099588   0.00146626   0.00215308   0.00162472   0.00073023   0.00091163   0.00160774   0.00140321   0.00059868   0.00054695   0.00117414   0.00121374   0.00054198   0.00031739   0.00082916   0.00103979   0.00052291   0.00018419   0.00055785   0.00087462   0.00051811   0.00011872   0.00034949   0.00071688   0.00051334   0.00009921   0.00019541   0.00056798   0.00050059   0.00010881   0.00008790   0.00043057   0.00047617   0.00013448   0.00001968   0.00030748   0.00043938   0.00016630  -0.00001634   0.00020117   0.00039156   0.00019694  -0.00002700   0.00011334   0.00033531   0.00022133  -0.00001889 
  0.00000000  -0.02800939  -0.08132407  -0.12079306  -0.16621337  -0.26166539  -0.39871690  -0.52987180  -0.64775660  -0.79155814  -0.97016539  -1.13946434  -1.27776042  -1.42540399  -1.60674698  -1.76023053  -1.81049871  -1.78868034  -1.80879760  -1.91435318  -2.00754475  -1.95714617  -1.73027028  -1.38193846  -0.95503995  -0.44916773   0.11945987   0.68076533   1.15074121   1.47983908   1.65036421   1.65680238   1.51469302   1.27497899   1.00419967   0.74891385   0.52802894   0.35047536   0.22258313   0.13938448   0.08507510   0.04767267   0.02517361   0.01573967   0.01159886   0.00676695   0.00303479   0.00330582   0.00478959   0.00364509   0.00145341   0.00170391   0.00332968   0.00296431   0.00111484   0.00092549   0.00234776   0.00247904   0.00097118   0.00045559   0.00160703   0.00207672   0.00091986   0.00019044   0.00104450   0.00172319   0.00090836   0.00006399   0.00062125   0.00140263   0.00090538   0.00002999   0.00031075   0.00110914   0.00089298   0.00005478   0.00009322   0.00084206   0.00086197   0.00011320  -0.00004745   0.00060318   0.00080909   0.00018635  -0.00012530   0.00039503   0.00073509   0.00026022  -0.00015312   0.00021989   0.00064338   0.00032478  -0.00014274   0.00007914   0.00053900   0.00037335  -0.00010511  -0.00002709   0.00042781   0.00040215  -0.00005024 
  0.00000000  -0.04061659  -0.11380582  -0.14774603  -0.15601008  -0.21523337  -0.34935358  -0.49824438  -0.61262608  -0.72311294  -0.88027314  -1.06860636  -1.23275531  -1.36908640  -1.52916126  -1.72364414  -1.88000886  -1.93188046  -1.91435318  -1.92052323  -1.97165100  -1.97545393  -1.82222949  -1.48744222  -1.02368159  -0.48654736   0.09304087   0.67362612   1.18137849   1.54142780   1.71852813   1.72062094   1.57884182   1.33761335   1.05306534   0.77954434   0.54951750   0.36990262   0.23633104   0.14412825   0.08642714   0.05172223   0.02959974   0.01598892   0.00981613   0.00778833   0.00591981   0.00372574   0.00304078   0.00372346   0.00369266   0.00253452   0.00193947   0.00250089   0.00277973   0.00200869   0.00135877   0.00170217   0.00211167   0.00164901   0.00101007   0.00115638   0.00159913   0.00138100   0.00080159   0.00078581   0.00119886   0.00116605   0.00067710   0.00053917   0.00088439   0.00098314   0.00060094   0.00038080   0.00063845   0.00082133   0.00055041   0.00028489   0.00044886   0.00067549   0.00051123   0.00023222   0.00030633   0.00054372   0.00047483   0.00020819   0.00020318   0.00042582   0.00043653   0.00020173   0.00013265   0.00032229   0.00039434   0.00020444   0.00008858   0.00023377   0.00034808   0.00021020   0.00006532   0.00016062   0.00029875 
 -0.00000000  -0.00033066  -0.01853472  -0.07481268  -0.15414718  -0.22996448  -0.30847050  -0.41511961  -0.54722945  -0.67763225  -0.80338206  -0.95107836  -1.12636064  -1.29835119  -1.45197457  -1.61527465  -1.80120562  -1.95477542  -2.00754475  -1.97165100  -1.92484788  -1.89247749  -1.79171524  -1.51926787  -1.06264286  -0.49660375   0.10058988   0.68311654   1.20149298   1.58295363   1.77165776   1.76890315   1.61980301   1.37670304   1.08799353   0.80334988   0.56315165   0.38060351   0.24630019   0.14982694   0.08757308   0.05284602   0.03260103   0.01796331   0.00928040   0.00740454   0.00747936   0.00520262   0.00266989   0.00312148   0.00464047   0.00381278   0.00181377   0.00186378   0.00330744   0.00310192   0.00142879   0.00110268   0.00233606   0.00256043   0.00122742   0.00063640   0.00160719   0.00211584   0.00112257   0.00036810   0.00105843   0.00173266   0.00106278   0.00023326   0.00064974   0.00139322   0.00101726   0.00018672   0.00035334   0.00108978   0.00096833   0.00019568   0.00014833   0.00081987   0.00090692   0.00023590   0.00001774   0.00058358   0.00082973   0.00028939  -0.00005305   0.00038190   0.00073733   0.00034304  -0.00007712   0.00021565   0.00063278   0.00038768  -0.00006635   0.00008494   0.00052063   0.00041744  -0.00003151  -0.00001118   0.00040613 
  0.00000000   0.01795679   0.02981113  -0.02498210  -0.13130317  -0.22107815  -0.27436737  -0.34163403  -0.45954338  -0.59781442  -0.71576035  -0.82919322  -0.97940398  -1.16105263  -1.33054075  -1.47860602  -1.64116648  -1.82301207  -1.95714617  -1.97545393  -1.89247749  -1.77555135  -1.63916348  -1.41172353  -1.01932541  -0.47351675   0.13914349   0.72794958   1.23242242   1.60464308   1.79988183   1.80212365   1.64431182   1.39022007   1.10045694   0.81822246   0.57336942   0.38311165   0.24766608   0.15470575   0.09191487   0.05266691   0.03128957   0.01984668   0.01224743   0.00744483   0.00594420   0.00591810   0.00502802   0.00361382   0.00330580   0.00383700   0.00363978   0.00266680   0.00227319   0.00269579   0.00276160   0.00207802   0.00162935   0.00191274   0.00211727   0.00167097   0.00121673   0.00136671   0.00162927   0.00137330   0.00094953   0.00098473   0.00125208   0.00114336   0.00077402   0.00071879   0.00095730   0.00095688   0.00065577   0.00053592   0.00072634   0.00079983   0.00057242   0.00041261   0.00054631   0.00066425   0.00050946   0.00033163   0.00040775   0.00054576   0.00045767   0.00028010   0.00030323   0.00044208   0.00041138   0.00024830   0.00022662   0.00035207   0.00036743   0.00022891   0.00017265   0.00027508   0.00032433   0.00021650   0.00013667 
  0.00000000  -0.01012632  -0.03217313  -0.05726176  -0.09381199  -0.15241245  -0.22460693  -0.29607332  -0.37221053  -0.46896163  -0.58364098  -0.69931152  -0.81719343  -0.95750910  -1.12241809  -1.28613939  -1.43421922  -1.58230855  -1.73027028  -1.82222949  -1.79171524  -1.63916348  -1.42395977  -1.17326882  -0.83846736  -0.36588011   0.21446209   0.79765495   1.28488049   1.62757061   1.80573914   1.80770655   1.64896853   1.38683736   1.09302953   0.81571376   0.57524760   0.38269226   0.24465265   0.15437471   0.09481906   0.05412627   0.03006417   0.01965572   0.01450705   0.00903752   0.00523520   0.00544104   0.00653023   0.00506563   0.00291352   0.00320270   0.00457320   0.00395464   0.00213927   0.00202383   0.00327650   0.00319350   0.00170292   0.00127829   0.00232382   0.00260869   0.00144911   0.00081561   0.00161280   0.00213237   0.00129504   0.00054290   0.00108135   0.00172808   0.00119079   0.00039781   0.00068881   0.00137668   0.00110643   0.00033666   0.00040661   0.00106879   0.00102469   0.00032792   0.00021312   0.00080029   0.00093664   0.00034845   0.00009085   0.00056969   0.00083889   0.00038131   0.00002488   0.00037649   0.00073172   0.00041436   0.00000210   0.00022019   0.00061775   0.00043933   0.00001080   0.00009972   0.00050092   0.00045109   0.00004057 
  0.00000000  -0.02670375  -0.07037748  -0.07877984  -0.06494533  -0.08581719  -0.15539544  -0.22913466  -0.27768255  -0.32852086  -0.41482788  -0.52248569  -0.62049152  -0.71695794  -0.84412205  -0.99977759  -1.14606600  -1.26681582  -1.38193846  -1.48744222  -1.51926787  -1.41172353  -1.17326882  -0.86802091  -0.52862866  -0.12617555   0.36262925   0.88812159   1.34847687   1.66238446   1.80399843   1.78323178   1.62406614   1.36773246   1.07325710   0.79530467   0.56215867   0.37862920   0.24239354   0.14984764   0.09196706   0.05580440   0.03242982   0.01901071   0.01320559   0.01043534   0.00765083   0.00558612   0.00536236   0.00565144   0.00486531   0.00371458   0.00357552   0.00397764   0.00363264   0.00276134   0.00251956   0.00286877   0.00277720   0.00213109   0.00182859   0.00209369   0.00215270   0.00169457   0.00136833   0.00154268   0.00168267   0.00137909   0.00105746   0.00114711   0.00132072   0.00114114   0.00084451   0.00086201   0.00103760   0.00095424   0.00069599   0.00065676   0.00081412   0.00080211   0.00058973   0.00050977   0.00063722   0.00067472   0.00051091   0.00040535   0.00049754   0.00056591   0.00044961   0.00033190   0.00038808   0.00047194   0.00039930   0.00028063   0.00030337   0.00039050   0.00035574   0.00024491   0.00023892   0.00032016   0.00031634 
  0.00000000  -0.00255406  -0.01177197  -0.02729049  -0.04365691  -0.05939101  -0.08221122  -0.11705664  -0.15632215  -0.19247512  -0.23345708  -0.29216760  -0.36592461  -0.44279515  -0.52562314  -0.62940582  -0.75154558  -0.86595716  -0.95503995  -1.02368159  -1.06264286  -1.01932541  -0.83846736  -0.52862866  -0.15778242   0.22179724   0.61384173   1.02815768   1.41729066   1.69296581   1.79861642   1.74343771   1.57111778   1.32330576   1.03948395   0.76527903   0.53742974   0.36507071   0.23748941   0.14573212   0.08711124   0.05441923   0.03468815   0.02022828   0.01195441   0.01016551   0.00978365   0.00715067   0.00468778   0.00513791   0.00628779   0.00515549   0.00321448   0.00331712   0.00450669   0.00404683   0.00241773   0.00217853   0.00324273   0.00324673   0.00193595   0.00144850   0.00231514   0.00263076   0.00163551   0.00098857   0.00162583   0.00213241   0.00143730   0.00071003   0.00111347   0.00171470   0.00129330   0.00055307   0.00073732   0.00135737   0.00117460   0.00047586   0.00046842   0.00104960   0.00106440   0.00044830   0.00028477   0.00078579   0.00095388   0.00044852   0.00016866   0.00056300   0.00083952   0.00046070   0.00010515   0.00037938   0.00072121   0.00047367   0.00008129   0.00023326   0.00060104   0.00047998   0.00008574   0.00012255   0.00048226 
  0.00000000   0.01830074   0.04228134   0.02820245  -0.01159751  -0.02840714  -0.01136196   0.00126295  -0.01467652  -0.03667378  -0.04072707  -0.04324339  -0.07220071  -0.12201047  -0.16886507  -0.21556969  -0.28536487  -0.37501293  -0.44916773  -0.48654736  -0.49660375  -0.47351675  -0.36588011  -0.12617555   0.22179724   0.59657209   0.93754731   1.24024706   1.50885993   1.70615627   1.77475876   1.69535628   1.50305329   1.25214185   0.98407343   0.72799725   0.50917062   0.34239711   0.22428720   0.14167084   0.08533343   0.05111234   0.03278791   0.02192910   0.01413502   0.00985727   0.00888788   0.00838145   0.00672571   0.00535443   0.00543111   0.00567886   0.00483618   0.00380368   0.00377400   0.00410143   0.00364798   0.00282857   0.00269626   0.00301470   0.00281375   0.00217515   0.00197283   0.00224370   0.00220557   0.00172201   0.00147869   0.00168583   0.00174825   0.00139691   0.00113665   0.00127665   0.00139556   0.00115543   0.00089722   0.00097405   0.00111816   0.00096966   0.00072774   0.00074943   0.00089684   0.00082177   0.00060615   0.00058278   0.00071868   0.00070032   0.00051728   0.00045965   0.00057466   0.00059790   0.00045060   0.00036929   0.00045830   0.00050978   0.00039876   0.00030360   0.00036472   0.00043292   0.00035665   0.00025629   0.00029012 
 -0.00000000   0.00440540   0.01460988   0.02445274   0.03168985   0.04221261   0.06356061   0.09376631   0.12245509   0.14511286   0.16857700   0.19706044   0.22082157   0.22802650   0.22148981   0.21125670   0.19495811   0.16218138   0.11945987   0.09304087   0.10058988   0.13914349   0.21446209   0.36262925   0.61384173   0.93754731   1.25023235   1.48524982   1.63523044   1.71759803   1.72331260   1.62468706   1.42398455   1.16775146   0.90961467   0.67679139   0.47696717   0.31796017   0.20582186   0.13310690   0.08399953   0.04967127   0.02978986   0.02148489   0.01676496   0.01135968   0.00787579   0.00812177   0.00873689   0.00690849   0.00483024   0.00513431   0.00614775   0.00522566   0.00347414   0.00342781   0.00443617   0.00409510   0.00264928   0.00232524   0.00321052   0.00326932   0.00212884   0.00160996   0.00231222   0.00263304   0.00178781   0.00115160   0.00164670   0.00212124   0.00155097   0.00086589   0.00115393   0.00169680   0.00137240   0.00069588   0.00079345   0.00133858   0.00122424   0.00060175   0.00053631   0.00103453   0.00109018   0.00055499   0.00036045   0.00077777   0.00096148   0.00053505   0.00024823   0.00056405   0.00083437   0.00052723   0.00018490   0.00039037   0.00070834   0.00052128   0.00015786   0.00025401   0.00058482   0.00051052   0.00015629 
  0.00000000  -0.01180142  -0.02106712   0.00897015   0.06762240   0.11414817   0.14011279   0.17713597   0.24292519   0.31565384   0.37298603   0.42534424   0.49019842   0.55672382   0.60187738   0.62702898   0.65097696   0.67436803   0.68076533   0.67362612   0.68311654   0.72794958   0.79765495   0.88812159   1.02815768   1.24024706   1.48524982   1.67775715   1.76069879   1.74293698   1.65952103   1.52156629   1.32293326   1.07846227   0.82941130   0.61146703   0.43429436   0.29398081   0.18962768   0.12050141   0.07780550   0.04958611   0.03040572   0.02007098   0.01603799   0.01324196   0.00990938   0.00802776   0.00815433   0.00802532   0.00654928   0.00536555   0.00553531   0.00572727   0.00483106   0.00386060   0.00390614   0.00420006   0.00367601   0.00287810   0.00281848   0.00313180   0.00286181   0.00221488   0.00207512   0.00236332   0.00226681   0.00175417   0.00155864   0.00179864   0.00181799   0.00142494   0.00119566   0.00137730   0.00147005   0.00118257   0.00093855   0.00105977   0.00119410   0.00099836   0.00075537   0.00081927   0.00097131   0.00085355   0.00062415   0.00063706   0.00078911   0.00073575   0.00052941   0.00049960   0.00063896   0.00063678   0.00046006   0.00039681   0.00051488   0.00055128   0.00040809   0.00032094   0.00041257   0.00047583   0.00036771 
  0.00000000   0.00111769   0.01083144   0.03966796   0.08790260   0.14467208   0.20234378   0.26639903   0.34627966   0.44005904   0.53588753   0.62804499   0.72208713   0.82054748   0.91297423   0.98807349   1.04860005   1.10355579   1.15074121   1.18137849   1.20149298   1.23242242   1.28488049   1.34847687   1.41729066   1.50885993   1.63523044   1.76069879   1.81426951   1.75329469   1.59956358   1.40465005   1.19655149   0.97559185   0.74907736   0.54419053   0.38337122   0.26484508   0.17534767   0.10979393   0.06899629   0.04696113   0.03249119   0.02079258   0.01436762   0.01330392   0.01260107   0.00963912   0.00730589   0.00773307   0.00839756   0.00689292   0.00502527   0.00516297   0.00601450   0.00525019   0.00368345   0.00352987   0.00436578   0.00410817   0.00283644   0.00246169   0.00318259   0.00326845   0.00228392   0.00175986   0.00231588   0.00262124   0.00190841   0.00130182   0.00167489   0.00210333   0.00163866   0.00100791   0.00120120   0.00167773   0.00143085   0.00082416   0.00085503   0.00132263   0.00125822   0.00071287   0.00060773   0.00102499   0.00110489   0.00064719   0.00043750   0.00077678   0.00096214   0.00060789   0.00032695   0.00057268   0.00082592   0.00058132   0.00026175   0.00040867   0.00069520   0.00055811   0.00022980   0.00028121   0.00057078 
