# coconut-me2b/v0.99.21 
# 
# momentum space matrix elements 
# partial wave J=0, L=0/0, S=0, T=1, MT=0 
# 
# momentum grid [fm^-1]
0.000000 0.100000 0.200000 0.300000 0.400000 0.500000 0.600000 0.700000 0.800000 0.900000 1.000000 1.100000 1.200000 1.300000 1.400000 1.500000 1.600000 1.700000 1.800000 1.900000 2.000000 2.100000 2.200000 2.300000 2.400000 2.500000 2.600000 2.700000 2.800000 2.900000 3.000000 3.100000 3.200000 3.300000 3.400000 3.500000 3.600000 3.700000 3.800000 3.900000 4.000000 4.100000 4.200000 4.300000 4.400000 4.500000 4.600000 4.700000 4.800000 4.900000 5.000000 5.100000 5.200000 5.300000 5.400000 5.500000 5.600000 5.700000 5.800000 5.900000 6.000000 6.100000 6.200000 6.300000 6.400000 6.500000 6.600000 6.700000 6.800000 6.900000 7.000000 7.100000 7.200000 7.300000 7.400000 7.500000 7.600000 7.700000 7.800000 7.900000 8.000000 8.100000 8.200000 8.300000 8.400000 8.500000 8.600000 8.700000 8.800000 8.900000 9.000000 9.100000 9.200000 9.300000 9.400000 9.500000 9.600000 9.700000 9.800000 9.900000 10.000000 
#
# matrix elements [MeV fm^3] 
-46.70986412 -46.20076389 -44.72480326 -42.48550580 -39.71962276 -36.63755875 -33.39212429 -30.07910594 -26.75217898 -23.43902875 -20.15336084 -16.90232220 -13.69059234 -10.52256230  -7.40368882  -4.34175469  -1.34848971   1.55822071   4.35156983   6.99290336   9.42954788  11.59492178  13.41289478  14.80806204  15.72178752  16.13013152  16.05524458  15.56031437  14.72498493  13.61392186  12.26399967  10.70578530   9.00142961   7.25903564   5.60632757   4.14855389   2.94388897   2.00401631   1.30796612   0.81736975   0.48813651   0.27797514   0.15058703   0.07741502   0.03767321   0.01731012   0.00749024   0.00304413   0.00115885   0.00041208   0.00013649   0.00004199   0.00001196   0.00000315   0.00000076   0.00000017   0.00000003   0.00000001   0.00000000   0.00000000   0.00000000   0.00000000   0.00000000   0.00000000   0.00000000   0.00000000   0.00000000   0.00000000   0.00000000   0.00000000   0.00000000   0.00000000   0.00000000   0.00000000   0.00000000   0.00000000   0.00000000   0.00000000   0.00000000   0.00000000   0.00000000   0.00000000   0.00000000   0.00000000   0.00000000   0.00000000   0.00000000   0.00000000   0.00000000   0.00000000   0.00000000   0.00000000   0.00000000   0.00000000   0.00000000   0.00000000   0.00000000   0.00000000   0.00000000   0.00000000   0.00000000 
-46.20076389 -45.70517610 -44.28667771 -42.12148194 -39.42854598 -36.40845578 -33.21181327 -29.93628445 -26.63852503 -23.34883610 -20.08277938 -16.84867315 -13.65187805 -10.49715259  -7.39013406  -4.33868070  -1.35454347   1.54439450   4.33133288   6.96761543   9.40054985  11.56351259  13.38030392  14.77541928  15.69009195  16.10022238  16.02777769  15.53574866  14.70358257  13.59576304  12.24900850  10.69376039   8.99207486   7.25199098   5.60120128   4.14495494   2.94145506   2.00243330   1.30697772   0.81677845   0.48779829   0.27779058   0.15049116   0.07736774   0.03765111   0.01730037   0.00748618   0.00304254   0.00115826   0.00041188   0.00013643   0.00004197   0.00001196   0.00000315   0.00000076   0.00000017   0.00000003   0.00000001   0.00000000   0.00000000   0.00000000   0.00000000   0.00000000   0.00000000   0.00000000   0.00000000   0.00000000   0.00000000   0.00000000   0.00000000   0.00000000   0.00000000   0.00000000   0.00000000   0.00000000   0.00000000   0.00000000   0.00000000   0.00000000   0.00000000   0.00000000   0.00000000   0.00000000   0.00000000   0.00000000   0.00000000   0.00000000   0.00000000   0.00000000   0.00000000   0.00000000   0.00000000   0.00000000   0.00000000   0.00000000   0.00000000   0.00000000   0.00000000   0.00000000   0.00000000   0.00000000 
-44.72480326 -44.28667771 -43.02075314 -41.05686839 -38.56758891 -35.72512316 -32.67133802 -29.50718958 -26.29679251 -23.07760317 -19.87050426 -16.68727213 -13.53531846 -10.42052452  -7.34908570  -4.32909676  -1.37237656   1.50319776   4.27084671   6.89191107   9.31364548  11.46930421  13.28248285  14.67738115  15.59484304  16.01029159  15.94514515  15.46180412  14.63912516  13.54104473  12.20381091  10.65748614   8.96383972   7.23071624   5.58571089   4.13407322   2.93409129   1.99764085   1.30398343   0.81498595   0.48677229   0.27723030   0.15019994   0.07722399   0.03758390   0.01727067   0.00747381   0.00303770   0.00115649   0.00041127   0.00013623   0.00004191   0.00001194   0.00000314   0.00000076   0.00000017   0.00000003   0.00000001   0.00000000   0.00000000   0.00000000   0.00000000   0.00000000   0.00000000   0.00000000   0.00000000   0.00000000   0.00000000   0.00000000   0.00000000   0.00000000   0.00000000   0.00000000   0.00000000   0.00000000   0.00000000   0.00000000   0.00000000   0.00000000   0.00000000   0.00000000   0.00000000   0.00000000   0.00000000   0.00000000   0.00000000   0.00000000   0.00000000   0.00000000   0.00000000   0.00000000   0.00000000   0.00000000   0.00000000   0.00000000   0.00000000   0.00000000   0.00000000   0.00000000   0.00000000   0.00000000 
-42.48550580 -42.12148194 -41.05686839 -39.36958841 -37.17434000 -34.60125069 -31.77328502 -28.79049839 -25.72485680 -22.62338599 -19.51490823 -16.41670975 -13.33961543 -10.29143390  -7.27934319  -4.31186571  -1.40094952   1.43553492   4.17084728   6.76633256   9.16916838  11.31241777  13.11934735  14.51367524  15.43560618  15.85977514  15.80669068  15.33777137  14.53088837  13.44906222  12.12775057  10.59637591   8.91622032   7.19479537   5.55952624   4.11565709   2.92161371   1.98951007   1.29889689   0.81193697   0.48502478   0.27627474   0.14970256   0.07697814   0.03746878   0.01721973   0.00745256   0.00302937   0.00115342   0.00041022   0.00013589   0.00004181   0.00001191   0.00000313   0.00000076   0.00000017   0.00000003   0.00000001   0.00000000   0.00000000   0.00000000   0.00000000   0.00000000   0.00000000   0.00000000   0.00000000   0.00000000   0.00000000   0.00000000   0.00000000   0.00000000   0.00000000   0.00000000   0.00000000   0.00000000   0.00000000   0.00000000   0.00000000   0.00000000   0.00000000   0.00000000   0.00000000   0.00000000   0.00000000   0.00000000   0.00000000   0.00000000   0.00000000   0.00000000   0.00000000   0.00000000   0.00000000   0.00000000   0.00000000   0.00000000   0.00000000   0.00000000   0.00000000   0.00000000   0.00000000   0.00000000 
-39.71962276 -39.42854598 -38.56758891 -37.17434000 -35.31191361 -33.06438951 -30.52577575 -27.78598984 -24.91991500 -21.98308279 -19.01319334 -16.03448988 -13.06244983 -10.10765212  -7.17874697  -4.28492469  -1.43835013   1.34310545   4.03276369   6.59199296   8.96788609  11.09326378  12.89095763  14.28403551  15.21182834  15.64788459  15.61145089  15.16257679  14.37775293  13.31871022  12.01978671  10.50949176   8.84840611   7.14355606   5.52211200   4.08929752   2.90372260   1.97783067   1.29157693   0.80754105   0.48250052   0.27489178   0.14898133   0.07662095   0.03730119   0.01714543   0.00742151   0.00301718   0.00114893   0.00040867   0.00013540   0.00004166   0.00001187   0.00000312   0.00000076   0.00000017   0.00000003   0.00000001   0.00000000   0.00000000   0.00000000   0.00000000   0.00000000   0.00000000   0.00000000   0.00000000   0.00000000   0.00000000   0.00000000   0.00000000   0.00000000   0.00000000   0.00000000   0.00000000   0.00000000   0.00000000   0.00000000   0.00000000   0.00000000   0.00000000   0.00000000   0.00000000   0.00000000   0.00000000   0.00000000   0.00000000   0.00000000   0.00000000   0.00000000   0.00000000   0.00000000   0.00000000   0.00000000   0.00000000   0.00000000   0.00000000   0.00000000   0.00000000   0.00000000   0.00000000   0.00000000 
-36.63755875 -36.40845578 -35.72512316 -34.60125069 -33.06438951 -31.15934097 -28.94706162 -26.49763174 -23.87993202 -21.15287846 -18.36138086 -15.53685894 -12.70026880  -9.86574480  -7.04395049  -4.24504482  -1.48153665   1.22867821   3.85900771   6.37087609   8.71130402  10.81284287  12.59780858  13.98847498  14.92308737  15.37382887  15.35834663  14.93494300  14.17833524  13.14858614  11.87857361  10.39560429   8.75932401   7.07610171   5.47275041   4.05444382   2.88001323   1.96231788   1.28183204   0.80167521   0.47912425   0.27303765   0.14801207   0.07613976   0.03707489   0.01704485   0.00737938   0.00300058   0.00114281   0.00040656   0.00013472   0.00004146   0.00001182   0.00000311   0.00000075   0.00000017   0.00000003   0.00000001   0.00000000   0.00000000   0.00000000   0.00000000   0.00000000   0.00000000   0.00000000   0.00000000   0.00000000   0.00000000   0.00000000   0.00000000   0.00000000   0.00000000   0.00000000   0.00000000   0.00000000   0.00000000   0.00000000   0.00000000   0.00000000   0.00000000   0.00000000   0.00000000   0.00000000   0.00000000   0.00000000   0.00000000   0.00000000   0.00000000   0.00000000   0.00000000   0.00000000   0.00000000   0.00000000   0.00000000   0.00000000   0.00000000   0.00000000   0.00000000   0.00000000   0.00000000   0.00000000 
-33.39212429 -33.21181327 -32.67133802 -31.77328502 -30.52577575 -28.94706162 -27.06911268 -24.93745806 -22.60607949 -20.12930566 -17.55455946 -14.91869116 -12.24804211  -9.56078958  -6.87012243  -4.18751737  -1.52600330   1.09644842   3.65335110   6.10622859   8.40206434  10.47314221  12.24121399  13.62764862  14.56942574  15.03711250  15.04644221  14.65360760  13.93116666  12.93713291  11.70257152  10.25327673   8.64770087   6.99135697   5.41057375   4.01042636   2.84999118   1.94262256   1.26942663   0.79418780   0.47480297   0.27065812   0.14676476   0.07551886   0.03678208   0.01691437   0.00732458   0.00297894   0.00113480   0.00040378   0.00013382   0.00004119   0.00001174   0.00000309   0.00000075   0.00000017   0.00000003   0.00000001   0.00000000   0.00000000   0.00000000   0.00000000   0.00000000   0.00000000   0.00000000   0.00000000   0.00000000   0.00000000   0.00000000   0.00000000   0.00000000   0.00000000   0.00000000   0.00000000   0.00000000   0.00000000   0.00000000   0.00000000   0.00000000   0.00000000   0.00000000   0.00000000   0.00000000   0.00000000   0.00000000   0.00000000   0.00000000   0.00000000   0.00000000   0.00000000   0.00000000   0.00000000   0.00000000   0.00000000   0.00000000   0.00000000   0.00000000   0.00000000   0.00000000   0.00000000   0.00000000 
-30.07910594 -29.93628445 -29.50718958 -28.79049839 -27.78598984 -26.49763174 -24.93745806 -23.12868347 -21.10588639 -18.91116385 -16.58766635 -14.17360238 -11.69907536  -9.18607715  -6.65060676  -4.10579045  -1.56539338   0.95245020   3.42136250   5.80301596   8.04441258  10.07760216  11.82376192  13.20328659  14.15175179  14.63789755  14.67526274  14.31759356  13.63491740  12.68281919  11.49018770  10.08097274   8.51214413   6.88812694   5.33460706   3.95648655   2.81309283   1.91834476   1.25408972   0.78490371   0.46942895   0.26769018   0.14520447   0.07473989   0.03641367   0.01674972   0.00725523   0.00295148   0.00112460   0.00040025   0.00013268   0.00004085   0.00001165   0.00000307   0.00000074   0.00000017   0.00000003   0.00000001   0.00000000   0.00000000   0.00000000   0.00000000   0.00000000   0.00000000   0.00000000   0.00000000   0.00000000   0.00000000   0.00000000   0.00000000   0.00000000   0.00000000   0.00000000   0.00000000   0.00000000   0.00000000   0.00000000   0.00000000   0.00000000   0.00000000   0.00000000   0.00000000   0.00000000   0.00000000   0.00000000   0.00000000   0.00000000   0.00000000   0.00000000   0.00000000   0.00000000   0.00000000   0.00000000   0.00000000   0.00000000   0.00000000   0.00000000   0.00000000   0.00000000   0.00000000   0.00000000 
-26.75217898 -26.63852503 -26.29679251 -25.72485680 -24.91991500 -23.87993202 -22.60607949 -21.10588639 -19.39590776 -17.50212052 -15.45703307 -13.29453892 -11.04503681  -8.73288027  -6.37658956  -3.99109210  -1.59109354   0.80498990   3.17086785   5.46840587   7.64469608   9.63161917  11.34981026  12.71867033  13.67228576  14.17741042  14.24515537  13.92652124  13.28865830  12.38435270  11.23994554   9.87718706   8.35124062   6.76517042   5.24382119   3.89181448   2.76871132   1.88905086   1.23552589   0.77363117   0.46288371   0.26406428   0.14329247   0.07378246   0.03595951   0.01654616   0.00716923   0.00291734   0.00111189   0.00039582   0.00013124   0.00004042   0.00001152   0.00000303   0.00000074   0.00000016   0.00000003   0.00000001   0.00000000   0.00000000   0.00000000   0.00000000   0.00000000   0.00000000   0.00000000   0.00000000   0.00000000   0.00000000   0.00000000   0.00000000   0.00000000   0.00000000   0.00000000   0.00000000   0.00000000   0.00000000   0.00000000   0.00000000   0.00000000   0.00000000   0.00000000   0.00000000   0.00000000   0.00000000   0.00000000   0.00000000   0.00000000   0.00000000   0.00000000   0.00000000   0.00000000   0.00000000   0.00000000   0.00000000   0.00000000   0.00000000   0.00000000   0.00000000   0.00000000   0.00000000   0.00000000 
-23.43902875 -23.34883610 -23.07760317 -22.62338599 -21.98308279 -21.15287846 -20.12930566 -18.91116385 -17.50212052 -15.91304706 -14.16259105 -12.27506522 -10.27642590  -8.19043997  -6.03685978  -3.83209681  -1.59185561   0.66505560   2.91238865   5.11223258   7.21184846   9.14304129  10.82598194  12.17911579  13.13501952  13.65836843  13.75767487  13.48094744  12.89215043  12.04092018  10.95067758   9.64059663   8.16367207   6.62128637   5.13719633   3.81559433   2.71622800   1.85429478   1.21342893   0.76017009   0.45504295   0.25970715   0.14098781   0.07262492   0.03540880   0.01629860   0.00706436   0.00287558   0.00109631   0.00039039   0.00012948   0.00003988   0.00001137   0.00000300   0.00000073   0.00000016   0.00000003   0.00000001   0.00000000   0.00000000   0.00000000   0.00000000   0.00000000   0.00000000   0.00000000   0.00000000   0.00000000   0.00000000   0.00000000   0.00000000   0.00000000   0.00000000   0.00000000   0.00000000   0.00000000   0.00000000   0.00000000   0.00000000   0.00000000   0.00000000   0.00000000   0.00000000   0.00000000   0.00000000   0.00000000   0.00000000   0.00000000   0.00000000   0.00000000   0.00000000   0.00000000   0.00000000   0.00000000   0.00000000   0.00000000   0.00000000   0.00000000   0.00000000   0.00000000   0.00000000   0.00000000 
-20.15336084 -20.08277938 -19.87050426 -19.51490823 -19.01319334 -18.36138086 -17.55455946 -16.58766635 -15.45703307 -14.16259105 -12.70997989 -11.11130200  -9.38370454  -7.54638711  -5.61781207  -3.61472963  -1.55351407   0.54664384   2.65950091   4.74738496   6.75780339   8.62260124  10.26160848  11.59241707  12.54614989  13.08539264  13.21596684  12.98271127  12.44614791  11.65244404  10.62173589   9.37022796   7.94834489   6.45541237   5.01379490   3.72705710   2.65504944   1.81364294   1.18749803   0.74432224   0.44578262   0.25454511   0.13824909   0.07124527   0.03475051   0.01600185   0.00693830   0.00282525   0.00107747   0.00038380   0.00012733   0.00003923   0.00001119   0.00000295   0.00000071   0.00000016   0.00000003   0.00000001   0.00000000   0.00000000   0.00000000   0.00000000   0.00000000   0.00000000   0.00000000   0.00000000   0.00000000   0.00000000   0.00000000   0.00000000   0.00000000   0.00000000   0.00000000   0.00000000   0.00000000   0.00000000   0.00000000   0.00000000   0.00000000   0.00000000   0.00000000   0.00000000   0.00000000   0.00000000   0.00000000   0.00000000   0.00000000   0.00000000   0.00000000   0.00000000   0.00000000   0.00000000   0.00000000   0.00000000   0.00000000   0.00000000   0.00000000   0.00000000   0.00000000   0.00000000   0.00000000 
-16.90232220 -16.84867315 -16.68727213 -16.41670975 -16.03448988 -15.53685894 -14.91869116 -14.17360238 -13.29453892 -12.27506522 -11.11130200  -9.80391346  -8.35909228  -6.78782376  -5.10390827  -3.32226121  -1.45890472   0.46692100   2.42904057   4.39004634   6.29776669   8.08421839   9.66905710  10.96919167  11.91443347  12.46536295  12.62511311  12.43525973  11.95269392  11.21984118  10.25320996   9.06563414   7.70452989   6.26673220   4.87284258   3.62553982   2.58464939   1.76670292   1.15745666   0.72590298   0.43498590   0.24850820   0.13503666   0.06962229   0.03397394   0.01565082   0.00678879   0.00276541   0.00105503   0.00037593   0.00012476   0.00003845   0.00001097   0.00000289   0.00000070   0.00000016   0.00000003   0.00000001   0.00000000   0.00000000   0.00000000   0.00000000   0.00000000   0.00000000   0.00000000   0.00000000   0.00000000   0.00000000   0.00000000   0.00000000   0.00000000   0.00000000   0.00000000   0.00000000   0.00000000   0.00000000   0.00000000   0.00000000   0.00000000   0.00000000   0.00000000   0.00000000   0.00000000   0.00000000   0.00000000   0.00000000   0.00000000   0.00000000   0.00000000   0.00000000   0.00000000   0.00000000   0.00000000   0.00000000   0.00000000   0.00000000   0.00000000   0.00000000   0.00000000   0.00000000   0.00000000 
-13.69059234 -13.65187805 -13.53531846 -13.33961543 -13.06244983 -12.70026880 -12.24804211 -11.69907536 -11.04503681 -10.27642590  -9.38370454  -8.35909228  -7.19855505  -5.90311128  -4.47883109  -2.93591609  -1.28814920   0.44609816   2.24105577   4.05969511   5.85025943   7.54508542   9.06386154  10.32305388  11.25139808  11.80766009  11.99239388  11.84391681  11.41538262  10.74526459   9.84613819   8.72707207   7.43200553   6.05478834   4.71381419   3.51054945   2.50461459   1.71315512   1.12307345   0.70475458   0.42255127   0.24153473   0.13131513   0.06773687   0.03306936   0.01524087   0.00661375   0.00269518   0.00102862   0.00036665   0.00012172   0.00003752   0.00001071   0.00000282   0.00000068   0.00000015   0.00000003   0.00000001   0.00000000   0.00000000   0.00000000   0.00000000   0.00000000   0.00000000   0.00000000   0.00000000   0.00000000   0.00000000   0.00000000   0.00000000   0.00000000   0.00000000   0.00000000   0.00000000   0.00000000   0.00000000   0.00000000   0.00000000   0.00000000   0.00000000   0.00000000   0.00000000   0.00000000   0.00000000   0.00000000   0.00000000   0.00000000   0.00000000   0.00000000   0.00000000   0.00000000   0.00000000   0.00000000   0.00000000   0.00000000   0.00000000   0.00000000   0.00000000   0.00000000   0.00000000   0.00000000 
-10.52256230 -10.49715259 -10.42052452 -10.29143390 -10.10765212  -9.86574480  -9.56078958  -9.18607715  -8.73288027  -8.19043997  -7.54638711  -6.78782376  -5.90311128  -4.88400689  -3.72742000  -2.43624124  -1.01953813   0.50683990   2.11836654   3.77874763   5.43682376   7.02543731   8.46456055   9.67052779  10.57133157  11.12422618  11.32740993  11.21605153  10.83955272  10.23230187   9.40269468   8.35566680   7.13119564   5.81959324   4.53652083   3.38182864   2.41469276   1.65278631   1.08418469   0.68076053   0.40840126   0.23357637   0.12705620   0.06557341   0.03202873   0.01476810   0.00641140   0.00261381   0.00099796   0.00035585   0.00011817   0.00003644   0.00001041   0.00000274   0.00000067   0.00000015   0.00000003   0.00000001   0.00000000   0.00000000   0.00000000   0.00000000   0.00000000   0.00000000   0.00000000   0.00000000   0.00000000   0.00000000   0.00000000   0.00000000   0.00000000   0.00000000   0.00000000   0.00000000   0.00000000   0.00000000   0.00000000   0.00000000   0.00000000   0.00000000   0.00000000   0.00000000   0.00000000   0.00000000   0.00000000   0.00000000   0.00000000   0.00000000   0.00000000   0.00000000   0.00000000   0.00000000   0.00000000   0.00000000   0.00000000   0.00000000   0.00000000   0.00000000   0.00000000   0.00000000   0.00000000 
 -7.40368882  -7.39013406  -7.34908570  -7.27934319  -7.17874697  -7.04395049  -6.87012243  -6.65060676  -6.37658956  -6.03685978  -5.61781207  -5.10390827  -4.47883109  -3.72742000  -2.83812454  -1.80536212  -0.63127364   0.67296337   2.08553894   3.57168936   5.08125885   6.54788239   7.89213243   9.03059759   9.89095637  10.42936440  10.64199838  10.56109061  10.23237070   9.68609957   8.92632838   7.95354682   6.80329035   5.56173142   4.34119231   3.23941980   2.31484017   1.58552350   1.04071732   0.65386049   0.39249160   0.22460349   0.12224158   0.06312144   0.03084644   0.01422971   0.00618046   0.00252074   0.00096281   0.00034345   0.00011410   0.00003520   0.00001005   0.00000265   0.00000064   0.00000014   0.00000003   0.00000001   0.00000000   0.00000000   0.00000000   0.00000000   0.00000000   0.00000000   0.00000000   0.00000000   0.00000000   0.00000000   0.00000000   0.00000000   0.00000000   0.00000000   0.00000000   0.00000000   0.00000000   0.00000000   0.00000000   0.00000000   0.00000000   0.00000000   0.00000000   0.00000000   0.00000000   0.00000000   0.00000000   0.00000000   0.00000000   0.00000000   0.00000000   0.00000000   0.00000000   0.00000000   0.00000000   0.00000000   0.00000000   0.00000000   0.00000000   0.00000000   0.00000000   0.00000000   0.00000000 
 -4.34175469  -4.33868070  -4.32909676  -4.31186571  -4.28492469  -4.24504482  -4.18751737  -4.10579045  -3.99109210  -3.83209681  -3.61472963  -3.32226121  -2.93591609  -2.43624124  -1.80536212  -1.02993075  -0.10422074   0.96716380   2.16702913   3.46349837   4.80822948   6.13616113   7.36890600   8.42378692   9.22869275   9.73919248   9.94986930   9.89031654   9.60275632   9.11337684   8.42182782   7.52393099   6.45033636   5.28244277   4.12854853   3.08372260   2.20526570   1.51146590   0.99271102   0.62406473   0.37482026   0.21461055   0.11686600   0.06037715   0.02952014   0.01362442   0.00592027   0.00241567   0.00092307   0.00032941   0.00010947   0.00003378   0.00000965   0.00000255   0.00000062   0.00000014   0.00000003   0.00000001   0.00000000   0.00000000   0.00000000   0.00000000   0.00000000   0.00000000   0.00000000   0.00000000   0.00000000   0.00000000   0.00000000   0.00000000   0.00000000   0.00000000   0.00000000   0.00000000   0.00000000   0.00000000   0.00000000   0.00000000   0.00000000   0.00000000   0.00000000   0.00000000   0.00000000   0.00000000   0.00000000   0.00000000   0.00000000   0.00000000   0.00000000   0.00000000   0.00000000   0.00000000   0.00000000   0.00000000   0.00000000   0.00000000   0.00000000   0.00000000   0.00000000   0.00000000   0.00000000 
 -1.34848971  -1.35454347  -1.37237656  -1.40094952  -1.43835013  -1.48153665  -1.52600330  -1.56539338  -1.59109354  -1.59185561  -1.55351407  -1.45890472  -1.28814920  -1.01953813  -0.63127364  -0.10422074   0.57449960   1.40762743   2.38425920   3.47714363   4.64107636   5.81319814   6.91683620   7.87066961   8.60342352   9.07067256   9.26589539   9.21639270   8.96110266   8.52229071   7.89528265   7.07114597   6.07528169   4.98367645   3.89985195   2.91553964   2.08646745   1.43091250   0.94033777   0.59146727   0.35543576   0.20362104   0.11094005   0.05734494   0.02805149   0.01295276   0.00563099   0.00229864   0.00087872   0.00031370   0.00010429   0.00003220   0.00000920   0.00000243   0.00000059   0.00000013   0.00000003   0.00000000   0.00000000   0.00000000   0.00000000   0.00000000   0.00000000   0.00000000   0.00000000   0.00000000   0.00000000   0.00000000   0.00000000   0.00000000   0.00000000   0.00000000   0.00000000   0.00000000   0.00000000   0.00000000   0.00000000   0.00000000   0.00000000   0.00000000   0.00000000   0.00000000   0.00000000   0.00000000   0.00000000   0.00000000   0.00000000   0.00000000   0.00000000   0.00000000   0.00000000   0.00000000   0.00000000   0.00000000   0.00000000   0.00000000   0.00000000   0.00000000   0.00000000   0.00000000   0.00000000 
  1.55822071   1.54439450   1.50319776   1.43553492   1.34310545   1.22867821   1.09644842   0.95245020   0.80498990   0.66505560   0.54664384   0.46692100   0.44609816   0.50683990   0.67296337   0.96716380   1.40762743   2.00373927   2.75155682   3.63000067   4.59868825   5.59834834   6.55507512   7.38975857   8.03271378   8.44017259   8.60501053   8.55257308   8.31875128   7.92211896   7.35391477   6.60055366   5.68195975   4.66810436   3.65693332   2.73610444   1.95925790   1.34438232   0.88391684   0.55625628   0.33444400   0.19169168   0.10449260   0.05403873   0.02644683   0.01221748   0.00531372   0.00217007   0.00082991   0.00029640   0.00009858   0.00003044   0.00000871   0.00000230   0.00000056   0.00000012   0.00000003   0.00000000   0.00000000   0.00000000   0.00000000   0.00000000   0.00000000   0.00000000   0.00000000   0.00000000   0.00000000   0.00000000   0.00000000   0.00000000   0.00000000   0.00000000   0.00000000   0.00000000   0.00000000   0.00000000   0.00000000   0.00000000   0.00000000   0.00000000   0.00000000   0.00000000   0.00000000   0.00000000   0.00000000   0.00000000   0.00000000   0.00000000   0.00000000   0.00000000   0.00000000   0.00000000   0.00000000   0.00000000   0.00000000   0.00000000   0.00000000   0.00000000   0.00000000   0.00000000   0.00000000 
  4.35156983   4.33133288   4.27084671   4.17084728   4.03276369   3.85900771   3.65335110   3.42136250   3.17086785   2.91238865   2.65950091   2.42904057   2.24105577   2.11836654   2.08553894   2.16702913   2.38425920   2.75155682   3.27131123   3.92928220   4.69144423   5.50385029   6.29687512   6.99482068   7.53052925   7.86158953   7.98072995   7.91159318   7.68720806   7.32274098   6.80575945   6.11837202   5.27499996   4.33908468   3.40218340   2.54708629   1.82477338   1.25262422   0.82392323   0.51872051   0.31201264   0.17891528   0.09757247   0.05048289   0.02471768   0.01142370   0.00497062   0.00203079   0.00077695   0.00027759   0.00009236   0.00002853   0.00000816   0.00000216   0.00000052   0.00000012   0.00000002   0.00000000   0.00000000   0.00000000   0.00000000   0.00000000   0.00000000   0.00000000   0.00000000   0.00000000   0.00000000   0.00000000   0.00000000   0.00000000   0.00000000   0.00000000   0.00000000   0.00000000   0.00000000   0.00000000   0.00000000   0.00000000   0.00000000   0.00000000   0.00000000   0.00000000   0.00000000   0.00000000   0.00000000   0.00000000   0.00000000   0.00000000   0.00000000   0.00000000   0.00000000   0.00000000   0.00000000   0.00000000   0.00000000   0.00000000   0.00000000   0.00000000   0.00000000   0.00000000   0.00000000 
  6.99290336   6.96761543   6.89191107   6.76633256   6.59199296   6.37087609   6.10622859   5.80301596   5.46840587   5.11223258   4.74738496   4.39004634   4.05969511   3.77874763   3.57168936   3.46349837   3.47714363   3.63000067   3.92928220   4.36711512   4.91660622   5.53075989   6.14607047   6.69185059   7.10465886   7.34419752   7.40340681   7.30431087   7.07713179   6.73392492   6.25919273   5.63138179   4.85965745   4.00056911   3.13850546   2.35056757   1.68446455   1.15661400   0.76098765   0.47925030   0.28837240   0.16542173   0.09024920   0.04671272   0.02288099   0.01057912   0.00460496   0.00188213   0.00072035   0.00025746   0.00008569   0.00002648   0.00000758   0.00000200   0.00000049   0.00000011   0.00000002   0.00000000   0.00000000   0.00000000   0.00000000   0.00000000   0.00000000   0.00000000   0.00000000   0.00000000   0.00000000   0.00000000   0.00000000   0.00000000   0.00000000   0.00000000   0.00000000   0.00000000   0.00000000   0.00000000   0.00000000   0.00000000   0.00000000   0.00000000   0.00000000   0.00000000   0.00000000   0.00000000   0.00000000   0.00000000   0.00000000   0.00000000   0.00000000   0.00000000   0.00000000   0.00000000   0.00000000   0.00000000   0.00000000   0.00000000   0.00000000   0.00000000   0.00000000   0.00000000   0.00000000 
  9.42954788   9.40054985   9.31364548   9.16916838   8.96788609   8.71130402   8.40206434   8.04441258   7.64469608   7.21184846   6.75780339   6.29776669   5.85025943   5.43682376   5.08125885   4.80822948   4.64107636   4.59868825   4.69144423   4.91660622   5.25419376   5.66512472   6.09374728   6.47622862   6.75429120   6.89058412   6.87849397   6.73827662   6.49720154   6.16447542   5.72232878   5.14652719   4.44156333   3.65695251   2.86922627   2.14899119   1.54006540   1.05753634   0.69588649   0.43833231   0.26381437   0.15137684   0.08261252   0.04277426   0.02095911   0.00969396   0.00422117   0.00172588   0.00066078   0.00023625   0.00007866   0.00002432   0.00000696   0.00000184   0.00000045   0.00000010   0.00000002   0.00000000   0.00000000   0.00000000   0.00000000   0.00000000   0.00000000   0.00000000   0.00000000   0.00000000   0.00000000   0.00000000   0.00000000   0.00000000   0.00000000   0.00000000   0.00000000   0.00000000   0.00000000   0.00000000   0.00000000   0.00000000   0.00000000   0.00000000   0.00000000   0.00000000   0.00000000   0.00000000   0.00000000   0.00000000   0.00000000   0.00000000   0.00000000   0.00000000   0.00000000   0.00000000   0.00000000   0.00000000   0.00000000   0.00000000   0.00000000   0.00000000   0.00000000   0.00000000   0.00000000 
 11.59492178  11.56351259  11.46930421  11.31241777  11.09326378  10.81284287  10.47314221  10.07760216   9.63161917   9.14304129   8.62260124   8.08421839   7.54508542   7.02543731   6.54788239   6.13616113   5.81319814   5.59834834   5.50385029   5.53075989   5.66512472   5.87584585   6.11623153   6.33097486   6.46849580   6.49527662   6.40526523   6.21654928   5.95306345   5.62135757   5.20234808   4.67044112   4.02641011   3.31287183   2.59796818   1.94507848   1.39354034   0.95675127   0.62952097   0.39653710   0.23868298   0.13697848   0.07477038   0.03872333   0.01897932   0.00878081   0.00382469   0.00156425   0.00059909   0.00021426   0.00007136   0.00002207   0.00000632   0.00000167   0.00000041   0.00000009   0.00000002   0.00000000   0.00000000   0.00000000   0.00000000   0.00000000   0.00000000   0.00000000   0.00000000   0.00000000   0.00000000   0.00000000   0.00000000   0.00000000   0.00000000   0.00000000   0.00000000   0.00000000   0.00000000   0.00000000   0.00000000   0.00000000   0.00000000   0.00000000   0.00000000   0.00000000   0.00000000   0.00000000   0.00000000   0.00000000   0.00000000   0.00000000   0.00000000   0.00000000   0.00000000   0.00000000   0.00000000   0.00000000   0.00000000   0.00000000   0.00000000   0.00000000   0.00000000   0.00000000   0.00000000 
 13.41289478  13.38030392  13.28248285  13.11934735  12.89095763  12.59780858  12.24121399  11.82376192  11.34981026  10.82598194  10.26160848   9.66905710   9.06386154   8.46456055   7.89213243   7.36890600   6.91683620   6.55507512   6.29687512   6.14607047   6.09374728   6.11623153   6.17603458   6.22737977   6.22661598   6.14484968   5.97659768   5.73718879   5.44664500   5.10897598   4.70486091   4.20895233   3.61960309   2.97297009   2.32849035   1.74172149   1.24701118   0.85574534   0.56288573   0.35449965   0.21336446   0.12245008   0.06684547   0.03462373   0.01697299   0.00785420   0.00342186   0.00139985   0.00053626   0.00019184   0.00006391   0.00001977   0.00000566   0.00000150   0.00000036   0.00000008   0.00000002   0.00000000   0.00000000   0.00000000   0.00000000   0.00000000   0.00000000   0.00000000   0.00000000   0.00000000   0.00000000   0.00000000   0.00000000   0.00000000   0.00000000   0.00000000   0.00000000   0.00000000   0.00000000   0.00000000   0.00000000   0.00000000   0.00000000   0.00000000   0.00000000   0.00000000   0.00000000   0.00000000   0.00000000   0.00000000   0.00000000   0.00000000   0.00000000   0.00000000   0.00000000   0.00000000   0.00000000   0.00000000   0.00000000   0.00000000   0.00000000   0.00000000   0.00000000   0.00000000   0.00000000 
 14.80806204  14.77541928  14.67738115  14.51367524  14.28403551  13.98847498  13.62764862  13.20328659  12.71867033  12.17911579  11.59241707  10.96919167  10.32305388   9.67052779   9.03059759   8.42378692   7.87066961   7.38975857   6.99482068   6.69185059   6.47622862   6.33097486   6.22737977   6.12930811   6.00154968   5.82025364   5.58038119   5.29385306   4.97614682   4.62882192   4.23344302   3.76665784   3.22592517   2.64165150   2.06451310   1.54185726   1.10266805   0.75607021   0.49702788   0.31289330   0.18827105   0.10803155   0.05897027   0.03054472   0.01497432   0.00693006   0.00301967   0.00123552   0.00047340   0.00016939   0.00005644   0.00001746   0.00000500   0.00000132   0.00000032   0.00000007   0.00000001   0.00000000   0.00000000   0.00000000   0.00000000   0.00000000   0.00000000   0.00000000   0.00000000   0.00000000   0.00000000   0.00000000   0.00000000   0.00000000   0.00000000   0.00000000   0.00000000   0.00000000   0.00000000   0.00000000   0.00000000   0.00000000   0.00000000   0.00000000   0.00000000   0.00000000   0.00000000   0.00000000   0.00000000   0.00000000   0.00000000   0.00000000   0.00000000   0.00000000   0.00000000   0.00000000   0.00000000   0.00000000   0.00000000   0.00000000   0.00000000   0.00000000   0.00000000   0.00000000   0.00000000 
 15.72178752  15.69009195  15.59484304  15.43560618  15.21182834  14.92308737  14.56942574  14.15175179  13.67228576  13.13501952  12.54614989  11.91443347  11.25139808  10.57133157   9.89095637   9.22869275   8.60342352   8.03271378   7.53052925   7.10465886   6.75429120   6.46849580   6.22661598   6.00154968   5.76618680   5.50153975   5.20270852   4.87766727   4.53689198   4.17965752   3.78948059   3.34665595   2.84927430   2.32286167   1.80954427   1.34833478   0.96267081   0.65927239   0.43299922   0.27239879   0.16382190   0.09396811   0.05128083   0.02655777   0.01301876   0.00602495   0.00262538   0.00107428   0.00041166   0.00014732   0.00004909   0.00001519   0.00000435   0.00000115   0.00000028   0.00000006   0.00000001   0.00000000   0.00000000   0.00000000   0.00000000   0.00000000   0.00000000   0.00000000   0.00000000   0.00000000   0.00000000   0.00000000   0.00000000   0.00000000   0.00000000   0.00000000   0.00000000   0.00000000   0.00000000   0.00000000   0.00000000   0.00000000   0.00000000   0.00000000   0.00000000   0.00000000   0.00000000   0.00000000   0.00000000   0.00000000   0.00000000   0.00000000   0.00000000   0.00000000   0.00000000   0.00000000   0.00000000   0.00000000   0.00000000   0.00000000   0.00000000   0.00000000   0.00000000   0.00000000   0.00000000 
 16.13013152  16.10022238  16.01029159  15.85977514  15.64788459  15.37382887  15.03711250  14.63789755  14.17741042  13.65836843  13.08539264  12.46536295  11.80766009  11.12422618  10.42936440   9.73919248   9.07067256   8.44017259   7.86158953   7.34419752   6.89058412   6.49527662   6.14484968   5.82025364   5.50153975   5.17388245   4.83208791   4.47993877   4.12287500   3.75824640   3.37240158   2.95052107   2.49253227   2.01992862   1.56672849   1.16378751   0.82904905   0.56681957   0.37180493   0.23367040   0.14042193   0.08049775   0.04390978   0.02273279   0.01114112   0.00515522   0.00224620   0.00091910   0.00035220   0.00012605   0.00004201   0.00001300   0.00000373   0.00000099   0.00000024   0.00000005   0.00000001   0.00000000   0.00000000   0.00000000   0.00000000   0.00000000   0.00000000   0.00000000   0.00000000   0.00000000   0.00000000   0.00000000   0.00000000   0.00000000   0.00000000   0.00000000   0.00000000   0.00000000   0.00000000   0.00000000   0.00000000   0.00000000   0.00000000   0.00000000   0.00000000   0.00000000   0.00000000   0.00000000   0.00000000   0.00000000   0.00000000   0.00000000   0.00000000   0.00000000   0.00000000   0.00000000   0.00000000   0.00000000   0.00000000   0.00000000   0.00000000   0.00000000   0.00000000   0.00000000   0.00000000 
 16.05524458  16.02777769  15.94514515  15.80669068  15.61145089  15.35834663  15.04644221  14.67526274  14.24515537  13.75767487  13.21596684  12.62511311  11.99239388  11.32740993  10.64199838   9.94986930   9.26589539   8.60501053   7.98072995   7.40340681   6.87849397   6.40526523   5.97659768   5.58038119   5.20270852   4.83208791   4.46274279   4.09451902   3.72838798   3.36039103   2.98025382   2.57855125   2.15760376   1.73549344   1.33873819   0.99052364   0.70360919   0.48002948   0.31435291   0.19730197   0.11844028   0.06783835   0.03697901   0.01913431   0.00937364   0.00433601   0.00188884   0.00077275   0.00029609   0.00010596   0.00003531   0.00001093   0.00000313   0.00000083   0.00000020   0.00000005   0.00000001   0.00000000   0.00000000   0.00000000   0.00000000   0.00000000   0.00000000   0.00000000   0.00000000   0.00000000   0.00000000   0.00000000   0.00000000   0.00000000   0.00000000   0.00000000   0.00000000   0.00000000   0.00000000   0.00000000   0.00000000   0.00000000   0.00000000   0.00000000   0.00000000   0.00000000   0.00000000   0.00000000   0.00000000   0.00000000   0.00000000   0.00000000   0.00000000   0.00000000   0.00000000   0.00000000   0.00000000   0.00000000   0.00000000   0.00000000   0.00000000   0.00000000   0.00000000   0.00000000   0.00000000 
 15.56031437  15.53574866  15.46180412  15.33777137  15.16257679  14.93494300  14.65360760  14.31759356  13.92652124  13.48094744  12.98271127  12.43525973  11.84391681  11.21605153  10.56109061   9.89031654   9.21639270   8.55257308   7.91159318   7.30431087   6.73827662   6.21654928   5.73718879   5.29385306   4.87766727   4.47993877   4.09451902   3.71825155   3.34884487   2.98185498   2.61046800   2.23024617   1.84562503   1.47153995   1.12771658   0.83044356   0.58785664   0.40000752   0.26140819   0.16379589   0.09819041   0.05617559   0.03059277   0.01581769   0.00774408   0.00358045   0.00155910   0.00063766   0.00024428   0.00008740   0.00002913   0.00000901   0.00000258   0.00000068   0.00000017   0.00000004   0.00000001   0.00000000   0.00000000   0.00000000   0.00000000   0.00000000   0.00000000   0.00000000   0.00000000   0.00000000   0.00000000   0.00000000   0.00000000   0.00000000   0.00000000   0.00000000   0.00000000   0.00000000   0.00000000   0.00000000   0.00000000   0.00000000   0.00000000   0.00000000   0.00000000   0.00000000   0.00000000   0.00000000   0.00000000   0.00000000   0.00000000   0.00000000   0.00000000   0.00000000   0.00000000   0.00000000   0.00000000   0.00000000   0.00000000   0.00000000   0.00000000   0.00000000   0.00000000   0.00000000   0.00000000 
 14.72498493  14.70358257  14.63912516  14.53088837  14.37775293  14.17833524  13.93116666  13.63491740  13.28865830  12.89215043  12.44614791  11.95269392  11.41538262  10.83955272  10.23237070   9.60275632   8.96110266   8.31875128   7.68720806   7.07713179   6.49720154   5.95306345   5.44664500   4.97614682   4.53689198   4.12287500   3.72838798   3.34884487   2.98036094   2.61887310   2.26061789   1.90490916   1.55729095   1.22950459   0.93527024   0.68498860   0.48293843   0.32759798   0.21355640   0.13353771   0.07991363   0.04565293   0.02483193   0.01282605   0.00627413   0.00289881   0.00126157   0.00051574   0.00019750   0.00007065   0.00002354   0.00000728   0.00000209   0.00000055   0.00000013   0.00000003   0.00000001   0.00000000   0.00000000   0.00000000   0.00000000   0.00000000   0.00000000   0.00000000   0.00000000   0.00000000   0.00000000   0.00000000   0.00000000   0.00000000   0.00000000   0.00000000   0.00000000   0.00000000   0.00000000   0.00000000   0.00000000   0.00000000   0.00000000   0.00000000   0.00000000   0.00000000   0.00000000   0.00000000   0.00000000   0.00000000   0.00000000   0.00000000   0.00000000   0.00000000   0.00000000   0.00000000   0.00000000   0.00000000   0.00000000   0.00000000   0.00000000   0.00000000   0.00000000   0.00000000   0.00000000 
