# coconut-me2b/v0.99.21 
# 
# momentum space matrix elements 
# partial wave J=2, L=2/2, S=0, T=1, MT=0 
# 
# momentum grid [fm^-1]
0.000000 0.100000 0.200000 0.300000 0.400000 0.500000 0.600000 0.700000 0.800000 0.900000 1.000000 1.100000 1.200000 1.300000 1.400000 1.500000 1.600000 1.700000 1.800000 1.900000 2.000000 2.100000 2.200000 2.300000 2.400000 2.500000 2.600000 2.700000 2.800000 2.900000 3.000000 3.100000 3.200000 3.300000 3.400000 3.500000 3.600000 3.700000 3.800000 3.900000 4.000000 4.100000 4.200000 4.300000 4.400000 4.500000 4.600000 4.700000 4.800000 4.900000 5.000000 5.100000 5.200000 5.300000 5.400000 5.500000 5.600000 5.700000 5.800000 5.900000 6.000000 6.100000 6.200000 6.300000 6.400000 6.500000 6.600000 6.700000 6.800000 6.900000 7.000000 7.100000 7.200000 7.300000 7.400000 7.500000 7.600000 7.700000 7.800000 7.900000 8.000000 8.100000 8.200000 8.300000 8.400000 8.500000 8.600000 8.700000 8.800000 8.900000 9.000000 9.100000 9.200000 9.300000 9.400000 9.500000 9.600000 9.700000 9.800000 9.900000 10.000000 
#
# matrix elements [MeV fm^3] 
  0.00379119  -0.00000000  -0.00000000  -0.00000000  -0.00000000  -0.00000000  -0.00000000  -0.00000000  -0.00000000  -0.00000000  -0.00000000  -0.00000000   0.00000000  -0.00000000  -0.00000000   0.00000000  -0.00000000  -0.00000000   0.00000000   0.00000000   0.00000000   0.00000000   0.00000000   0.00000000  -0.00000000  -0.00000000  -0.00000000   0.00000000   0.00000000   0.00000000   0.00000000   0.00000000   0.00000000  -0.00000000   0.00000000   0.00000000  -0.00000000  -0.00000000  -0.00000000   0.00000000  -0.00000000   0.00000000   0.00000000   0.00000000   0.00000000   0.00000000   0.00000000   0.00000000   0.00000000   0.00000000   0.00000000   0.00000000   0.00000000   0.00000000   0.00000000   0.00000000   0.00000000   0.00000000   0.00000000   0.00000000   0.00000000   0.00000000   0.00000000   0.00000000   0.00000000   0.00000000   0.00000000   0.00000000   0.00000000   0.00000000   0.00000000  -0.00000000   0.00000000   0.00000000   0.00000000   0.00000000   0.00000000   0.00000000   0.00000000   0.00000000   0.00000000   0.00000000   0.00000000   0.00000000   0.00000000   0.00000000   0.00000000   0.00000000   0.00000000   0.00000000   0.00000000   0.00000000   0.00000000  -0.00000000   0.00000000   0.00000000  -0.00000000   0.00000000   0.00000000   0.00000000   0.00000000 
 -0.00000000  -0.00335267  -0.01160378  -0.02084154  -0.02783846  -0.03143986  -0.03212326  -0.03095884  -0.02890905  -0.02660046  -0.02435654  -0.02230341  -0.02046284  -0.01881230  -0.01731691  -0.01594257  -0.01465837  -0.01343356  -0.01223258  -0.01101098  -0.00971441  -0.00828273  -0.00666042  -0.00481322  -0.00274804  -0.00053070   0.00170678   0.00377720   0.00547138   0.00660822   0.00708675   0.00691927   0.00622961   0.00521475   0.00408604   0.00301553   0.00210794   0.00140189   0.00088941   0.00053874   0.00031137   0.00017143   0.00008972   0.00004454   0.00002093   0.00000928   0.00000387   0.00000152   0.00000056   0.00000019   0.00000006   0.00000002   0.00000000   0.00000000   0.00000000   0.00000000   0.00000000   0.00000000   0.00000000   0.00000000   0.00000000   0.00000000   0.00000000   0.00000000   0.00000000   0.00000000   0.00000000   0.00000000   0.00000000   0.00000000   0.00000000   0.00000000   0.00000000   0.00000000   0.00000000   0.00000000   0.00000000   0.00000000   0.00000000   0.00000000   0.00000000   0.00000000   0.00000000   0.00000000   0.00000000   0.00000000   0.00000000   0.00000000   0.00000000   0.00000000   0.00000000   0.00000000   0.00000000   0.00000000   0.00000000   0.00000000   0.00000000   0.00000000   0.00000000   0.00000000   0.00000000 
 -0.00000000  -0.01160378  -0.04075305  -0.07471032  -0.10203502  -0.11764320  -0.12229470  -0.11944246  -0.11261825  -0.10432200  -0.09595192  -0.08812344  -0.08100790  -0.07457086  -0.06870663  -0.06329850  -0.05823390  -0.05339577  -0.04864508  -0.04380567  -0.03866099  -0.03297098  -0.02651399  -0.01915324  -0.01091669  -0.00206786   0.00686489   0.01513267   0.02189852   0.02643792   0.02834667   0.02767364   0.02491365   0.02085411   0.01633984   0.01205867   0.00842921   0.00560579   0.00355648   0.00215426   0.00124504   0.00068547   0.00035877   0.00017811   0.00008367   0.00003710   0.00001549   0.00000608   0.00000223   0.00000077   0.00000024   0.00000007   0.00000002   0.00000001   0.00000000   0.00000000   0.00000000   0.00000000   0.00000000   0.00000000   0.00000000   0.00000000   0.00000000   0.00000000   0.00000000   0.00000000   0.00000000   0.00000000   0.00000000   0.00000000   0.00000000   0.00000000   0.00000000   0.00000000   0.00000000   0.00000000   0.00000000   0.00000000   0.00000000   0.00000000   0.00000000   0.00000000   0.00000000   0.00000000   0.00000000   0.00000000   0.00000000   0.00000000   0.00000000   0.00000000   0.00000000   0.00000000   0.00000000   0.00000000   0.00000000   0.00000000   0.00000000   0.00000000   0.00000000   0.00000000   0.00000000 
 -0.00000000  -0.02084154  -0.07471032  -0.14104798  -0.19909860  -0.23697666  -0.25320791  -0.25274963  -0.24219399  -0.22692422  -0.21033798  -0.19417019  -0.17909731  -0.16524275  -0.15249473  -0.14066519  -0.12954308  -0.11888817  -0.10839991  -0.09768829  -0.08626947  -0.07360514  -0.05919797  -0.04274130  -0.02429911  -0.00446534   0.01557033   0.03412216   0.04930636   0.05949200   0.06376854   0.06224445   0.05603116   0.04689829   0.03674467   0.02711643   0.01895437   0.01260524   0.00799700   0.00484394   0.00279950   0.00154128   0.00080670   0.00040048   0.00018813   0.00008343   0.00003483   0.00001366   0.00000502   0.00000172   0.00000055   0.00000016   0.00000004   0.00000001   0.00000000   0.00000000   0.00000000   0.00000000   0.00000000   0.00000000   0.00000000   0.00000000   0.00000000   0.00000000   0.00000000   0.00000000   0.00000000   0.00000000   0.00000000   0.00000000   0.00000000   0.00000000   0.00000000   0.00000000   0.00000000   0.00000000   0.00000000   0.00000000   0.00000000   0.00000000   0.00000000   0.00000000   0.00000000   0.00000000   0.00000000   0.00000000   0.00000000   0.00000000   0.00000000   0.00000000   0.00000000   0.00000000   0.00000000   0.00000000   0.00000000   0.00000000   0.00000000   0.00000000   0.00000000   0.00000000   0.00000000 
 -0.00000000  -0.02783846  -0.10203502  -0.19909860  -0.29213521  -0.36160881  -0.40032416  -0.41148959  -0.40328505  -0.38407134  -0.36004271  -0.33490412  -0.31047690  -0.28744556  -0.26591774  -0.24574596  -0.22666309  -0.20830197  -0.19016032  -0.17156140  -0.15165361  -0.12948468  -0.10417365  -0.07517800  -0.04261407  -0.00754019   0.02792641   0.06078687   0.08769038   0.10573527   0.11329986   0.11057290   0.09952527   0.08329747   0.06526021   0.04815823   0.03366155   0.02238539   0.01420139   0.00860192   0.00497131   0.00273695   0.00143248   0.00071114   0.00033407   0.00014814   0.00006185   0.00002425   0.00000891   0.00000306   0.00000098   0.00000029   0.00000008   0.00000002   0.00000000   0.00000000   0.00000000   0.00000000   0.00000000   0.00000000   0.00000000   0.00000000   0.00000000   0.00000000   0.00000000   0.00000000   0.00000000   0.00000000   0.00000000   0.00000000   0.00000000   0.00000000   0.00000000   0.00000000   0.00000000   0.00000000   0.00000000   0.00000000   0.00000000   0.00000000   0.00000000   0.00000000   0.00000000   0.00000000   0.00000000   0.00000000   0.00000000   0.00000000   0.00000000   0.00000000   0.00000000   0.00000000   0.00000000   0.00000000   0.00000000   0.00000000   0.00000000   0.00000000   0.00000000   0.00000000   0.00000000 
 -0.00000000  -0.03143986  -0.11764320  -0.23697666  -0.36160881  -0.46677664  -0.53795288  -0.57270517  -0.57736815  -0.56167560  -0.53458751  -0.50248532  -0.46914530  -0.43645280  -0.40515901  -0.37540683  -0.34700184  -0.31949659  -0.29217455  -0.26401383  -0.23370186  -0.19976037  -0.16081897  -0.11603502  -0.06559521  -0.01115807   0.04396359   0.09507975   0.13695040   0.16503661   0.17679768   0.17251954   0.15527077   0.12994685   0.10180396   0.07512267   0.05250736   0.03491704   0.02215094   0.01341672   0.00775378   0.00426877   0.00223419   0.00110913   0.00052102   0.00023104   0.00009647   0.00003783   0.00001389   0.00000477   0.00000152   0.00000045   0.00000012   0.00000003   0.00000001   0.00000000   0.00000000   0.00000000   0.00000000   0.00000000   0.00000000   0.00000000   0.00000000   0.00000000   0.00000000   0.00000000   0.00000000   0.00000000   0.00000000   0.00000000   0.00000000   0.00000000   0.00000000   0.00000000   0.00000000   0.00000000   0.00000000   0.00000000   0.00000000   0.00000000   0.00000000   0.00000000   0.00000000   0.00000000   0.00000000   0.00000000   0.00000000   0.00000000   0.00000000   0.00000000   0.00000000   0.00000000   0.00000000   0.00000000   0.00000000   0.00000000   0.00000000   0.00000000   0.00000000   0.00000000   0.00000000 
 -0.00000000  -0.03212326  -0.12229470  -0.25320791  -0.40032416  -0.53795288  -0.64597052  -0.71446773  -0.74415493  -0.74286419  -0.72075665  -0.68679711  -0.64733489  -0.60619966  -0.56538956  -0.52574559  -0.48738611  -0.44989976  -0.41238334  -0.37343286  -0.33119234  -0.28355068  -0.22854504  -0.16497037  -0.09310369  -0.01534166   0.06353696   0.13677035   0.19680433   0.23709256   0.25396286   0.24780944   0.22303009   0.18665244   0.14622575   0.10789924   0.07541430   0.05014834   0.03181249   0.01926815   0.01113517   0.00613024   0.00320839   0.00159273   0.00074819   0.00033177   0.00013852   0.00005432   0.00001995   0.00000685   0.00000219   0.00000065   0.00000018   0.00000005   0.00000001   0.00000000   0.00000000   0.00000000   0.00000000   0.00000000   0.00000000   0.00000000   0.00000000   0.00000000   0.00000000   0.00000000   0.00000000   0.00000000   0.00000000   0.00000000   0.00000000   0.00000000   0.00000000   0.00000000   0.00000000   0.00000000   0.00000000   0.00000000   0.00000000   0.00000000   0.00000000   0.00000000   0.00000000   0.00000000   0.00000000   0.00000000   0.00000000   0.00000000   0.00000000   0.00000000   0.00000000   0.00000000   0.00000000   0.00000000   0.00000000   0.00000000   0.00000000   0.00000000   0.00000000   0.00000000   0.00000000 
 -0.00000000  -0.03095884  -0.11944246  -0.25274963  -0.41148959  -0.57270517  -0.71446773  -0.82084933  -0.88518344  -0.90992179  -0.90340447  -0.87569329  -0.83556182  -0.78930105  -0.74080890  -0.69216283  -0.64415615  -0.59661734  -0.54853867  -0.49812777  -0.44291874  -0.38006850  -0.30692253  -0.22185347  -0.12525079  -0.02038967   0.08621211   0.18533720   0.26668858   0.32133751   0.34426147   0.33596565   0.30239899   0.25308862   0.19827589   0.14630537   0.10225494   0.06799429   0.04313188   0.02612323   0.01509635   0.00831079   0.00434955   0.00215920   0.00101428   0.00044976   0.00018779   0.00007364   0.00002705   0.00000928   0.00000297   0.00000088   0.00000024   0.00000006   0.00000001   0.00000000   0.00000000   0.00000000   0.00000000   0.00000000   0.00000000   0.00000000   0.00000000   0.00000000   0.00000000   0.00000000   0.00000000   0.00000000   0.00000000   0.00000000   0.00000000   0.00000000   0.00000000   0.00000000   0.00000000   0.00000000   0.00000000   0.00000000   0.00000000   0.00000000   0.00000000   0.00000000   0.00000000   0.00000000   0.00000000   0.00000000   0.00000000   0.00000000   0.00000000   0.00000000   0.00000000   0.00000000   0.00000000   0.00000000   0.00000000   0.00000000   0.00000000   0.00000000   0.00000000   0.00000000   0.00000000 
 -0.00000000  -0.02890905  -0.11261825  -0.24219399  -0.40328505  -0.57736815  -0.74415493  -0.88518344  -0.98771540  -1.04722650  -1.06708911  -1.05570336  -1.02286495  -0.97712394  -0.92468901  -0.86942338  -0.81325043  -0.75653536  -0.69831569  -0.63644631  -0.56780805  -0.48873847  -0.39579803  -0.28688038  -0.16251213  -0.02698977   0.11115407   0.23985987   0.34565507   0.41684796   0.44683854   0.43623458   0.39274470   0.32874901   0.25756794   0.19005958   0.13283334   0.08832450   0.05602615   0.03393154   0.01960807   0.01079428   0.00564919   0.00280432   0.00131731   0.00058412   0.00024388   0.00009563   0.00003513   0.00001205   0.00000385   0.00000114   0.00000031   0.00000008   0.00000002   0.00000000   0.00000000   0.00000000   0.00000000   0.00000000   0.00000000   0.00000000   0.00000000   0.00000000   0.00000000   0.00000000   0.00000000   0.00000000   0.00000000   0.00000000   0.00000000   0.00000000   0.00000000   0.00000000   0.00000000   0.00000000   0.00000000   0.00000000   0.00000000   0.00000000   0.00000000   0.00000000   0.00000000   0.00000000   0.00000000   0.00000000   0.00000000   0.00000000   0.00000000   0.00000000   0.00000000   0.00000000   0.00000000   0.00000000   0.00000000   0.00000000   0.00000000   0.00000000   0.00000000   0.00000000   0.00000000 
 -0.00000000  -0.02660046  -0.10432200  -0.22692422  -0.38407134  -0.56167560  -0.74286419  -0.90992179  -1.04722650  -1.14444457  -1.19854414  -1.21343486  -1.19742661  -1.16000884  -1.10944902  -1.05170185  -0.99026106  -0.92639020  -0.85939241  -0.78685793  -0.70500356  -0.60927836  -0.49537396  -0.36065368  -0.20580916  -0.03630332   0.13703882   0.29892704   0.43227791   0.52225084   0.56043178   0.54750852   0.49313984   0.41289316   0.32353790   0.23875170   0.16686446   0.11094953   0.07037490   0.04261997   0.02462798   0.01355735   0.00709506   0.00352199   0.00165440   0.00073358   0.00030628   0.00012010   0.00004411   0.00001514   0.00000484   0.00000144   0.00000040   0.00000010   0.00000002   0.00000001   0.00000000   0.00000000   0.00000000   0.00000000   0.00000000   0.00000000   0.00000000   0.00000000   0.00000000   0.00000000   0.00000000   0.00000000   0.00000000   0.00000000   0.00000000   0.00000000   0.00000000   0.00000000   0.00000000   0.00000000   0.00000000   0.00000000   0.00000000   0.00000000   0.00000000   0.00000000   0.00000000   0.00000000   0.00000000   0.00000000   0.00000000   0.00000000   0.00000000   0.00000000   0.00000000   0.00000000   0.00000000   0.00000000   0.00000000   0.00000000   0.00000000   0.00000000   0.00000000   0.00000000   0.00000000 
 -0.00000000  -0.02435654  -0.09595192  -0.21033798  -0.36004271  -0.53458751  -0.72075665  -0.90340447  -1.06708911  -1.19854414  -1.28936471  -1.33767998  -1.34777488  -1.32779856  -1.28683309  -1.23262548  -1.17044301  -1.10277800  -1.02946420  -0.94796981  -0.85387893  -0.74171008  -0.60621831  -0.44419428  -0.25652729  -0.04999373   0.16201187   0.36058165   0.52458677   0.63564913   0.68329496   0.66825244   0.60229747   0.50449261   0.39540219   0.29181203   0.20395258   0.13560659   0.08601127   0.05208728   0.03009748   0.01656766   0.00867023   0.00430381   0.00202160   0.00089639   0.00037425   0.00014675   0.00005390   0.00001849   0.00000591   0.00000176   0.00000048   0.00000012   0.00000003   0.00000001   0.00000000   0.00000000   0.00000000   0.00000000   0.00000000   0.00000000   0.00000000   0.00000000   0.00000000   0.00000000   0.00000000   0.00000000   0.00000000   0.00000000   0.00000000   0.00000000   0.00000000   0.00000000   0.00000000   0.00000000   0.00000000   0.00000000   0.00000000   0.00000000   0.00000000   0.00000000   0.00000000   0.00000000   0.00000000   0.00000000   0.00000000   0.00000000   0.00000000   0.00000000   0.00000000   0.00000000   0.00000000   0.00000000   0.00000000   0.00000000   0.00000000   0.00000000   0.00000000   0.00000000   0.00000000 
 -0.00000000  -0.02230341  -0.08812344  -0.19417019  -0.33490412  -0.50248532  -0.68679711  -0.87569329  -1.05570336  -1.21343486  -1.33767998  -1.42169212  -1.46457074  -1.47084076  -1.44831936  -1.40536607  -1.34867611  -1.28207571  -1.20615456  -1.11843355  -1.01394051  -0.88625842  -0.72916331  -0.53884615  -0.31643422  -0.07016540   0.18372343   0.42232794   0.62004750   0.75458128   0.81314366   0.79644468   0.71851390   0.60218113   0.47211778   0.34848157   0.24357050   0.16194569   0.10271312   0.06219875   0.03593859   0.01978226   0.01035218   0.00513857   0.00241366   0.00107022   0.00044682   0.00017520   0.00006435   0.00002208   0.00000706   0.00000210   0.00000058   0.00000015   0.00000003   0.00000001   0.00000000   0.00000000   0.00000000   0.00000000   0.00000000   0.00000000   0.00000000   0.00000000   0.00000000   0.00000000   0.00000000   0.00000000   0.00000000   0.00000000   0.00000000   0.00000000   0.00000000   0.00000000   0.00000000   0.00000000   0.00000000   0.00000000   0.00000000   0.00000000   0.00000000   0.00000000   0.00000000   0.00000000   0.00000000   0.00000000   0.00000000   0.00000000   0.00000000   0.00000000   0.00000000   0.00000000   0.00000000   0.00000000   0.00000000   0.00000000   0.00000000   0.00000000   0.00000000   0.00000000   0.00000000 
 -0.00000000  -0.02046284  -0.08100790  -0.17909731  -0.31047690  -0.46914530  -0.64733489  -0.83556182  -1.02286495  -1.19742661  -1.34777488  -1.46457074  -1.54251730  -1.58146462  -1.58589933  -1.56288419  -1.51941483  -1.46026139  -1.38678622  -1.29669731  -1.18457032  -1.04309001  -0.86504709  -0.64603040  -0.38745757  -0.09917611   0.19947292   0.48122873   0.71561355   0.87603328   0.94713837   0.92954255   0.83962790   0.70421541   0.55234901   0.40778664   0.28504142   0.18951756   0.12019540   0.07278159   0.04205137   0.02314606   0.01211206   0.00601196   0.00282384   0.00125206   0.00052274   0.00020497   0.00007528   0.00002583   0.00000826   0.00000245   0.00000067   0.00000017   0.00000004   0.00000001   0.00000000   0.00000000   0.00000000   0.00000000   0.00000000   0.00000000   0.00000000   0.00000000   0.00000000   0.00000000   0.00000000   0.00000000   0.00000000   0.00000000   0.00000000   0.00000000   0.00000000   0.00000000   0.00000000   0.00000000   0.00000000   0.00000000   0.00000000   0.00000000   0.00000000   0.00000000   0.00000000   0.00000000   0.00000000   0.00000000   0.00000000   0.00000000   0.00000000   0.00000000   0.00000000   0.00000000   0.00000000   0.00000000   0.00000000   0.00000000   0.00000000   0.00000000   0.00000000   0.00000000   0.00000000 
 -0.00000000  -0.01881230  -0.07457086  -0.16524275  -0.28744556  -0.43645280  -0.60619966  -0.78930105  -0.97712394  -1.16000884  -1.32779856  -1.47084076  -1.58146462  -1.65552850  -1.69322741  -1.69844497  -1.67671152  -1.63265828  -1.56799503  -1.48056532  -1.36456408  -1.21184570  -1.01425318  -0.76680593  -0.47128254  -0.13928675   0.20649513   0.53412133   0.80787243   0.99652361   1.08192107   1.06448617   0.96300609   0.80845357   0.63444647   0.46852152   0.32752629   0.21776504   0.13810468   0.08362161   0.04831194   0.02659083   0.01391414   0.00690623   0.00324380   0.00143824   0.00060045   0.00023544   0.00008647   0.00002967   0.00000948   0.00000282   0.00000077   0.00000020   0.00000005   0.00000001   0.00000000   0.00000000   0.00000000   0.00000000   0.00000000   0.00000000   0.00000000   0.00000000   0.00000000   0.00000000   0.00000000   0.00000000   0.00000000   0.00000000   0.00000000   0.00000000   0.00000000   0.00000000   0.00000000   0.00000000   0.00000000   0.00000000   0.00000000   0.00000000   0.00000000   0.00000000   0.00000000   0.00000000   0.00000000   0.00000000   0.00000000   0.00000000   0.00000000   0.00000000   0.00000000   0.00000000   0.00000000   0.00000000   0.00000000   0.00000000   0.00000000   0.00000000   0.00000000   0.00000000   0.00000000 
 -0.00000000  -0.01731691  -0.06870663  -0.15249473  -0.26591774  -0.40515901  -0.56538956  -0.74080890  -0.92468901  -1.10944902  -1.28683309  -1.44831936  -1.58589933  -1.69322741  -1.76679322  -1.80641289  -1.81442537  -1.79368472  -1.74521428  -1.66655534  -1.55143712  -1.39093350  -1.17601431  -0.90120490  -0.56873977  -0.19212117   0.20241295   0.57797453   0.89330763   1.11227926   1.21372118   1.19775338   1.08556539   0.91235992   0.71644422   0.52924372   0.37001957   0.24602009   0.15601718   0.09446207   0.05457189   0.03003482   0.01571562   0.00780013   0.00366355   0.00162431   0.00067812   0.00026589   0.00009765   0.00003351   0.00001071   0.00000318   0.00000087   0.00000022   0.00000005   0.00000001   0.00000000   0.00000000   0.00000000   0.00000000   0.00000000   0.00000000   0.00000000   0.00000000   0.00000000   0.00000000   0.00000000   0.00000000   0.00000000   0.00000000   0.00000000   0.00000000   0.00000000   0.00000000   0.00000000   0.00000000   0.00000000   0.00000000   0.00000000   0.00000000   0.00000000   0.00000000   0.00000000   0.00000000   0.00000000   0.00000000   0.00000000   0.00000000   0.00000000   0.00000000   0.00000000   0.00000000   0.00000000   0.00000000   0.00000000   0.00000000   0.00000000   0.00000000   0.00000000   0.00000000   0.00000000 
 -0.00000000  -0.01594257  -0.06329850  -0.14066519  -0.24574596  -0.37540683  -0.52574559  -0.69216283  -0.86942338  -1.05170185  -1.23262548  -1.40536607  -1.56288419  -1.69844497  -1.80641289  -1.88303850  -1.92664710  -1.93673430  -1.91212813  -1.84910511  -1.74051709  -1.57658530  -1.34747831  -1.04733940  -0.67897957  -0.25793149   0.18586286   0.61039482   0.96868548   1.21951350   1.33854216   1.32547687   1.20384218   1.01304415   0.79608167   0.58828663   0.41135686   0.27350849   0.17344175   0.10500546   0.06065926   0.03338337   0.01746697   0.00866905   0.00407154   0.00180515   0.00075361   0.00029548   0.00010852   0.00003723   0.00001190   0.00000353   0.00000097   0.00000025   0.00000006   0.00000001   0.00000000   0.00000000   0.00000000   0.00000000   0.00000000   0.00000000   0.00000000   0.00000000   0.00000000   0.00000000   0.00000000   0.00000000   0.00000000   0.00000000   0.00000000   0.00000000   0.00000000   0.00000000   0.00000000   0.00000000   0.00000000   0.00000000   0.00000000   0.00000000   0.00000000   0.00000000   0.00000000   0.00000000   0.00000000   0.00000000   0.00000000   0.00000000   0.00000000   0.00000000   0.00000000   0.00000000   0.00000000   0.00000000   0.00000000   0.00000000   0.00000000   0.00000000   0.00000000   0.00000000   0.00000000 
 -0.00000000  -0.01465837  -0.05823390  -0.12954308  -0.22666309  -0.34700184  -0.48738611  -0.64415615  -0.81325043  -0.99026106  -1.17044301  -1.34867611  -1.51941483  -1.67671152  -1.81442537  -1.92664710  -2.00812933  -2.05426443  -2.06026002  -2.01977296  -1.92392670  -1.76175128  -1.52259441  -1.20032919  -0.79847591  -0.33470541   0.15726438   0.63026160   1.03155580   1.31480172   1.45243056   1.44362898   1.31411527   1.10734178   0.87085621   0.64379401   0.45023752   0.29936451   0.18982907   0.11491909   0.06638182   0.03653066   0.01911279   0.00948551   0.00445486   0.00197505   0.00082451   0.00032328   0.00011873   0.00004073   0.00001302   0.00000387   0.00000106   0.00000027   0.00000006   0.00000001   0.00000000   0.00000000   0.00000000   0.00000000   0.00000000   0.00000000   0.00000000   0.00000000   0.00000000   0.00000000   0.00000000   0.00000000   0.00000000   0.00000000   0.00000000   0.00000000   0.00000000   0.00000000   0.00000000   0.00000000   0.00000000   0.00000000   0.00000000   0.00000000   0.00000000   0.00000000   0.00000000   0.00000000   0.00000000   0.00000000   0.00000000   0.00000000   0.00000000   0.00000000   0.00000000   0.00000000   0.00000000   0.00000000   0.00000000   0.00000000   0.00000000   0.00000000   0.00000000   0.00000000   0.00000000 
 -0.00000000  -0.01343356  -0.05339577  -0.11888817  -0.20830197  -0.31949659  -0.44989976  -0.59661734  -0.75653536  -0.92639020  -1.10277800  -1.28207571  -1.46026139  -1.63265828  -1.79368472  -1.93673430  -2.05426443  -2.13798640  -2.17885541  -2.16667552  -2.08968301  -1.93502025  -1.69097748  -1.35118690  -0.91997983  -0.41721825   0.11964930   0.63842704   1.08082095   1.39552731   1.55181351   1.54826941   1.41258359   1.19193947   0.93811042   0.69377983   0.48526494   0.32265725   0.20458831   0.12384518   0.07153288   0.03936294   0.02059358   0.01021998   0.00479963   0.00212784   0.00088828   0.00034827   0.00012791   0.00004388   0.00001403   0.00000416   0.00000115   0.00000029   0.00000007   0.00000001   0.00000000   0.00000000   0.00000000   0.00000000   0.00000000   0.00000000   0.00000000   0.00000000   0.00000000   0.00000000   0.00000000   0.00000000   0.00000000   0.00000000   0.00000000   0.00000000   0.00000000   0.00000000   0.00000000   0.00000000   0.00000000   0.00000000   0.00000000   0.00000000   0.00000000   0.00000000   0.00000000   0.00000000   0.00000000   0.00000000   0.00000000   0.00000000   0.00000000   0.00000000   0.00000000   0.00000000   0.00000000   0.00000000   0.00000000   0.00000000   0.00000000   0.00000000   0.00000000   0.00000000   0.00000000 
  0.00000000  -0.01223258  -0.04864508  -0.10839991  -0.19016032  -0.29217455  -0.41238334  -0.54853867  -0.69831569  -0.85939241  -1.02946420  -1.20615456  -1.38678622  -1.56799503  -1.74521428  -1.91212813  -2.06026002  -2.17885541  -2.25508461  -2.27443612  -2.22126626  -2.07990303  -1.83704710  -1.48591995  -1.03164790  -0.49622302   0.07939130   0.63835562   1.11728198   1.46033619   1.63386724   1.63583656   1.49559048   1.26354328   0.99515475   0.73621513   0.51500593   0.34242975   0.21711182   0.13141583   0.07589999   0.04176334   0.02184820   0.01084211   0.00509161   0.00225721   0.00094226   0.00036943   0.00013567   0.00004655   0.00001488   0.00000442   0.00000121   0.00000031   0.00000007   0.00000002   0.00000000   0.00000000   0.00000000   0.00000000   0.00000000   0.00000000   0.00000000   0.00000000   0.00000000   0.00000000   0.00000000   0.00000000   0.00000000   0.00000000   0.00000000   0.00000000   0.00000000   0.00000000   0.00000000   0.00000000   0.00000000   0.00000000   0.00000000   0.00000000   0.00000000   0.00000000   0.00000000   0.00000000   0.00000000   0.00000000   0.00000000   0.00000000   0.00000000   0.00000000   0.00000000   0.00000000   0.00000000   0.00000000   0.00000000   0.00000000   0.00000000   0.00000000   0.00000000   0.00000000   0.00000000 
  0.00000000  -0.01101098  -0.04380567  -0.09768829  -0.17156140  -0.26401383  -0.37343286  -0.49812777  -0.63644631  -0.78685793  -0.94796981  -1.11843355  -1.29669731  -1.48056532  -1.66655534  -1.84910511  -2.01977296  -2.16667552  -2.27443612  -2.32481793  -2.29806097  -2.17495353  -1.93989564  -1.58525355  -1.11669766  -0.55807826   0.04658816   0.63650784   1.14401621   1.50949857   1.69685185   1.70344427   1.55987461   1.31908033   1.03942167   0.76914010   0.53806850   0.35775056   0.22680790   0.13727282   0.07927633   0.04361811   0.02281718   0.01132242   0.00531695   0.00235703   0.00098390   0.00038574   0.00014166   0.00004860   0.00001553   0.00000461   0.00000127   0.00000032   0.00000008   0.00000002   0.00000000   0.00000000   0.00000000   0.00000000   0.00000000   0.00000000   0.00000000   0.00000000   0.00000000   0.00000000   0.00000000   0.00000000   0.00000000   0.00000000   0.00000000   0.00000000   0.00000000   0.00000000   0.00000000   0.00000000   0.00000000   0.00000000   0.00000000   0.00000000   0.00000000   0.00000000   0.00000000   0.00000000   0.00000000   0.00000000   0.00000000   0.00000000   0.00000000   0.00000000   0.00000000   0.00000000   0.00000000   0.00000000   0.00000000   0.00000000   0.00000000   0.00000000   0.00000000   0.00000000   0.00000000 
  0.00000000  -0.00971441  -0.03866099  -0.08626947  -0.15165361  -0.23370186  -0.33119234  -0.44291874  -0.56780805  -0.70500356  -0.85387893  -1.01394051  -1.18457032  -1.36456408  -1.55143712  -1.74051709  -1.92392670  -2.08968301  -2.22126626  -2.29806097  -2.29696377  -2.19522729  -1.97444386  -1.62550289  -1.15405536  -0.58520973   0.03477049   0.64221016   1.16639222   1.54504061   1.74032089   1.74912747   1.60281438   1.35591562   1.06864137   0.79079619   0.55319509   0.36777602   0.23314025   0.14109156   0.08147461   0.04482429   0.02344669   0.01163419   0.00546312   0.00242174   0.00101088   0.00039631   0.00014554   0.00004993   0.00001596   0.00000474   0.00000130   0.00000033   0.00000008   0.00000002   0.00000000   0.00000000   0.00000000   0.00000000   0.00000000   0.00000000   0.00000000   0.00000000   0.00000000   0.00000000   0.00000000   0.00000000   0.00000000   0.00000000   0.00000000   0.00000000   0.00000000   0.00000000   0.00000000   0.00000000   0.00000000   0.00000000   0.00000000   0.00000000   0.00000000   0.00000000   0.00000000   0.00000000   0.00000000   0.00000000   0.00000000   0.00000000   0.00000000   0.00000000   0.00000000   0.00000000   0.00000000   0.00000000   0.00000000   0.00000000   0.00000000   0.00000000   0.00000000   0.00000000   0.00000000 
  0.00000000  -0.00828273  -0.03297098  -0.07360514  -0.12948468  -0.19976037  -0.28355068  -0.38006850  -0.48873847  -0.60927836  -0.74171008  -0.88625842  -1.04309001  -1.21184570  -1.39093350  -1.57658530  -1.76175128  -1.93502025  -2.07990303  -2.17495353  -2.19522729  -2.11538672  -1.91437205  -1.58112834  -1.12049184  -0.55783243   0.05958576   0.66673300   1.19151120   1.57049315   1.76510106   1.77196826   1.62262317   1.37205795   1.08102299   0.79976810   0.55936468   0.37181895   0.23567183   0.14260766   0.08234236   0.04529814   0.02369299   0.01175576   0.00551996   0.00244684   0.00102133   0.00040040   0.00014704   0.00005044   0.00001612   0.00000479   0.00000132   0.00000033   0.00000008   0.00000002   0.00000000   0.00000000   0.00000000   0.00000000   0.00000000   0.00000000   0.00000000   0.00000000   0.00000000   0.00000000   0.00000000   0.00000000   0.00000000   0.00000000   0.00000000   0.00000000   0.00000000   0.00000000   0.00000000   0.00000000   0.00000000   0.00000000   0.00000000   0.00000000   0.00000000   0.00000000   0.00000000   0.00000000   0.00000000   0.00000000   0.00000000   0.00000000   0.00000000   0.00000000   0.00000000   0.00000000   0.00000000   0.00000000   0.00000000   0.00000000   0.00000000   0.00000000   0.00000000   0.00000000   0.00000000 
  0.00000000  -0.00666042  -0.02651399  -0.05919797  -0.10417365  -0.16081897  -0.22854504  -0.30692253  -0.39579803  -0.49537396  -0.60621831  -0.72916331  -0.86504709  -1.01425318  -1.17601431  -1.34747831  -1.52259441  -1.69097748  -1.83704710  -1.93989564  -1.97444386  -1.91437205  -1.73695034  -1.42925678  -0.99457804  -0.45724146   0.13619787   0.72136844   1.22691314   1.59013645   1.77295339   1.77203938   1.61845133   1.36632451   1.07542087   0.79512187   0.55589481   0.36941811   0.23410922   0.14164384   0.08177752   0.04498365   0.02352687   0.01167266   0.00548067   0.00242933   0.00101398   0.00039751   0.00014597   0.00005008   0.00001600   0.00000475   0.00000131   0.00000033   0.00000008   0.00000002   0.00000000   0.00000000   0.00000000   0.00000000   0.00000000   0.00000000   0.00000000   0.00000000   0.00000000   0.00000000   0.00000000   0.00000000   0.00000000   0.00000000   0.00000000   0.00000000   0.00000000   0.00000000   0.00000000   0.00000000   0.00000000   0.00000000   0.00000000   0.00000000   0.00000000   0.00000000   0.00000000   0.00000000   0.00000000   0.00000000   0.00000000   0.00000000   0.00000000   0.00000000   0.00000000   0.00000000   0.00000000   0.00000000   0.00000000   0.00000000   0.00000000   0.00000000   0.00000000   0.00000000   0.00000000 
  0.00000000  -0.00481322  -0.01915324  -0.04274130  -0.07517800  -0.11603502  -0.16497037  -0.22185347  -0.28688038  -0.36065368  -0.44419428  -0.53884615  -0.64603040  -0.76680593  -0.90120490  -1.04733940  -1.20032919  -1.35118690  -1.48591995  -1.58525355  -1.62550289  -1.58112834  -1.42925678  -1.15584676  -0.76230914  -0.27061070   0.27542672   0.81451555   1.27854313   1.60772421   1.76589061   1.75013513   1.59036464   1.33843708   1.05146345   0.77652220   0.54253141   0.36040020   0.22834242   0.13813406   0.07974236   0.04386029   0.02293767   0.01137964   0.00534281   0.00236812   0.00098840   0.00038746   0.00014228   0.00004881   0.00001560   0.00000463   0.00000127   0.00000032   0.00000008   0.00000002   0.00000000   0.00000000   0.00000000   0.00000000   0.00000000   0.00000000   0.00000000   0.00000000   0.00000000   0.00000000   0.00000000   0.00000000   0.00000000   0.00000000   0.00000000   0.00000000   0.00000000   0.00000000   0.00000000   0.00000000   0.00000000   0.00000000   0.00000000   0.00000000   0.00000000   0.00000000   0.00000000   0.00000000   0.00000000   0.00000000   0.00000000   0.00000000   0.00000000   0.00000000   0.00000000   0.00000000   0.00000000   0.00000000   0.00000000   0.00000000   0.00000000   0.00000000   0.00000000   0.00000000   0.00000000 
 -0.00000000  -0.00274804  -0.01091669  -0.02429911  -0.04261407  -0.06559521  -0.09310369  -0.12525079  -0.16251213  -0.20580916  -0.25652729  -0.31643422  -0.38745757  -0.47128254  -0.56873977  -0.67897957  -0.79847591  -0.91997983  -1.03164790  -1.11669766  -1.15405536  -1.12049184  -0.99457804  -0.76230914  -0.42342818   0.00343289   0.47917340   0.94817255   1.34825466   1.62486158   1.74524442   1.70732647   1.53920188   1.28903604   1.00962671   0.74431247   0.51951386   0.34492575   0.21847459   0.13214164   0.07627388   0.04194863   0.02193624   0.01088212   0.00510895   0.00226436   0.00094506   0.00037046   0.00013603   0.00004667   0.00001491   0.00000443   0.00000122   0.00000031   0.00000007   0.00000002   0.00000000   0.00000000   0.00000000   0.00000000   0.00000000   0.00000000   0.00000000   0.00000000   0.00000000   0.00000000   0.00000000   0.00000000   0.00000000   0.00000000   0.00000000   0.00000000   0.00000000   0.00000000   0.00000000   0.00000000   0.00000000   0.00000000   0.00000000   0.00000000   0.00000000   0.00000000   0.00000000   0.00000000   0.00000000   0.00000000   0.00000000   0.00000000   0.00000000   0.00000000   0.00000000   0.00000000   0.00000000   0.00000000   0.00000000   0.00000000   0.00000000   0.00000000   0.00000000   0.00000000   0.00000000 
 -0.00000000  -0.00053070  -0.00206786  -0.00446534  -0.00754019  -0.01115807  -0.01534166  -0.02038967  -0.02698977  -0.03630332  -0.04999373  -0.07016540  -0.09917611  -0.13928675  -0.19212117  -0.25793149  -0.33470541  -0.41721825  -0.49622302  -0.55807826  -0.58520973  -0.55783243  -0.45724146  -0.27061070   0.00343289   0.35003997   0.73636440   1.11475483   1.43150014   1.63946402   1.71073546   1.64446911   1.46636168   1.21962035   0.95124253   0.69954372   0.48760324   0.32351018   0.20483581   0.12386758   0.07148869   0.03931304   0.02055636   0.01019690   0.00478698   0.00212156   0.00088542   0.00034707   0.00012744   0.00004372   0.00001397   0.00000415   0.00000114   0.00000029   0.00000007   0.00000001   0.00000000   0.00000000   0.00000000   0.00000000   0.00000000   0.00000000   0.00000000   0.00000000   0.00000000   0.00000000   0.00000000   0.00000000   0.00000000   0.00000000   0.00000000   0.00000000   0.00000000   0.00000000   0.00000000   0.00000000   0.00000000   0.00000000   0.00000000   0.00000000   0.00000000   0.00000000   0.00000000   0.00000000   0.00000000   0.00000000   0.00000000   0.00000000   0.00000000   0.00000000   0.00000000   0.00000000   0.00000000   0.00000000   0.00000000   0.00000000   0.00000000   0.00000000   0.00000000   0.00000000   0.00000000 
 -0.00000000   0.00170678   0.00686489   0.01557033   0.02792641   0.04396359   0.06353696   0.08621211   0.11115407   0.13703882   0.16201187   0.18372343   0.19947292   0.20649513   0.20241295   0.18586286   0.15726438   0.11964930   0.07939130   0.04658816   0.03477049   0.05958576   0.13619787   0.27542672   0.47917340   0.73636440   1.02122034   1.29561244   1.51618738   1.64494718   1.65994119   1.56187815   1.37361641   1.13244632   0.87844463   0.64394503   0.44806518   0.29701328   0.18797656   0.11364661   0.06558059   0.03606034   0.01885398   0.00935179   0.00438998   0.00194551   0.00081192   0.00031825   0.00011685   0.00004008   0.00001281   0.00000380   0.00000105   0.00000027   0.00000006   0.00000001   0.00000000   0.00000000   0.00000000   0.00000000   0.00000000   0.00000000   0.00000000   0.00000000   0.00000000   0.00000000   0.00000000   0.00000000   0.00000000   0.00000000   0.00000000   0.00000000   0.00000000   0.00000000   0.00000000   0.00000000   0.00000000   0.00000000   0.00000000   0.00000000   0.00000000   0.00000000   0.00000000   0.00000000   0.00000000   0.00000000   0.00000000   0.00000000   0.00000000   0.00000000   0.00000000   0.00000000   0.00000000   0.00000000   0.00000000   0.00000000   0.00000000   0.00000000   0.00000000   0.00000000   0.00000000 
  0.00000000   0.00377720   0.01513267   0.03412216   0.06078687   0.09507975   0.13677035   0.18533720   0.23985987   0.29892704   0.36058165   0.42232794   0.48122873   0.53412133   0.57797453   0.61039482   0.63026160   0.63842704   0.63835562   0.63650784   0.64221016   0.66673300   0.72136844   0.81451555   0.94817255   1.11475483   1.29561244   1.46265381   1.58372540   1.63083459   1.58858491   1.45940489   1.26306786   1.03043158   0.79406529   0.57983531   0.40260357   0.26659365   0.16863835   0.10192924   0.05881019   0.03233406   0.01690424   0.00838408   0.00393547   0.00174400   0.00072779   0.00028526   0.00010474   0.00003593   0.00001148   0.00000341   0.00000094   0.00000024   0.00000006   0.00000001   0.00000000   0.00000000   0.00000000   0.00000000   0.00000000   0.00000000   0.00000000   0.00000000   0.00000000   0.00000000   0.00000000   0.00000000   0.00000000   0.00000000   0.00000000   0.00000000   0.00000000   0.00000000   0.00000000   0.00000000   0.00000000   0.00000000   0.00000000   0.00000000   0.00000000   0.00000000   0.00000000   0.00000000   0.00000000   0.00000000   0.00000000   0.00000000   0.00000000   0.00000000   0.00000000   0.00000000   0.00000000   0.00000000   0.00000000   0.00000000   0.00000000   0.00000000   0.00000000   0.00000000   0.00000000 
  0.00000000   0.00547138   0.02189852   0.04930636   0.08769038   0.13695040   0.19680433   0.26668858   0.34565507   0.43227791   0.52458677   0.62004750   0.71561355   0.80787243   0.89330763   0.96868548   1.03155580   1.08082095   1.11728198   1.14401621   1.16639222   1.19151120   1.22691314   1.27854313   1.34825466   1.43150014   1.51618738   1.58372540   1.61277951   1.58514870   1.49187902   1.33705152   1.13731672   0.91709873   0.70149769   0.50998252   0.35324794   0.23362936   0.14770223   0.08925032   0.05148669   0.02830441   0.01479621   0.00733800   0.00344422   0.00152622   0.00063687   0.00024962   0.00009165   0.00003144   0.00001005   0.00000298   0.00000082   0.00000021   0.00000005   0.00000001   0.00000000   0.00000000   0.00000000   0.00000000   0.00000000   0.00000000   0.00000000   0.00000000   0.00000000   0.00000000   0.00000000   0.00000000   0.00000000   0.00000000   0.00000000   0.00000000   0.00000000   0.00000000   0.00000000   0.00000000   0.00000000   0.00000000   0.00000000   0.00000000   0.00000000   0.00000000   0.00000000   0.00000000   0.00000000   0.00000000   0.00000000   0.00000000   0.00000000   0.00000000   0.00000000   0.00000000   0.00000000   0.00000000   0.00000000   0.00000000   0.00000000   0.00000000   0.00000000   0.00000000   0.00000000 
