# coconut-me2b/v0.99.21 
# 
# momentum space matrix elements 
# partial wave J=0, L=1/1, S=1, T=1, MT=-1 
# 
# momentum grid [fm^-1]
0.000000 0.100000 0.200000 0.300000 0.400000 0.500000 0.600000 0.700000 0.800000 0.900000 1.000000 1.100000 1.200000 1.300000 1.400000 1.500000 1.600000 1.700000 1.800000 1.900000 2.000000 2.100000 2.200000 2.300000 2.400000 2.500000 2.600000 2.700000 2.800000 2.900000 3.000000 3.100000 3.200000 3.300000 3.400000 3.500000 3.600000 3.700000 3.800000 3.900000 4.000000 4.100000 4.200000 4.300000 4.400000 4.500000 4.600000 4.700000 4.800000 4.900000 5.000000 5.100000 5.200000 5.300000 5.400000 5.500000 5.600000 5.700000 5.800000 5.900000 6.000000 6.100000 6.200000 6.300000 6.400000 6.500000 6.600000 6.700000 6.800000 6.900000 7.000000 7.100000 7.200000 7.300000 7.400000 7.500000 7.600000 7.700000 7.800000 7.900000 8.000000 8.100000 8.200000 8.300000 8.400000 8.500000 8.600000 8.700000 8.800000 8.900000 9.000000 9.100000 9.200000 9.300000 9.400000 9.500000 9.600000 9.700000 9.800000 9.900000 10.000000 
#
# matrix elements [MeV fm^3] 
  0.00000000  -0.00000007  -0.00000013  -0.00000016  -0.00000018  -0.00000018  -0.00000018  -0.00000016  -0.00000014  -0.00000012  -0.00000010  -0.00000008  -0.00000006  -0.00000004  -0.00000003  -0.00000001  -0.00000000   0.00000001   0.00000002   0.00000002   0.00000003   0.00000003   0.00000003   0.00000003   0.00000003   0.00000002   0.00000001  -0.00000000  -0.00000001  -0.00000003  -0.00000003  -0.00000004  -0.00000004  -0.00000004  -0.00000003  -0.00000002  -0.00000002  -0.00000001  -0.00000001  -0.00000001  -0.00000000  -0.00000000  -0.00000000  -0.00000000  -0.00000000  -0.00000000  -0.00000000  -0.00000000  -0.00000000  -0.00000000  -0.00000000  -0.00000000  -0.00000000  -0.00000000  -0.00000000  -0.00000000  -0.00000000  -0.00000000  -0.00000000  -0.00000000  -0.00000000  -0.00000000  -0.00000000  -0.00000000  -0.00000000  -0.00000000  -0.00000000  -0.00000000  -0.00000000  -0.00000000  -0.00000000  -0.00000000  -0.00000000  -0.00000000  -0.00000000  -0.00000000  -0.00000000  -0.00000000  -0.00000000  -0.00000000  -0.00000000  -0.00000000  -0.00000000  -0.00000000  -0.00000000  -0.00000000  -0.00000000  -0.00000000  -0.00000000  -0.00000000  -0.00000000  -0.00000000  -0.00000000  -0.00000000  -0.00000000  -0.00000000  -0.00000000  -0.00000000  -0.00000000  -0.00000000  -0.00000000 
 -0.00000007  -0.67252146  -1.22985961  -1.60455082  -1.78955900  -1.81823348  -1.73693586  -1.58753717  -1.40136272  -1.19959580  -0.99578118  -0.79830827  -0.61224713  -0.44054588  -0.28477357  -0.14559368  -0.02310915   0.08282874   0.17229971   0.24497749   0.29981590   0.33484034   0.34716352   0.33336233   0.29033991   0.21672513   0.11468587  -0.00830501  -0.13867800  -0.25816246  -0.34804586  -0.39522556  -0.39697781  -0.36133943  -0.30284494  -0.23657582  -0.17388890  -0.12107744  -0.08018438  -0.05058520  -0.03039091  -0.01736431  -0.00941760  -0.00483797  -0.00234879  -0.00107514  -0.00046288  -0.00018697  -0.00007067  -0.00002493  -0.00000819  -0.00000250  -0.00000070  -0.00000018  -0.00000004  -0.00000001  -0.00000000  -0.00000000  -0.00000000  -0.00000000  -0.00000000  -0.00000000  -0.00000000  -0.00000000  -0.00000000  -0.00000000  -0.00000000  -0.00000000  -0.00000000  -0.00000000  -0.00000000  -0.00000000  -0.00000000  -0.00000000  -0.00000000  -0.00000000  -0.00000000  -0.00000000  -0.00000000  -0.00000000  -0.00000000  -0.00000000  -0.00000000  -0.00000000  -0.00000000  -0.00000000  -0.00000000  -0.00000000  -0.00000000  -0.00000000  -0.00000000  -0.00000000  -0.00000000  -0.00000000  -0.00000000  -0.00000000  -0.00000000  -0.00000000  -0.00000000  -0.00000000  -0.00000000 
 -0.00000013  -1.22985961  -2.26945096  -2.99684949  -3.38428810  -3.47671318  -3.35102357  -3.08370755  -2.73578590  -2.35043614  -1.95617475  -1.57108685  -1.20630920  -0.86844287  -0.56110985  -0.28596924  -0.04346070   0.16654011   0.34405543   0.48831656   0.59712893   0.66645491   0.69044968   0.66222297   0.57557081   0.42777835   0.22324157  -0.02301599  -0.28378434  -0.52248409  -0.70170256  -0.79529798  -0.79792105  -0.72575174  -0.60794812  -0.47472896  -0.34882763  -0.24282222  -0.16077435  -0.10140610  -0.06091263  -0.03479783  -0.01887003  -0.00969257  -0.00470510  -0.00215349  -0.00092705  -0.00037443  -0.00014152  -0.00004992  -0.00001639  -0.00000500  -0.00000141  -0.00000037  -0.00000009  -0.00000002  -0.00000000  -0.00000000  -0.00000000  -0.00000000  -0.00000000  -0.00000000  -0.00000000  -0.00000000  -0.00000000  -0.00000000  -0.00000000  -0.00000000  -0.00000000  -0.00000000  -0.00000000  -0.00000000  -0.00000000  -0.00000000  -0.00000000  -0.00000000  -0.00000000  -0.00000000  -0.00000000  -0.00000000  -0.00000000  -0.00000000  -0.00000000  -0.00000000  -0.00000000  -0.00000000  -0.00000000  -0.00000000  -0.00000000  -0.00000000  -0.00000000  -0.00000000  -0.00000000  -0.00000000  -0.00000000  -0.00000000  -0.00000000  -0.00000000  -0.00000000  -0.00000000  -0.00000000 
 -0.00000016  -1.60455082  -2.99684949  -4.02470751  -4.62882440  -4.83672748  -4.72892952  -4.40084354  -3.93752725  -3.40404066  -2.84580055  -2.29278059  -1.76400773  -1.27108443  -0.82063516  -0.41597608  -0.05835322   0.25198403   0.51472287   0.72841678   0.88951587   0.99173981   1.02614342   0.98227871   0.85081214   0.62773807   0.31979989  -0.05027321  -0.44148865  -0.79888124  -1.06636116  -1.20487248  -1.20663421  -1.09617974  -0.91746671  -0.71596129  -0.52581198  -0.36586455  -0.24215114  -0.15268310  -0.09168680  -0.05236452  -0.02838927  -0.01457898  -0.00707574  -0.00323793  -0.00139366  -0.00056280  -0.00021269  -0.00007502  -0.00002463  -0.00000751  -0.00000212  -0.00000055  -0.00000013  -0.00000003  -0.00000001  -0.00000000  -0.00000000  -0.00000000  -0.00000000  -0.00000000  -0.00000000  -0.00000000  -0.00000000  -0.00000000  -0.00000000  -0.00000000  -0.00000000  -0.00000000  -0.00000000  -0.00000000  -0.00000000  -0.00000000  -0.00000000  -0.00000000  -0.00000000  -0.00000000  -0.00000000  -0.00000000  -0.00000000  -0.00000000  -0.00000000  -0.00000000  -0.00000000  -0.00000000  -0.00000000  -0.00000000  -0.00000000  -0.00000000  -0.00000000  -0.00000000  -0.00000000  -0.00000000  -0.00000000  -0.00000000  -0.00000000  -0.00000000  -0.00000000  -0.00000000  -0.00000000 
 -0.00000018  -1.78955900  -3.38428810  -4.62882440  -5.43686899  -5.80090873  -5.77804799  -5.46016294  -4.94407480  -4.31285575  -3.62942923  -2.93781021  -2.26715930  -1.63591387  -1.05506293  -0.53055793  -0.06515823   0.33998204   0.68379110   0.96378450   1.17473977   1.30785812   1.35087373   1.28963948   1.11165346   0.81169451   0.39902932  -0.09567648  -0.61743440  -1.09277590  -1.44696488  -1.62821331  -1.62659317  -1.47530063  -1.23335158  -0.96162081  -0.70572764  -0.49075915  -0.32464642  -0.20460552  -0.12281649  -0.07011781  -0.03800162  -0.01950945  -0.00946611  -0.00433070  -0.00186359  -0.00075241  -0.00028429  -0.00010026  -0.00003291  -0.00001003  -0.00000283  -0.00000074  -0.00000018  -0.00000004  -0.00000001  -0.00000000  -0.00000000  -0.00000000  -0.00000000  -0.00000000  -0.00000000  -0.00000000  -0.00000000  -0.00000000  -0.00000000  -0.00000000  -0.00000000  -0.00000000  -0.00000000  -0.00000000  -0.00000000  -0.00000000  -0.00000000  -0.00000000  -0.00000000  -0.00000000  -0.00000000  -0.00000000  -0.00000000  -0.00000000  -0.00000000  -0.00000000  -0.00000000  -0.00000000  -0.00000000  -0.00000000  -0.00000000  -0.00000000  -0.00000000  -0.00000000  -0.00000000  -0.00000000  -0.00000000  -0.00000000  -0.00000000  -0.00000000  -0.00000000  -0.00000000  -0.00000000 
 -0.00000018  -1.81823348  -3.47671318  -4.83672748  -5.80090873  -6.32860151  -6.43918570  -6.19941464  -5.69986645  -5.03176126  -4.27247043  -3.48066555  -2.69754528  -1.95036956  -1.25614045  -0.62470045  -0.06126034   0.43140347   0.85088208   1.19316008   1.45090741   1.61242790   1.66183074   1.58107144   1.35441918   0.97553024   0.45642345  -0.16399463  -0.81645582  -1.40882866  -1.84776559  -2.06897993  -2.06076492  -1.86538008  -1.55723404  -1.21281747  -0.88929025  -0.61794438  -0.40851565  -0.25731500  -0.15437631  -0.08809494  -0.04772464  -0.02449178  -0.01187945  -0.00543308  -0.00233728  -0.00094341  -0.00035637  -0.00012565  -0.00004124  -0.00001256  -0.00000354  -0.00000092  -0.00000022  -0.00000005  -0.00000001  -0.00000000  -0.00000000  -0.00000000  -0.00000000  -0.00000000  -0.00000000  -0.00000000  -0.00000000  -0.00000000  -0.00000000  -0.00000000  -0.00000000  -0.00000000  -0.00000000  -0.00000000  -0.00000000  -0.00000000  -0.00000000  -0.00000000  -0.00000000  -0.00000000  -0.00000000  -0.00000000  -0.00000000  -0.00000000  -0.00000000  -0.00000000  -0.00000000  -0.00000000  -0.00000000  -0.00000000  -0.00000000  -0.00000000  -0.00000000  -0.00000000  -0.00000000  -0.00000000  -0.00000000  -0.00000000  -0.00000000  -0.00000000  -0.00000000  -0.00000000  -0.00000000 
 -0.00000018  -1.73693586  -3.35102357  -4.72892952  -5.77804799  -6.43918570  -6.69705707  -6.58244494  -6.16227287  -5.52102268  -4.74215061  -3.89624017  -3.03690477  -2.20176042  -1.41549196  -0.69326698  -0.04388825   0.52734295   1.01594118   1.41572477   1.71669416   1.90376521   1.95702626   1.85427338   1.57645853   1.11622055   0.48860757  -0.25885854  -1.04227747  -1.75065286  -2.27206103  -2.52999460  -2.51141031  -2.26811223  -1.89030189  -1.47033129  -1.07698030  -0.74769806  -0.49390943  -0.31088774  -0.18640190  -0.10631106  -0.05756400  -0.02952769  -0.01431607  -0.00654497  -0.00281462  -0.00113572  -0.00042888  -0.00015117  -0.00004960  -0.00001511  -0.00000426  -0.00000111  -0.00000027  -0.00000006  -0.00000001  -0.00000000  -0.00000000  -0.00000000  -0.00000000  -0.00000000  -0.00000000  -0.00000000  -0.00000000  -0.00000000  -0.00000000  -0.00000000  -0.00000000  -0.00000000  -0.00000000  -0.00000000  -0.00000000  -0.00000000  -0.00000000  -0.00000000  -0.00000000  -0.00000000  -0.00000000  -0.00000000  -0.00000000  -0.00000000  -0.00000000  -0.00000000  -0.00000000  -0.00000000  -0.00000000  -0.00000000  -0.00000000  -0.00000000  -0.00000000  -0.00000000  -0.00000000  -0.00000000  -0.00000000  -0.00000000  -0.00000000  -0.00000000  -0.00000000  -0.00000000  -0.00000000 
 -0.00000016  -1.58753717  -3.08370755  -4.40084354  -5.46016294  -6.19941464  -6.58244494  -6.60752976  -6.30932956  -5.75113471  -5.00985794  -4.16068958  -3.26707368  -2.37710665  -1.52435333  -0.73070318  -0.00981488   0.62941890   1.17953404   1.63139706   1.97164061   2.18118178   2.23559302   2.10817866   1.77645123   1.23214364   0.49365289  -0.38244514  -1.29720158  -2.12051297  -2.72191337  -3.01299026  -2.97986845  -2.68444401  -2.23316311  -1.73451171  -1.26897215  -0.88008968  -0.58084271  -0.36531550  -0.21887877  -0.12475298  -0.06751014  -0.03461116  -0.01677257  -0.00766461  -0.00329477  -0.00132896  -0.00050168  -0.00017678  -0.00005798  -0.00001766  -0.00000498  -0.00000129  -0.00000031  -0.00000007  -0.00000001  -0.00000000  -0.00000000  -0.00000000  -0.00000000  -0.00000000  -0.00000000  -0.00000000  -0.00000000  -0.00000000  -0.00000000  -0.00000000  -0.00000000  -0.00000000  -0.00000000  -0.00000000  -0.00000000  -0.00000000  -0.00000000  -0.00000000  -0.00000000  -0.00000000  -0.00000000  -0.00000000  -0.00000000  -0.00000000  -0.00000000  -0.00000000  -0.00000000  -0.00000000  -0.00000000  -0.00000000  -0.00000000  -0.00000000  -0.00000000  -0.00000000  -0.00000000  -0.00000000  -0.00000000  -0.00000000  -0.00000000  -0.00000000  -0.00000000  -0.00000000  -0.00000000 
 -0.00000014  -1.40136272  -2.73578590  -3.93752725  -4.94407480  -5.69986645  -6.16227287  -6.30932956  -6.14663642  -5.70916258  -5.05504927  -4.25322819  -3.37051865  -2.46305955  -1.57323853  -0.73061896   0.04507537   0.74019454   1.34324717   1.84121026   2.21650721   2.44531820   2.49809977   2.34325691   1.95470201   1.32337436   0.47137467  -0.53517284  -1.58179933  -2.51901860  -3.19785667  -3.51834330  -3.46632499  -3.11438492  -2.58569802  -2.00516855  -1.46505754  -1.01492920  -0.66916202  -0.42048561  -0.25173062  -0.14337269  -0.07753485  -0.03972668  -0.01924095  -0.00878815  -0.00377600  -0.00152242  -0.00057449  -0.00020235  -0.00006635  -0.00002020  -0.00000569  -0.00000148  -0.00000035  -0.00000008  -0.00000002  -0.00000000  -0.00000000  -0.00000000  -0.00000000  -0.00000000  -0.00000000  -0.00000000  -0.00000000  -0.00000000  -0.00000000  -0.00000000  -0.00000000  -0.00000000  -0.00000000  -0.00000000  -0.00000000  -0.00000000  -0.00000000  -0.00000000  -0.00000000  -0.00000000  -0.00000000  -0.00000000  -0.00000000  -0.00000000  -0.00000000  -0.00000000  -0.00000000  -0.00000000  -0.00000000  -0.00000000  -0.00000000  -0.00000000  -0.00000000  -0.00000000  -0.00000000  -0.00000000  -0.00000000  -0.00000000  -0.00000000  -0.00000000  -0.00000000  -0.00000000  -0.00000000 
 -0.00000012  -1.19959580  -2.35043614  -3.40404066  -4.31285575  -5.03176126  -5.52102268  -5.75113471  -5.70916258  -5.40449248  -4.87044714  -4.15923966  -3.33164801  -2.44613755  -1.55165957  -0.68530724   0.12631815   0.86369442   1.51016323   2.04773721   2.45364691   2.69846783   2.74683351   2.56176547   2.11337451   1.39191469   0.42357184  -0.71544462  -1.89463525  -2.94483663  -3.69860948  -4.04480250  -3.96957193  -3.55680742  -2.94690347  -2.28145719  -1.66456546  -1.15171374  -0.75851168  -0.47616045  -0.28480748  -0.16208075  -0.08758779  -0.04484754  -0.02170787  -0.00990934  -0.00425554  -0.00171495  -0.00064685  -0.00022775  -0.00007465  -0.00002272  -0.00000640  -0.00000166  -0.00000040  -0.00000009  -0.00000002  -0.00000000  -0.00000000  -0.00000000  -0.00000000  -0.00000000  -0.00000000  -0.00000000  -0.00000000  -0.00000000  -0.00000000  -0.00000000  -0.00000000  -0.00000000  -0.00000000  -0.00000000  -0.00000000  -0.00000000  -0.00000000  -0.00000000  -0.00000000  -0.00000000  -0.00000000  -0.00000000  -0.00000000  -0.00000000  -0.00000000  -0.00000000  -0.00000000  -0.00000000  -0.00000000  -0.00000000  -0.00000000  -0.00000000  -0.00000000  -0.00000000  -0.00000000  -0.00000000  -0.00000000  -0.00000000  -0.00000000  -0.00000000  -0.00000000  -0.00000000  -0.00000000 
 -0.00000010  -0.99578118  -1.95617475  -2.84580055  -3.62942923  -4.27247043  -4.74215061  -5.00985794  -5.05504927  -4.87044714  -4.46684180  -3.87454060  -3.13927579  -2.31365319  -1.44814679  -0.58534629   0.24140575   1.00594388   1.68534336   2.25549250   2.68732216   2.94481382   2.98596949   2.76787103   2.25658753   1.44178916   0.35414366  -0.91949447  -2.23207091  -3.39445775  -4.22081986  -4.58923388  -4.48677302  -4.00924788  -3.31473588  -2.56176289  -1.86628166  -1.28957459  -0.84830049  -0.53195751  -0.31787425  -0.18074011  -0.09759330  -0.04993424  -0.02415390  -0.01101916  -0.00472948  -0.00190495  -0.00071817  -0.00025275  -0.00008281  -0.00002519  -0.00000709  -0.00000184  -0.00000044  -0.00000010  -0.00000002  -0.00000000  -0.00000000  -0.00000000  -0.00000000  -0.00000000  -0.00000000  -0.00000000  -0.00000000  -0.00000000  -0.00000000  -0.00000000  -0.00000000  -0.00000000  -0.00000000  -0.00000000  -0.00000000  -0.00000000  -0.00000000  -0.00000000  -0.00000000  -0.00000000  -0.00000000  -0.00000000  -0.00000000  -0.00000000  -0.00000000  -0.00000000  -0.00000000  -0.00000000  -0.00000000  -0.00000000  -0.00000000  -0.00000000  -0.00000000  -0.00000000  -0.00000000  -0.00000000  -0.00000000  -0.00000000  -0.00000000  -0.00000000  -0.00000000  -0.00000000  -0.00000000 
 -0.00000008  -0.79830827  -1.57108685  -2.29278059  -2.93781021  -3.48066555  -3.89624017  -4.16068958  -4.25322819  -4.15923966  -3.87454060  -3.40944887  -2.79018668  -2.05572850  -1.25095948  -0.41956186   0.40014122   1.17539080   1.87619551   2.47119664   2.92385104   3.19046373   3.22151387   2.96752941   2.39026729   1.47890663   0.26899509  -1.14141336  -2.58821127  -3.86206824  -4.75888231  -5.14641101  -5.01325651  -4.46772377  -3.68596465  -2.84359226  -2.06837364  -1.42722820  -0.93767134  -0.58733137  -0.35060058  -0.19916062  -0.10744754  -0.05493313  -0.02655282  -0.01210556  -0.00519260  -0.00209030  -0.00078764  -0.00027706  -0.00009074  -0.00002759  -0.00000776  -0.00000202  -0.00000048  -0.00000011  -0.00000002  -0.00000000  -0.00000000  -0.00000000  -0.00000000  -0.00000000  -0.00000000  -0.00000000  -0.00000000  -0.00000000  -0.00000000  -0.00000000  -0.00000000  -0.00000000  -0.00000000  -0.00000000  -0.00000000  -0.00000000  -0.00000000  -0.00000000  -0.00000000  -0.00000000  -0.00000000  -0.00000000  -0.00000000  -0.00000000  -0.00000000  -0.00000000  -0.00000000  -0.00000000  -0.00000000  -0.00000000  -0.00000000  -0.00000000  -0.00000000  -0.00000000  -0.00000000  -0.00000000  -0.00000000  -0.00000000  -0.00000000  -0.00000000  -0.00000000  -0.00000000  -0.00000000 
 -0.00000006  -0.61224713  -1.20630920  -1.76400773  -2.26715930  -2.69754528  -3.03690477  -3.26707368  -3.37051865  -3.33164801  -3.13927579  -2.79018668  -2.29274018  -1.66845300  -0.94992211  -0.17577099   0.61449213   1.38297362   2.09253791   2.70373293   3.17142314   3.44312790   3.46087077   3.16798227   2.52162327   1.51056759   0.17562307  -1.37344864  -2.95507265  -4.33959150  -5.30487755  -5.70889040  -5.54236503  -4.92658936  -4.05605201  -3.12348331  -2.26832880  -1.56293648  -1.02547716  -0.64155991  -0.38255328  -0.21709507  -0.11701661  -0.05977548  -0.02887132  -0.01315328  -0.00563834  -0.00226837  -0.00085426  -0.00030034  -0.00009831  -0.00002988  -0.00000841  -0.00000218  -0.00000052  -0.00000011  -0.00000002  -0.00000000  -0.00000000  -0.00000000  -0.00000000  -0.00000000  -0.00000000  -0.00000000  -0.00000000  -0.00000000  -0.00000000  -0.00000000  -0.00000000  -0.00000000  -0.00000000  -0.00000000  -0.00000000  -0.00000000  -0.00000000  -0.00000000  -0.00000000  -0.00000000  -0.00000000  -0.00000000  -0.00000000  -0.00000000  -0.00000000  -0.00000000  -0.00000000  -0.00000000  -0.00000000  -0.00000000  -0.00000000  -0.00000000  -0.00000000  -0.00000000  -0.00000000  -0.00000000  -0.00000000  -0.00000000  -0.00000000  -0.00000000  -0.00000000  -0.00000000  -0.00000000 
 -0.00000004  -0.44054588  -0.86844287  -1.27108443  -1.63591387  -1.95036956  -2.20176042  -2.37710665  -2.46305955  -2.44613755  -2.31365319  -2.05572850  -1.66845300  -1.15736657  -0.53953761   0.15721613   0.89748799   1.64147920   2.34608142   2.96356910   3.43938464   3.71125834   3.71186408   3.37671364   2.65810383   1.54448654   0.08226746  -1.60667816  -3.32305941  -4.81697219  -5.84869485  -6.26701923  -6.06539958  -5.37845778  -4.41907986  -3.39694901  -2.46291613  -1.69448326  -1.11026756  -0.69373720  -0.41319284  -0.23423762  -0.12613580  -0.06437723  -0.03106881  -0.01414387  -0.00605879  -0.00243597  -0.00091683  -0.00032216  -0.00010540  -0.00003202  -0.00000900  -0.00000234  -0.00000056  -0.00000012  -0.00000002  -0.00000000  -0.00000000  -0.00000000  -0.00000000  -0.00000000  -0.00000000  -0.00000000  -0.00000000  -0.00000000  -0.00000000  -0.00000000  -0.00000000  -0.00000000  -0.00000000  -0.00000000  -0.00000000  -0.00000000  -0.00000000  -0.00000000  -0.00000000  -0.00000000  -0.00000000  -0.00000000  -0.00000000  -0.00000000  -0.00000000  -0.00000000  -0.00000000  -0.00000000  -0.00000000  -0.00000000  -0.00000000  -0.00000000  -0.00000000  -0.00000000  -0.00000000  -0.00000000  -0.00000000  -0.00000000  -0.00000000  -0.00000000  -0.00000000  -0.00000000  -0.00000000 
 -0.00000003  -0.28477357  -0.56110985  -0.82063516  -1.05506293  -1.25614045  -1.41549196  -1.52435333  -1.57323853  -1.55165957  -1.44814679  -1.25095948  -0.94992211  -0.53953761  -0.02275312   0.58611422   1.26066374   1.96372333   2.64896486   3.26136208   3.73676711   4.00245925   3.98105065   3.59972303   2.80570515   1.58721774  -0.00347254  -1.83214776  -3.68182777  -5.28277221  -6.37839673  -6.80912623  -6.57169899  -5.81422221  -4.76774848  -3.65847201  -2.64818369  -1.81917501  -1.19029131  -0.74277641  -0.44187586  -0.25022557  -0.13461080  -0.06863966  -0.03309787  -0.01505581  -0.00644477  -0.00258941  -0.00097398  -0.00034204  -0.00011184  -0.00003396  -0.00000954  -0.00000248  -0.00000059  -0.00000013  -0.00000003  -0.00000000  -0.00000000  -0.00000000  -0.00000000  -0.00000000  -0.00000000  -0.00000000  -0.00000000  -0.00000000  -0.00000000  -0.00000000  -0.00000000  -0.00000000  -0.00000000  -0.00000000  -0.00000000  -0.00000000  -0.00000000  -0.00000000  -0.00000000  -0.00000000  -0.00000000  -0.00000000  -0.00000000  -0.00000000  -0.00000000  -0.00000000  -0.00000000  -0.00000000  -0.00000000  -0.00000000  -0.00000000  -0.00000000  -0.00000000  -0.00000000  -0.00000000  -0.00000000  -0.00000000  -0.00000000  -0.00000000  -0.00000000  -0.00000000  -0.00000000  -0.00000000 
 -0.00000001  -0.14559368  -0.28596924  -0.41597608  -0.53055793  -0.62470045  -0.69326698  -0.73070318  -0.73061896  -0.68530724  -0.58534629  -0.41956186  -0.17577099   0.15721613   0.58611422   1.10870943   1.70981706   2.35909163   3.01092501   3.60543562   4.06984172   4.32101555   4.27121551   3.83903598   2.96657428   1.64193686  -0.07659844  -2.04251321  -4.02158016  -5.72512402  -6.88087256  -7.32194027  -7.04889509  -6.22320983  -5.09347332  -3.90157019  -2.81950551  -1.93387475  -1.26352028  -0.78742586  -0.46786533  -0.26464550  -0.14222115  -0.07245128  -0.03490513  -0.01586501  -0.00678604  -0.00272462  -0.00102416  -0.00035945  -0.00011747  -0.00003564  -0.00001001  -0.00000260  -0.00000062  -0.00000014  -0.00000003  -0.00000000  -0.00000000  -0.00000000  -0.00000000  -0.00000000  -0.00000000  -0.00000000  -0.00000000  -0.00000000  -0.00000000  -0.00000000  -0.00000000  -0.00000000  -0.00000000  -0.00000000  -0.00000000  -0.00000000  -0.00000000  -0.00000000  -0.00000000  -0.00000000  -0.00000000  -0.00000000  -0.00000000  -0.00000000  -0.00000000  -0.00000000  -0.00000000  -0.00000000  -0.00000000  -0.00000000  -0.00000000  -0.00000000  -0.00000000  -0.00000000  -0.00000000  -0.00000000  -0.00000000  -0.00000000  -0.00000000  -0.00000000  -0.00000000  -0.00000000  -0.00000000 
 -0.00000000  -0.02310915  -0.04346070  -0.05835322  -0.06515823  -0.06126034  -0.04388825  -0.00981488   0.04507537   0.12631815   0.24140575   0.40014122   0.61449213   0.89748799   1.26066374   1.70981706   2.23958794   2.82830264   3.43477538   3.99786331   4.43854703   4.66448584   4.57806345   4.08950852   3.13598437   1.70566157  -0.13717487  -2.23413096  -4.33475796  -6.13303347  -7.34279282  -7.79126136  -7.48337361  -6.59349799  -5.38660504  -4.11895200  -2.97169135  -2.03507821  -1.32770046  -0.82630182  -0.49035063  -0.27704491  -0.14872666  -0.07569115  -0.03643296  -0.01654552  -0.00707159  -0.00283721  -0.00106576  -0.00037381  -0.00012209  -0.00003703  -0.00001040  -0.00000270  -0.00000064  -0.00000014  -0.00000003  -0.00000001  -0.00000000  -0.00000000  -0.00000000  -0.00000000  -0.00000000  -0.00000000  -0.00000000  -0.00000000  -0.00000000  -0.00000000  -0.00000000  -0.00000000  -0.00000000  -0.00000000  -0.00000000  -0.00000000  -0.00000000  -0.00000000  -0.00000000  -0.00000000  -0.00000000  -0.00000000  -0.00000000  -0.00000000  -0.00000000  -0.00000000  -0.00000000  -0.00000000  -0.00000000  -0.00000000  -0.00000000  -0.00000000  -0.00000000  -0.00000000  -0.00000000  -0.00000000  -0.00000000  -0.00000000  -0.00000000  -0.00000000  -0.00000000  -0.00000000  -0.00000000 
  0.00000001   0.08282874   0.16654011   0.25198403   0.33998204   0.43140347   0.52734295   0.62941890   0.74019454   0.86369442   1.00594388   1.17539080   1.38297362   1.64147920   1.96372333   2.35909163   2.82830264   3.35706090   3.91029679   4.42910732   4.83180713   5.01949080   4.88633014   4.33520392   3.29898190   1.76620306  -0.19303316  -2.40938471  -4.61797665  -6.49793287  -7.75181407  -8.20287036  -7.86094892  -6.91240996  -5.63679125  -4.30277717  -3.09917051  -2.11903946  -1.38043460  -0.85794047  -0.50847878  -0.28695010  -0.15387711  -0.07823381  -0.03762183  -0.01707067  -0.00729018  -0.00292272  -0.00109712  -0.00038456  -0.00012552  -0.00003805  -0.00001068  -0.00000277  -0.00000066  -0.00000014  -0.00000003  -0.00000001  -0.00000000  -0.00000000  -0.00000000  -0.00000000  -0.00000000  -0.00000000  -0.00000000  -0.00000000  -0.00000000  -0.00000000  -0.00000000  -0.00000000  -0.00000000  -0.00000000  -0.00000000  -0.00000000  -0.00000000  -0.00000000  -0.00000000  -0.00000000  -0.00000000  -0.00000000  -0.00000000  -0.00000000  -0.00000000  -0.00000000  -0.00000000  -0.00000000  -0.00000000  -0.00000000  -0.00000000  -0.00000000  -0.00000000  -0.00000000  -0.00000000  -0.00000000  -0.00000000  -0.00000000  -0.00000000  -0.00000000  -0.00000000  -0.00000000  -0.00000000 
  0.00000002   0.17229971   0.34405543   0.51472287   0.68379110   0.85088208   1.01594118   1.17953404   1.34324717   1.51016323   1.68534336   1.87619551   2.09253791   2.34608142   2.64896486   3.01092501   3.43477538   3.91029679   4.40754863   4.87171927   5.22211089   5.35712436   5.16583219   4.54592379   3.42730513   1.79942292  -0.26220238  -2.57881990  -4.87387503  -6.81525612  -8.09789468  -8.54360498  -8.16772456  -7.16718647  -5.83348575  -4.44503043  -3.19625614  -2.18195039  -1.41929898  -0.88087060  -0.52139755  -0.29389047  -0.15742528  -0.07995601  -0.03841354  -0.01741452  -0.00743091  -0.00297685  -0.00111663  -0.00039114  -0.00012759  -0.00003865  -0.00001084  -0.00000281  -0.00000067  -0.00000015  -0.00000003  -0.00000001  -0.00000000  -0.00000000  -0.00000000  -0.00000000  -0.00000000  -0.00000000  -0.00000000  -0.00000000  -0.00000000  -0.00000000  -0.00000000  -0.00000000  -0.00000000  -0.00000000  -0.00000000  -0.00000000  -0.00000000  -0.00000000  -0.00000000  -0.00000000  -0.00000000  -0.00000000  -0.00000000  -0.00000000  -0.00000000  -0.00000000  -0.00000000  -0.00000000  -0.00000000  -0.00000000  -0.00000000  -0.00000000  -0.00000000  -0.00000000  -0.00000000  -0.00000000  -0.00000000  -0.00000000  -0.00000000  -0.00000000  -0.00000000  -0.00000000  -0.00000000 
  0.00000002   0.24497749   0.48831656   0.72841678   0.96378450   1.19316008   1.41572477   1.63139706   1.84121026   2.04773721   2.25549250   2.47119664   2.70373293   2.96356910   3.26136208   3.60543562   3.99786331   4.42910732   4.87171927   5.27459645   5.56037449   5.62885906   5.36834338   4.67482053   3.47750534   1.76768136  -0.37427206  -2.76241525  -5.11235208  -7.08565577  -8.37447169  -8.80245549  -8.39106359  -7.34579865  -5.96659216  -4.53800373  -3.25748815  -2.22017298  -1.44199353  -0.89370623  -0.52831003  -0.29742920  -0.15914334  -0.08074494  -0.03875519  -0.01755363  -0.00748399  -0.00299576  -0.00112290  -0.00039306  -0.00012814  -0.00003879  -0.00001087  -0.00000281  -0.00000067  -0.00000015  -0.00000003  -0.00000001  -0.00000000  -0.00000000  -0.00000000  -0.00000000  -0.00000000  -0.00000000  -0.00000000  -0.00000000  -0.00000000  -0.00000000  -0.00000000  -0.00000000  -0.00000000  -0.00000000  -0.00000000  -0.00000000  -0.00000000  -0.00000000  -0.00000000  -0.00000000  -0.00000000  -0.00000000  -0.00000000  -0.00000000  -0.00000000  -0.00000000  -0.00000000  -0.00000000  -0.00000000  -0.00000000  -0.00000000  -0.00000000  -0.00000000  -0.00000000  -0.00000000  -0.00000000  -0.00000000  -0.00000000  -0.00000000  -0.00000000  -0.00000000  -0.00000000  -0.00000000 
  0.00000003   0.29981590   0.59712893   0.88951587   1.17473977   1.45090741   1.71669416   1.97164061   2.21650721   2.45364691   2.68732216   2.92385104   3.17142314   3.43938464   3.73676711   4.06984172   4.43854703   4.83180713   5.22211089   5.56037449   5.77306804   5.76444589   5.42659290   4.65832924   3.39147230   1.62060963  -0.56966689  -2.98912268  -5.35049713  -7.31534611  -8.57914619  -8.97145888  -8.52054092  -7.43783273  -6.02720426  -4.57486574  -3.27804207  -2.23051608  -1.44651980  -0.89525572  -0.52853842  -0.29719878  -0.15884165  -0.08050767  -0.03860367  -0.01746909  -0.00744160  -0.00297642  -0.00111482  -0.00038996  -0.00012704  -0.00003844  -0.00001077  -0.00000279  -0.00000066  -0.00000014  -0.00000003  -0.00000001  -0.00000000  -0.00000000  -0.00000000  -0.00000000  -0.00000000  -0.00000000  -0.00000000  -0.00000000  -0.00000000  -0.00000000  -0.00000000  -0.00000000  -0.00000000  -0.00000000  -0.00000000  -0.00000000  -0.00000000  -0.00000000  -0.00000000  -0.00000000  -0.00000000  -0.00000000  -0.00000000  -0.00000000  -0.00000000  -0.00000000  -0.00000000  -0.00000000  -0.00000000  -0.00000000  -0.00000000  -0.00000000  -0.00000000  -0.00000000  -0.00000000  -0.00000000  -0.00000000  -0.00000000  -0.00000000  -0.00000000  -0.00000000  -0.00000000  -0.00000000 
  0.00000003   0.33484034   0.66645491   0.99173981   1.30785812   1.61242790   1.90376521   2.18118178   2.44531820   2.69846783   2.94481382   3.19046373   3.44312790   3.71125834   4.00245925   4.32101555   4.66448584   5.01949080   5.35712436   5.62885906   5.76444589   5.67403315   5.25708406   4.41983523   3.10063883   1.29937484  -0.89578555  -3.29377374  -5.61047791  -7.51501012  -8.71347625  -9.04612486  -8.54870961  -7.43534374  -6.00837987  -4.55027881  -3.25417762  -2.21053953  -1.43137582  -0.88464045  -0.52159297  -0.29293911  -0.15638884  -0.07918125  -0.03793038  -0.01714865  -0.00729882  -0.00291696  -0.00109172  -0.00038161  -0.00012424  -0.00003756  -0.00001052  -0.00000272  -0.00000065  -0.00000014  -0.00000003  -0.00000001  -0.00000000  -0.00000000  -0.00000000  -0.00000000  -0.00000000  -0.00000000  -0.00000000  -0.00000000  -0.00000000  -0.00000000  -0.00000000  -0.00000000  -0.00000000  -0.00000000  -0.00000000  -0.00000000  -0.00000000  -0.00000000  -0.00000000  -0.00000000  -0.00000000  -0.00000000  -0.00000000  -0.00000000  -0.00000000  -0.00000000  -0.00000000  -0.00000000  -0.00000000  -0.00000000  -0.00000000  -0.00000000  -0.00000000  -0.00000000  -0.00000000  -0.00000000  -0.00000000  -0.00000000  -0.00000000  -0.00000000  -0.00000000  -0.00000000  -0.00000000 
  0.00000003   0.34716352   0.69044968   1.02614342   1.35087373   1.66183074   1.95702626   2.23559302   2.49809977   2.74683351   2.98596949   3.22151387   3.46087077   3.71186408   3.98105065   4.27121551   4.57806345   4.88633014   5.16583219   5.36834338   5.42659290   5.25708406   4.76866850   3.87843917   2.53488578   0.74527422  -1.39928357  -3.71073003  -5.91486144  -7.69684531  -8.78155036  -9.02515300  -8.47151015  -7.33355846  -5.90586490  -4.46100520  -3.18368747  -2.15885937  -1.39575070  -0.86141255  -0.50723980  -0.28453479  -0.15173124  -0.07674226  -0.03672582  -0.01658872  -0.00705438  -0.00281697  -0.00105349  -0.00036798  -0.00011972  -0.00003617  -0.00001012  -0.00000262  -0.00000062  -0.00000014  -0.00000003  -0.00000000  -0.00000000  -0.00000000  -0.00000000  -0.00000000  -0.00000000  -0.00000000  -0.00000000  -0.00000000  -0.00000000  -0.00000000  -0.00000000  -0.00000000  -0.00000000  -0.00000000  -0.00000000  -0.00000000  -0.00000000  -0.00000000  -0.00000000  -0.00000000  -0.00000000  -0.00000000  -0.00000000  -0.00000000  -0.00000000  -0.00000000  -0.00000000  -0.00000000  -0.00000000  -0.00000000  -0.00000000  -0.00000000  -0.00000000  -0.00000000  -0.00000000  -0.00000000  -0.00000000  -0.00000000  -0.00000000  -0.00000000  -0.00000000  -0.00000000  -0.00000000 
  0.00000003   0.33336233   0.66222297   0.98227871   1.28963948   1.58107144   1.85427338   2.10817866   2.34325691   2.56176547   2.76787103   2.96752941   3.16798227   3.37671364   3.59972303   3.83903598   4.08950852   4.33520392   4.54592379   4.67482053   4.65832924   4.41983523   3.87843917   2.96375071   1.63652027  -0.08728459  -2.11456946  -4.26436215  -6.27941242  -7.86973562  -8.78727685  -8.90934336  -8.28821211  -7.13132152  -5.71867688  -4.30643240  -3.06629527  -2.07541926  -1.33969680  -0.82565814  -0.48555971  -0.27204702  -0.14490945  -0.07321498  -0.03500328  -0.01579604  -0.00671144  -0.00267784  -0.00100068  -0.00034928  -0.00011356  -0.00003429  -0.00000959  -0.00000248  -0.00000059  -0.00000013  -0.00000003  -0.00000000  -0.00000000  -0.00000000  -0.00000000  -0.00000000  -0.00000000  -0.00000000  -0.00000000  -0.00000000  -0.00000000  -0.00000000  -0.00000000  -0.00000000  -0.00000000  -0.00000000  -0.00000000  -0.00000000  -0.00000000  -0.00000000  -0.00000000  -0.00000000  -0.00000000  -0.00000000  -0.00000000  -0.00000000  -0.00000000  -0.00000000  -0.00000000  -0.00000000  -0.00000000  -0.00000000  -0.00000000  -0.00000000  -0.00000000  -0.00000000  -0.00000000  -0.00000000  -0.00000000  -0.00000000  -0.00000000  -0.00000000  -0.00000000  -0.00000000  -0.00000000 
  0.00000003   0.29033991   0.57557081   0.85081214   1.11165346   1.35441918   1.57645853   1.77645123   1.95470201   2.11337451   2.25658753   2.39026729   2.52162327   2.65810383   2.80570515   2.96657428   3.13598437   3.29898190   3.42730513   3.47750534   3.39147230   3.10063883   2.53488578   1.63652027   0.37862676  -1.21453495  -3.04978817  -4.95755853  -6.70435129  -8.03324544  -8.73080155  -8.69988215  -8.00091670  -6.83123381  -5.44947143  -4.08894472  -2.90394626  -1.96168896  -1.26425404  -0.77807028  -0.45698894  -0.25573523  -0.13606912  -0.06867658  -0.03280125  -0.01478863  -0.00627794  -0.00250281  -0.00093455  -0.00032596  -0.00010590  -0.00003196  -0.00000893  -0.00000230  -0.00000055  -0.00000012  -0.00000002  -0.00000000  -0.00000000  -0.00000000  -0.00000000  -0.00000000  -0.00000000  -0.00000000  -0.00000000  -0.00000000  -0.00000000  -0.00000000  -0.00000000  -0.00000000  -0.00000000  -0.00000000  -0.00000000  -0.00000000  -0.00000000  -0.00000000  -0.00000000  -0.00000000  -0.00000000  -0.00000000  -0.00000000  -0.00000000  -0.00000000  -0.00000000  -0.00000000  -0.00000000  -0.00000000  -0.00000000  -0.00000000  -0.00000000  -0.00000000  -0.00000000  -0.00000000  -0.00000000  -0.00000000  -0.00000000  -0.00000000  -0.00000000  -0.00000000  -0.00000000  -0.00000000 
  0.00000002   0.21672513   0.42777835   0.62773807   0.81169451   0.97553024   1.11622055   1.23214364   1.32337436   1.39191469   1.44178916   1.47890663   1.51056759   1.54448654   1.58721774   1.64193686   1.70566157   1.76620306   1.79942292   1.76768136   1.62060963   1.29937484   0.74527422  -0.08728459  -1.21453495  -2.60638497  -4.17295564  -5.76077141  -7.16618236  -8.17201201  -8.60507924  -8.39656113  -7.61385009  -6.43952462  -5.10465052  -3.81408021  -2.70093684  -1.82075073  -1.17150078  -0.71997659  -0.42233299  -0.23606354  -0.12546389  -0.06325821  -0.03018380  -0.01359599  -0.00576663  -0.00229708  -0.00085707  -0.00029871  -0.00009698  -0.00002925  -0.00000817  -0.00000211  -0.00000050  -0.00000011  -0.00000002  -0.00000000  -0.00000000  -0.00000000  -0.00000000  -0.00000000  -0.00000000  -0.00000000  -0.00000000  -0.00000000  -0.00000000  -0.00000000  -0.00000000  -0.00000000  -0.00000000  -0.00000000  -0.00000000  -0.00000000  -0.00000000  -0.00000000  -0.00000000  -0.00000000  -0.00000000  -0.00000000  -0.00000000  -0.00000000  -0.00000000  -0.00000000  -0.00000000  -0.00000000  -0.00000000  -0.00000000  -0.00000000  -0.00000000  -0.00000000  -0.00000000  -0.00000000  -0.00000000  -0.00000000  -0.00000000  -0.00000000  -0.00000000  -0.00000000  -0.00000000  -0.00000000 
  0.00000001   0.11468587   0.22324157   0.31979989   0.39902932   0.45642345   0.48860757   0.49365289   0.47137467   0.42357184   0.35414366   0.26899509   0.17562307   0.08226746  -0.00347254  -0.07659844  -0.13717487  -0.19303316  -0.26220238  -0.37427206  -0.56966689  -0.89578555  -1.39928357  -2.11456946  -3.04978817  -4.17295564  -5.40221168  -6.60521739  -7.61314121  -8.25285361  -8.39415255  -7.99682485  -7.13286787  -5.96579704  -4.69421934  -3.49043497  -2.46384152  -1.65724213  -1.06451075  -0.65330865  -0.38274640  -0.21368828  -0.11344801  -0.05714110  -0.02723856  -0.01225809  -0.00519467  -0.00206755  -0.00077083  -0.00026846  -0.00008710  -0.00002625  -0.00000733  -0.00000189  -0.00000045  -0.00000010  -0.00000002  -0.00000000  -0.00000000  -0.00000000  -0.00000000  -0.00000000  -0.00000000  -0.00000000  -0.00000000  -0.00000000  -0.00000000  -0.00000000  -0.00000000  -0.00000000  -0.00000000  -0.00000000  -0.00000000  -0.00000000  -0.00000000  -0.00000000  -0.00000000  -0.00000000  -0.00000000  -0.00000000  -0.00000000  -0.00000000  -0.00000000  -0.00000000  -0.00000000  -0.00000000  -0.00000000  -0.00000000  -0.00000000  -0.00000000  -0.00000000  -0.00000000  -0.00000000  -0.00000000  -0.00000000  -0.00000000  -0.00000000  -0.00000000  -0.00000000  -0.00000000  -0.00000000 
 -0.00000000  -0.00830501  -0.02301599  -0.05027321  -0.09567648  -0.16399463  -0.25885854  -0.38244514  -0.53517284  -0.71544462  -0.91949447  -1.14141336  -1.37344864  -1.60667816  -1.83214776  -2.04251321  -2.23413096  -2.40938471  -2.57881990  -2.76241525  -2.98912268  -3.29377374  -3.71073003  -4.26436215  -4.95755853  -5.76077141  -6.60521739  -7.38438504  -7.96758435  -8.22706198  -8.07478876  -7.49661131  -6.56564820  -5.42283304  -4.23143614  -3.12930614  -2.20121744  -1.47713838  -0.94720480  -0.58050709  -0.33967510  -0.18942470  -0.10045828  -0.05054710  -0.02407213  -0.01082326  -0.00458267  -0.00182248  -0.00067893  -0.00023628  -0.00007660  -0.00002307  -0.00000644  -0.00000166  -0.00000039  -0.00000009  -0.00000002  -0.00000000  -0.00000000  -0.00000000  -0.00000000  -0.00000000  -0.00000000  -0.00000000  -0.00000000  -0.00000000  -0.00000000  -0.00000000  -0.00000000  -0.00000000  -0.00000000  -0.00000000  -0.00000000  -0.00000000  -0.00000000  -0.00000000  -0.00000000  -0.00000000  -0.00000000  -0.00000000  -0.00000000  -0.00000000  -0.00000000  -0.00000000  -0.00000000  -0.00000000  -0.00000000  -0.00000000  -0.00000000  -0.00000000  -0.00000000  -0.00000000  -0.00000000  -0.00000000  -0.00000000  -0.00000000  -0.00000000  -0.00000000  -0.00000000  -0.00000000  -0.00000000 
 -0.00000001  -0.13867800  -0.28378434  -0.44148865  -0.61743440  -0.81645582  -1.04227747  -1.29720158  -1.58179933  -1.89463525  -2.23207091  -2.58821127  -2.95507265  -3.32305941  -3.68182777  -4.02158016  -4.33475796  -4.61797665  -4.87387503  -5.11235208  -5.35049713  -5.61047791  -5.91486144  -6.27941242  -6.70435129  -7.16618236  -7.61314121  -7.96758435  -8.13781501  -8.03948424  -7.62244603  -6.89352567  -5.92284224  -4.82657612  -3.73230039  -2.74408978  -1.92309273  -1.28737786  -0.82410039  -0.50436423  -0.29476277  -0.16419404  -0.08698551  -0.04372426  -0.02080312  -0.00934504  -0.00395340  -0.00157095  -0.00058478  -0.00020336  -0.00006589  -0.00001983  -0.00000553  -0.00000142  -0.00000034  -0.00000007  -0.00000001  -0.00000000  -0.00000000  -0.00000000  -0.00000000  -0.00000000  -0.00000000  -0.00000000  -0.00000000  -0.00000000  -0.00000000  -0.00000000  -0.00000000  -0.00000000  -0.00000000  -0.00000000  -0.00000000  -0.00000000  -0.00000000  -0.00000000  -0.00000000  -0.00000000  -0.00000000  -0.00000000  -0.00000000  -0.00000000  -0.00000000  -0.00000000  -0.00000000  -0.00000000  -0.00000000  -0.00000000  -0.00000000  -0.00000000  -0.00000000  -0.00000000  -0.00000000  -0.00000000  -0.00000000  -0.00000000  -0.00000000  -0.00000000  -0.00000000  -0.00000000  -0.00000000 
