# coconut-me2b/v0.99.21 
# 
# momentum space matrix elements 
# partial wave J=2, L=1/1, S=1, T=1, MT=1 
# 
# momentum grid [fm^-1]
0.000000 0.100000 0.200000 0.300000 0.400000 0.500000 0.600000 0.700000 0.800000 0.900000 1.000000 1.100000 1.200000 1.300000 1.400000 1.500000 1.600000 1.700000 1.800000 1.900000 2.000000 2.100000 2.200000 2.300000 2.400000 2.500000 2.600000 2.700000 2.800000 2.900000 3.000000 3.100000 3.200000 3.300000 3.400000 3.500000 3.600000 3.700000 3.800000 3.900000 4.000000 4.100000 4.200000 4.300000 4.400000 4.500000 4.600000 4.700000 4.800000 4.900000 5.000000 5.100000 5.200000 5.300000 5.400000 5.500000 5.600000 5.700000 5.800000 5.900000 6.000000 6.100000 6.200000 6.300000 6.400000 6.500000 6.600000 6.700000 6.800000 6.900000 7.000000 7.100000 7.200000 7.300000 7.400000 7.500000 7.600000 7.700000 7.800000 7.900000 8.000000 8.100000 8.200000 8.300000 8.400000 8.500000 8.600000 8.700000 8.800000 8.900000 9.000000 9.100000 9.200000 9.300000 9.400000 9.500000 9.600000 9.700000 9.800000 9.900000 10.000000 
#
# matrix elements [MeV fm^3] 
  0.00000000   0.00000110   0.00000134   0.00000075   0.00000006  -0.00000017  -0.00000004   0.00000006  -0.00000001  -0.00000009  -0.00000007  -0.00000001  -0.00000002  -0.00000006  -0.00000006  -0.00000003  -0.00000002  -0.00000004  -0.00000004  -0.00000002  -0.00000001  -0.00000002  -0.00000003  -0.00000002  -0.00000001  -0.00000001  -0.00000002  -0.00000001  -0.00000000  -0.00000000  -0.00000001  -0.00000001  -0.00000000  -0.00000000  -0.00000001  -0.00000000   0.00000000   0.00000000  -0.00000000  -0.00000000   0.00000000   0.00000000  -0.00000000  -0.00000000   0.00000000   0.00000000   0.00000000  -0.00000000  -0.00000000   0.00000000   0.00000000  -0.00000000  -0.00000000   0.00000000   0.00000000  -0.00000000  -0.00000000   0.00000000   0.00000000  -0.00000000  -0.00000000   0.00000000   0.00000000  -0.00000000  -0.00000000   0.00000000   0.00000000   0.00000000  -0.00000000  -0.00000000   0.00000000   0.00000000  -0.00000000  -0.00000000   0.00000000   0.00000000  -0.00000000  -0.00000000   0.00000000   0.00000000  -0.00000000  -0.00000000   0.00000000   0.00000000  -0.00000000  -0.00000000   0.00000000   0.00000000  -0.00000000  -0.00000000  -0.00000000   0.00000000   0.00000000  -0.00000000  -0.00000000   0.00000000  -0.00000000   0.00000000   0.00000000   0.00000000  -0.00000000 
  0.00000110   9.46929932  11.70632560   6.77231056   0.80575066  -1.35786860  -0.38265505   0.45132986  -0.10389417  -0.79820581  -0.64294762  -0.20977399  -0.26634947  -0.57568551  -0.56180015  -0.30202759  -0.23920942  -0.38859777  -0.41353216  -0.25197808  -0.16331516  -0.23729362  -0.27674937  -0.17914839  -0.09318543  -0.12636255  -0.16912040  -0.11482014  -0.04214383  -0.05408692  -0.09703674  -0.07332327  -0.01522192  -0.01238232  -0.04879311  -0.04303074   0.00190282   0.01286686  -0.01781123  -0.02561462   0.00556457   0.02010449  -0.00402228  -0.01921771   0.00141382   0.01850447   0.00217657  -0.01565933  -0.00313555   0.01494449   0.00585219  -0.01212358  -0.00624643   0.01114774   0.00805399  -0.00855228  -0.00800275   0.00748900   0.00908032  -0.00518036  -0.00866159   0.00416468   0.00916857  -0.00218185  -0.00846430   0.00130474   0.00853976   0.00033160  -0.00763234  -0.00101373   0.00739852   0.00229969  -0.00636723  -0.00275802   0.00593105   0.00370473  -0.00484900  -0.00393261   0.00430245   0.00456407  -0.00323422  -0.00457234   0.00265435   0.00492298  -0.00165408  -0.00473584   0.00110291   0.00484782  -0.00021314  -0.00449894  -0.00026220   0.00441938   0.00101116  -0.00394834  -0.00137802   0.00372653   0.00196803  -0.00317554  -0.00220739   0.00286031   0.00263188 
  0.00000134  11.70632560  15.09701816   9.84199460   2.57757479  -0.92029746  -0.65763405   0.07852363  -0.38416397  -1.10854958  -1.07609804  -0.69427084  -0.70286238  -0.96650771  -0.96085099  -0.71009818  -0.61032691  -0.70760995  -0.70936037  -0.54089787  -0.42592464  -0.45808580  -0.47013534  -0.36219536  -0.25900430  -0.26175595  -0.28010359  -0.21641121  -0.13492986  -0.12868993  -0.15462432  -0.12484965  -0.06338488  -0.04948954  -0.07253850  -0.06119540  -0.01550712   0.00058413  -0.02190292  -0.02681743   0.00203469   0.01684122  -0.00301994  -0.01651131   0.00125607   0.01677488   0.00301170  -0.01295454  -0.00251390   0.01351179   0.00599016  -0.00991528  -0.00523664   0.01002506   0.00769029  -0.00686975  -0.00676767   0.00672295   0.00841137  -0.00400031  -0.00733542   0.00375799   0.00835286  -0.00145633  -0.00715697   0.00122850   0.00770072   0.00066686  -0.00642891  -0.00080889   0.00662783   0.00231847  -0.00532837  -0.00233322   0.00529179   0.00348449  -0.00401254  -0.00335382   0.00383251   0.00418103  -0.00261739  -0.00390491   0.00236990   0.00444820  -0.00125639  -0.00404024   0.00100217   0.00434410  -0.00001956  -0.00382766  -0.00019524   0.00393912   0.00102674  -0.00334381  -0.00116972   0.00331041   0.00183936  -0.00266896  -0.00189081   0.00253679   0.00239699 
  0.00000075   6.77231056   9.84199460   8.35515801   4.48387172   1.10017131  -0.49613329  -0.82092257  -0.88425745  -1.09514352  -1.29479419  -1.32742871  -1.27103809  -1.24128279  -1.22730164  -1.16921522  -1.07347356  -0.98739951  -0.92008623  -0.84543366  -0.75694786  -0.67489550  -0.60843065  -0.54459008  -0.47503202  -0.40892770  -0.35486270  -0.30807987  -0.26223796  -0.22063128  -0.18812611  -0.16110717  -0.13316227  -0.10487683  -0.08105315  -0.06215658  -0.04494242  -0.02919555  -0.01787811  -0.01139228  -0.00670120  -0.00222743   0.00053859   0.00088726   0.00074730   0.00158552   0.00234741   0.00188384   0.00113127   0.00133082   0.00188451   0.00163745   0.00096834   0.00096020   0.00142938   0.00138376   0.00084737   0.00071177   0.00108025   0.00116489   0.00076104   0.00055071   0.00081465   0.00097423   0.00069275   0.00044824   0.00061430   0.00080768   0.00063295   0.00038440   0.00046534   0.00066283   0.00057649   0.00034519   0.00035679   0.00053810   0.00052099   0.00032081   0.00027983   0.00043220   0.00046573   0.00030442   0.00022715   0.00034391   0.00041100   0.00029144   0.00019271   0.00027187   0.00035759   0.00027888   0.00017151   0.00021462   0.00030654   0.00026502   0.00015943   0.00017054   0.00025887   0.00024904   0.00015314   0.00013787   0.00021549 
  0.00000006   0.80575066   2.57757479   4.48387172   4.71245766   2.79259492   0.24295664  -1.21584878  -1.39935017  -1.28531105  -1.49582952  -1.77882397  -1.77018949  -1.59024042  -1.52404543  -1.55209775  -1.47920395  -1.29974686  -1.16938891  -1.12312638  -1.04936551  -0.90736730  -0.78331257  -0.72404906  -0.66593290  -0.56160653  -0.45894158  -0.40649928  -0.37208005  -0.31030752  -0.24181599  -0.20675032  -0.19021286  -0.15299486  -0.10191205  -0.07288761  -0.06586094  -0.04975673  -0.02064562  -0.00551158  -0.01083833  -0.01211044   0.00118095   0.00950563   0.00164408  -0.00539563   0.00155697   0.00918689   0.00383392  -0.00405066  -0.00039375   0.00717579   0.00464168  -0.00289134  -0.00175103   0.00523199   0.00498257  -0.00168574  -0.00249989   0.00348518   0.00495584  -0.00054143  -0.00277330   0.00197634   0.00463687   0.00046358  -0.00268833   0.00073002   0.00410101   0.00128133  -0.00234732  -0.00024386   0.00342074   0.00188755  -0.00183972  -0.00094880   0.00266306   0.00227683  -0.00124280  -0.00139998   0.00188751   0.00245873  -0.00062162  -0.00162225   0.00114456   0.00245422  -0.00002902  -0.00164788   0.00047462   0.00229255   0.00049443  -0.00151413  -0.00009252   0.00200820   0.00092021  -0.00126089  -0.00053769   0.00163814   0.00123116  -0.00092840  -0.00085191 
 -0.00000017  -1.35786860  -0.92029746   1.10017131   2.79259492   2.66449380   1.02959819  -0.69499905  -1.58020469  -1.77827888  -1.84600024  -1.99179802  -2.07955135  -2.02629882  -1.92269796  -1.84741001  -1.76773067  -1.64172044  -1.49808963  -1.37767418  -1.27018504  -1.14878363  -1.02116661  -0.91009081  -0.81269853  -0.71174341  -0.60949070  -0.52254921  -0.45312587  -0.38889957  -0.32600614  -0.27197086  -0.22783533  -0.18493429  -0.14053696  -0.10235753  -0.07486275  -0.05289823  -0.03234639  -0.01686493  -0.00946326  -0.00578736  -0.00103969   0.00298642   0.00308468   0.00150750   0.00215707   0.00396258   0.00356017   0.00168605   0.00158799   0.00303983   0.00306152   0.00149695   0.00106621   0.00225365   0.00261141   0.00138219   0.00073341   0.00164074   0.00221642   0.00131206   0.00053650   0.00116540   0.00186129   0.00125965   0.00043451   0.00080195   0.00153856   0.00120824   0.00039700   0.00053124   0.00124556   0.00114816   0.00040081   0.00033796   0.00098216   0.00107472   0.00042808   0.00020899   0.00074941   0.00098680   0.00046511   0.00013261   0.00054860   0.00088579   0.00050164   0.00009802   0.00038064   0.00077477   0.00053030   0.00009520   0.00024568   0.00065787   0.00054626   0.00011494   0.00014294   0.00053970   0.00054687   0.00014888   0.00007064 
 -0.00000004  -0.38265505  -0.65763405  -0.49613329   0.24295664   1.02959819   1.02445120   0.01402184  -1.30543166  -2.10681855  -2.25952519  -2.21399064  -2.29034092  -2.38575572  -2.32009952  -2.14890323  -2.02456152  -1.94978443  -1.82575435  -1.64425512  -1.48754582  -1.38014994  -1.26354344  -1.11076000  -0.96666204  -0.86163002  -0.76509984  -0.65016190  -0.54182083  -0.46840828  -0.41210863  -0.34338277  -0.27011007  -0.21656927  -0.17838282  -0.13423374  -0.08641361  -0.05539833  -0.04246252  -0.02895500  -0.00978122   0.00080859  -0.00182680  -0.00360121   0.00326013   0.00829530   0.00385095  -0.00100498   0.00236484   0.00707390   0.00434104  -0.00067593   0.00085788   0.00542799   0.00437977  -0.00024385  -0.00013529   0.00396838   0.00423988   0.00027072  -0.00070185   0.00271304   0.00394685   0.00078074  -0.00094490   0.00166450   0.00353171   0.00122863  -0.00094983   0.00082154   0.00303035   0.00157951  -0.00078859   0.00017783   0.00247963   0.00181565  -0.00052205  -0.00027856   0.00191467   0.00193255  -0.00020127  -0.00056471   0.00136690   0.00193580   0.00013192  -0.00070210   0.00086272   0.00183843   0.00044453  -0.00071537   0.00042265   0.00165863   0.00071206  -0.00063112   0.00006092   0.00141764   0.00091805  -0.00047646  -0.00021451   0.00113797   0.00105346 
  0.00000006   0.45132986   0.07852363  -0.82092257  -1.21584878  -0.69499905   0.01402184  -0.03491305  -0.92307365  -1.93342934  -2.46620982  -2.55977550  -2.55806945  -2.60197286  -2.59605675  -2.48207000  -2.33215693  -2.20855379  -2.08406044  -1.92419692  -1.75342928  -1.60540152  -1.46871173  -1.31842409  -1.16234867  -1.02300690  -0.89955425  -0.77765060  -0.66050354  -0.56289645  -0.48366265  -0.40761138  -0.33043285  -0.26185239  -0.20579954  -0.15520488  -0.10754606  -0.07012460  -0.04642584  -0.02968266  -0.01434586  -0.00357426  -0.00034063   0.00005551   0.00276178   0.00565283   0.00487278   0.00257412   0.00296481   0.00486093   0.00440369   0.00225260   0.00205667   0.00368468   0.00376486   0.00198641   0.00142158   0.00275151   0.00321649   0.00182631   0.00101532   0.00201981   0.00273182   0.00172217   0.00077192   0.00144990   0.00229390   0.00164080   0.00064287   0.00101344   0.00189507   0.00156159   0.00059156   0.00068869   0.00153302   0.00147269   0.00058983   0.00045768   0.00120827   0.00136848   0.00061585   0.00030465   0.00092245   0.00124779   0.00065289   0.00021522   0.00067725   0.00111255   0.00068846   0.00017599   0.00047371   0.00096681   0.00071372   0.00017452   0.00031180   0.00081580   0.00072302   0.00019930   0.00019024   0.00066529   0.00071344 
 -0.00000001  -0.10389417  -0.38416397  -0.88425745  -1.39935017  -1.58020469  -1.30543166  -0.92307365  -0.96183798  -1.56587400  -2.33967048  -2.80209692  -2.86850609  -2.79627893  -2.77825984  -2.76329038  -2.64848127  -2.46612512  -2.30929318  -2.18406758  -2.03161785  -1.84361011  -1.66834215  -1.52266669  -1.37238157  -1.20085524  -1.03745169  -0.90555830  -0.78921830  -0.66966905  -0.55817564  -0.47020845  -0.39480638  -0.31413509  -0.23431803  -0.17297920  -0.12924006  -0.08892201  -0.05110938  -0.02735965  -0.01818513  -0.01071415   0.00012314   0.00603414   0.00344320   0.00106365   0.00461020   0.00777029   0.00492846   0.00134815   0.00307552   0.00620672   0.00465725   0.00117630   0.00177382   0.00475653   0.00431714   0.00120463   0.00091728   0.00353214   0.00393753   0.00134004   0.00039956   0.00251267   0.00351384   0.00150767   0.00013364   0.00168224   0.00305431   0.00165906   0.00005007   0.00102715   0.00257429   0.00176475   0.00009214   0.00053326   0.00209207   0.00180922   0.00021326   0.00018488   0.00162621   0.00178735   0.00037544  -0.00003560   0.00119363   0.00170174   0.00054832  -0.00014744   0.00080840   0.00156050   0.00070863  -0.00017099   0.00048097   0.00137543   0.00083958  -0.00012701   0.00021785   0.00116040   0.00093036  -0.00003582   0.00002154 
 -0.00000009  -0.79820581  -1.10854958  -1.09514352  -1.28531105  -1.77827888  -2.10681855  -1.93342934  -1.56587400  -1.57869595  -2.10101934  -2.72167195  -3.03582269  -3.04481467  -2.98088085  -2.94969759  -2.88383203  -2.73762330  -2.56533762  -2.41660558  -2.26927151  -2.09232155  -1.90312950  -1.72966766  -1.56383583  -1.38599733  -1.20536306  -1.04520981  -0.90712766  -0.77671672  -0.65230671  -0.54385349  -0.45044240  -0.36072370  -0.27353449  -0.19995859  -0.14454649  -0.09980515  -0.06110593  -0.03327780  -0.01862181  -0.01006575  -0.00145136   0.00466002   0.00495479   0.00329036   0.00454736   0.00677332   0.00585835   0.00338465   0.00347649   0.00529638   0.00499320   0.00285499   0.00246577   0.00402247   0.00423962   0.00250652   0.00178500   0.00302587   0.00360004   0.00227721   0.00134376   0.00224652   0.00303951   0.00211222   0.00107265   0.00164198   0.00253894   0.00197635   0.00092058   0.00118137   0.00208911   0.00184780   0.00084895   0.00084062   0.00168639   0.00171406   0.00082810   0.00059962   0.00133015   0.00156929   0.00083522   0.00044075   0.00102091   0.00141230   0.00085299   0.00034797   0.00075928   0.00124514   0.00086873   0.00030655   0.00054518   0.00107196   0.00087368   0.00030293   0.00037746   0.00089808   0.00086246   0.00032482   0.00025372 
 -0.00000007  -0.64294762  -1.07609804  -1.29479419  -1.49582952  -1.84600024  -2.25952519  -2.46620982  -2.33967048  -2.10101934  -2.11254553  -2.48126833  -2.95319386  -3.21555724  -3.21314391  -3.11327387  -3.04301258  -2.97204176  -2.83484389  -2.65160910  -2.48198227  -2.32962350  -2.15520678  -1.95191113  -1.75197732  -1.57015059  -1.38875036  -1.20045586  -1.02655956  -0.88247922  -0.75501606  -0.62774737  -0.50637375  -0.40346239  -0.31562802  -0.23305955  -0.15964635  -0.10630453  -0.07137826  -0.04343470  -0.01947053  -0.00575666  -0.00224667   0.00009400   0.00539401   0.00828396   0.00580397   0.00343790   0.00531310   0.00738289   0.00547697   0.00279553   0.00367059   0.00579574   0.00484992   0.00234216   0.00248342   0.00447647   0.00429835   0.00211270   0.00168371   0.00339423   0.00378620   0.00200809   0.00117081   0.00251279   0.00329372   0.00196157   0.00086851   0.00180649   0.00281570   0.00192994   0.00071748   0.00125498   0.00235505   0.00188650   0.00067053   0.00084020   0.00191881   0.00181648   0.00068985   0.00054478   0.00151546   0.00171375   0.00074529   0.00035141   0.00115316   0.00157850   0.00081336   0.00024266   0.00083859   0.00141528   0.00087641   0.00020122   0.00057632   0.00123152   0.00092202   0.00021026   0.00036841   0.00103619   0.00094242 
 -0.00000001  -0.20977399  -0.69427084  -1.32742871  -1.77882397  -1.99179802  -2.21399064  -2.55977550  -2.80209692  -2.72167195  -2.48126833  -2.45780768  -2.77069104  -3.16161659  -3.34353380  -3.30446960  -3.21002750  -3.14233049  -3.05093409  -2.89637515  -2.71739379  -2.55272222  -2.38397495  -2.18393335  -1.96668736  -1.75959263  -1.56193163  -1.36123560  -1.16652194  -0.99674322  -0.85022771  -0.71043509  -0.57421676  -0.45313403  -0.35124583  -0.26109808  -0.18096253  -0.11890329  -0.07738716  -0.04772510  -0.02336845  -0.00716102  -0.00109260   0.00098973   0.00486633   0.00820216   0.00724012   0.00477359   0.00527723   0.00718520   0.00642790   0.00401471   0.00384762   0.00552203   0.00540192   0.00338631   0.00281502   0.00421518   0.00456127   0.00296518   0.00211753   0.00319666   0.00385085   0.00266903   0.00165853   0.00240315   0.00323356   0.00244289   0.00136856   0.00179057   0.00268879   0.00225154   0.00119636   0.00132631   0.00220575   0.00207324   0.00110320   0.00098459   0.00177934   0.00189557   0.00105946   0.00074385   0.00140740   0.00171276   0.00104260   0.00058521   0.00108903   0.00152364   0.00103571   0.00049171   0.00082339   0.00133020   0.00102666   0.00044793   0.00060906   0.00113639   0.00100729   0.00043990   0.00044363   0.00094721   0.00097288 
 -0.00000002  -0.26634947  -0.70286238  -1.27103809  -1.77018949  -2.07955135  -2.29034092  -2.55806945  -2.86850609  -3.03582269  -2.95319386  -2.77069104  -2.75272827  -2.98298735  -3.28426383  -3.43648107  -3.40158713  -3.29656910  -3.20856806  -3.11481660  -2.96847323  -2.78182956  -2.59436308  -2.40815269  -2.19790361  -1.96299465  -1.73137980  -1.51921492  -1.31811711  -1.12269391  -0.94392021  -0.78869787  -0.64711844  -0.51018717  -0.38533595  -0.28378042  -0.20366641  -0.13666960  -0.08287376  -0.04736557  -0.02711440  -0.01261958  -0.00049671   0.00551015   0.00532380   0.00499896   0.00742365   0.00880679   0.00673216   0.00472637   0.00574430   0.00711010   0.00577129   0.00375250   0.00416206   0.00558950   0.00495777   0.00311866   0.00304229   0.00436844   0.00428429   0.00271468   0.00226614   0.00338428   0.00369844   0.00244843   0.00174189   0.00259358   0.00317171   0.00225909   0.00140160   0.00196552   0.00269037   0.00210697   0.00119339   0.00147631   0.00224933   0.00196703   0.00107679   0.00110603   0.00184824   0.00182463   0.00102005   0.00083687   0.00148900   0.00167262   0.00099832   0.00065227   0.00117407   0.00150914   0.00099258   0.00053651   0.00090542   0.00133600   0.00098876   0.00047473   0.00068391   0.00115734   0.00097712   0.00045298   0.00050893 
 -0.00000006  -0.57568551  -0.96650771  -1.24128279  -1.59024042  -2.02629882  -2.38575572  -2.60197286  -2.79627893  -3.04481467  -3.21555724  -3.16161659  -2.98298735  -2.94308346  -3.14218190  -3.40581132  -3.52062701  -3.46834098  -3.36978306  -3.28838439  -3.18330782  -3.01837498  -2.82087051  -2.62297851  -2.41311212  -2.17257584  -1.91815782  -1.67954189  -1.46078924  -1.25001365  -1.04932232  -0.87066737  -0.71271566  -0.56424716  -0.42593606  -0.31021526  -0.22111984  -0.15010054  -0.09205774  -0.05111660  -0.02794020  -0.01379810  -0.00176361   0.00599855   0.00693533   0.00565309   0.00715012   0.00928880   0.00810807   0.00551522   0.00561425   0.00731744   0.00678122   0.00452043   0.00413750   0.00562982   0.00567309   0.00382919   0.00311241   0.00432390   0.00477003   0.00334709   0.00241322   0.00330839   0.00400903   0.00299205   0.00194552   0.00251996   0.00335257   0.00271078   0.00164153   0.00191382   0.00277909   0.00246915   0.00145114   0.00145637   0.00227653   0.00224610   0.00133654   0.00112079   0.00183840   0.00202969   0.00126901   0.00088461   0.00146106   0.00181434   0.00122689   0.00072828   0.00114215   0.00159892   0.00119418   0.00063436   0.00087941   0.00138522   0.00115961   0.00058724   0.00067010   0.00117683   0.00111587   0.00057301   0.00051062 
 -0.00000006  -0.56180015  -0.96085099  -1.22730164  -1.52404543  -1.92269796  -2.32009952  -2.59605675  -2.77825984  -2.98088085  -3.21314391  -3.34353380  -3.28426383  -3.14218190  -3.11843883  -3.27975314  -3.49361131  -3.59413089  -3.55171950  -3.45070448  -3.35124038  -3.23283745  -3.05987192  -2.84212418  -2.61070486  -2.37198256  -2.11530831  -1.84831232  -1.59600774  -1.36991125  -1.16028613  -0.95930482  -0.77376461  -0.61116957  -0.46848659  -0.34185449  -0.23635713  -0.15773173  -0.10169142  -0.05942085  -0.02846664  -0.01057586  -0.00255102   0.00273735   0.00773889   0.00964421   0.00806137   0.00692037   0.00806909   0.00874009   0.00710002   0.00551336   0.00606381   0.00692621   0.00592313   0.00440088   0.00455958   0.00548474   0.00500685   0.00364516   0.00348234   0.00434319   0.00426565   0.00312083   0.00271496   0.00343245   0.00364196   0.00274330   0.00217404   0.00270586   0.00310205   0.00245646   0.00179856   0.00213014   0.00262670   0.00222325   0.00154250   0.00168001   0.00220547   0.00201970   0.00137058   0.00133497   0.00183304   0.00183111   0.00125550   0.00107751   0.00150684   0.00164927   0.00117622   0.00089210   0.00122555   0.00147064   0.00111681   0.00076467   0.00098802   0.00129480   0.00106558   0.00068238   0.00079276   0.00112338   0.00101445 
 -0.00000003  -0.30202759  -0.71009818  -1.16921522  -1.55209775  -1.84741001  -2.14890323  -2.48207000  -2.76329038  -2.94969759  -3.11327387  -3.30446960  -3.43648107  -3.40581132  -3.27975314  -3.25023769  -3.39787636  -3.59618532  -3.67879720  -3.62289679  -3.51705356  -3.41009943  -3.26870537  -3.06226203  -2.81457033  -2.55910464  -2.29578798  -2.01635422  -1.73827413  -1.48632375  -1.26027423  -1.04484111  -0.83957944  -0.65783248  -0.50368248  -0.36977250  -0.25506340  -0.16730655  -0.10721053  -0.06438990  -0.03142434  -0.01021825  -0.00131316   0.00252392   0.00729874   0.01077919   0.00971307   0.00727696   0.00778726   0.00947026   0.00845407   0.00598291   0.00581462   0.00732627   0.00699405   0.00492362   0.00437020   0.00566404   0.00583737   0.00418649   0.00336591   0.00438025   0.00489309   0.00365442   0.00267314   0.00338369   0.00409924   0.00324930   0.00220164   0.00261213   0.00341863   0.00292046   0.00188632   0.00202083   0.00282918   0.00263541   0.00167902   0.00157577   0.00231785   0.00237415   0.00154348   0.00124967   0.00187691   0.00212531   0.00145238   0.00101965   0.00150139   0.00188361   0.00138527   0.00086587   0.00118755   0.00164786   0.00132731   0.00077086   0.00093184   0.00141959   0.00126826   0.00071917   0.00073033   0.00120190   0.00120168 
 -0.00000002  -0.23920942  -0.61032691  -1.07347356  -1.47920395  -1.76773067  -2.02456152  -2.33215693  -2.64848127  -2.88383203  -3.04301258  -3.21002750  -3.40158713  -3.52062701  -3.49361131  -3.39787636  -3.38959222  -3.52117489  -3.68673009  -3.75320026  -3.69456322  -3.57324928  -3.43264935  -3.25639306  -3.02136645  -2.74302086  -2.45411373  -2.16784116  -1.88214291  -1.60402629  -1.34837033  -1.11855260  -0.90580249  -0.70749489  -0.53295646  -0.38958014  -0.27411749  -0.18109393  -0.11083197  -0.06394935  -0.03440062  -0.01401731  -0.00017191   0.00625842   0.00758645   0.00854194   0.01033723   0.01059262   0.00884172   0.00770028   0.00828707   0.00855812   0.00724428   0.00602295   0.00631134   0.00679836   0.00598501   0.00483713   0.00487290   0.00543290   0.00501606   0.00399972   0.00382509   0.00435854   0.00424200   0.00339307   0.00306009   0.00350549   0.00360342   0.00293925   0.00250207   0.00282621   0.00306359   0.00258611   0.00209592   0.00228671   0.00259979   0.00229866   0.00180056   0.00186140   0.00219800   0.00205372   0.00158479   0.00153004   0.00184951   0.00183637   0.00142476   0.00127589   0.00154874   0.00163751   0.00130226   0.00108460   0.00129182   0.00145212   0.00120355   0.00094363   0.00107560   0.00127801   0.00111856   0.00084191   0.00089712 
 -0.00000004  -0.38859777  -0.70760995  -0.98739951  -1.29974686  -1.64172044  -1.94978443  -2.20855379  -2.46612512  -2.73762330  -2.97204176  -3.14233049  -3.29656910  -3.46834098  -3.59413089  -3.59618532  -3.52117489  -3.51188060  -3.63045284  -3.77860003  -3.82129685  -3.73354542  -3.58266766  -3.41026607  -3.19462429  -2.91725870  -2.60648427  -2.30021955  -2.00521570  -1.71390696  -1.43492220  -1.18381676  -0.95952959  -0.75171898  -0.56325606  -0.40734329  -0.28675072  -0.19172606  -0.11669633  -0.06467473  -0.03433580  -0.01550948  -0.00084473   0.00797401   0.00934707   0.00843338   0.01003653   0.01190001   0.01045112   0.00785014   0.00792957   0.00937986   0.00859692   0.00632008   0.00595231   0.00726715   0.00710181   0.00523743   0.00455887   0.00565131   0.00591866   0.00446622   0.00358190   0.00440346   0.00495093   0.00389388   0.00289968   0.00343605   0.00413911   0.00344718   0.00242687   0.00268852   0.00344681   0.00307846   0.00210167   0.00211674   0.00285171   0.00275718   0.00187835   0.00168681   0.00234004   0.00246449   0.00172261   0.00137140   0.00190298   0.00218969   0.00160875   0.00114761   0.00153438   0.00192771   0.00151777   0.00099573   0.00122928   0.00167728   0.00143605   0.00089853   0.00098300   0.00143956   0.00135442   0.00084100   0.00079058 
 -0.00000004  -0.41353216  -0.70936037  -0.92008623  -1.16938891  -1.49808963  -1.82575435  -2.08406044  -2.30929318  -2.56533762  -2.83484389  -3.05093409  -3.20856806  -3.36978306  -3.55171950  -3.67879720  -3.68673009  -3.63045284  -3.63180547  -3.73081466  -3.83876977  -3.84517104  -3.72814990  -3.53938680  -3.31742726  -3.05657752  -2.74964683  -2.42027709  -2.10083672  -1.80146364  -1.51603565  -1.24538938  -0.99939725  -0.78257072  -0.59171261  -0.42692426  -0.29410298  -0.19495157  -0.12257324  -0.06938581  -0.03312719  -0.01231092  -0.00131500   0.00590799   0.01066077   0.01178503   0.01065628   0.01025040   0.01088042   0.01055849   0.00899973   0.00807180   0.00838329   0.00837957   0.00727585   0.00634718   0.00649596   0.00670338   0.00598819   0.00512105   0.00511180   0.00540870   0.00499933   0.00423151   0.00408655   0.00439230   0.00421538   0.00357047   0.00332181   0.00358585   0.00357680   0.00306587   0.00274859   0.00294240   0.00304531   0.00266894   0.00231701   0.00242835   0.00259605   0.00234643   0.00199013   0.00201866   0.00221266   0.00207574   0.00174014   0.00169381   0.00188421   0.00184172   0.00154587   0.00143810   0.00160310   0.00163445   0.00139124   0.00123843   0.00136380   0.00144773   0.00126409   0.00108371   0.00116192   0.00127792   0.00115542 
 -0.00000002  -0.25197808  -0.54089787  -0.84543366  -1.12312638  -1.37767418  -1.64425512  -1.92419692  -2.18406758  -2.41660558  -2.65160910  -2.89637515  -3.11481660  -3.28838439  -3.45070448  -3.62289679  -3.75320026  -3.77860003  -3.73081466  -3.71724537  -3.78475532  -3.85420254  -3.81574017  -3.64843880  -3.41115053  -3.14792877  -2.85306627  -2.52108851  -2.18099527  -1.86492804  -1.57410150  -1.29565627  -1.03363017  -0.80353576  -0.60874882  -0.44159993  -0.30171247  -0.19620285  -0.12364284  -0.07212459  -0.03383422  -0.00993197   0.00045153   0.00532085   0.01049334   0.01374763   0.01244725   0.01006413   0.01053393   0.01187149   0.01057147   0.00811293   0.00794410   0.00920315   0.00862825   0.00656563   0.00604971   0.00716685   0.00712861   0.00547329   0.00471206   0.00560928   0.00593627   0.00467734   0.00376507   0.00440611   0.00495967   0.00407323   0.00309512   0.00347401   0.00414213   0.00359282   0.00262208   0.00275451   0.00344827   0.00319164   0.00228779   0.00220449   0.00285576   0.00284112   0.00204920   0.00179057   0.00235024   0.00252362   0.00187419   0.00148575   0.00192197   0.00222904   0.00173883   0.00126745   0.00156378   0.00195248   0.00162562   0.00111633   0.00126967   0.00169248   0.00152220   0.00101571   0.00103399   0.00144979   0.00142039 
 -0.00000001  -0.16331516  -0.42592464  -0.75694786  -1.04936551  -1.27018504  -1.48754582  -1.75342928  -2.03161785  -2.26927151  -2.48198227  -2.71739379  -2.96847323  -3.18330782  -3.35124038  -3.51705356  -3.69456322  -3.82129685  -3.83876977  -3.78475532  -3.75536942  -3.78239367  -3.79253281  -3.69662170  -3.48278334  -3.20333857  -2.90088517  -2.58076086  -2.24407147  -1.91128055  -1.60361213  -1.32244036  -1.06019948  -0.82015322  -0.61362454  -0.44456032  -0.30784546  -0.19985203  -0.12111833  -0.06886513  -0.03468165  -0.01144784   0.00267473   0.00872910   0.01071356   0.01235047   0.01354847   0.01287068   0.01124287   0.01064569   0.01087830   0.01032100   0.00896470   0.00825576   0.00842434   0.00821871   0.00723925   0.00653696   0.00662312   0.00662727   0.00595368   0.00529337   0.00528556   0.00539779   0.00496674   0.00437407   0.00427945   0.00443178   0.00418804   0.00367972   0.00351513   0.00366353   0.00355894   0.00314345   0.00292981   0.00304763   0.00304066   0.00271941   0.00247822   0.00255162   0.00260714   0.00237584   0.00212697   0.00215144   0.00224062   0.00209061   0.00185101   0.00182868   0.00192872   0.00184836   0.00163132   0.00156876   0.00166263   0.00163851   0.00145343   0.00135987   0.00143579   0.00145387   0.00130631   0.00119220   0.00124312 
 -0.00000002  -0.23729362  -0.45808580  -0.67489550  -0.90736730  -1.14878363  -1.38014994  -1.60540152  -1.84361011  -2.09232155  -2.32962350  -2.55272222  -2.78182956  -3.01837498  -3.23283745  -3.41009943  -3.57324928  -3.73354542  -3.84517104  -3.85420254  -3.78239367  -3.71348559  -3.68576738  -3.63869246  -3.48846010  -3.22588190  -2.91026762  -2.58967808  -2.26657364  -1.93573602  -1.61517251  -1.32572251  -1.06619370  -0.82699773  -0.61357705  -0.43954701  -0.30561221  -0.20074741  -0.11953009  -0.06435120  -0.03219767  -0.01205334   0.00309053   0.01159709   0.01269066   0.01185131   0.01336460   0.01476519   0.01298007   0.01040932   0.01045815   0.01156920   0.01050557   0.00825966   0.00791738   0.00899018   0.00858105   0.00673560   0.00611695   0.00704244   0.00709363   0.00564155   0.00483547   0.00555007   0.00590592   0.00482857   0.00391880   0.00439659   0.00493229   0.00420022   0.00326138   0.00350304   0.00411893   0.00369336   0.00278841   0.00281331   0.00343159   0.00326668   0.00244550   0.00228561   0.00284807   0.00289355   0.00219245   0.00188737   0.00235352   0.00255745   0.00199935   0.00159222   0.00193749   0.00224881   0.00184410   0.00137817   0.00159193   0.00196280   0.00171069   0.00122653   0.00130996   0.00169774   0.00158797   0.00112130   0.00108517 
 -0.00000003  -0.27674937  -0.47013534  -0.60843065  -0.78331257  -1.02116661  -1.26354344  -1.46871173  -1.66834215  -1.90312950  -2.15520678  -2.38397495  -2.59436308  -2.82087051  -3.05987192  -3.26870537  -3.43264935  -3.58266766  -3.72814990  -3.81574017  -3.79253281  -3.68576738  -3.57569884  -3.49330176  -3.38406600  -3.18239015  -2.88973368  -2.56073856  -2.23679091  -1.92131662  -1.60988873  -1.31395897  -1.04827888  -0.81444139  -0.60820741  -0.43286030  -0.29505589  -0.19302619  -0.11775393  -0.06312556  -0.02769239  -0.00792110   0.00331773   0.01082664   0.01467382   0.01476916   0.01373657   0.01374300   0.01387988   0.01273016   0.01116777   0.01067534   0.01075627   0.01006561   0.00885039   0.00832079   0.00842233   0.00807191   0.00715986   0.00662717   0.00669862   0.00656129   0.00589602   0.00538342   0.00540272   0.00539133   0.00492538   0.00445154   0.00441440   0.00446923   0.00416169   0.00374002   0.00365199   0.00373260   0.00354783   0.00318655   0.00305825   0.00313814   0.00304525   0.00274788   0.00259199   0.00265495   0.00262742   0.00239354   0.00222285   0.00226032   0.00227584   0.00210182   0.00192807   0.00193704   0.00197735   0.00185719   0.00169035   0.00167177   0.00172243   0.00164854   0.00149640   0.00145389   0.00150402   0.00146791   0.00133598 
 -0.00000002  -0.17914839  -0.36219536  -0.54459008  -0.72404906  -0.91009081  -1.11076000  -1.31842409  -1.52266669  -1.72966766  -1.95191113  -2.18393335  -2.40815269  -2.62297851  -2.84212418  -3.06226203  -3.25639306  -3.41026607  -3.53938680  -3.64843880  -3.69662170  -3.63869246  -3.49330176  -3.33244633  -3.19436698  -3.03886429  -2.80701936  -2.49981335  -2.17171245  -1.86308359  -1.57128879  -1.28536446  -1.01679845  -0.78409344  -0.58841405  -0.42099033  -0.28264046  -0.18032907  -0.11072552  -0.06120041  -0.02483518  -0.00302570   0.00595771   0.01029894   0.01497052   0.01742616   0.01561935   0.01322886   0.01360259   0.01448605   0.01285294   0.01044063   0.01027234   0.01121147   0.01035684   0.00833394   0.00786879   0.00876036   0.00847551   0.00684134   0.00616005   0.00690567   0.00701261   0.00575157   0.00493290   0.00548190   0.00584051   0.00492810   0.00404550   0.00438037   0.00487928   0.00428222   0.00340008   0.00352648   0.00407794   0.00375558   0.00292714   0.00286666   0.00340339   0.00330987   0.00257604   0.00236065   0.00283363   0.00292028   0.00230946   0.00197698   0.00235350   0.00257129   0.00209971   0.00169013   0.00195192   0.00225374   0.00192650   0.00147892   0.00162014   0.00196282   0.00177522   0.00132547   0.00135062   0.00169654   0.00163583 
 -0.00000001  -0.09318543  -0.25900430  -0.47503202  -0.66593290  -0.81269853  -0.96666204  -1.16234867  -1.37238157  -1.56383583  -1.75197732  -1.96668736  -2.19790361  -2.41311212  -2.61070486  -2.81457033  -3.02136645  -3.19462429  -3.31742726  -3.41115053  -3.48278334  -3.48846010  -3.38406600  -3.19436698  -2.99337031  -2.81716072  -2.62965142  -2.38311255  -2.08331982  -1.77639825  -1.49232818  -1.22752309  -0.97508726  -0.74559269  -0.55269671  -0.39619421  -0.26878661  -0.16913521  -0.09894415  -0.05330511  -0.02265446  -0.00177328   0.00964239   0.01364381   0.01519195   0.01684463   0.01724829   0.01564213   0.01400508   0.01375168   0.01362586   0.01236444   0.01093662   0.01057692   0.01059728   0.00982122   0.00869333   0.00830018   0.00838182   0.00793472   0.00705469   0.00664380   0.00672845   0.00649961   0.00582521   0.00541313   0.00547113   0.00538356   0.00488004   0.00448191   0.00450055   0.00449977   0.00413726   0.00376556   0.00374227   0.00378950   0.00354178   0.00320588   0.00314403   0.00321194   0.00305575   0.00276189   0.00266820   0.00273800   0.00265273   0.00240427   0.00228702   0.00234644   0.00231397   0.00211172   0.00197962   0.00202138   0.00202603   0.00186863   0.00173002   0.00175066   0.00177911   0.00166349   0.00152585   0.00152475   0.00156599 
 -0.00000001  -0.12636255  -0.26175595  -0.40892770  -0.56160653  -0.71174341  -0.86163002  -1.02300690  -1.20085524  -1.38599733  -1.57015059  -1.75959263  -1.96299465  -2.17257584  -2.37198256  -2.55910464  -2.74302086  -2.91725870  -3.05657752  -3.14792877  -3.20333857  -3.22588190  -3.18239015  -3.03886429  -2.81716072  -2.58539454  -2.38426205  -2.18765357  -1.94986725  -1.67035967  -1.39027175  -1.13899343  -0.91190461  -0.69931798  -0.51082444  -0.36072868  -0.24680268  -0.15707862  -0.08792955  -0.04256863  -0.01719000  -0.00099517   0.01142007   0.01763798   0.01738212   0.01614878   0.01731285   0.01803005   0.01580014   0.01326633   0.01326982   0.01396124   0.01257103   0.01038061   0.01006862   0.01084483   0.01015515   0.00835039   0.00780491   0.00852523   0.00832741   0.00689244   0.00618278   0.00676458   0.00689843   0.00581174   0.00500691   0.00541022   0.00575052   0.00498349   0.00414698   0.00436085   0.00480907   0.00432616   0.00351269   0.00354618   0.00402578   0.00378587   0.00303964   0.00291525   0.00336869   0.00332708   0.00268091   0.00242955   0.00281609   0.00292663   0.00240195   0.00205886   0.00235258   0.00256987   0.00217727   0.00177873   0.00196665   0.00224796   0.00198826   0.00156895   0.00164899   0.00195601   0.00182163   0.00141257   0.00139157 
 -0.00000002  -0.16912040  -0.28010359  -0.35486270  -0.45894158  -0.60949070  -0.76509984  -0.89955425  -1.03745169  -1.20536306  -1.38875036  -1.56193163  -1.73137980  -1.91815782  -2.11530831  -2.29578798  -2.45411373  -2.60648427  -2.74964683  -2.85306627  -2.90088517  -2.91026762  -2.88973368  -2.80701936  -2.62965142  -2.38426205  -2.14120103  -1.93833898  -1.74807834  -1.52796592  -1.27879990  -1.03617373  -0.82324017  -0.63568594  -0.46687204  -0.32425141  -0.21603553  -0.13737692  -0.07812213  -0.03510786  -0.00910715   0.00419432   0.01233487   0.01816790   0.02012106   0.01873075   0.01746357   0.01761644   0.01719584   0.01527671   0.01366099   0.01345714   0.01327500   0.01198626   0.01066020   0.01040757   0.01041398   0.00958921   0.00851253   0.00821713   0.00830707   0.00780351   0.00693543   0.00660672   0.00671857   0.00643807   0.00574799   0.00539923   0.00549803   0.00537060   0.00483367   0.00447880   0.00454597   0.00452028   0.00411500   0.00376703   0.00379444   0.00383224   0.00353916   0.00320936   0.00319561   0.00326827   0.00306941   0.00276688   0.00271496   0.00280123   0.00267979   0.00241132   0.00232693   0.00241142   0.00235173   0.00212179   0.00201220   0.00208426   0.00207180   0.00188268   0.00175585   0.00180871   0.00183029   0.00168224   0.00154616 
 -0.00000001  -0.11482014  -0.21641121  -0.30807987  -0.40649928  -0.52254921  -0.65016190  -0.77765060  -0.90555830  -1.04520981  -1.20045586  -1.36123560  -1.51921492  -1.67954189  -1.84831232  -2.01635422  -2.16784116  -2.30021955  -2.42027709  -2.52108851  -2.58076086  -2.58967808  -2.56073856  -2.49981335  -2.38311255  -2.18765357  -1.93833898  -1.69801395  -1.50363945  -1.33241013  -1.14236233  -0.92914179  -0.72516051  -0.55455030  -0.41243102  -0.28785498  -0.18492785  -0.11194573  -0.06408097  -0.02911300  -0.00295592   0.01132769   0.01566339   0.01776909   0.02098953   0.02202247   0.01938431   0.01689911   0.01711472   0.01742574   0.01538930   0.01303685   0.01286334   0.01341580   0.01223730   0.01027102   0.00986213   0.01048305   0.00991694   0.00831861   0.00772907   0.00829243   0.00814960   0.00689729   0.00618751   0.00662443   0.00676164   0.00582970   0.00505928   0.00533837   0.00564446   0.00500175   0.00422473   0.00433988   0.00472836   0.00433848   0.00360064   0.00356288   0.00396755   0.00379012   0.00312746   0.00295909   0.00333122   0.00332365   0.00276185   0.00249185   0.00279795   0.00291735   0.00247193   0.00213236   0.00235228   0.00255732   0.00223426   0.00185737   0.00198234   0.00223494   0.00203180   0.00164772   0.00167849   0.00194516   0.00185247 
 -0.00000000  -0.04214383  -0.13492986  -0.26223796  -0.37208005  -0.45312587  -0.54182083  -0.66050354  -0.78921830  -0.90712766  -1.02655956  -1.16652194  -1.31811711  -1.46078924  -1.59600774  -1.73827413  -1.88214291  -2.00521570  -2.10083672  -2.18099527  -2.24407147  -2.26657364  -2.23679091  -2.17171245  -2.08331982  -1.94986725  -1.74807834  -1.50363945  -1.27894319  -1.10705943  -0.96213810  -0.80396156  -0.63052193  -0.47128416  -0.34449757  -0.24298656  -0.15694333  -0.08950947  -0.04530386  -0.01825056   0.00115527   0.01485569   0.02065631   0.02096941   0.02114931   0.02225414   0.02159858   0.01898875   0.01724599   0.01718467   0.01664467   0.01472940   0.01321455   0.01308874   0.01290999   0.01162553   0.01036679   0.01019041   0.01020981   0.00936760   0.00832041   0.00808948   0.00820251   0.00767531   0.00680993   0.00653138   0.00667477   0.00637363   0.00566862   0.00535464   0.00549010   0.00534980   0.00478784   0.00445262   0.00455785   0.00452890   0.00409453   0.00375245   0.00381584   0.00385989   0.00353833   0.00320281   0.00322017   0.00330722   0.00308389   0.00276669   0.00273901   0.00284571   0.00270601   0.00241681   0.00234867   0.00245719   0.00238658   0.00213273   0.00203108   0.00212831   0.00211253   0.00189895   0.00177215   0.00184907   0.00187438 
