# coconut-me2b/v0.99.21 
# 
# momentum space matrix elements 
# partial wave J=1, L=1/1, S=1, T=1, MT=0 
# 
# momentum grid [fm^-1]
0.000000 0.100000 0.200000 0.300000 0.400000 0.500000 0.600000 0.700000 0.800000 0.900000 1.000000 1.100000 1.200000 1.300000 1.400000 1.500000 1.600000 1.700000 1.800000 1.900000 2.000000 2.100000 2.200000 2.300000 2.400000 2.500000 2.600000 2.700000 2.800000 2.900000 3.000000 3.100000 3.200000 3.300000 3.400000 3.500000 3.600000 3.700000 3.800000 3.900000 4.000000 4.100000 4.200000 4.300000 4.400000 4.500000 4.600000 4.700000 4.800000 4.900000 5.000000 5.100000 5.200000 5.300000 5.400000 5.500000 5.600000 5.700000 5.800000 5.900000 6.000000 6.100000 6.200000 6.300000 6.400000 6.500000 6.600000 6.700000 6.800000 6.900000 7.000000 7.100000 7.200000 7.300000 7.400000 7.500000 7.600000 7.700000 7.800000 7.900000 8.000000 8.100000 8.200000 8.300000 8.400000 8.500000 8.600000 8.700000 8.800000 8.900000 9.000000 9.100000 9.200000 9.300000 9.400000 9.500000 9.600000 9.700000 9.800000 9.900000 10.000000 
#
# matrix elements [MeV fm^3] 
  0.00057418   0.00000004   0.00000008   0.00000010   0.00000012   0.00000012   0.00000012   0.00000011   0.00000011   0.00000010   0.00000010   0.00000009   0.00000009   0.00000008   0.00000008   0.00000007   0.00000007   0.00000007   0.00000006   0.00000006   0.00000006   0.00000005   0.00000005   0.00000004   0.00000003   0.00000002   0.00000001  -0.00000000  -0.00000001  -0.00000002  -0.00000003  -0.00000003  -0.00000003  -0.00000003  -0.00000002  -0.00000002  -0.00000001  -0.00000001  -0.00000001  -0.00000000  -0.00000000  -0.00000000  -0.00000000  -0.00000000  -0.00000000  -0.00000000  -0.00000000  -0.00000000  -0.00000000  -0.00000000  -0.00000000  -0.00000000  -0.00000000  -0.00000000  -0.00000000  -0.00000000  -0.00000000  -0.00000000  -0.00000000  -0.00000000  -0.00000000  -0.00000000  -0.00000000  -0.00000000  -0.00000000  -0.00000000  -0.00000000  -0.00000000  -0.00000000  -0.00000000  -0.00000000  -0.00000000  -0.00000000  -0.00000000  -0.00000000  -0.00000000  -0.00000000  -0.00000000  -0.00000000  -0.00000000  -0.00000000  -0.00000000  -0.00000000  -0.00000000  -0.00000000  -0.00000000  -0.00000000  -0.00000000  -0.00000000  -0.00000000  -0.00000000  -0.00000000  -0.00000000  -0.00000000  -0.00000000  -0.00000000  -0.00000000  -0.00000000  -0.00000000  -0.00000000  -0.00000000 
  0.00000004   0.41237617   0.76050424   1.00591092   1.14403121   1.19437073   1.18501149   1.14156446   1.08274422   1.02027250   0.96048136   0.90611295   0.85776499   0.81490009   0.77648948   0.74137732   0.70842878   0.67650478   0.64430276   0.61012061   0.57163618   0.52583745   0.46926381   0.39868924   0.31225253   0.21080398   0.09895666  -0.01482131  -0.11953005  -0.20419447  -0.26072447  -0.28590191  -0.28183780  -0.25500180  -0.21428245  -0.16864292  -0.12514040  -0.08800342  -0.05883890  -0.03744804  -0.02268033  -0.01305433  -0.00712777  -0.00368426  -0.00179883  -0.00082771  -0.00035808  -0.00014529  -0.00005515  -0.00001953  -0.00000644  -0.00000197  -0.00000056  -0.00000015  -0.00000003  -0.00000001  -0.00000000  -0.00000000  -0.00000000  -0.00000000  -0.00000000  -0.00000000  -0.00000000  -0.00000000  -0.00000000  -0.00000000  -0.00000000  -0.00000000  -0.00000000  -0.00000000  -0.00000000  -0.00000000  -0.00000000  -0.00000000  -0.00000000  -0.00000000  -0.00000000  -0.00000000  -0.00000000  -0.00000000  -0.00000000  -0.00000000  -0.00000000  -0.00000000  -0.00000000  -0.00000000  -0.00000000  -0.00000000  -0.00000000  -0.00000000  -0.00000000  -0.00000000  -0.00000000  -0.00000000  -0.00000000  -0.00000000  -0.00000000  -0.00000000  -0.00000000  -0.00000000  -0.00000000 
  0.00000008   0.76050424   1.41419257   1.89215290   2.17875552   2.30090734   2.30507468   2.23757870   2.13454041   2.01984833   1.90714635   1.80287735   1.70900116   1.62500226   1.54921532   1.47959631   1.41405258   1.35041638   1.28614350   1.21785366   1.14090047   1.04924253   0.93593769   0.79452144   0.62127850   0.41794369   0.19380534  -0.03411830  -0.24374268  -0.41305285  -0.52584473  -0.57570965  -0.56694193  -0.51257546  -0.43047578  -0.33863018  -0.25117973  -0.17658000  -0.11802692  -0.07509930  -0.04547360  -0.02616849  -0.01428568  -0.00738293  -0.00360419  -0.00165821  -0.00071729  -0.00029100  -0.00011045  -0.00003911  -0.00001289  -0.00000394  -0.00000112  -0.00000029  -0.00000007  -0.00000002  -0.00000000  -0.00000000  -0.00000000  -0.00000000  -0.00000000  -0.00000000  -0.00000000  -0.00000000  -0.00000000  -0.00000000  -0.00000000  -0.00000000  -0.00000000  -0.00000000  -0.00000000  -0.00000000  -0.00000000  -0.00000000  -0.00000000  -0.00000000  -0.00000000  -0.00000000  -0.00000000  -0.00000000  -0.00000000  -0.00000000  -0.00000000  -0.00000000  -0.00000000  -0.00000000  -0.00000000  -0.00000000  -0.00000000  -0.00000000  -0.00000000  -0.00000000  -0.00000000  -0.00000000  -0.00000000  -0.00000000  -0.00000000  -0.00000000  -0.00000000  -0.00000000  -0.00000000 
  0.00000010   1.00591092   1.89215290   2.57352864   3.01815036   3.24415600   3.30037146   3.24383312   3.12416265   2.97722106   2.82529550   2.68014806   2.54650673   2.42495346   2.31396001   2.21113008   2.11377072   2.01891014   1.92288702   1.82069260   1.70535286   1.56776249   1.39745537   1.18470274   0.92394846   0.61787924   0.28058213  -0.06221095  -0.37716128  -0.63108384  -0.79961188  -0.87319977  -0.85846797  -0.77520185  -0.65041916  -0.51125192  -0.37897765  -0.26627567  -0.17789514  -0.11314561  -0.06848591  -0.03939838  -0.02150174  -0.01110932  -0.00542205  -0.00249404  -0.00107863  -0.00043752  -0.00016603  -0.00005879  -0.00001937  -0.00000592  -0.00000168  -0.00000044  -0.00000011  -0.00000002  -0.00000000  -0.00000000  -0.00000000  -0.00000000  -0.00000000  -0.00000000  -0.00000000  -0.00000000  -0.00000000  -0.00000000  -0.00000000  -0.00000000  -0.00000000  -0.00000000  -0.00000000  -0.00000000  -0.00000000  -0.00000000  -0.00000000  -0.00000000  -0.00000000  -0.00000000  -0.00000000  -0.00000000  -0.00000000  -0.00000000  -0.00000000  -0.00000000  -0.00000000  -0.00000000  -0.00000000  -0.00000000  -0.00000000  -0.00000000  -0.00000000  -0.00000000  -0.00000000  -0.00000000  -0.00000000  -0.00000000  -0.00000000  -0.00000000  -0.00000000  -0.00000000  -0.00000000 
  0.00000012   1.14403121   2.17875552   3.01815036   3.61636680   3.97260555   4.12234776   4.11983552   4.02047944   3.86960165   3.69862552   3.52626866   3.36178412   3.20833058   3.06563738   2.93175525   2.80393383   2.67874232   2.55159575   2.41593583   2.26245808   2.07894177   1.85133224   1.56659596   1.21735334   0.80734168   0.35562994  -0.10309216  -0.52397752  -0.86247455  -1.08597815  -1.18188239  -1.15934357  -1.04517479  -0.87580452  -0.68768718  -0.50931354  -0.35758081  -0.23873789  -0.15175556  -0.09180933  -0.05279188  -0.02879960  -0.01487449  -0.00725730  -0.00333723  -0.00144290  -0.00058513  -0.00022199  -0.00007859  -0.00002589  -0.00000791  -0.00000224  -0.00000058  -0.00000014  -0.00000003  -0.00000001  -0.00000000  -0.00000000  -0.00000000  -0.00000000  -0.00000000  -0.00000000  -0.00000000  -0.00000000  -0.00000000  -0.00000000  -0.00000000  -0.00000000  -0.00000000  -0.00000000  -0.00000000  -0.00000000  -0.00000000  -0.00000000  -0.00000000  -0.00000000  -0.00000000  -0.00000000  -0.00000000  -0.00000000  -0.00000000  -0.00000000  -0.00000000  -0.00000000  -0.00000000  -0.00000000  -0.00000000  -0.00000000  -0.00000000  -0.00000000  -0.00000000  -0.00000000  -0.00000000  -0.00000000  -0.00000000  -0.00000000  -0.00000000  -0.00000000  -0.00000000  -0.00000000 
  0.00000012   1.19437073   2.30090734   3.24415600   3.97260555   4.46685390   4.74061105   4.83284103   4.79409384   4.67317804   4.50888338   4.32754761   4.14452834   3.96720845   3.79795396   3.63630142   3.48017091   3.32614449   3.16898272   3.00069080   2.80963431   2.58040967   2.29528648   1.93786951   1.49897546   0.98352006   0.41579535  -0.16022755  -0.68785444  -1.11090315  -1.38842489  -1.50484904  -1.47213911  -1.32449550  -1.10809404  -0.86894210  -0.64284210  -0.45089974  -0.30079266  -0.19106194  -0.11551446  -0.06638459  -0.03619623  -0.01868609  -0.00911319  -0.00418906  -0.00181058  -0.00073401  -0.00027839  -0.00009853  -0.00003245  -0.00000992  -0.00000281  -0.00000073  -0.00000018  -0.00000004  -0.00000001  -0.00000000  -0.00000000  -0.00000000  -0.00000000  -0.00000000  -0.00000000  -0.00000000  -0.00000000  -0.00000000  -0.00000000  -0.00000000  -0.00000000  -0.00000000  -0.00000000  -0.00000000  -0.00000000  -0.00000000  -0.00000000  -0.00000000  -0.00000000  -0.00000000  -0.00000000  -0.00000000  -0.00000000  -0.00000000  -0.00000000  -0.00000000  -0.00000000  -0.00000000  -0.00000000  -0.00000000  -0.00000000  -0.00000000  -0.00000000  -0.00000000  -0.00000000  -0.00000000  -0.00000000  -0.00000000  -0.00000000  -0.00000000  -0.00000000  -0.00000000  -0.00000000 
  0.00000012   1.18501149   2.30507468   3.30037146   4.12234776   4.74061105   5.14837606   5.36311013   5.42060779   5.36454229   5.23619154   5.06809047   4.88231410   4.69186046   4.50318119   4.31850727   4.13732435   3.95682728   3.77147290   3.57198291   3.34440071   3.07005850   2.72744061   2.29671635   1.76691922   1.14429889   0.45866799  -0.23631920  -0.87169841  -1.37932438  -1.70976689  -1.84460026  -1.79892164  -1.61475394  -1.34842781  -1.05578114  -0.78004435  -0.54651733  -0.36421842  -0.23114818  -0.13964231  -0.08019525  -0.04369950  -0.02254706  -0.01099065  -0.00504977  -0.00218168  -0.00088412  -0.00033521  -0.00011860  -0.00003905  -0.00001193  -0.00000337  -0.00000088  -0.00000021  -0.00000005  -0.00000001  -0.00000000  -0.00000000  -0.00000000  -0.00000000  -0.00000000  -0.00000000  -0.00000000  -0.00000000  -0.00000000  -0.00000000  -0.00000000  -0.00000000  -0.00000000  -0.00000000  -0.00000000  -0.00000000  -0.00000000  -0.00000000  -0.00000000  -0.00000000  -0.00000000  -0.00000000  -0.00000000  -0.00000000  -0.00000000  -0.00000000  -0.00000000  -0.00000000  -0.00000000  -0.00000000  -0.00000000  -0.00000000  -0.00000000  -0.00000000  -0.00000000  -0.00000000  -0.00000000  -0.00000000  -0.00000000  -0.00000000  -0.00000000  -0.00000000  -0.00000000  -0.00000000 
  0.00000011   1.14156446   2.23757870   3.24383312   4.11983552   4.83284103   5.36311013   5.70843956   5.88510224   5.92355889   5.86039912   5.73023256   5.56061639   5.37066046   5.17207332   4.97100320   4.76950628   4.56610342   4.35538114   4.12697554   3.86462775   3.54631392   3.14660364   2.64214125   2.02019897   1.28854308   0.48285978  -0.33303472  -1.07740007  -1.66972690  -2.05193117  -2.20285067  -2.14108967  -1.91699480  -1.59751994  -1.24865018  -0.92117329  -0.64456223  -0.42907176  -0.27203366  -0.16419566  -0.09422086  -0.05130553  -0.02645438  -0.01288777  -0.00591828  -0.00255568  -0.00103522  -0.00039234  -0.00013876  -0.00004567  -0.00001395  -0.00000394  -0.00000103  -0.00000025  -0.00000005  -0.00000001  -0.00000000  -0.00000000  -0.00000000  -0.00000000  -0.00000000  -0.00000000  -0.00000000  -0.00000000  -0.00000000  -0.00000000  -0.00000000  -0.00000000  -0.00000000  -0.00000000  -0.00000000  -0.00000000  -0.00000000  -0.00000000  -0.00000000  -0.00000000  -0.00000000  -0.00000000  -0.00000000  -0.00000000  -0.00000000  -0.00000000  -0.00000000  -0.00000000  -0.00000000  -0.00000000  -0.00000000  -0.00000000  -0.00000000  -0.00000000  -0.00000000  -0.00000000  -0.00000000  -0.00000000  -0.00000000  -0.00000000  -0.00000000  -0.00000000  -0.00000000  -0.00000000 
  0.00000011   1.08274422   2.13454041   3.12416265   4.02047944   4.79409384   5.42060779   5.88510224   6.18620651   6.33734700   6.36369633   6.29587075   6.16336513   5.99028897   5.79397400   5.58543189   5.37027205   5.14911845   4.91719026   4.66328159   4.36886828   4.00847389   3.55260896   2.97429204   2.25906058   1.41640940   0.48830665  -0.45071554  -1.30555440  -1.98286900  -2.41571389  -2.58031320  -2.49918966  -2.23156845  -1.85554333  -1.44759171  -1.06619427  -0.74496691  -0.49528127  -0.31365795  -0.18912984  -0.10843158  -0.05899600  -0.03039763  -0.01479903  -0.00679188  -0.00293132  -0.00118678  -0.00044957  -0.00015893  -0.00005229  -0.00001597  -0.00000451  -0.00000118  -0.00000028  -0.00000006  -0.00000001  -0.00000000  -0.00000000  -0.00000000  -0.00000000  -0.00000000  -0.00000000  -0.00000000  -0.00000000  -0.00000000  -0.00000000  -0.00000000  -0.00000000  -0.00000000  -0.00000000  -0.00000000  -0.00000000  -0.00000000  -0.00000000  -0.00000000  -0.00000000  -0.00000000  -0.00000000  -0.00000000  -0.00000000  -0.00000000  -0.00000000  -0.00000000  -0.00000000  -0.00000000  -0.00000000  -0.00000000  -0.00000000  -0.00000000  -0.00000000  -0.00000000  -0.00000000  -0.00000000  -0.00000000  -0.00000000  -0.00000000  -0.00000000  -0.00000000  -0.00000000  -0.00000000 
  0.00000010   1.02027250   2.01984833   2.97722106   3.86960165   4.67317804   5.36454229   5.92355889   6.33734700   6.60403426   6.73423429   6.74889920   6.67427910   6.53639741   6.35717637   6.15271518   5.93288850   5.70115018   5.45388167   5.17931382   4.85671405   4.45705958   3.94665195   3.29478069   2.48528711   1.52964024   0.47655493  -0.58809481  -1.55518298  -2.31800932  -2.80052700  -2.97647012  -2.87271880  -2.55796991  -2.12200509  -1.65215331  -1.21472122  -0.84742515  -0.56262059  -0.35586448  -0.21434323  -0.12276543  -0.06673537  -0.03435765  -0.01671474  -0.00766598  -0.00330656  -0.00133796  -0.00050658  -0.00017900  -0.00005887  -0.00001797  -0.00000508  -0.00000132  -0.00000032  -0.00000007  -0.00000001  -0.00000000  -0.00000000  -0.00000000  -0.00000000  -0.00000000  -0.00000000  -0.00000000  -0.00000000  -0.00000000  -0.00000000  -0.00000000  -0.00000000  -0.00000000  -0.00000000  -0.00000000  -0.00000000  -0.00000000  -0.00000000  -0.00000000  -0.00000000  -0.00000000  -0.00000000  -0.00000000  -0.00000000  -0.00000000  -0.00000000  -0.00000000  -0.00000000  -0.00000000  -0.00000000  -0.00000000  -0.00000000  -0.00000000  -0.00000000  -0.00000000  -0.00000000  -0.00000000  -0.00000000  -0.00000000  -0.00000000  -0.00000000  -0.00000000  -0.00000000  -0.00000000 
  0.00000010   0.96048136   1.90714635   2.82529550   3.69862552   4.50888338   5.23619154   5.86039912   6.36369633   6.73423429   6.96962299   7.07853255   7.07914302   6.99491724   6.84963586   6.66348372   6.45065987   6.21790975   5.96323494   5.67458187   5.32908119   4.89408128   4.33153261   3.60690472   2.70240603   1.63176698   0.45097091  -0.74207471  -1.82349729  -2.67266170  -3.20415526  -3.38934535  -3.25992447  -2.89467298  -2.39561756  -1.86129330  -1.36595113  -0.95134899  -0.63068125  -0.39838423  -0.23966795  -0.13712322  -0.07446824  -0.03830523  -0.01862038  -0.00853377  -0.00367842  -0.00148752  -0.00056290  -0.00019880  -0.00006535  -0.00001994  -0.00000563  -0.00000147  -0.00000035  -0.00000008  -0.00000002  -0.00000000  -0.00000000  -0.00000000  -0.00000000  -0.00000000  -0.00000000  -0.00000000  -0.00000000  -0.00000000  -0.00000000  -0.00000000  -0.00000000  -0.00000000  -0.00000000  -0.00000000  -0.00000000  -0.00000000  -0.00000000  -0.00000000  -0.00000000  -0.00000000  -0.00000000  -0.00000000  -0.00000000  -0.00000000  -0.00000000  -0.00000000  -0.00000000  -0.00000000  -0.00000000  -0.00000000  -0.00000000  -0.00000000  -0.00000000  -0.00000000  -0.00000000  -0.00000000  -0.00000000  -0.00000000  -0.00000000  -0.00000000  -0.00000000  -0.00000000  -0.00000000 
  0.00000009   0.90611295   1.80287735   2.68014806   3.52626866   4.32754761   5.06809047   5.73023256   6.29587075   6.74889920   7.07853255   7.28254141   7.36882450   7.35412505   7.26015604   7.10870540   6.91726944   6.69575174   6.44397553   6.14980036   5.78828312   5.32307711   4.71166509   3.91563886   2.91567985   1.72811868   0.41678513  -0.90763571  -2.10575994  -3.04241718  -3.62255569  -3.81530142  -3.65761685  -3.23897129  -2.67417358  -2.07328924  -1.51860112  -1.05582760  -0.69884726  -0.44082067  -0.26486132  -0.15136398  -0.08211699  -0.04219996  -0.02049608  -0.00938607  -0.00404290  -0.00163384  -0.00061789  -0.00021810  -0.00007165  -0.00002185  -0.00000617  -0.00000161  -0.00000039  -0.00000008  -0.00000002  -0.00000000  -0.00000000  -0.00000000  -0.00000000  -0.00000000  -0.00000000  -0.00000000  -0.00000000  -0.00000000  -0.00000000  -0.00000000  -0.00000000  -0.00000000  -0.00000000  -0.00000000  -0.00000000  -0.00000000  -0.00000000  -0.00000000  -0.00000000  -0.00000000  -0.00000000  -0.00000000  -0.00000000  -0.00000000  -0.00000000  -0.00000000  -0.00000000  -0.00000000  -0.00000000  -0.00000000  -0.00000000  -0.00000000  -0.00000000  -0.00000000  -0.00000000  -0.00000000  -0.00000000  -0.00000000  -0.00000000  -0.00000000  -0.00000000  -0.00000000  -0.00000000 
  0.00000009   0.85776499   1.70900116   2.54650673   3.36178412   4.14452834   4.88231410   5.56061639   6.16336513   6.67427910   7.07914302   7.36882450   7.54215620   7.60724985   7.58009571   7.48055981   7.32710423   7.13168837   6.89561918   6.60663211   6.23770460   5.74873764   5.09267340   4.22722756   3.13172600   1.82550100   0.38085652  -1.07797167  -2.39531854  -3.42089080  -4.04974283  -4.24889292  -4.06101821  -3.58684352  -2.95443806  -2.28565824  -1.67085398  -1.15959238  -0.76627389  -0.48263753  -0.28959918  -0.16530140  -0.08958004  -0.04598938  -0.02231627  -0.01021112  -0.00439492  -0.00177485  -0.00067078  -0.00023662  -0.00007770  -0.00002368  -0.00000668  -0.00000174  -0.00000042  -0.00000009  -0.00000002  -0.00000000  -0.00000000  -0.00000000  -0.00000000  -0.00000000  -0.00000000  -0.00000000  -0.00000000  -0.00000000  -0.00000000  -0.00000000  -0.00000000  -0.00000000  -0.00000000  -0.00000000  -0.00000000  -0.00000000  -0.00000000  -0.00000000  -0.00000000  -0.00000000  -0.00000000  -0.00000000  -0.00000000  -0.00000000  -0.00000000  -0.00000000  -0.00000000  -0.00000000  -0.00000000  -0.00000000  -0.00000000  -0.00000000  -0.00000000  -0.00000000  -0.00000000  -0.00000000  -0.00000000  -0.00000000  -0.00000000  -0.00000000  -0.00000000  -0.00000000  -0.00000000 
  0.00000008   0.81490009   1.62500226   2.42495346   3.20833058   3.96720845   4.69186046   5.37066046   5.99028897   6.53639741   6.99491724   7.35412505   7.60724985   7.75481022   7.80535828   7.77354213   7.67553964   7.52311131   7.31785274   7.04686754   6.68086030   6.17589695   5.48036062   4.54817989   3.35758699   1.93138829   0.35102339  -1.24496051  -2.68389977  -3.79986197  -4.47781254  -4.68281687  -4.46367921  -3.93286508  -3.23207249  -2.49510056  -1.82032026  -1.26099359  -0.83187419  -0.52315158  -0.31347217  -0.17870215  -0.09673108  -0.04960872  -0.02404954  -0.01099456  -0.00472831  -0.00190807  -0.00072064  -0.00025405  -0.00008337  -0.00002540  -0.00000716  -0.00000186  -0.00000045  -0.00000010  -0.00000002  -0.00000000  -0.00000000  -0.00000000  -0.00000000  -0.00000000  -0.00000000  -0.00000000  -0.00000000  -0.00000000  -0.00000000  -0.00000000  -0.00000000  -0.00000000  -0.00000000  -0.00000000  -0.00000000  -0.00000000  -0.00000000  -0.00000000  -0.00000000  -0.00000000  -0.00000000  -0.00000000  -0.00000000  -0.00000000  -0.00000000  -0.00000000  -0.00000000  -0.00000000  -0.00000000  -0.00000000  -0.00000000  -0.00000000  -0.00000000  -0.00000000  -0.00000000  -0.00000000  -0.00000000  -0.00000000  -0.00000000  -0.00000000  -0.00000000  -0.00000000  -0.00000000 
  0.00000008   0.77648948   1.54921532   2.31396001   3.06563738   3.79795396   4.50318119   5.17207332   5.79397400   6.35717637   6.84963586   7.26015604   7.58009571   7.80535828   7.93789851   7.98553801   7.95912101   7.86715268   7.70932001   7.47085616   7.11962607   6.60767018   5.87883788   4.88346764   3.59907140   2.05247269   0.33490859  -1.40008021  -2.96225352  -4.16968025  -4.89716178  -5.10800506  -4.85749727  -4.27019319  -3.50161197  -2.69748081  -1.96402668  -1.35799482  -0.89431736  -0.56153269  -0.33598653  -0.19128660  -0.10341968  -0.05298126  -0.02565889  -0.01171956  -0.00503585  -0.00203060  -0.00076636  -0.00026999  -0.00008855  -0.00002696  -0.00000760  -0.00000198  -0.00000047  -0.00000010  -0.00000002  -0.00000000  -0.00000000  -0.00000000  -0.00000000  -0.00000000  -0.00000000  -0.00000000  -0.00000000  -0.00000000  -0.00000000  -0.00000000  -0.00000000  -0.00000000  -0.00000000  -0.00000000  -0.00000000  -0.00000000  -0.00000000  -0.00000000  -0.00000000  -0.00000000  -0.00000000  -0.00000000  -0.00000000  -0.00000000  -0.00000000  -0.00000000  -0.00000000  -0.00000000  -0.00000000  -0.00000000  -0.00000000  -0.00000000  -0.00000000  -0.00000000  -0.00000000  -0.00000000  -0.00000000  -0.00000000  -0.00000000  -0.00000000  -0.00000000  -0.00000000  -0.00000000 
  0.00000007   0.74137732   1.47959631   2.21113008   2.93175525   3.63630142   4.31850727   4.97100320   5.58543189   6.15271518   6.66348372   7.10870540   7.48055981   7.77354213   7.98553801   8.11817357   8.17540526   8.15962966   8.06576019   7.87509019   7.55150408   7.04258212   6.28765743   5.23378146   3.85823632   2.19245786   0.33808297  -1.53585181  -3.22121603  -4.51999596  -5.29695540  -5.51390183  -5.23287307  -4.59065404  -3.75651695  -2.88786263  -2.09844203  -1.44819283  -0.95204340  -0.59681426  -0.35657089  -0.20273308  -0.10947370  -0.05601966  -0.02710240  -0.01236712  -0.00530945  -0.00213919  -0.00080674  -0.00028402  -0.00009309  -0.00002832  -0.00000798  -0.00000207  -0.00000050  -0.00000011  -0.00000002  -0.00000000  -0.00000000  -0.00000000  -0.00000000  -0.00000000  -0.00000000  -0.00000000  -0.00000000  -0.00000000  -0.00000000  -0.00000000  -0.00000000  -0.00000000  -0.00000000  -0.00000000  -0.00000000  -0.00000000  -0.00000000  -0.00000000  -0.00000000  -0.00000000  -0.00000000  -0.00000000  -0.00000000  -0.00000000  -0.00000000  -0.00000000  -0.00000000  -0.00000000  -0.00000000  -0.00000000  -0.00000000  -0.00000000  -0.00000000  -0.00000000  -0.00000000  -0.00000000  -0.00000000  -0.00000000  -0.00000000  -0.00000000  -0.00000000  -0.00000000  -0.00000000 
  0.00000007   0.70842878   1.41405258   2.11377072   2.80393383   3.48017091   4.13732435   4.76950628   5.37027205   5.93288850   6.45065987   6.91726944   7.32710423   7.67553964   7.95912101   8.17540526   8.32191211   8.39345182   8.37755616   8.24901412   7.96596416   7.47070162   6.69795225   5.59184501   4.13001229   2.34909870   0.36158603  -1.64781589  -3.45320670  -4.84083791  -5.66586781  -5.88895815  -5.57903537  -4.88495876  -3.98932114  -3.06061311  -2.21955160  -1.52886995  -1.00329885  -0.62791642  -0.37459070  -0.21268633  -0.11470405  -0.05862843  -0.02833442  -0.01291666  -0.00554037  -0.00223035  -0.00084047  -0.00029568  -0.00009684  -0.00002945  -0.00000829  -0.00000215  -0.00000052  -0.00000011  -0.00000002  -0.00000000  -0.00000000  -0.00000000  -0.00000000  -0.00000000  -0.00000000  -0.00000000  -0.00000000  -0.00000000  -0.00000000  -0.00000000  -0.00000000  -0.00000000  -0.00000000  -0.00000000  -0.00000000  -0.00000000  -0.00000000  -0.00000000  -0.00000000  -0.00000000  -0.00000000  -0.00000000  -0.00000000  -0.00000000  -0.00000000  -0.00000000  -0.00000000  -0.00000000  -0.00000000  -0.00000000  -0.00000000  -0.00000000  -0.00000000  -0.00000000  -0.00000000  -0.00000000  -0.00000000  -0.00000000  -0.00000000  -0.00000000  -0.00000000  -0.00000000  -0.00000000 
  0.00000007   0.67650478   1.35041638   2.01891014   2.67874232   3.32614449   3.95682728   4.56610342   5.14911845   5.70115018   6.21790975   6.69575174   7.13168837   7.52311131   7.86715268   8.15962966   8.39345182   8.55622901   8.62684450   8.57139326   8.34022227   7.86911828   7.08788789   5.93806485   4.39821987   2.51070283   0.39897993  -1.73691012  -3.65406965  -5.12398846  -5.99308144  -6.22134472  -5.88454850  -5.14306646  -4.19189286  -3.20959050  -2.32299011  -1.59708563  -1.04619753  -0.65368461  -0.38937156  -0.22077095  -0.11891197  -0.06070772  -0.02930750  -0.01334685  -0.00571958  -0.00230051  -0.00086621  -0.00030451  -0.00009967  -0.00003029  -0.00000852  -0.00000221  -0.00000053  -0.00000012  -0.00000002  -0.00000000  -0.00000000  -0.00000000  -0.00000000  -0.00000000  -0.00000000  -0.00000000  -0.00000000  -0.00000000  -0.00000000  -0.00000000  -0.00000000  -0.00000000  -0.00000000  -0.00000000  -0.00000000  -0.00000000  -0.00000000  -0.00000000  -0.00000000  -0.00000000  -0.00000000  -0.00000000  -0.00000000  -0.00000000  -0.00000000  -0.00000000  -0.00000000  -0.00000000  -0.00000000  -0.00000000  -0.00000000  -0.00000000  -0.00000000  -0.00000000  -0.00000000  -0.00000000  -0.00000000  -0.00000000  -0.00000000  -0.00000000  -0.00000000  -0.00000000  -0.00000000 
  0.00000006   0.64430276   1.28614350   1.92288702   2.55159575   3.16898272   3.77147290   4.35538114   4.91719026   5.45388167   5.96323494   6.44397553   6.89561918   7.31785274   7.70932001   8.06576019   8.37755616   8.62684450   8.78441423   8.80686802   8.63525985   8.19758777   7.41821023   6.23623463   4.63161835   2.65264458   0.43338823  -1.81189994  -3.82501135  -5.36449474  -6.26944952  -6.49984117  -6.13798984  -5.35469695  -4.35581766  -3.32842349  -2.40423931  -1.64981120  -1.07880862  -0.67294469  -0.40023210  -0.22661003  -0.12189913  -0.06215849  -0.02997478  -0.01363680  -0.00583829  -0.00234620  -0.00088269  -0.00031006  -0.00010141  -0.00003080  -0.00000866  -0.00000225  -0.00000054  -0.00000012  -0.00000002  -0.00000000  -0.00000000  -0.00000000  -0.00000000  -0.00000000  -0.00000000  -0.00000000  -0.00000000  -0.00000000  -0.00000000  -0.00000000  -0.00000000  -0.00000000  -0.00000000  -0.00000000  -0.00000000  -0.00000000  -0.00000000  -0.00000000  -0.00000000  -0.00000000  -0.00000000  -0.00000000  -0.00000000  -0.00000000  -0.00000000  -0.00000000  -0.00000000  -0.00000000  -0.00000000  -0.00000000  -0.00000000  -0.00000000  -0.00000000  -0.00000000  -0.00000000  -0.00000000  -0.00000000  -0.00000000  -0.00000000  -0.00000000  -0.00000000  -0.00000000  -0.00000000 
  0.00000006   0.61012061   1.21785366   1.82069260   2.41593583   3.00069080   3.57198291   4.12697554   4.66328159   5.17931382   5.67458187   6.14980036   6.60663211   7.04686754   7.47085616   7.87509019   8.24901412   8.57139326   8.80686802   8.90361026   8.79336854   8.39577583   7.62930114   6.43060333   4.78115351   2.73489042   0.43533590  -1.89123074  -3.97417651  -5.56200775  -6.48863349  -6.71479566  -6.32874538  -5.50997170  -4.47289561  -3.41088065  -2.45889042  -1.68410788  -1.09927218  -0.68457452  -0.40652630  -0.22984905  -0.12348042  -0.06288897  -0.03029320  -0.01376739  -0.00588853  -0.00236426  -0.00088874  -0.00031194  -0.00010195  -0.00003094  -0.00000869  -0.00000225  -0.00000054  -0.00000012  -0.00000002  -0.00000000  -0.00000000  -0.00000000  -0.00000000  -0.00000000  -0.00000000  -0.00000000  -0.00000000  -0.00000000  -0.00000000  -0.00000000  -0.00000000  -0.00000000  -0.00000000  -0.00000000  -0.00000000  -0.00000000  -0.00000000  -0.00000000  -0.00000000  -0.00000000  -0.00000000  -0.00000000  -0.00000000  -0.00000000  -0.00000000  -0.00000000  -0.00000000  -0.00000000  -0.00000000  -0.00000000  -0.00000000  -0.00000000  -0.00000000  -0.00000000  -0.00000000  -0.00000000  -0.00000000  -0.00000000  -0.00000000  -0.00000000  -0.00000000  -0.00000000  -0.00000000 
  0.00000006   0.57163618   1.14090047   1.70535286   2.26245808   2.80963431   3.34440071   3.86462775   4.36886828   4.85671405   5.32908119   5.78828312   6.23770460   6.68086030   7.11962607   7.55150408   7.96596416   8.34022227   8.63525985   8.79336854   8.73889470   8.38407371   7.64178531   6.44624665   4.78014031   2.70201879   0.36259826  -2.00336880  -4.11718336  -5.72148658  -6.64792015  -6.85898010  -6.44782688  -5.60013221  -4.53572666  -3.45131582  -2.48296270  -1.69734267  -1.10593825  -0.68758940  -0.40769361  -0.23018382  -0.12349876  -0.06282215  -0.03022699  -0.01372293  -0.00586379  -0.00235219  -0.00088345  -0.00030984  -0.00010119  -0.00003069  -0.00000862  -0.00000223  -0.00000053  -0.00000012  -0.00000002  -0.00000000  -0.00000000  -0.00000000  -0.00000000  -0.00000000  -0.00000000  -0.00000000  -0.00000000  -0.00000000  -0.00000000  -0.00000000  -0.00000000  -0.00000000  -0.00000000  -0.00000000  -0.00000000  -0.00000000  -0.00000000  -0.00000000  -0.00000000  -0.00000000  -0.00000000  -0.00000000  -0.00000000  -0.00000000  -0.00000000  -0.00000000  -0.00000000  -0.00000000  -0.00000000  -0.00000000  -0.00000000  -0.00000000  -0.00000000  -0.00000000  -0.00000000  -0.00000000  -0.00000000  -0.00000000  -0.00000000  -0.00000000  -0.00000000  -0.00000000  -0.00000000 
  0.00000005   0.52583745   1.04924253   1.56776249   2.07894177   2.58040967   3.07005850   3.54631392   4.00847389   4.45705958   4.89408128   5.32307711   5.74873764   6.17589695   6.60767018   7.04258212   7.47070162   7.86911828   8.19758777   8.39577583   8.38407371   8.07015904   7.36304954   6.19506682   4.54949726   2.48754813   0.16353245  -2.18449653  -4.27579237  -5.85269980  -6.74834960  -6.92811277  -6.48857415  -5.61825580  -4.53833646  -3.44515957  -2.47325916  -1.68742937  -1.09752140  -0.68123646  -0.40331385  -0.22739092  -0.12184118  -0.06190382  -0.02975153  -0.01349287  -0.00575983  -0.00230837  -0.00086625  -0.00030356  -0.00009907  -0.00003002  -0.00000842  -0.00000218  -0.00000052  -0.00000011  -0.00000002  -0.00000000  -0.00000000  -0.00000000  -0.00000000  -0.00000000  -0.00000000  -0.00000000  -0.00000000  -0.00000000  -0.00000000  -0.00000000  -0.00000000  -0.00000000  -0.00000000  -0.00000000  -0.00000000  -0.00000000  -0.00000000  -0.00000000  -0.00000000  -0.00000000  -0.00000000  -0.00000000  -0.00000000  -0.00000000  -0.00000000  -0.00000000  -0.00000000  -0.00000000  -0.00000000  -0.00000000  -0.00000000  -0.00000000  -0.00000000  -0.00000000  -0.00000000  -0.00000000  -0.00000000  -0.00000000  -0.00000000  -0.00000000  -0.00000000  -0.00000000  -0.00000000 
  0.00000005   0.46926381   0.93593769   1.39745537   1.85133224   2.29528648   2.72744061   3.14660364   3.55260896   3.94665195   4.33153261   4.71166509   5.09267340   5.48036062   5.87883788   6.28765743   6.69795225   7.08788789   7.41821023   7.62930114   7.64178531   7.36304954   6.70158352   5.58941528   4.00992483   2.02422334  -0.21476318  -2.47252678  -4.47395340  -5.96799915  -6.79380222  -6.92081795  -6.44709248  -5.55986981  -4.47677629  -3.38941208  -2.42772888  -1.65307450  -1.07325771  -0.66508971  -0.39316203  -0.22135790  -0.11845459  -0.06011042  -0.02885700  -0.01307339  -0.00557526  -0.00223234  -0.00083699  -0.00029307  -0.00009557  -0.00002894  -0.00000812  -0.00000210  -0.00000050  -0.00000011  -0.00000002  -0.00000000  -0.00000000  -0.00000000  -0.00000000  -0.00000000  -0.00000000  -0.00000000  -0.00000000  -0.00000000  -0.00000000  -0.00000000  -0.00000000  -0.00000000  -0.00000000  -0.00000000  -0.00000000  -0.00000000  -0.00000000  -0.00000000  -0.00000000  -0.00000000  -0.00000000  -0.00000000  -0.00000000  -0.00000000  -0.00000000  -0.00000000  -0.00000000  -0.00000000  -0.00000000  -0.00000000  -0.00000000  -0.00000000  -0.00000000  -0.00000000  -0.00000000  -0.00000000  -0.00000000  -0.00000000  -0.00000000  -0.00000000  -0.00000000  -0.00000000  -0.00000000 
  0.00000004   0.39868924   0.79452144   1.18470274   1.56659596   1.93786951   2.29671635   2.64214125   2.97429204   3.29478069   3.60690472   3.91563886   4.22722756   4.54817989   4.88346764   5.23378146   5.59184501   5.93806485   6.23623463   6.43060333   6.44624665   6.19506682   5.58941528   4.56374128   3.10155362   1.26079826  -0.81299351  -2.89706447  -4.73094821  -6.07814991  -6.78887534  -6.83788419  -6.32231023  -5.42336998  -4.34962264  -3.28308123  -2.34579604  -1.59400121  -1.03304670  -0.63913512  -0.37725693  -0.21210959  -0.11335941  -0.05745567  -0.02755153  -0.01246882  -0.00531219  -0.00212503  -0.00079607  -0.00027851  -0.00009075  -0.00002746  -0.00000770  -0.00000199  -0.00000047  -0.00000010  -0.00000002  -0.00000000  -0.00000000  -0.00000000  -0.00000000  -0.00000000  -0.00000000  -0.00000000  -0.00000000  -0.00000000  -0.00000000  -0.00000000  -0.00000000  -0.00000000  -0.00000000  -0.00000000  -0.00000000  -0.00000000  -0.00000000  -0.00000000  -0.00000000  -0.00000000  -0.00000000  -0.00000000  -0.00000000  -0.00000000  -0.00000000  -0.00000000  -0.00000000  -0.00000000  -0.00000000  -0.00000000  -0.00000000  -0.00000000  -0.00000000  -0.00000000  -0.00000000  -0.00000000  -0.00000000  -0.00000000  -0.00000000  -0.00000000  -0.00000000  -0.00000000  -0.00000000 
  0.00000003   0.31225253   0.62127850   0.92394846   1.21735334   1.49897546   1.76691922   2.02019897   2.25906058   2.48528711   2.70240603   2.91567985   3.13172600   3.35758699   3.59907140   3.85823632   4.13001229   4.39821987   4.63161835   4.78115351   4.78014031   4.54949726   4.00992483   3.10155362   1.80871220   0.18342574  -1.64236939  -3.46638512  -5.05236174  -6.18666963  -6.73578247  -6.68090115  -6.11564388  -5.21018668  -4.15830940  -3.12750635  -2.22861012  -1.51111956  -0.97755796  -0.60383340  -0.35589612  -0.19982676  -0.10665898  -0.05399513  -0.02586318  -0.01169246  -0.00497653  -0.00198891  -0.00074443  -0.00026023  -0.00008473  -0.00002562  -0.00000717  -0.00000186  -0.00000044  -0.00000010  -0.00000002  -0.00000000  -0.00000000  -0.00000000  -0.00000000  -0.00000000  -0.00000000  -0.00000000  -0.00000000  -0.00000000  -0.00000000  -0.00000000  -0.00000000  -0.00000000  -0.00000000  -0.00000000  -0.00000000  -0.00000000  -0.00000000  -0.00000000  -0.00000000  -0.00000000  -0.00000000  -0.00000000  -0.00000000  -0.00000000  -0.00000000  -0.00000000  -0.00000000  -0.00000000  -0.00000000  -0.00000000  -0.00000000  -0.00000000  -0.00000000  -0.00000000  -0.00000000  -0.00000000  -0.00000000  -0.00000000  -0.00000000  -0.00000000  -0.00000000  -0.00000000  -0.00000000 
  0.00000002   0.21080398   0.41794369   0.61787924   0.80734168   0.98352006   1.14429889   1.28854308   1.41640940   1.52964024   1.63176698   1.72811868   1.82550100   1.93138829   2.05247269   2.19245786   2.34909870   2.51070283   2.65264458   2.73489042   2.70201879   2.48754813   2.02422334   1.26079826   0.18342574  -1.16377941  -2.66778258  -4.15464611  -5.42111990  -6.28410826  -6.63109978  -6.45068189  -5.83042140  -4.92471430  -3.90725238  -2.92651589  -2.07917309  -1.40661133  -0.90828168  -0.56014773  -0.32967023  -0.18485298  -0.09854264  -0.04982749  -0.02384048  -0.01076680  -0.00457805  -0.00182797  -0.00068359  -0.00023877  -0.00007768  -0.00002347  -0.00000657  -0.00000170  -0.00000040  -0.00000009  -0.00000002  -0.00000000  -0.00000000  -0.00000000  -0.00000000  -0.00000000  -0.00000000  -0.00000000  -0.00000000  -0.00000000  -0.00000000  -0.00000000  -0.00000000  -0.00000000  -0.00000000  -0.00000000  -0.00000000  -0.00000000  -0.00000000  -0.00000000  -0.00000000  -0.00000000  -0.00000000  -0.00000000  -0.00000000  -0.00000000  -0.00000000  -0.00000000  -0.00000000  -0.00000000  -0.00000000  -0.00000000  -0.00000000  -0.00000000  -0.00000000  -0.00000000  -0.00000000  -0.00000000  -0.00000000  -0.00000000  -0.00000000  -0.00000000  -0.00000000  -0.00000000  -0.00000000 
  0.00000001   0.09895666   0.19380534   0.28058213   0.35562994   0.41579535   0.45866799   0.48285978   0.48830665   0.47655493   0.45097091   0.41678513   0.38085652   0.35102339   0.33490859   0.33808297   0.36158603   0.39897993   0.43338823   0.43533590   0.36259826   0.16353245  -0.21476318  -0.81299351  -1.64236939  -2.66778258  -3.79857252  -4.89469125  -5.79234135  -6.34468674  -6.46377954  -6.14621100  -5.47138777  -4.57410329  -3.60376454  -2.68638486  -1.90230829  -1.28390298  -0.82750579  -0.50952621  -0.29945056  -0.16768660  -0.08928091  -0.04509185  -0.02155104  -0.00972280  -0.00413012  -0.00164760  -0.00061561  -0.00021485  -0.00006984  -0.00002109  -0.00000590  -0.00000152  -0.00000036  -0.00000008  -0.00000002  -0.00000000  -0.00000000  -0.00000000  -0.00000000  -0.00000000  -0.00000000  -0.00000000  -0.00000000  -0.00000000  -0.00000000  -0.00000000  -0.00000000  -0.00000000  -0.00000000  -0.00000000  -0.00000000  -0.00000000  -0.00000000  -0.00000000  -0.00000000  -0.00000000  -0.00000000  -0.00000000  -0.00000000  -0.00000000  -0.00000000  -0.00000000  -0.00000000  -0.00000000  -0.00000000  -0.00000000  -0.00000000  -0.00000000  -0.00000000  -0.00000000  -0.00000000  -0.00000000  -0.00000000  -0.00000000  -0.00000000  -0.00000000  -0.00000000  -0.00000000  -0.00000000 
 -0.00000000  -0.01482131  -0.03411830  -0.06221095  -0.10309216  -0.16022755  -0.23631920  -0.33303472  -0.45071554  -0.58809481  -0.74207471  -0.90763571  -1.07797167  -1.24496051  -1.40008021  -1.53585181  -1.64781589  -1.73691012  -1.81189994  -1.89123074  -2.00336880  -2.18449653  -2.47252678  -2.89706447  -3.46638512  -4.15464611  -4.89469125  -5.58244589  -6.09624541  -6.32805170  -6.21606642  -5.76499086  -5.04469684  -4.16806482  -3.25779406  -2.41558181  -1.70445235  -1.14751122  -0.73820968  -0.45383287  -0.26634678  -0.14895611  -0.07921195  -0.03996067  -0.01907803  -0.00859831  -0.00364894  -0.00145432  -0.00054292  -0.00018933  -0.00006150  -0.00001856  -0.00000519  -0.00000134  -0.00000032  -0.00000007  -0.00000001  -0.00000000  -0.00000000  -0.00000000  -0.00000000  -0.00000000  -0.00000000  -0.00000000  -0.00000000  -0.00000000  -0.00000000  -0.00000000  -0.00000000  -0.00000000  -0.00000000  -0.00000000  -0.00000000  -0.00000000  -0.00000000  -0.00000000  -0.00000000  -0.00000000  -0.00000000  -0.00000000  -0.00000000  -0.00000000  -0.00000000  -0.00000000  -0.00000000  -0.00000000  -0.00000000  -0.00000000  -0.00000000  -0.00000000  -0.00000000  -0.00000000  -0.00000000  -0.00000000  -0.00000000  -0.00000000  -0.00000000  -0.00000000  -0.00000000  -0.00000000  -0.00000000 
 -0.00000001  -0.11953005  -0.24374268  -0.37716128  -0.52397752  -0.68785444  -0.87169841  -1.07740007  -1.30555440  -1.55518298  -1.82349729  -2.10575994  -2.39531854  -2.68389977  -2.96225352  -3.22121603  -3.45320670  -3.65406965  -3.82501135  -3.97417651  -4.11718336  -4.27579237  -4.47395340  -4.73094821  -5.05236174  -5.42111990  -5.79234135  -6.09624541  -6.25160494  -6.18782345  -5.86833809  -5.30534412  -4.55866007  -3.71880157  -2.88152524  -2.12431637  -1.49327241  -1.00276208  -0.64387518  -0.39522838  -0.23163550  -0.12937955  -0.06871960  -0.03462852  -0.01651477  -0.00743559  -0.00315249  -0.00125532  -0.00046823  -0.00016315  -0.00005296  -0.00001597  -0.00000446  -0.00000115  -0.00000027  -0.00000006  -0.00000001  -0.00000000  -0.00000000  -0.00000000  -0.00000000  -0.00000000  -0.00000000  -0.00000000  -0.00000000  -0.00000000  -0.00000000  -0.00000000  -0.00000000  -0.00000000  -0.00000000  -0.00000000  -0.00000000  -0.00000000  -0.00000000  -0.00000000  -0.00000000  -0.00000000  -0.00000000  -0.00000000  -0.00000000  -0.00000000  -0.00000000  -0.00000000  -0.00000000  -0.00000000  -0.00000000  -0.00000000  -0.00000000  -0.00000000  -0.00000000  -0.00000000  -0.00000000  -0.00000000  -0.00000000  -0.00000000  -0.00000000  -0.00000000  -0.00000000  -0.00000000  -0.00000000 
