# coconut-me2b/v0.99.21 
# 
# momentum space matrix elements 
# partial wave J=1, L=1/1, S=0, T=0, MT=0 
# 
# momentum grid [fm^-1]
0.000000 0.100000 0.200000 0.300000 0.400000 0.500000 0.600000 0.700000 0.800000 0.900000 1.000000 1.100000 1.200000 1.300000 1.400000 1.500000 1.600000 1.700000 1.800000 1.900000 2.000000 2.100000 2.200000 2.300000 2.400000 2.500000 2.600000 2.700000 2.800000 2.900000 3.000000 3.100000 3.200000 3.300000 3.400000 3.500000 3.600000 3.700000 3.800000 3.900000 4.000000 4.100000 4.200000 4.300000 4.400000 4.500000 4.600000 4.700000 4.800000 4.900000 5.000000 5.100000 5.200000 5.300000 5.400000 5.500000 5.600000 5.700000 5.800000 5.900000 6.000000 6.100000 6.200000 6.300000 6.400000 6.500000 6.600000 6.700000 6.800000 6.900000 7.000000 7.100000 7.200000 7.300000 7.400000 7.500000 7.600000 7.700000 7.800000 7.900000 8.000000 8.100000 8.200000 8.300000 8.400000 8.500000 8.600000 8.700000 8.800000 8.900000 9.000000 9.100000 9.200000 9.300000 9.400000 9.500000 9.600000 9.700000 9.800000 9.900000 10.000000 
#
# matrix elements [MeV fm^3] 
 -0.00359156   0.00000008   0.00000013   0.00000017   0.00000018   0.00000017   0.00000016   0.00000014   0.00000013   0.00000011   0.00000010   0.00000009   0.00000008   0.00000008   0.00000007   0.00000007   0.00000007   0.00000006   0.00000006   0.00000006   0.00000005   0.00000005   0.00000004   0.00000004   0.00000003   0.00000002   0.00000002   0.00000001   0.00000001   0.00000001   0.00000000   0.00000000   0.00000000   0.00000000  -0.00000000  -0.00000000  -0.00000000  -0.00000000  -0.00000000  -0.00000000  -0.00000000  -0.00000000  -0.00000000  -0.00000000  -0.00000000  -0.00000000  -0.00000000  -0.00000000  -0.00000000  -0.00000000  -0.00000000  -0.00000000  -0.00000000  -0.00000000  -0.00000000  -0.00000000  -0.00000000  -0.00000000  -0.00000000  -0.00000000  -0.00000000  -0.00000000  -0.00000000  -0.00000000  -0.00000000  -0.00000000  -0.00000000  -0.00000000  -0.00000000  -0.00000000  -0.00000000  -0.00000000  -0.00000000  -0.00000000  -0.00000000  -0.00000000  -0.00000000  -0.00000000  -0.00000000  -0.00000000  -0.00000000  -0.00000000  -0.00000000  -0.00000000  -0.00000000  -0.00000000  -0.00000000  -0.00000000  -0.00000000  -0.00000000  -0.00000000  -0.00000000  -0.00000000  -0.00000000  -0.00000000  -0.00000000  -0.00000000  -0.00000000  -0.00000000  -0.00000000  -0.00000000 
  0.00000008   0.72445165   1.29691183   1.63848973   1.75890795   1.72043079   1.59393019   1.43433343   1.27543993   1.13411925   1.01635772   0.92208106   0.84825778   0.79067449   0.74487704   0.70664522   0.67222797   0.63846538   0.60286145   0.56363574   0.51976188   0.47098936   0.41783773   0.36154628   0.30395784   0.24731617   0.19396956   0.14600842   0.10491797   0.07136712   0.04522907   0.02581358   0.01216218   0.00324781  -0.00195184  -0.00442535  -0.00507793  -0.00466945  -0.00377357  -0.00277221  -0.00188009  -0.00118618  -0.00069891  -0.00038525  -0.00019875  -0.00009593  -0.00004327  -0.00001822  -0.00000715  -0.00000261  -0.00000088  -0.00000028  -0.00000008  -0.00000002  -0.00000001  -0.00000000  -0.00000000  -0.00000000  -0.00000000  -0.00000000  -0.00000000  -0.00000000  -0.00000000  -0.00000000  -0.00000000  -0.00000000  -0.00000000  -0.00000000  -0.00000000  -0.00000000  -0.00000000  -0.00000000  -0.00000000  -0.00000000  -0.00000000  -0.00000000  -0.00000000  -0.00000000  -0.00000000  -0.00000000  -0.00000000  -0.00000000  -0.00000000  -0.00000000  -0.00000000  -0.00000000  -0.00000000  -0.00000000  -0.00000000  -0.00000000  -0.00000000  -0.00000000  -0.00000000  -0.00000000  -0.00000000  -0.00000000  -0.00000000  -0.00000000  -0.00000000  -0.00000000  -0.00000000 
  0.00000013   1.29691183   2.35132760   3.02237007   3.30414009   3.28576053   3.08592531   2.80628021   2.51477912   2.24839903   2.02241042   1.83915834   1.69424710   1.58030065   1.48905520   1.41246220   1.34325830   1.27527029   1.20359678   1.12473262   1.03665816   0.93889007   0.83247397   0.71988648   0.60480475   0.49170261   0.38525915   0.28963530   0.20778048   0.14101216   0.08905854   0.05052452   0.02348309   0.00587476  -0.00434625  -0.00915496  -0.01035723  -0.00946697  -0.00762526  -0.00559003  -0.00378561  -0.00238587  -0.00140465  -0.00077378  -0.00039899  -0.00019249  -0.00008680  -0.00003653  -0.00001433  -0.00000522  -0.00000177  -0.00000055  -0.00000016  -0.00000004  -0.00000001  -0.00000000  -0.00000000  -0.00000000  -0.00000000  -0.00000000  -0.00000000  -0.00000000  -0.00000000  -0.00000000  -0.00000000  -0.00000000  -0.00000000  -0.00000000  -0.00000000  -0.00000000  -0.00000000  -0.00000000  -0.00000000  -0.00000000  -0.00000000  -0.00000000  -0.00000000  -0.00000000  -0.00000000  -0.00000000  -0.00000000  -0.00000000  -0.00000000  -0.00000000  -0.00000000  -0.00000000  -0.00000000  -0.00000000  -0.00000000  -0.00000000  -0.00000000  -0.00000000  -0.00000000  -0.00000000  -0.00000000  -0.00000000  -0.00000000  -0.00000000  -0.00000000  -0.00000000  -0.00000000 
  0.00000017   1.63848973   3.02237007   3.98115760   4.47149037   4.56211163   4.37964637   4.05268043   3.67945154   3.32062601   3.00602744   2.74493412   2.53480558   2.36720967   2.23139453   2.11629769   2.01164377   1.90855469   1.79991469   1.68061153   1.54770239   1.40050886   1.24061710   1.07173789   0.89936590   0.73017773   0.57114818   0.42846858   0.30651047   0.20719887   0.13008051   0.07302628   0.03312061   0.00726101  -0.00762389  -0.01449088  -0.01603719  -0.01451890  -0.01163186  -0.00849813  -0.00574137  -0.00361222  -0.00212383  -0.00116874  -0.00060214  -0.00029030  -0.00013083  -0.00005504  -0.00002157  -0.00000786  -0.00000266  -0.00000083  -0.00000024  -0.00000006  -0.00000002  -0.00000000  -0.00000000  -0.00000000  -0.00000000  -0.00000000  -0.00000000  -0.00000000  -0.00000000  -0.00000000  -0.00000000  -0.00000000  -0.00000000  -0.00000000  -0.00000000  -0.00000000  -0.00000000  -0.00000000  -0.00000000  -0.00000000  -0.00000000  -0.00000000  -0.00000000  -0.00000000  -0.00000000  -0.00000000  -0.00000000  -0.00000000  -0.00000000  -0.00000000  -0.00000000  -0.00000000  -0.00000000  -0.00000000  -0.00000000  -0.00000000  -0.00000000  -0.00000000  -0.00000000  -0.00000000  -0.00000000  -0.00000000  -0.00000000  -0.00000000  -0.00000000  -0.00000000  -0.00000000 
  0.00000018   1.75890795   3.30414009   4.47149037   5.18340428   5.45952149   5.39395017   5.11155155   4.72723655   4.32428978   3.95152388   3.63050126   3.36493670   3.14845087   2.96984368   2.81632997   2.67542770   2.53605486   2.38919291   2.22831502   2.04967044   1.85244847   1.63880111   1.41367056   1.18434469   0.95966199   0.74884004   0.56003996   0.39899172   0.26816606   0.16687334   0.09220681   0.04023262   0.00678995  -0.01222065  -0.02073012  -0.02231255  -0.01994784  -0.01586737  -0.01153921  -0.00777091  -0.00487755  -0.00286260  -0.00157303  -0.00080950  -0.00038990  -0.00017558  -0.00007381  -0.00002892  -0.00001054  -0.00000356  -0.00000111  -0.00000032  -0.00000009  -0.00000002  -0.00000000  -0.00000000  -0.00000000  -0.00000000  -0.00000000  -0.00000000  -0.00000000  -0.00000000  -0.00000000  -0.00000000  -0.00000000  -0.00000000  -0.00000000  -0.00000000  -0.00000000  -0.00000000  -0.00000000  -0.00000000  -0.00000000  -0.00000000  -0.00000000  -0.00000000  -0.00000000  -0.00000000  -0.00000000  -0.00000000  -0.00000000  -0.00000000  -0.00000000  -0.00000000  -0.00000000  -0.00000000  -0.00000000  -0.00000000  -0.00000000  -0.00000000  -0.00000000  -0.00000000  -0.00000000  -0.00000000  -0.00000000  -0.00000000  -0.00000000  -0.00000000  -0.00000000  -0.00000000 
  0.00000017   1.72043079   3.28576053   4.56211163   5.45952149   5.95108891   6.07738583   5.92893169   5.61385691   5.22782560   4.83827593   4.48305011   4.17680041   3.91905488   3.70091206   3.50968763   3.33186245   3.15488947   2.96831099   2.76447348   2.53899170   2.29101863   2.02331314   1.74204918   1.45627719   1.17694350   0.91543757   0.68180873   0.48305963   0.32212380   0.19800176   0.10695123   0.04398115   0.00385294  -0.01856308  -0.02816064  -0.02937020  -0.02587018  -0.02040118  -0.01475282  -0.00989569  -0.00619296  -0.00362639  -0.00198917  -0.00102216  -0.00049174  -0.00022122  -0.00009292  -0.00003638  -0.00001324  -0.00000448  -0.00000140  -0.00000040  -0.00000011  -0.00000003  -0.00000001  -0.00000000  -0.00000000  -0.00000000  -0.00000000  -0.00000000  -0.00000000  -0.00000000  -0.00000000  -0.00000000  -0.00000000  -0.00000000  -0.00000000  -0.00000000  -0.00000000  -0.00000000  -0.00000000  -0.00000000  -0.00000000  -0.00000000  -0.00000000  -0.00000000  -0.00000000  -0.00000000  -0.00000000  -0.00000000  -0.00000000  -0.00000000  -0.00000000  -0.00000000  -0.00000000  -0.00000000  -0.00000000  -0.00000000  -0.00000000  -0.00000000  -0.00000000  -0.00000000  -0.00000000  -0.00000000  -0.00000000  -0.00000000  -0.00000000  -0.00000000  -0.00000000  -0.00000000 
  0.00000016   1.59393019   3.08592531   4.37964637   5.39395017   6.07738583   6.42257615   6.47062306   6.29878880   5.99613316   5.64023296   5.28479800   4.95867594   4.67120868   4.41906067   4.19201087   3.97709346   3.76132926   3.53347957   3.28517676   3.01165178   2.71216246   2.39013853   2.05299328   1.71150488   1.37866118   1.06793460   0.79115991   0.55650440   0.36725993   0.22202543   0.11615120   0.04354159  -0.00214235  -0.02706125  -0.03705554  -0.03738473  -0.03239284  -0.02529586  -0.01817385  -0.01213422  -0.00756774  -0.00441961  -0.00241913  -0.00124096  -0.00059614  -0.00026786  -0.00011240  -0.00004396  -0.00001599  -0.00000540  -0.00000169  -0.00000049  -0.00000013  -0.00000003  -0.00000001  -0.00000000  -0.00000000  -0.00000000  -0.00000000  -0.00000000  -0.00000000  -0.00000000  -0.00000000  -0.00000000  -0.00000000  -0.00000000  -0.00000000  -0.00000000  -0.00000000  -0.00000000  -0.00000000  -0.00000000  -0.00000000  -0.00000000  -0.00000000  -0.00000000  -0.00000000  -0.00000000  -0.00000000  -0.00000000  -0.00000000  -0.00000000  -0.00000000  -0.00000000  -0.00000000  -0.00000000  -0.00000000  -0.00000000  -0.00000000  -0.00000000  -0.00000000  -0.00000000  -0.00000000  -0.00000000  -0.00000000  -0.00000000  -0.00000000  -0.00000000  -0.00000000  -0.00000000 
  0.00000014   1.43433343   2.80628021   4.05268043   5.11155155   5.92893169   6.47062306   6.73450257   6.75524009   6.59555234   6.32726259   6.01261539   5.69407364   5.39338301   5.11600513   4.85693871   4.60579483   4.35054159   4.08006264   3.78585159   3.46310968   3.11140281   2.73492906   2.34236196   1.94617196   1.56131126   1.20322908   0.88542171   0.61709062   0.40176041   0.23751852   0.11872291   0.03811841  -0.01175875  -0.03809822  -0.04766500  -0.04651256  -0.03960917  -0.03060439  -0.02183080  -0.01450095  -0.00900879  -0.00524531  -0.00286416  -0.00146635  -0.00070326  -0.00031556  -0.00013225  -0.00005168  -0.00001878  -0.00000634  -0.00000198  -0.00000057  -0.00000015  -0.00000004  -0.00000001  -0.00000000  -0.00000000  -0.00000000  -0.00000000  -0.00000000  -0.00000000  -0.00000000  -0.00000000  -0.00000000  -0.00000000  -0.00000000  -0.00000000  -0.00000000  -0.00000000  -0.00000000  -0.00000000  -0.00000000  -0.00000000  -0.00000000  -0.00000000  -0.00000000  -0.00000000  -0.00000000  -0.00000000  -0.00000000  -0.00000000  -0.00000000  -0.00000000  -0.00000000  -0.00000000  -0.00000000  -0.00000000  -0.00000000  -0.00000000  -0.00000000  -0.00000000  -0.00000000  -0.00000000  -0.00000000  -0.00000000  -0.00000000  -0.00000000  -0.00000000  -0.00000000  -0.00000000 
  0.00000013   1.27543993   2.51477912   3.67945154   4.72723655   5.61385691   6.29878880   6.75524009   6.98084182   7.00236366   6.86937408   6.63916429   6.36141025   6.06956979   5.77996982   5.49551914   5.21074440   4.91630005   4.60238714   4.26114327   3.88823093   3.48381216   3.05299898   2.60576859   2.15625257   1.72128262   1.31816271   0.96190648   0.66259735   0.42384648   0.24310297   0.11363556   0.02696879  -0.02551078  -0.05201553  -0.06020558  -0.05688429  -0.04759366  -0.03636674  -0.02574361  -0.01700502  -0.01051983  -0.00610480  -0.00332458  -0.00169834  -0.00081304  -0.00036425  -0.00015246  -0.00005950  -0.00002161  -0.00000728  -0.00000227  -0.00000066  -0.00000017  -0.00000004  -0.00000001  -0.00000000  -0.00000000  -0.00000000  -0.00000000  -0.00000000  -0.00000000  -0.00000000  -0.00000000  -0.00000000  -0.00000000  -0.00000000  -0.00000000  -0.00000000  -0.00000000  -0.00000000  -0.00000000  -0.00000000  -0.00000000  -0.00000000  -0.00000000  -0.00000000  -0.00000000  -0.00000000  -0.00000000  -0.00000000  -0.00000000  -0.00000000  -0.00000000  -0.00000000  -0.00000000  -0.00000000  -0.00000000  -0.00000000  -0.00000000  -0.00000000  -0.00000000  -0.00000000  -0.00000000  -0.00000000  -0.00000000  -0.00000000  -0.00000000  -0.00000000  -0.00000000  -0.00000000 
  0.00000011   1.13411925   2.24839903   3.32062601   4.32428978   5.22782560   5.99613316   6.59555234   7.00236366   7.21207902   7.24398144   7.13648654   6.93496567   6.67899436   6.39503348   6.09557905   5.78233793   5.45064992   5.09353239   4.70479761   4.28123594   3.82400770   3.33935242   2.83862941   2.33761270   1.85492543   1.40959146   1.01797916   0.69088159   0.43183137   0.23749717   0.09995187   0.00943503  -0.04383946  -0.06909436  -0.07484657  -0.06859520  -0.05639572  -0.04260581  -0.02992124  -0.01964882  -0.01210068  -0.00699720  -0.00379959  -0.00193638  -0.00092515  -0.00041377  -0.00017293  -0.00006741  -0.00002445  -0.00000824  -0.00000257  -0.00000074  -0.00000020  -0.00000005  -0.00000001  -0.00000000  -0.00000000  -0.00000000  -0.00000000  -0.00000000  -0.00000000  -0.00000000  -0.00000000  -0.00000000  -0.00000000  -0.00000000  -0.00000000  -0.00000000  -0.00000000  -0.00000000  -0.00000000  -0.00000000  -0.00000000  -0.00000000  -0.00000000  -0.00000000  -0.00000000  -0.00000000  -0.00000000  -0.00000000  -0.00000000  -0.00000000  -0.00000000  -0.00000000  -0.00000000  -0.00000000  -0.00000000  -0.00000000  -0.00000000  -0.00000000  -0.00000000  -0.00000000  -0.00000000  -0.00000000  -0.00000000  -0.00000000  -0.00000000  -0.00000000  -0.00000000  -0.00000000 
  0.00000010   1.01635772   2.02241042   3.00602744   3.95152388   4.83827593   5.64023296   6.32726259   6.86937408   7.24398144   7.44401946   7.48226424   7.38796623   7.19693952   6.94089038   6.64117953   6.30807633   5.94353047   5.54509188   5.10953646   4.63565983   4.12617055   3.58874252   3.03624824   2.48610909   1.95865593   1.47448950   1.05115557   0.69996736   0.42419798   0.21958140   0.07688120  -0.01501361  -0.06708058  -0.08953226  -0.09169350  -0.08169405  -0.06603219  -0.04932279  -0.03435876  -0.02242631  -0.01374630  -0.00791898  -0.00428699  -0.00217923  -0.00103895  -0.00046383  -0.00019355  -0.00007534  -0.00002730  -0.00000918  -0.00000286  -0.00000082  -0.00000022  -0.00000005  -0.00000001  -0.00000000  -0.00000000  -0.00000000  -0.00000000  -0.00000000  -0.00000000  -0.00000000  -0.00000000  -0.00000000  -0.00000000  -0.00000000  -0.00000000  -0.00000000  -0.00000000  -0.00000000  -0.00000000  -0.00000000  -0.00000000  -0.00000000  -0.00000000  -0.00000000  -0.00000000  -0.00000000  -0.00000000  -0.00000000  -0.00000000  -0.00000000  -0.00000000  -0.00000000  -0.00000000  -0.00000000  -0.00000000  -0.00000000  -0.00000000  -0.00000000  -0.00000000  -0.00000000  -0.00000000  -0.00000000  -0.00000000  -0.00000000  -0.00000000  -0.00000000  -0.00000000  -0.00000000 
  0.00000009   0.92208106   1.83915834   2.74493412   3.63050126   4.48305011   5.28479800   6.01261539   6.63916429   7.13648654   7.48226424   7.66698340   7.69805556   7.59744793   7.39359650   7.11244663   6.77213915   6.38238466   5.94690801   5.46691945   4.94431637   4.38408362   3.79575935   3.19393530   2.59772465   2.02909715   1.51008693   1.05923079   0.68816054   0.39969760   0.18847962   0.04384505  -0.04673037  -0.09542692  -0.11341585  -0.11076920  -0.09617037  -0.07647927  -0.05649213  -0.03903449  -0.02532141  -0.01544589  -0.00886350  -0.00478300  -0.00242490  -0.00115347  -0.00051396  -0.00021411  -0.00008322  -0.00003011  -0.00001012  -0.00000315  -0.00000091  -0.00000024  -0.00000006  -0.00000001  -0.00000000  -0.00000000  -0.00000000  -0.00000000  -0.00000000  -0.00000000  -0.00000000  -0.00000000  -0.00000000  -0.00000000  -0.00000000  -0.00000000  -0.00000000  -0.00000000  -0.00000000  -0.00000000  -0.00000000  -0.00000000  -0.00000000  -0.00000000  -0.00000000  -0.00000000  -0.00000000  -0.00000000  -0.00000000  -0.00000000  -0.00000000  -0.00000000  -0.00000000  -0.00000000  -0.00000000  -0.00000000  -0.00000000  -0.00000000  -0.00000000  -0.00000000  -0.00000000  -0.00000000  -0.00000000  -0.00000000  -0.00000000  -0.00000000  -0.00000000  -0.00000000  -0.00000000 
  0.00000008   0.84825778   1.69424710   2.53480558   3.36493670   4.17680041   4.95867594   5.69407364   6.36141025   6.93496567   7.38796623   7.69805556   7.85370621   7.85818637   7.72799947   7.48629016   7.15530492   6.75185790   6.28680611   5.76719008   5.19925612   4.59117811   3.95493776   3.30715356   2.66873483   2.06325141   1.51403770   1.04043475   0.65418684   0.35746751   0.14365576   0.00055295  -0.08583316  -0.12888576  -0.14069075  -0.13199324  -0.11194089  -0.08766390  -0.06405634  -0.04390690  -0.02830629  -0.01718207  -0.00982058  -0.00528205  -0.00267052  -0.00126733  -0.00056355  -0.00023436  -0.00009096  -0.00003287  -0.00001103  -0.00000343  -0.00000099  -0.00000026  -0.00000006  -0.00000001  -0.00000000  -0.00000000  -0.00000000  -0.00000000  -0.00000000  -0.00000000  -0.00000000  -0.00000000  -0.00000000  -0.00000000  -0.00000000  -0.00000000  -0.00000000  -0.00000000  -0.00000000  -0.00000000  -0.00000000  -0.00000000  -0.00000000  -0.00000000  -0.00000000  -0.00000000  -0.00000000  -0.00000000  -0.00000000  -0.00000000  -0.00000000  -0.00000000  -0.00000000  -0.00000000  -0.00000000  -0.00000000  -0.00000000  -0.00000000  -0.00000000  -0.00000000  -0.00000000  -0.00000000  -0.00000000  -0.00000000  -0.00000000  -0.00000000  -0.00000000  -0.00000000  -0.00000000 
  0.00000008   0.79067449   1.58030065   2.36720967   3.14845087   3.91905488   4.67120868   5.39338301   6.06956979   6.67899436   7.19693952   7.59744793   7.85818637   7.96627543   7.92214685   7.73864983   7.43568246   7.03382089   6.55041840   5.99912772   5.39171370   4.74057500   4.06087089   3.37167917   2.69589368   2.05869475   1.48460942   0.99360791   0.59734687   0.29716187   0.08501980  -0.05291494  -0.13214272  -0.16723427  -0.17113053  -0.15516110  -0.12883624  -0.09945555  -0.07192115  -0.04891195  -0.03133995  -0.01893007  -0.01077614  -0.00577657  -0.00291227  -0.00137871  -0.00061180  -0.00025396  -0.00009841  -0.00003551  -0.00001190  -0.00000370  -0.00000106  -0.00000028  -0.00000007  -0.00000002  -0.00000000  -0.00000000  -0.00000000  -0.00000000  -0.00000000  -0.00000000  -0.00000000  -0.00000000  -0.00000000  -0.00000000  -0.00000000  -0.00000000  -0.00000000  -0.00000000  -0.00000000  -0.00000000  -0.00000000  -0.00000000  -0.00000000  -0.00000000  -0.00000000  -0.00000000  -0.00000000  -0.00000000  -0.00000000  -0.00000000  -0.00000000  -0.00000000  -0.00000000  -0.00000000  -0.00000000  -0.00000000  -0.00000000  -0.00000000  -0.00000000  -0.00000000  -0.00000000  -0.00000000  -0.00000000  -0.00000000  -0.00000000  -0.00000000  -0.00000000  -0.00000000  -0.00000000 
  0.00000007   0.74487704   1.48905520   2.23139453   2.96984368   3.70091206   4.41906067   5.11600513   5.77996982   6.39503348   6.94089038   7.39359650   7.72799947   7.92214685   7.96267001   7.84856446   7.59083873   7.20813776   6.72130984   6.14998492   5.51205952   4.82511168   4.10831112   3.38375689   2.67662120   2.01377702   1.42088082   0.91838457   0.51767767   0.21908723   0.01303618  -0.11602476  -0.18512160  -0.20997643  -0.20430754  -0.17992530  -0.14658918  -0.11165932  -0.07995165  -0.05396100  -0.03436718  -0.02065730  -0.01171197  -0.00625698  -0.00314540  -0.00148540  -0.00065773  -0.00027252  -0.00010542  -0.00003798  -0.00001272  -0.00000395  -0.00000113  -0.00000030  -0.00000007  -0.00000002  -0.00000000  -0.00000000  -0.00000000  -0.00000000  -0.00000000  -0.00000000  -0.00000000  -0.00000000  -0.00000000  -0.00000000  -0.00000000  -0.00000000  -0.00000000  -0.00000000  -0.00000000  -0.00000000  -0.00000000  -0.00000000  -0.00000000  -0.00000000  -0.00000000  -0.00000000  -0.00000000  -0.00000000  -0.00000000  -0.00000000  -0.00000000  -0.00000000  -0.00000000  -0.00000000  -0.00000000  -0.00000000  -0.00000000  -0.00000000  -0.00000000  -0.00000000  -0.00000000  -0.00000000  -0.00000000  -0.00000000  -0.00000000  -0.00000000  -0.00000000  -0.00000000  -0.00000000 
  0.00000007   0.70664522   1.41246220   2.11629769   2.81632997   3.50968763   4.19201087   4.85693871   5.49551914   6.09557905   6.64117953   7.11244663   7.48629016   7.73864983   7.84856446   7.80320965   7.60161152   7.25471633   6.78178989   6.20570291   5.54982653   4.83736406   4.09224417   3.34022779   2.60916835   1.92780502   1.32292635   0.81536604   0.41610532   0.12432956  -0.07117605  -0.18771410  -0.24382084  -0.25630688  -0.23956954  -0.20578107  -0.16482641  -0.12401149  -0.08797008  -0.05893990  -0.03731820  -0.02232329  -0.01260580  -0.00671169  -0.00336421  -0.00158475  -0.00070019  -0.00028956  -0.00011182  -0.00004023  -0.00001345  -0.00000417  -0.00000119  -0.00000032  -0.00000008  -0.00000002  -0.00000000  -0.00000000  -0.00000000  -0.00000000  -0.00000000  -0.00000000  -0.00000000  -0.00000000  -0.00000000  -0.00000000  -0.00000000  -0.00000000  -0.00000000  -0.00000000  -0.00000000  -0.00000000  -0.00000000  -0.00000000  -0.00000000  -0.00000000  -0.00000000  -0.00000000  -0.00000000  -0.00000000  -0.00000000  -0.00000000  -0.00000000  -0.00000000  -0.00000000  -0.00000000  -0.00000000  -0.00000000  -0.00000000  -0.00000000  -0.00000000  -0.00000000  -0.00000000  -0.00000000  -0.00000000  -0.00000000  -0.00000000  -0.00000000  -0.00000000  -0.00000000  -0.00000000 
  0.00000007   0.67222797   1.34325830   2.01164377   2.67542770   3.33186245   3.97709346   4.60579483   5.21074440   5.78233793   6.30807633   6.77213915   7.15530492   7.43568246   7.59083873   7.60161152   7.45686341   7.15711374   6.71490198   6.15175709   5.49398947   4.76972898   4.00794459   3.23861318   2.49273476   1.80118215   1.19196271   0.68626069   0.29456866   0.01485584  -0.16576547  -0.26633638  -0.30684290  -0.30508792  -0.27602672  -0.23205990  -0.18306589  -0.13617903  -0.09575632  -0.06370968  -0.04010940  -0.02388015  -0.01343162  -0.00712729  -0.00356217  -0.00167378  -0.00073789  -0.00030455  -0.00011741  -0.00004218  -0.00001408  -0.00000436  -0.00000125  -0.00000033  -0.00000008  -0.00000002  -0.00000000  -0.00000000  -0.00000000  -0.00000000  -0.00000000  -0.00000000  -0.00000000  -0.00000000  -0.00000000  -0.00000000  -0.00000000  -0.00000000  -0.00000000  -0.00000000  -0.00000000  -0.00000000  -0.00000000  -0.00000000  -0.00000000  -0.00000000  -0.00000000  -0.00000000  -0.00000000  -0.00000000  -0.00000000  -0.00000000  -0.00000000  -0.00000000  -0.00000000  -0.00000000  -0.00000000  -0.00000000  -0.00000000  -0.00000000  -0.00000000  -0.00000000  -0.00000000  -0.00000000  -0.00000000  -0.00000000  -0.00000000  -0.00000000  -0.00000000  -0.00000000  -0.00000000 
  0.00000006   0.63846538   1.27527029   1.90855469   2.53605486   3.15488947   3.76132926   4.35054159   4.91630005   5.45064992   5.94353047   6.38238466   6.75185790   7.03382089   7.20813776   7.25471633   7.15711374   6.90703502   6.50784329   5.97508380   5.33382316   4.61473514   3.85107663   3.07716508   2.32752515   1.63548107   1.03043125   0.53396569   0.15609137  -0.10642923  -0.26810891  -0.34963737  -0.37233066  -0.35484713  -0.31255428  -0.25793437  -0.20072240  -0.14776454  -0.10305176  -0.06810941  -0.04264521  -0.02527382  -0.01416037  -0.00748899  -0.00373215  -0.00174923  -0.00076945  -0.00031695  -0.00012198  -0.00004375  -0.00001459  -0.00000451  -0.00000129  -0.00000034  -0.00000008  -0.00000002  -0.00000000  -0.00000000  -0.00000000  -0.00000000  -0.00000000  -0.00000000  -0.00000000  -0.00000000  -0.00000000  -0.00000000  -0.00000000  -0.00000000  -0.00000000  -0.00000000  -0.00000000  -0.00000000  -0.00000000  -0.00000000  -0.00000000  -0.00000000  -0.00000000  -0.00000000  -0.00000000  -0.00000000  -0.00000000  -0.00000000  -0.00000000  -0.00000000  -0.00000000  -0.00000000  -0.00000000  -0.00000000  -0.00000000  -0.00000000  -0.00000000  -0.00000000  -0.00000000  -0.00000000  -0.00000000  -0.00000000  -0.00000000  -0.00000000  -0.00000000  -0.00000000  -0.00000000 
  0.00000006   0.60286145   1.20359678   1.79991469   2.38919291   2.96831099   3.53347957   4.08006264   4.60238714   5.09353239   5.54509188   5.94690801   6.28680611   6.55041840   6.72130984   6.78178989   6.71490198   6.50784329   6.15620770   5.66731483   5.06075412   4.36589009   3.61800625   2.85495246   2.11476161   1.43344105   0.84199675   0.36256740   0.00477963  -0.23569190  -0.37482739  -0.43477718  -0.43799265  -0.40380276  -0.34781574  -0.28243803  -0.21712312  -0.15831795  -0.10956767  -0.07196179  -0.04482161  -0.02644618  -0.01476115  -0.00778119  -0.00386672  -0.00180777  -0.00079344  -0.00032619  -0.00012531  -0.00004487  -0.00001494  -0.00000461  -0.00000132  -0.00000035  -0.00000008  -0.00000002  -0.00000000  -0.00000000  -0.00000000  -0.00000000  -0.00000000  -0.00000000  -0.00000000  -0.00000000  -0.00000000  -0.00000000  -0.00000000  -0.00000000  -0.00000000  -0.00000000  -0.00000000  -0.00000000  -0.00000000  -0.00000000  -0.00000000  -0.00000000  -0.00000000  -0.00000000  -0.00000000  -0.00000000  -0.00000000  -0.00000000  -0.00000000  -0.00000000  -0.00000000  -0.00000000  -0.00000000  -0.00000000  -0.00000000  -0.00000000  -0.00000000  -0.00000000  -0.00000000  -0.00000000  -0.00000000  -0.00000000  -0.00000000  -0.00000000  -0.00000000  -0.00000000  -0.00000000 
  0.00000006   0.56363574   1.12473262   1.68061153   2.22831502   2.76447348   3.28517676   3.78585159   4.26114327   4.70479761   5.10953646   5.46691945   5.76719008   5.99912772   6.14998492   6.20570291   6.15175709   5.97508380   5.66731483   5.22874405   4.67139772   4.01944090   3.30661577   2.57214980   1.85672938   1.19891691   0.63146310   0.17724807  -0.15427162  -0.36826042  -0.48187260  -0.51840969  -0.50117332  -0.44992332  -0.38031118  -0.30450266  -0.23153535  -0.16735607  -0.11499828  -0.07508151  -0.04653131  -0.02733797  -0.01520283  -0.00798839  -0.00395855  -0.00184612  -0.00080849  -0.00033173  -0.00012721  -0.00004548  -0.00001512  -0.00000466  -0.00000133  -0.00000035  -0.00000008  -0.00000002  -0.00000000  -0.00000000  -0.00000000  -0.00000000  -0.00000000  -0.00000000  -0.00000000  -0.00000000  -0.00000000  -0.00000000  -0.00000000  -0.00000000  -0.00000000  -0.00000000  -0.00000000  -0.00000000  -0.00000000  -0.00000000  -0.00000000  -0.00000000  -0.00000000  -0.00000000  -0.00000000  -0.00000000  -0.00000000  -0.00000000  -0.00000000  -0.00000000  -0.00000000  -0.00000000  -0.00000000  -0.00000000  -0.00000000  -0.00000000  -0.00000000  -0.00000000  -0.00000000  -0.00000000  -0.00000000  -0.00000000  -0.00000000  -0.00000000  -0.00000000  -0.00000000  -0.00000000 
  0.00000005   0.51976188   1.03665816   1.54770239   2.04967044   2.53899170   3.01165178   3.46310968   3.88823093   4.28123594   4.63565983   4.94431637   5.19925612   5.39171370   5.51205952   5.54982653   5.49398947   5.33382316   5.06075412   4.67139772   4.17120933   3.57718983   2.91795281   2.23079822   1.55702025   0.93686321   0.40464059  -0.01589283  -0.31516857  -0.49880814  -0.58469332  -0.59682745  -0.55897417  -0.49102501  -0.40845268  -0.32301452  -0.24320664  -0.17439012  -0.11903891  -0.07728671  -0.04767056  -0.02789275  -0.01545620  -0.00809623  -0.00400097  -0.00186135  -0.00081338  -0.00033308  -0.00012751  -0.00004551  -0.00001511  -0.00000465  -0.00000133  -0.00000035  -0.00000008  -0.00000002  -0.00000000  -0.00000000  -0.00000000  -0.00000000  -0.00000000  -0.00000000  -0.00000000  -0.00000000  -0.00000000  -0.00000000  -0.00000000  -0.00000000  -0.00000000  -0.00000000  -0.00000000  -0.00000000  -0.00000000  -0.00000000  -0.00000000  -0.00000000  -0.00000000  -0.00000000  -0.00000000  -0.00000000  -0.00000000  -0.00000000  -0.00000000  -0.00000000  -0.00000000  -0.00000000  -0.00000000  -0.00000000  -0.00000000  -0.00000000  -0.00000000  -0.00000000  -0.00000000  -0.00000000  -0.00000000  -0.00000000  -0.00000000  -0.00000000  -0.00000000  -0.00000000  -0.00000000 
  0.00000005   0.47098936   0.93889007   1.40050886   1.85244847   2.29101863   2.71216246   3.11140281   3.48381216   3.82400770   4.12617055   4.38408362   4.59117811   4.74057500   4.82511168   4.83736406   4.76972898   4.61473514   4.36589009   4.01944090   3.57718983   3.04976002   2.45877372   1.83630129   1.22120395   0.65350159   0.16824557  -0.21006479  -0.47148999  -0.62162503  -0.67848258  -0.66617284  -0.60842593  -0.52490667  -0.43066630  -0.33688847  -0.25141673  -0.17896068  -0.12140848  -0.07841277  -0.04814726  -0.02806142  -0.01549636  -0.00809273  -0.00398851  -0.00185111  -0.00080718  -0.00032990  -0.00012607  -0.00004493  -0.00001489  -0.00000458  -0.00000130  -0.00000034  -0.00000008  -0.00000002  -0.00000000  -0.00000000  -0.00000000  -0.00000000  -0.00000000  -0.00000000  -0.00000000  -0.00000000  -0.00000000  -0.00000000  -0.00000000  -0.00000000  -0.00000000  -0.00000000  -0.00000000  -0.00000000  -0.00000000  -0.00000000  -0.00000000  -0.00000000  -0.00000000  -0.00000000  -0.00000000  -0.00000000  -0.00000000  -0.00000000  -0.00000000  -0.00000000  -0.00000000  -0.00000000  -0.00000000  -0.00000000  -0.00000000  -0.00000000  -0.00000000  -0.00000000  -0.00000000  -0.00000000  -0.00000000  -0.00000000  -0.00000000  -0.00000000  -0.00000000  -0.00000000  -0.00000000 
  0.00000004   0.41783773   0.83247397   1.24061710   1.63880111   2.02331314   2.39013853   2.73492906   3.05299898   3.33935242   3.58874252   3.79575935   3.95493776   4.06087089   4.10831112   4.09224417   4.00794459   3.85107663   3.61800625   3.30661577   2.91795281   2.45877372   1.94429392   1.39959024   0.85808407   0.35683456  -0.07005495  -0.39799348  -0.61660420  -0.73095815  -0.75849345  -0.72270710  -0.64670489  -0.54951628  -0.44551536  -0.34515608  -0.25553815  -0.18067772  -0.12187491  -0.07832780  -0.04788999  -0.02780721  -0.01530538  -0.00796962  -0.00391758  -0.00181394  -0.00078930  -0.00032198  -0.00012283  -0.00004371  -0.00001447  -0.00000444  -0.00000126  -0.00000033  -0.00000008  -0.00000002  -0.00000000  -0.00000000  -0.00000000  -0.00000000  -0.00000000  -0.00000000  -0.00000000  -0.00000000  -0.00000000  -0.00000000  -0.00000000  -0.00000000  -0.00000000  -0.00000000  -0.00000000  -0.00000000  -0.00000000  -0.00000000  -0.00000000  -0.00000000  -0.00000000  -0.00000000  -0.00000000  -0.00000000  -0.00000000  -0.00000000  -0.00000000  -0.00000000  -0.00000000  -0.00000000  -0.00000000  -0.00000000  -0.00000000  -0.00000000  -0.00000000  -0.00000000  -0.00000000  -0.00000000  -0.00000000  -0.00000000  -0.00000000  -0.00000000  -0.00000000  -0.00000000  -0.00000000 
  0.00000004   0.36154628   0.71988648   1.07173789   1.41367056   1.74204918   2.05299328   2.34236196   2.60576859   2.83862941   3.03624824   3.19393530   3.30715356   3.37167917   3.38375689   3.34022779   3.23861318   3.07716508   2.85495246   2.57214980   2.23079822   1.83630129   1.39959024   0.93914477   0.48130797   0.05752523  -0.30137797  -0.57204244  -0.74398354  -0.82138703  -0.82039850  -0.76311740  -0.67137737  -0.56313634  -0.45183568  -0.34706065  -0.25510048  -0.17926242  -0.12028126  -0.07694824  -0.04685692  -0.02711056  -0.01487478  -0.00772354  -0.00378701  -0.00174948  -0.00075968  -0.00030932  -0.00011780  -0.00004185  -0.00001383  -0.00000424  -0.00000120  -0.00000032  -0.00000008  -0.00000002  -0.00000000  -0.00000000  -0.00000000  -0.00000000  -0.00000000  -0.00000000  -0.00000000  -0.00000000  -0.00000000  -0.00000000  -0.00000000  -0.00000000  -0.00000000  -0.00000000  -0.00000000  -0.00000000  -0.00000000  -0.00000000  -0.00000000  -0.00000000  -0.00000000  -0.00000000  -0.00000000  -0.00000000  -0.00000000  -0.00000000  -0.00000000  -0.00000000  -0.00000000  -0.00000000  -0.00000000  -0.00000000  -0.00000000  -0.00000000  -0.00000000  -0.00000000  -0.00000000  -0.00000000  -0.00000000  -0.00000000  -0.00000000  -0.00000000  -0.00000000  -0.00000000  -0.00000000 
  0.00000003   0.30395784   0.60480475   0.89936590   1.18434469   1.45627719   1.71150488   1.94617196   2.15625257   2.33761270   2.48610909   2.59772465   2.66873483   2.69589368   2.67662120   2.60916835   2.49273476   2.32752515   2.11476161   1.85672938   1.55702025   1.22120395   0.85808407   0.48130797   0.11039704  -0.23024628  -0.51524820  -0.72425175  -0.84748585  -0.88819699  -0.86065769  -0.78483189  -0.68064805  -0.56456924  -0.44886827  -0.34214869  -0.24985106  -0.17458592  -0.11656934  -0.07425270  -0.04504349  -0.02597317  -0.01420763  -0.00735709  -0.00359849  -0.00165870  -0.00071881  -0.00029214  -0.00011107  -0.00003940  -0.00001300  -0.00000398  -0.00000113  -0.00000030  -0.00000007  -0.00000002  -0.00000000  -0.00000000  -0.00000000  -0.00000000  -0.00000000  -0.00000000  -0.00000000  -0.00000000  -0.00000000  -0.00000000  -0.00000000  -0.00000000  -0.00000000  -0.00000000  -0.00000000  -0.00000000  -0.00000000  -0.00000000  -0.00000000  -0.00000000  -0.00000000  -0.00000000  -0.00000000  -0.00000000  -0.00000000  -0.00000000  -0.00000000  -0.00000000  -0.00000000  -0.00000000  -0.00000000  -0.00000000  -0.00000000  -0.00000000  -0.00000000  -0.00000000  -0.00000000  -0.00000000  -0.00000000  -0.00000000  -0.00000000  -0.00000000  -0.00000000  -0.00000000  -0.00000000 
  0.00000002   0.24731617   0.49170261   0.73017773   0.95966199   1.17694350   1.37866118   1.56131126   1.72128262   1.85492543   1.95865593   2.02909715   2.06325141   2.05869475   2.01377702   1.92780502   1.80118215   1.63548107   1.43344105   1.19891691   0.93686321   0.65350159   0.35683456   0.05752523  -0.23024628  -0.48889275  -0.69956753  -0.84646341  -0.92163748  -0.92772990  -0.87685804  -0.78630586  -0.67358104  -0.55329841  -0.43637178  -0.33034526  -0.23980355  -0.16669919  -0.11079742  -0.07029190  -0.04248781  -0.02442080  -0.01331986  -0.00687938  -0.00335687  -0.00154399  -0.00066778  -0.00027091  -0.00010283  -0.00003642  -0.00001200  -0.00000367  -0.00000104  -0.00000027  -0.00000007  -0.00000001  -0.00000000  -0.00000000  -0.00000000  -0.00000000  -0.00000000  -0.00000000  -0.00000000  -0.00000000  -0.00000000  -0.00000000  -0.00000000  -0.00000000  -0.00000000  -0.00000000  -0.00000000  -0.00000000  -0.00000000  -0.00000000  -0.00000000  -0.00000000  -0.00000000  -0.00000000  -0.00000000  -0.00000000  -0.00000000  -0.00000000  -0.00000000  -0.00000000  -0.00000000  -0.00000000  -0.00000000  -0.00000000  -0.00000000  -0.00000000  -0.00000000  -0.00000000  -0.00000000  -0.00000000  -0.00000000  -0.00000000  -0.00000000  -0.00000000  -0.00000000  -0.00000000  -0.00000000 
  0.00000002   0.19396956   0.38525915   0.57114818   0.74884004   0.91543757   1.06793460   1.20322908   1.31816271   1.40959146   1.47448950   1.51008693   1.51403770   1.48460942   1.42088082   1.32292635   1.19196271   1.03043125   0.84199675   0.63146310   0.40464059   0.16824557  -0.07005495  -0.30137797  -0.51524820  -0.69956753  -0.84166885  -0.93089942  -0.96204712  -0.93772710  -0.86799589  -0.76724100  -0.65026014  -0.52959939  -0.41469578  -0.31200008  -0.22526537  -0.15584858  -0.10314839  -0.06519268  -0.03927238  -0.02250389  -0.01224048  -0.00630607  -0.00307010  -0.00140915  -0.00060830  -0.00024635  -0.00009335  -0.00003301  -0.00001087  -0.00000332  -0.00000094  -0.00000024  -0.00000006  -0.00000001  -0.00000000  -0.00000000  -0.00000000  -0.00000000  -0.00000000  -0.00000000  -0.00000000  -0.00000000  -0.00000000  -0.00000000  -0.00000000  -0.00000000  -0.00000000  -0.00000000  -0.00000000  -0.00000000  -0.00000000  -0.00000000  -0.00000000  -0.00000000  -0.00000000  -0.00000000  -0.00000000  -0.00000000  -0.00000000  -0.00000000  -0.00000000  -0.00000000  -0.00000000  -0.00000000  -0.00000000  -0.00000000  -0.00000000  -0.00000000  -0.00000000  -0.00000000  -0.00000000  -0.00000000  -0.00000000  -0.00000000  -0.00000000  -0.00000000  -0.00000000  -0.00000000  -0.00000000 
  0.00000001   0.14600842   0.28963530   0.42846858   0.56003996   0.68180873   0.79115991   0.88542171   0.96190648   1.01797916   1.05115557   1.05923079   1.04043475   0.99360791   0.91838457   0.81536604   0.68626069   0.53396569   0.36256740   0.17724807  -0.01589283  -0.21006479  -0.39799348  -0.57204244  -0.72425175  -0.84646341  -0.93089942  -0.97153782  -0.96610926  -0.91769904  -0.83468244  -0.72870458  -0.61185767  -0.49457713  -0.38479812  -0.28789295  -0.20683679  -0.14247212  -0.09392558  -0.05915432  -0.03552136  -0.02029570  -0.01101037  -0.00565874  -0.00274890  -0.00125918  -0.00054255  -0.00021935  -0.00008299  -0.00002931  -0.00000963  -0.00000294  -0.00000083  -0.00000022  -0.00000005  -0.00000001  -0.00000000  -0.00000000  -0.00000000  -0.00000000  -0.00000000  -0.00000000  -0.00000000  -0.00000000  -0.00000000  -0.00000000  -0.00000000  -0.00000000  -0.00000000  -0.00000000  -0.00000000  -0.00000000  -0.00000000  -0.00000000  -0.00000000  -0.00000000  -0.00000000  -0.00000000  -0.00000000  -0.00000000  -0.00000000  -0.00000000  -0.00000000  -0.00000000  -0.00000000  -0.00000000  -0.00000000  -0.00000000  -0.00000000  -0.00000000  -0.00000000  -0.00000000  -0.00000000  -0.00000000  -0.00000000  -0.00000000  -0.00000000  -0.00000000  -0.00000000  -0.00000000  -0.00000000 
  0.00000001   0.10491797   0.20778048   0.30651047   0.39899172   0.48305963   0.55650440   0.61709062   0.66259735   0.69088159   0.69996736   0.68816054   0.65418684   0.59734687   0.51767767   0.41610532   0.29456866   0.15609137   0.00477963  -0.15427162  -0.31516857  -0.47148999  -0.61660420  -0.74398354  -0.84748585  -0.92163748  -0.96204712  -0.96610926  -0.93396826  -0.86930406  -0.77924621  -0.67312112  -0.56058971  -0.45011350  -0.34819540  -0.25919132  -0.18537715  -0.12717431  -0.08353486  -0.05243663  -0.03139304  -0.01788785  -0.00967984  -0.00496351  -0.00240608  -0.00110000  -0.00047312  -0.00019096  -0.00007214  -0.00002544  -0.00000835  -0.00000254  -0.00000072  -0.00000019  -0.00000004  -0.00000001  -0.00000000  -0.00000000  -0.00000000  -0.00000000  -0.00000000  -0.00000000  -0.00000000  -0.00000000  -0.00000000  -0.00000000  -0.00000000  -0.00000000  -0.00000000  -0.00000000  -0.00000000  -0.00000000  -0.00000000  -0.00000000  -0.00000000  -0.00000000  -0.00000000  -0.00000000  -0.00000000  -0.00000000  -0.00000000  -0.00000000  -0.00000000  -0.00000000  -0.00000000  -0.00000000  -0.00000000  -0.00000000  -0.00000000  -0.00000000  -0.00000000  -0.00000000  -0.00000000  -0.00000000  -0.00000000  -0.00000000  -0.00000000  -0.00000000  -0.00000000  -0.00000000  -0.00000000 
