# coconut-me2b/v0.99.21 
# 
# momentum space matrix elements 
# partial wave J=1, L=0/0, S=1, T=0, MT=0 
# 
# momentum grid [fm^-1]
0.000000 0.100000 0.200000 0.300000 0.400000 0.500000 0.600000 0.700000 0.800000 0.900000 1.000000 1.100000 1.200000 1.300000 1.400000 1.500000 1.600000 1.700000 1.800000 1.900000 2.000000 2.100000 2.200000 2.300000 2.400000 2.500000 2.600000 2.700000 2.800000 2.900000 3.000000 3.100000 3.200000 3.300000 3.400000 3.500000 3.600000 3.700000 3.800000 3.900000 4.000000 4.100000 4.200000 4.300000 4.400000 4.500000 4.600000 4.700000 4.800000 4.900000 5.000000 5.100000 5.200000 5.300000 5.400000 5.500000 5.600000 5.700000 5.800000 5.900000 6.000000 6.100000 6.200000 6.300000 6.400000 6.500000 6.600000 6.700000 6.800000 6.900000 7.000000 7.100000 7.200000 7.300000 7.400000 7.500000 7.600000 7.700000 7.800000 7.900000 8.000000 8.100000 8.200000 8.300000 8.400000 8.500000 8.600000 8.700000 8.800000 8.900000 9.000000 9.100000 9.200000 9.300000 9.400000 9.500000 9.600000 9.700000 9.800000 9.900000 10.000000 
#
# matrix elements [MeV fm^3] 
-48.03155506 -47.53658247 -46.13612658 -44.05399922 -41.54849592 -38.83508716 -36.05690348 -33.29218981 -30.57500448 -27.91436902 -25.30723993 -22.74582028 -20.22111091 -17.72442658 -15.24809587 -12.78614360 -10.33547414  -7.89786528  -5.48284705  -3.11118119  -0.81811669   1.34508219   3.31339792   5.01604059   6.39044315   7.39894895   8.04031653   8.34644198   8.36110053   8.11274464   7.60578678   6.84490732   5.87377591   4.78841678   3.70913138   2.73722529   1.93034719   1.30359411   0.84350859   0.52259490   0.30950574   0.17485796   0.09401556   0.04798976   0.02319742   0.01059149   0.00455576   0.00184114   0.00069719   0.00024669   0.00008133   0.00002491   0.00000707   0.00000185   0.00000045   0.00000010   0.00000002   0.00000000   0.00000000   0.00000000   0.00000000   0.00000000   0.00000000   0.00000000   0.00000000   0.00000000   0.00000000   0.00000000   0.00000000   0.00000000   0.00000000   0.00000000   0.00000000   0.00000000   0.00000000   0.00000000   0.00000000   0.00000000   0.00000000   0.00000000   0.00000000   0.00000000   0.00000000   0.00000000   0.00000000   0.00000000   0.00000000   0.00000000   0.00000000   0.00000000   0.00000000   0.00000000   0.00000000   0.00000000   0.00000000   0.00000000   0.00000000   0.00000000   0.00000000   0.00000000   0.00000000 
-47.53658247 -47.06532360 -45.72982448 -43.72837340 -41.29833575 -38.64521134 -35.91126592 -33.17803145 -30.48350111 -27.83984276 -25.24613651 -22.69588839 -20.18084833 -17.69273806 -15.22409312 -12.76903340 -10.32449906  -7.89227526  -5.48188902  -3.11409946  -0.82415989   1.33664989   3.30328281   5.00490344   6.37888215   7.38748296   8.02937080   8.33633942   8.35206120   8.10489398   7.59916934   6.83950102   5.86950379   4.78515820   3.70673600   2.73553020   1.92919357   1.30283991   0.84303560   0.52231084   0.30934269   0.17476870   0.09396906   0.04796676   0.02318665   0.01058672   0.00455377   0.00184036   0.00069691   0.00024659   0.00008129   0.00002490   0.00000706   0.00000185   0.00000045   0.00000010   0.00000002   0.00000000   0.00000000   0.00000000   0.00000000   0.00000000   0.00000000   0.00000000   0.00000000   0.00000000   0.00000000   0.00000000   0.00000000   0.00000000   0.00000000   0.00000000   0.00000000   0.00000000   0.00000000   0.00000000   0.00000000   0.00000000   0.00000000   0.00000000   0.00000000   0.00000000   0.00000000   0.00000000   0.00000000   0.00000000   0.00000000   0.00000000   0.00000000   0.00000000   0.00000000   0.00000000   0.00000000   0.00000000   0.00000000   0.00000000   0.00000000   0.00000000   0.00000000   0.00000000   0.00000000 
-46.13612658 -45.72982448 -44.56392704 -42.77915103 -40.55852253 -38.07788462 -35.47366322 -32.83431369 -30.20799572 -27.61563701 -25.06248431 -22.54592976 -20.05999837 -17.59766447 -15.15210784 -12.71774811 -10.29164058  -7.87559584  -5.47913251  -3.12300091  -0.84246570   1.31114875   3.27270870   4.97124385   6.34393824   7.35281872   7.99626974   8.30577773   8.32470579   8.08112656   7.57912746   6.82312046   5.85655399   4.77527591   3.69946774   2.73038390   1.92568910   1.30054736   0.84159692   0.52144623   0.30884607   0.17449664   0.09382723   0.04789656   0.02315374   0.01057214   0.00454768   0.00183798   0.00069603   0.00024629   0.00008120   0.00002487   0.00000706   0.00000185   0.00000045   0.00000010   0.00000002   0.00000000   0.00000000   0.00000000   0.00000000   0.00000000   0.00000000   0.00000000   0.00000000   0.00000000   0.00000000   0.00000000   0.00000000   0.00000000   0.00000000   0.00000000   0.00000000   0.00000000   0.00000000   0.00000000   0.00000000   0.00000000   0.00000000   0.00000000   0.00000000   0.00000000   0.00000000   0.00000000   0.00000000   0.00000000   0.00000000   0.00000000   0.00000000   0.00000000   0.00000000   0.00000000   0.00000000   0.00000000   0.00000000   0.00000000   0.00000000   0.00000000   0.00000000   0.00000000   0.00000000 
-44.05399922 -43.72837340 -42.77915103 -41.28517412 -39.36269847 -37.14222789 -34.74333930 -32.25783897 -29.74562917 -27.23984256 -24.75518761 -22.29538389 -19.85831016 -17.43912402 -15.03215496 -12.63237086 -10.23704583  -7.84804484  -5.47487536  -3.13827053  -0.87350860   1.26801826   3.22103835   4.91436249   6.28486877   7.29419197   7.94025041   8.25401792   8.27833975   8.04080936   7.54510196   6.79528737   5.83453074   4.75845351   3.68708247   2.72160489   1.91970393   1.29662725   0.83913379   0.51996408   0.30799363   0.17402903   0.09358312   0.04777557   0.02309694   0.01054695   0.00453715   0.00183384   0.00069450   0.00024576   0.00008103   0.00002482   0.00000704   0.00000185   0.00000045   0.00000010   0.00000002   0.00000000   0.00000000   0.00000000   0.00000000   0.00000000   0.00000000   0.00000000   0.00000000   0.00000000   0.00000000   0.00000000   0.00000000   0.00000000   0.00000000   0.00000000   0.00000000   0.00000000   0.00000000   0.00000000   0.00000000   0.00000000   0.00000000   0.00000000   0.00000000   0.00000000   0.00000000   0.00000000   0.00000000   0.00000000   0.00000000   0.00000000   0.00000000   0.00000000   0.00000000   0.00000000   0.00000000   0.00000000   0.00000000   0.00000000   0.00000000   0.00000000   0.00000000   0.00000000   0.00000000 
-41.54849592 -41.29833575 -40.55852253 -39.36269847 -37.76958585 -35.85963024 -33.72328753 -31.44520805 -29.09219724 -26.70925504 -24.32221645 -21.94308736 -19.57515419 -17.21678930 -14.86408044 -12.51286560 -10.16078473  -7.80980736  -5.46943369  -3.16036928  -0.91790129   1.20649610   3.14737162   4.83324224   6.20056821   7.21044289   7.86013620   8.17990453   8.21186455   7.98293141   7.49619280   6.75522714   5.80279015   4.73417442   3.66918068   2.70889563   1.91102500   1.29093309   0.83554969   0.51780352   0.30674873   0.17334487   0.09322530   0.04759788   0.02301337   0.01050981   0.00452160   0.00182772   0.00069224   0.00024498   0.00008078   0.00002475   0.00000702   0.00000184   0.00000044   0.00000010   0.00000002   0.00000000   0.00000000   0.00000000   0.00000000   0.00000000   0.00000000   0.00000000   0.00000000   0.00000000   0.00000000   0.00000000   0.00000000   0.00000000   0.00000000   0.00000000   0.00000000   0.00000000   0.00000000   0.00000000   0.00000000   0.00000000   0.00000000   0.00000000   0.00000000   0.00000000   0.00000000   0.00000000   0.00000000   0.00000000   0.00000000   0.00000000   0.00000000   0.00000000   0.00000000   0.00000000   0.00000000   0.00000000   0.00000000   0.00000000   0.00000000   0.00000000   0.00000000   0.00000000   0.00000000 
-38.83508716 -38.64521134 -38.07788462 -37.14222789 -35.85963024 -34.26881088 -32.42572694 -30.39605882 -28.24343279 -26.01960241 -23.76041654 -21.48697191 -19.20921814 -16.92980499 -14.64729658 -12.35882036 -10.06259393  -7.76077681  -5.46288001  -3.18957172  -0.97613609   1.12586802   3.05078133   4.72676507   6.08976166   7.10018361   7.75447684   8.08197876   8.12386563   7.90616997   7.43120727   6.70190308   5.76046404   4.70173850   3.64521889   2.69185039   1.89936123   1.28326448   0.83071240   0.51488114   0.30506114   0.17241533   0.09273804   0.04735538   0.02289905   0.01045889   0.00450023   0.00181928   0.00068913   0.00024390   0.00008043   0.00002464   0.00000699   0.00000183   0.00000044   0.00000010   0.00000002   0.00000000   0.00000000   0.00000000   0.00000000   0.00000000   0.00000000   0.00000000   0.00000000   0.00000000   0.00000000   0.00000000   0.00000000   0.00000000   0.00000000   0.00000000   0.00000000   0.00000000   0.00000000   0.00000000   0.00000000   0.00000000   0.00000000   0.00000000   0.00000000   0.00000000   0.00000000   0.00000000   0.00000000   0.00000000   0.00000000   0.00000000   0.00000000   0.00000000   0.00000000   0.00000000   0.00000000   0.00000000   0.00000000   0.00000000   0.00000000   0.00000000   0.00000000   0.00000000   0.00000000 
-36.05690348 -35.91126592 -35.47366322 -34.74333930 -33.72328753 -32.42572694 -30.87686657 -29.11748414 -27.19744104 -25.16638313 -23.06551555 -20.92375462 -18.75812082 -16.57640688 -14.38042026 -12.16909805  -9.94153128  -7.70020778  -5.45469337  -3.22561595  -1.04823952   1.02580214   2.93062938   4.59400342   5.95126617   6.96202525   7.62173953   7.95863379   8.01273445   7.80898299   7.34872793   6.63406516   5.70649436   4.66028603   3.61452638   2.66996669   1.88435129   1.27337222   0.82445729   0.51109291   0.30286813   0.17120440   0.09210169   0.04703787   0.02274900   0.01039189   0.00447203   0.00180813   0.00068499   0.00024247   0.00007997   0.00002450   0.00000695   0.00000182   0.00000044   0.00000010   0.00000002   0.00000000   0.00000000   0.00000000   0.00000000   0.00000000   0.00000000   0.00000000   0.00000000   0.00000000   0.00000000   0.00000000   0.00000000   0.00000000   0.00000000   0.00000000   0.00000000   0.00000000   0.00000000   0.00000000   0.00000000   0.00000000   0.00000000   0.00000000   0.00000000   0.00000000   0.00000000   0.00000000   0.00000000   0.00000000   0.00000000   0.00000000   0.00000000   0.00000000   0.00000000   0.00000000   0.00000000   0.00000000   0.00000000   0.00000000   0.00000000   0.00000000   0.00000000   0.00000000   0.00000000 
-33.29218981 -33.17803145 -32.83431369 -32.25783897 -31.44520805 -30.39605882 -29.11748414 -27.62797851 -25.95817492 -24.14668936 -22.23264917 -20.24879635 -18.21802107 -16.15347280 -14.06082870 -11.94140644  -9.79555396  -7.62629570  -5.44333792  -3.26728282  -1.13335711   0.90675143   2.78694875   4.43457395   5.78430941   6.79485701   7.46054570   7.80830919   7.87682268   7.68972754   7.24720069   6.55031382   5.63967869   4.60882985   3.57632759   2.64266086   1.86557416   1.26096525   0.81659171   0.50631692   0.30009607   0.16966973   0.09129311   0.04663338   0.02255735   0.01030610   0.00443584   0.00179378   0.00067966   0.00024062   0.00007937   0.00002432   0.00000690   0.00000181   0.00000044   0.00000010   0.00000002   0.00000000   0.00000000   0.00000000   0.00000000   0.00000000   0.00000000   0.00000000   0.00000000   0.00000000   0.00000000   0.00000000   0.00000000   0.00000000   0.00000000   0.00000000   0.00000000   0.00000000   0.00000000   0.00000000   0.00000000   0.00000000   0.00000000   0.00000000   0.00000000   0.00000000   0.00000000   0.00000000   0.00000000   0.00000000   0.00000000   0.00000000   0.00000000   0.00000000   0.00000000   0.00000000   0.00000000   0.00000000   0.00000000   0.00000000   0.00000000   0.00000000   0.00000000   0.00000000   0.00000000 
-30.57500448 -30.48350111 -30.20799572 -29.74562917 -29.09219724 -28.24343279 -27.19744104 -25.95817492 -24.53869694 -22.96198238 -21.25774616 -19.45641129 -17.58337642 -15.65607607 -13.68416515 -11.67180706  -9.62103795  -7.53570252  -5.42579109  -3.31192651  -1.22929054   0.77040343   2.62087186   4.24903633   5.58889181   6.59816599   7.26994545   7.62971925   7.71462601   7.54680279   7.12504265   6.44917921   5.55872736   4.54629610   3.52977105   2.60928819   1.84256287   1.24571980   0.80690084   0.50041695   0.29666256   0.16776384   0.09028631   0.04612842   0.02231747   0.01019844   0.00439031   0.00177568   0.00067291   0.00023827   0.00007861   0.00002409   0.00000684   0.00000179   0.00000043   0.00000010   0.00000002   0.00000000   0.00000000   0.00000000   0.00000000   0.00000000   0.00000000   0.00000000   0.00000000   0.00000000   0.00000000   0.00000000   0.00000000   0.00000000   0.00000000   0.00000000   0.00000000   0.00000000   0.00000000   0.00000000   0.00000000   0.00000000   0.00000000   0.00000000   0.00000000   0.00000000   0.00000000   0.00000000   0.00000000   0.00000000   0.00000000   0.00000000   0.00000000   0.00000000   0.00000000   0.00000000   0.00000000   0.00000000   0.00000000   0.00000000   0.00000000   0.00000000   0.00000000   0.00000000   0.00000000 
-27.91436902 -27.83984276 -27.61563701 -27.23984256 -26.70925504 -26.01960241 -25.16638313 -24.14668936 -22.96198238 -21.62083695 -20.13978960 -18.54093809 -16.84710538 -15.07718387 -13.24386457 -11.35420060  -9.41226632  -7.42305471  -5.39704859  -3.35498523  -1.33201585   0.62014910   2.43507937   4.03931427   5.36617262   6.37238260   7.04971838   7.42210740   7.52499271   7.37881533   6.98076892   6.32921580   5.46233266   4.47157424   3.47396508   2.56916816   1.81482194   1.22729104   0.79515523   0.49324713   0.29247910   0.16543564   0.08905327   0.04550843   0.02202222   0.01006561   0.00433400   0.00175325   0.00066453   0.00023534   0.00007765   0.00002380   0.00000676   0.00000177   0.00000043   0.00000009   0.00000002   0.00000000   0.00000000   0.00000000   0.00000000   0.00000000   0.00000000   0.00000000   0.00000000   0.00000000   0.00000000   0.00000000   0.00000000   0.00000000   0.00000000   0.00000000   0.00000000   0.00000000   0.00000000   0.00000000   0.00000000   0.00000000   0.00000000   0.00000000   0.00000000   0.00000000   0.00000000   0.00000000   0.00000000   0.00000000   0.00000000   0.00000000   0.00000000   0.00000000   0.00000000   0.00000000   0.00000000   0.00000000   0.00000000   0.00000000   0.00000000   0.00000000   0.00000000   0.00000000   0.00000000 
-25.30723993 -25.24613651 -25.06248431 -24.75518761 -24.32221645 -23.76041654 -23.06551555 -22.23264917 -21.25774616 -20.13978960 -18.88317771 -17.49862963 -16.00144558 -14.40773690 -12.73083756 -10.97986441  -9.16093348  -7.28045148  -5.34964325  -3.38950925  -1.43522052   0.46153430   2.23423521   3.80910795   5.11885360   6.11923011   6.80068456   7.18551547   7.30734949   7.18476231   6.81313598   6.18911124   5.34924968   4.38357617   3.40802057   2.52161486   1.78184850   1.20532733   0.78111998   0.48465762   0.28745459   0.16263239   0.08756498   0.04475829   0.02166415   0.00990414   0.00426539   0.00172585   0.00065428   0.00023176   0.00007648   0.00002345   0.00000666   0.00000175   0.00000042   0.00000009   0.00000002   0.00000000   0.00000000   0.00000000   0.00000000   0.00000000   0.00000000   0.00000000   0.00000000   0.00000000   0.00000000   0.00000000   0.00000000   0.00000000   0.00000000   0.00000000   0.00000000   0.00000000   0.00000000   0.00000000   0.00000000   0.00000000   0.00000000   0.00000000   0.00000000   0.00000000   0.00000000   0.00000000   0.00000000   0.00000000   0.00000000   0.00000000   0.00000000   0.00000000   0.00000000   0.00000000   0.00000000   0.00000000   0.00000000   0.00000000   0.00000000   0.00000000   0.00000000   0.00000000   0.00000000 
-22.74582028 -22.69588839 -22.54592976 -22.29538389 -21.94308736 -21.48697191 -20.92375462 -20.24879635 -19.45641129 -18.54093809 -17.49862963 -16.32975250 -15.03960124 -13.63739459 -12.13354238 -10.53718412  -8.85575228  -7.09704526  -5.27323092  -3.40575773  -1.52990976   0.30264474   2.02536159   3.56425620   4.85152436   5.84204865   6.52500252   6.92105078   7.06193338   6.96422516   6.62129733   6.02780714   5.21838759   4.28130410   3.33110068   2.46597272   1.74315737   1.17948718   0.76456588   0.47450162   0.28149939   0.15930201   0.08579272   0.04386299   0.02123583   0.00971058   0.00418297   0.00169287   0.00064191   0.00022742   0.00007507   0.00002302   0.00000654   0.00000172   0.00000041   0.00000009   0.00000002   0.00000000   0.00000000   0.00000000   0.00000000   0.00000000   0.00000000   0.00000000   0.00000000   0.00000000   0.00000000   0.00000000   0.00000000   0.00000000   0.00000000   0.00000000   0.00000000   0.00000000   0.00000000   0.00000000   0.00000000   0.00000000   0.00000000   0.00000000   0.00000000   0.00000000   0.00000000   0.00000000   0.00000000   0.00000000   0.00000000   0.00000000   0.00000000   0.00000000   0.00000000   0.00000000   0.00000000   0.00000000   0.00000000   0.00000000   0.00000000   0.00000000   0.00000000   0.00000000   0.00000000 
-20.22111091 -20.18084833 -20.05999837 -19.85831016 -19.57515419 -19.20921814 -18.75812082 -18.21802107 -17.58337642 -16.84710538 -16.00144558 -15.03960124 -13.95771289 -12.75607726 -11.43873269 -10.01181445  -8.48231937  -6.85879955  -5.15432530  -3.39093720  -1.60415147   0.15435834   1.81809219   3.31299217   4.57092032   5.54605300   6.22642204   6.63112693   6.79001223   6.71756239   6.40496418   5.84462733   5.06890885   4.16392555   3.24247657   2.40165706   1.69830970   1.14945888   0.74528221   0.46264338   0.27453018   0.15539587   0.08370955   0.04280839   0.02073027   0.00948165   0.00408531   0.00165372   0.00062721   0.00022226   0.00007338   0.00002251   0.00000639   0.00000168   0.00000041   0.00000009   0.00000002   0.00000000   0.00000000   0.00000000   0.00000000   0.00000000   0.00000000   0.00000000   0.00000000   0.00000000   0.00000000   0.00000000   0.00000000   0.00000000   0.00000000   0.00000000   0.00000000   0.00000000   0.00000000   0.00000000   0.00000000   0.00000000   0.00000000   0.00000000   0.00000000   0.00000000   0.00000000   0.00000000   0.00000000   0.00000000   0.00000000   0.00000000   0.00000000   0.00000000   0.00000000   0.00000000   0.00000000   0.00000000   0.00000000   0.00000000   0.00000000   0.00000000   0.00000000   0.00000000   0.00000000 
-17.72442658 -17.69273806 -17.59766447 -17.43912402 -17.21678930 -16.92980499 -16.57640688 -16.15347280 -15.65607607 -15.07718387 -14.40773690 -13.63739459 -12.75607726 -11.75596200 -10.63305272  -9.38756991  -8.02348862  -6.54860090  -4.97631161  -3.32918806  -1.64305504   0.03037612   1.62472097   3.06601794   4.28602795   5.23846926   5.91044788   6.31964500   6.49406997   6.44608509   6.16456029   5.63940682   4.90033202   4.03085297   3.14158753   2.32819842   1.64694468   1.11498226   0.72309123   0.44896735   0.26647550   0.15087196   0.08129204   0.04158213   0.02014130   0.00921446   0.00397111   0.00160786   0.00060995   0.00021619   0.00007139   0.00002190   0.00000622   0.00000163   0.00000039   0.00000009   0.00000002   0.00000000   0.00000000   0.00000000   0.00000000   0.00000000   0.00000000   0.00000000   0.00000000   0.00000000   0.00000000   0.00000000   0.00000000   0.00000000   0.00000000   0.00000000   0.00000000   0.00000000   0.00000000   0.00000000   0.00000000   0.00000000   0.00000000   0.00000000   0.00000000   0.00000000   0.00000000   0.00000000   0.00000000   0.00000000   0.00000000   0.00000000   0.00000000   0.00000000   0.00000000   0.00000000   0.00000000   0.00000000   0.00000000   0.00000000   0.00000000   0.00000000   0.00000000   0.00000000   0.00000000 
-15.24809587 -15.22409312 -15.15210784 -15.03215496 -14.86408044 -14.64729658 -14.38042026 -14.06082870 -13.68416515 -13.24386457 -12.73083756 -12.13354238 -11.43873269 -10.63305272  -9.70524615  -8.64825855  -7.46057271  -6.14699491  -4.71994011  -3.20197487  -1.62911515  -0.05308492   1.45994102   2.83630317   4.00795448   4.92848039   5.58435748   5.99207083   6.17792401   6.15219206   5.90135567   5.41261139   4.71263191   3.88182388   3.02810311   2.24528906   1.58881311   1.07587209   0.69786364   0.43338806   0.25728169   0.14569832   0.07852215   0.04017458   0.01946406   0.00890671   0.00383937   0.00155488   0.00058998   0.00020916   0.00006908   0.00002120   0.00000602   0.00000158   0.00000038   0.00000008   0.00000002   0.00000000   0.00000000   0.00000000   0.00000000   0.00000000   0.00000000   0.00000000   0.00000000   0.00000000   0.00000000   0.00000000   0.00000000   0.00000000   0.00000000   0.00000000   0.00000000   0.00000000   0.00000000   0.00000000   0.00000000   0.00000000   0.00000000   0.00000000   0.00000000   0.00000000   0.00000000   0.00000000   0.00000000   0.00000000   0.00000000   0.00000000   0.00000000   0.00000000   0.00000000   0.00000000   0.00000000   0.00000000   0.00000000   0.00000000   0.00000000   0.00000000   0.00000000   0.00000000   0.00000000 
-12.78614360 -12.76903340 -12.71774811 -12.63237086 -12.51286560 -12.35882036 -12.16909805 -11.94140644 -11.67180706 -11.35420060 -10.97986441 -10.53718412 -10.01181445  -9.38756991  -8.64825855  -7.78031422  -6.77561928  -5.63388188  -4.36458522  -2.98909970  -1.54309381  -0.07808300   1.34014534   2.63849451   3.74946312   4.62689671   5.25700404   5.65535446   5.84673370   5.83943523   5.61755885   5.16543460   4.50632848   3.71697622   2.90198341   2.15282917   1.52381132   1.03204184   0.66953458   0.41586031   0.24691914   0.13985666   0.07538925   0.03857991   0.01869556   0.00855695   0.00368942   0.00149448   0.00056719   0.00020112   0.00006644   0.00002039   0.00000580   0.00000152   0.00000037   0.00000008   0.00000002   0.00000000   0.00000000   0.00000000   0.00000000   0.00000000   0.00000000   0.00000000   0.00000000   0.00000000   0.00000000   0.00000000   0.00000000   0.00000000   0.00000000   0.00000000   0.00000000   0.00000000   0.00000000   0.00000000   0.00000000   0.00000000   0.00000000   0.00000000   0.00000000   0.00000000   0.00000000   0.00000000   0.00000000   0.00000000   0.00000000   0.00000000   0.00000000   0.00000000   0.00000000   0.00000000   0.00000000   0.00000000   0.00000000   0.00000000   0.00000000   0.00000000   0.00000000   0.00000000   0.00000000 
-10.33547414 -10.32449906 -10.29164058 -10.23704583 -10.16078473 -10.06259393  -9.94153128  -9.79555396  -9.62103795  -9.41226632  -9.16093348  -8.85575228  -8.48231937  -8.02348862  -7.46057271  -6.77561928  -5.95466917  -4.99142417  -3.89059725  -2.67061627  -1.36565435  -0.02639450   1.28215115   2.48781746   3.52407158   4.34546364   4.93833117   5.31763162   5.50685342   5.51248052   5.31634310   4.89985556   4.28255363   3.53691163   2.76353318   2.05096979   1.45201328   0.98352652   0.63811909   0.39638917   0.23538843   0.13334595   0.07189205   0.03679710   0.01783513   0.00816479   0.00352107   0.00142658   0.00054153   0.00019206   0.00006346   0.00001948   0.00000554   0.00000145   0.00000035   0.00000008   0.00000002   0.00000000   0.00000000   0.00000000   0.00000000   0.00000000   0.00000000   0.00000000   0.00000000   0.00000000   0.00000000   0.00000000   0.00000000   0.00000000   0.00000000   0.00000000   0.00000000   0.00000000   0.00000000   0.00000000   0.00000000   0.00000000   0.00000000   0.00000000   0.00000000   0.00000000   0.00000000   0.00000000   0.00000000   0.00000000   0.00000000   0.00000000   0.00000000   0.00000000   0.00000000   0.00000000   0.00000000   0.00000000   0.00000000   0.00000000   0.00000000   0.00000000   0.00000000   0.00000000   0.00000000 
 -7.89786528  -7.89227526  -7.87559584  -7.84804484  -7.80980736  -7.76077681  -7.70020778  -7.62629570  -7.53570252  -7.42305471  -7.28045148  -7.09704526  -6.85879955  -6.54860090  -6.14699491  -5.63388188  -4.99142417  -4.20805698  -3.28294571  -2.22990941  -1.07996640   0.11823098   1.30122831   2.39837581   3.34463395   4.09573687   4.63853740   4.98765343   5.16548442   5.17692793   5.00177981   4.61863877   4.04308364   3.34273879   2.61344409   1.94014859   1.37369830   0.93050273   0.60372586   0.37503894   0.22272586   0.12618569   0.06804047   0.03483094   0.01688495   0.00773117   0.00333468   0.00135132   0.00051306   0.00018200   0.00006015   0.00001847   0.00000525   0.00000138   0.00000033   0.00000007   0.00000002   0.00000000   0.00000000   0.00000000   0.00000000   0.00000000   0.00000000   0.00000000   0.00000000   0.00000000   0.00000000   0.00000000   0.00000000   0.00000000   0.00000000   0.00000000   0.00000000   0.00000000   0.00000000   0.00000000   0.00000000   0.00000000   0.00000000   0.00000000   0.00000000   0.00000000   0.00000000   0.00000000   0.00000000   0.00000000   0.00000000   0.00000000   0.00000000   0.00000000   0.00000000   0.00000000   0.00000000   0.00000000   0.00000000   0.00000000   0.00000000   0.00000000   0.00000000   0.00000000   0.00000000 
 -5.48284705  -5.48188902  -5.47913251  -5.47487536  -5.46943369  -5.46288001  -5.45469337  -5.44333792  -5.42579109  -5.39704859  -5.34964325  -5.27323092  -5.15432530  -4.97631161  -4.71994011  -4.36458522  -3.89059725  -3.28294571  -2.53592033  -1.65798783  -0.67539575   0.36692155   1.40839274   2.38083405   3.22139816   3.88751354   4.36687136   4.67391770   4.83009551   4.83896161   4.67865427   4.32525763   3.79032424   3.13608806   2.45281936   1.82111445   1.28937142   0.87330399   0.56656793   0.35194021   0.20900789   0.11841850   0.06385710   0.03269276   0.01585040   0.00725850   0.00313129   0.00126911   0.00048193   0.00017099   0.00005652   0.00001736   0.00000494   0.00000130   0.00000031   0.00000007   0.00000001   0.00000000   0.00000000   0.00000000   0.00000000   0.00000000   0.00000000   0.00000000   0.00000000   0.00000000   0.00000000   0.00000000   0.00000000   0.00000000   0.00000000   0.00000000   0.00000000   0.00000000   0.00000000   0.00000000   0.00000000   0.00000000   0.00000000   0.00000000   0.00000000   0.00000000   0.00000000   0.00000000   0.00000000   0.00000000   0.00000000   0.00000000   0.00000000   0.00000000   0.00000000   0.00000000   0.00000000   0.00000000   0.00000000   0.00000000   0.00000000   0.00000000   0.00000000   0.00000000   0.00000000 
 -3.11118119  -3.11409946  -3.12300091  -3.13827053  -3.16036928  -3.18957172  -3.22561595  -3.26728282  -3.31192651  -3.35498523  -3.38950925  -3.40575773  -3.39093720  -3.32918806  -3.20197487  -2.98909970  -2.67061627  -2.22990941  -1.65798783  -0.95848362  -0.15204622   0.72178804   1.60711192   2.43963503   3.15967800   3.72692825   4.13012904   4.38353743   4.50762035   4.50482139   4.35214932   4.02372755   3.52723753   2.91908957   2.28317523   1.69493677   1.19977358   0.81242917   0.52696892   0.32729414   0.19435391   0.11011186   0.05937817   0.03040102   0.01474037   0.00675082   0.00291261   0.00118063   0.00044839   0.00015911   0.00005260   0.00001615   0.00000460   0.00000121   0.00000029   0.00000006   0.00000001   0.00000000   0.00000000   0.00000000   0.00000000   0.00000000   0.00000000   0.00000000   0.00000000   0.00000000   0.00000000   0.00000000   0.00000000   0.00000000   0.00000000   0.00000000   0.00000000   0.00000000   0.00000000   0.00000000   0.00000000   0.00000000   0.00000000   0.00000000   0.00000000   0.00000000   0.00000000   0.00000000   0.00000000   0.00000000   0.00000000   0.00000000   0.00000000   0.00000000   0.00000000   0.00000000   0.00000000   0.00000000   0.00000000   0.00000000   0.00000000   0.00000000   0.00000000   0.00000000   0.00000000 
 -0.81811669  -0.82415989  -0.84246570  -0.87350860  -0.91790129  -0.97613609  -1.04823952  -1.13335711  -1.22929054  -1.33201585  -1.43522052  -1.52990976  -1.60415147  -1.64305504  -1.62911515  -1.54309381  -1.36565435  -1.07996640  -0.67539575  -0.15204622   0.47476858   1.17191312   1.88992067   2.57018923   3.15751689   3.61451683   3.93107223   4.12098602   4.20350629   4.18012692   4.02740399   3.71834558   3.25720503   2.69430944   2.10641461   1.56299597   1.10587872   0.74854201   0.48536338   0.30137296   0.17892666   0.10135839   0.05465378   0.02798138   0.01356730   0.00621383   0.00268110   0.00108688   0.00041283   0.00014651   0.00004844   0.00001488   0.00000423   0.00000111   0.00000027   0.00000006   0.00000001   0.00000000   0.00000000   0.00000000   0.00000000   0.00000000   0.00000000   0.00000000   0.00000000   0.00000000   0.00000000   0.00000000   0.00000000   0.00000000   0.00000000   0.00000000   0.00000000   0.00000000   0.00000000   0.00000000   0.00000000   0.00000000   0.00000000   0.00000000   0.00000000   0.00000000   0.00000000   0.00000000   0.00000000   0.00000000   0.00000000   0.00000000   0.00000000   0.00000000   0.00000000   0.00000000   0.00000000   0.00000000   0.00000000   0.00000000   0.00000000   0.00000000   0.00000000   0.00000000   0.00000000 
  1.34508219   1.33664989   1.31114875   1.26801826   1.20649610   1.12586802   1.02580214   0.90675143   0.77040343   0.62014910   0.46153430   0.30264474   0.15435834   0.03037612  -0.05308492  -0.07808300  -0.02639450   0.11823098   0.36692155   0.72178804   1.17191312   1.69060467   2.23598850   2.75687057   3.20403275   3.54379905   3.76717920   3.88699813   3.92078425   3.86914477   3.70898838   3.41335229   2.98383106   2.46464352   1.92477109   1.42695293   1.00887604   0.68246030   0.44229007   0.27451596   0.16292996   0.09227466   0.04974724   0.02546647   0.01234708   0.00565482   0.00243992   0.00098914   0.00037572   0.00013335   0.00004409   0.00001355   0.00000385   0.00000101   0.00000024   0.00000005   0.00000001   0.00000000   0.00000000   0.00000000   0.00000000   0.00000000   0.00000000   0.00000000   0.00000000   0.00000000   0.00000000   0.00000000   0.00000000   0.00000000   0.00000000   0.00000000   0.00000000   0.00000000   0.00000000   0.00000000   0.00000000   0.00000000   0.00000000   0.00000000   0.00000000   0.00000000   0.00000000   0.00000000   0.00000000   0.00000000   0.00000000   0.00000000   0.00000000   0.00000000   0.00000000   0.00000000   0.00000000   0.00000000   0.00000000   0.00000000   0.00000000   0.00000000   0.00000000   0.00000000   0.00000000 
  3.31339792   3.30328281   3.27270870   3.22103835   3.14737162   3.05078133   2.93062938   2.78694875   2.62087186   2.43507937   2.23423521   2.02536159   1.81809219   1.62472097   1.45994102   1.34014534   1.28215115   1.30122831   1.40839274   1.60711192   1.88992067   2.23598850   2.61127857   2.97307127   3.27942276   3.50114751   3.63030640   3.67803497   3.65942521   3.57415598   3.40037972   3.11255736   2.71070436   2.23317547   1.74072474   1.28869690   0.91013631   0.61513369   0.39837760   0.24712048   0.14660332   0.08299809   0.04473346   0.02289495   0.01109860   0.00508249   0.00219283   0.00088895   0.00033767   0.00011984   0.00003963   0.00001217   0.00000346   0.00000091   0.00000022   0.00000005   0.00000001   0.00000000   0.00000000   0.00000000   0.00000000   0.00000000   0.00000000   0.00000000   0.00000000   0.00000000   0.00000000   0.00000000   0.00000000   0.00000000   0.00000000   0.00000000   0.00000000   0.00000000   0.00000000   0.00000000   0.00000000   0.00000000   0.00000000   0.00000000   0.00000000   0.00000000   0.00000000   0.00000000   0.00000000   0.00000000   0.00000000   0.00000000   0.00000000   0.00000000   0.00000000   0.00000000   0.00000000   0.00000000   0.00000000   0.00000000   0.00000000   0.00000000   0.00000000   0.00000000   0.00000000 
  5.01604059   5.00490344   4.97124385   4.91436249   4.83324224   4.72676507   4.59400342   4.43457395   4.24903633   4.03931427   3.80910795   3.56425620   3.31299217   3.06601794   2.83630317   2.63849451   2.48781746   2.39837581   2.38083405   2.43963503   2.57018923   2.75687057   2.97307127   3.18469059   3.35764345   3.46770605   3.50784177   3.48674566   3.41628905   3.29512670   3.10356382   2.81899817   2.44115310   2.00301469   1.55689598   1.15027420   0.81116294   0.54761036   0.35432234   0.21962786   0.13021339   0.07368201   0.03969617   0.02031020   0.00984309   0.00450666   0.00194411   0.00078804   0.00029932   0.00010623   0.00003513   0.00001079   0.00000307   0.00000081   0.00000020   0.00000004   0.00000001   0.00000000   0.00000000   0.00000000   0.00000000   0.00000000   0.00000000   0.00000000   0.00000000   0.00000000   0.00000000   0.00000000   0.00000000   0.00000000   0.00000000   0.00000000   0.00000000   0.00000000   0.00000000   0.00000000   0.00000000   0.00000000   0.00000000   0.00000000   0.00000000   0.00000000   0.00000000   0.00000000   0.00000000   0.00000000   0.00000000   0.00000000   0.00000000   0.00000000   0.00000000   0.00000000   0.00000000   0.00000000   0.00000000   0.00000000   0.00000000   0.00000000   0.00000000   0.00000000   0.00000000 
  6.39044315   6.37888215   6.34393824   6.28486877   6.20056821   6.08976166   5.95126617   5.78430941   5.58889181   5.36617262   5.11885360   4.85152436   4.57092032   4.28602795   4.00795448   3.74946312   3.52407158   3.34463395   3.22139816   3.15967800   3.15751689   3.20403275   3.27942276   3.35764345   3.41217331   3.42362384   3.38556403   3.30363268   3.18586732   3.02985812   2.81889555   2.53471887   2.17804231   1.77713855   1.37592840   1.01380234   0.71353014   0.48099366   0.31085920   0.19250466   0.11404248   0.06448901   0.03472436   0.01775835   0.00860317   0.00393778   0.00169830   0.00068827   0.00026139   0.00009276   0.00003067   0.00000942   0.00000268   0.00000070   0.00000017   0.00000004   0.00000001   0.00000000   0.00000000   0.00000000   0.00000000   0.00000000   0.00000000   0.00000000   0.00000000   0.00000000   0.00000000   0.00000000   0.00000000   0.00000000   0.00000000   0.00000000   0.00000000   0.00000000   0.00000000   0.00000000   0.00000000   0.00000000   0.00000000   0.00000000   0.00000000   0.00000000   0.00000000   0.00000000   0.00000000   0.00000000   0.00000000   0.00000000   0.00000000   0.00000000   0.00000000   0.00000000   0.00000000   0.00000000   0.00000000   0.00000000   0.00000000   0.00000000   0.00000000   0.00000000   0.00000000 
  7.39894895   7.38748296   7.35281872   7.29419197   7.21044289   7.10018361   6.96202525   6.79485701   6.59816599   6.37238260   6.11923011   5.84204865   5.54605300   5.23846926   4.92848039   4.62689671   4.34546364   4.09573687   3.88751354   3.72692825   3.61451683   3.54379905   3.50114751   3.46770605   3.42362384   3.35366337   3.25155612   3.11956612   2.96170753   2.77464974   2.54530561   2.26075058   1.92366717   1.55826771   1.20037497   0.88137691   0.61881199   0.41639130   0.26872710   0.16622031   0.09837482   0.05558295   0.02990772   0.01528596   0.00740170   0.00338645   0.00146002   0.00059154   0.00022460   0.00007969   0.00002635   0.00000809   0.00000230   0.00000061   0.00000015   0.00000003   0.00000001   0.00000000   0.00000000   0.00000000   0.00000000   0.00000000   0.00000000   0.00000000   0.00000000   0.00000000   0.00000000   0.00000000   0.00000000   0.00000000   0.00000000   0.00000000   0.00000000   0.00000000   0.00000000   0.00000000   0.00000000   0.00000000   0.00000000   0.00000000   0.00000000   0.00000000   0.00000000   0.00000000   0.00000000   0.00000000   0.00000000   0.00000000   0.00000000   0.00000000   0.00000000   0.00000000   0.00000000   0.00000000   0.00000000   0.00000000   0.00000000   0.00000000   0.00000000   0.00000000   0.00000000 
  8.04031653   8.02937080   7.99626974   7.94025041   7.86013620   7.75447684   7.62173953   7.46054570   7.26994545   7.04971838   6.80068456   6.52500252   6.22642204   5.91044788   5.58435748   5.25700404   4.93833117   4.63853740   4.36687136   4.13012904   3.93107223   3.76717920   3.63030640   3.50784177   3.38556403   3.25155612   3.09936658   2.92803442   2.73795319   2.52527135   2.28083224   1.99733125   1.67978160   1.34880027   1.03260184   0.75497940   0.52850783   0.35486046   0.22863124   0.14122261   0.08348149   0.04712003   0.02533184   0.01293748   0.00626051   0.00286277   0.00123367   0.00049964   0.00018964   0.00006727   0.00002224   0.00000683   0.00000194   0.00000051   0.00000012   0.00000003   0.00000001   0.00000000   0.00000000   0.00000000   0.00000000   0.00000000   0.00000000   0.00000000   0.00000000   0.00000000   0.00000000   0.00000000   0.00000000   0.00000000   0.00000000   0.00000000   0.00000000   0.00000000   0.00000000   0.00000000   0.00000000   0.00000000   0.00000000   0.00000000   0.00000000   0.00000000   0.00000000   0.00000000   0.00000000   0.00000000   0.00000000   0.00000000   0.00000000   0.00000000   0.00000000   0.00000000   0.00000000   0.00000000   0.00000000   0.00000000   0.00000000   0.00000000   0.00000000   0.00000000   0.00000000 
  8.34644198   8.33633942   8.30577773   8.25401792   8.17990453   8.08197876   7.95863379   7.80830919   7.62971925   7.42210740   7.18551547   6.92105078   6.63112693   6.31964500   5.99207083   5.65535446   5.31763162   4.98765343   4.67391770   4.38353743   4.12098602   3.88699813   3.67803497   3.48674566   3.30363268   3.11956612   2.92803442   2.72563768   2.51016547   2.27785184   2.02333533   1.74433355   1.44776623   1.15081515   0.87471938   0.63639360   0.44396970   0.29735319   0.19120530   0.11791315   0.06960515   0.03924000   0.02107320   0.01075262   0.00519911   0.00237579   0.00102321   0.00041419   0.00015715   0.00005572   0.00001841   0.00000565   0.00000161   0.00000042   0.00000010   0.00000002   0.00000000   0.00000000   0.00000000   0.00000000   0.00000000   0.00000000   0.00000000   0.00000000   0.00000000   0.00000000   0.00000000   0.00000000   0.00000000   0.00000000   0.00000000   0.00000000   0.00000000   0.00000000   0.00000000   0.00000000   0.00000000   0.00000000   0.00000000   0.00000000   0.00000000   0.00000000   0.00000000   0.00000000   0.00000000   0.00000000   0.00000000   0.00000000   0.00000000   0.00000000   0.00000000   0.00000000   0.00000000   0.00000000   0.00000000   0.00000000   0.00000000   0.00000000   0.00000000   0.00000000   0.00000000 
  8.36110053   8.35206120   8.32470579   8.27833975   8.21186455   8.12386563   8.01273445   7.87682268   7.71462601   7.52499271   7.30734949   7.06193338   6.79001223   6.49406997   6.17792401   5.84673370   5.50685342   5.16548442   4.83009551   4.50762035   4.20350629   3.92078425   3.65942521   3.41628905   3.18586732   2.96170753   2.73795319   2.51016547   2.27498895   2.02939439   1.77121291   1.50180222   1.22889107   0.96613048   0.72854047   0.52713537   0.36633716   0.24466652   0.15697683   0.09662474   0.05694628   0.03205797   0.01719469   0.00876399   0.00423350   0.00193293   0.00083188   0.00033653   0.00012761   0.00004523   0.00001494   0.00000459   0.00000130   0.00000034   0.00000008   0.00000002   0.00000000   0.00000000   0.00000000   0.00000000   0.00000000   0.00000000   0.00000000   0.00000000   0.00000000   0.00000000   0.00000000   0.00000000   0.00000000   0.00000000   0.00000000   0.00000000   0.00000000   0.00000000   0.00000000   0.00000000   0.00000000   0.00000000   0.00000000   0.00000000   0.00000000   0.00000000   0.00000000   0.00000000   0.00000000   0.00000000   0.00000000   0.00000000   0.00000000   0.00000000   0.00000000   0.00000000   0.00000000   0.00000000   0.00000000   0.00000000   0.00000000   0.00000000   0.00000000   0.00000000   0.00000000 
