# coconut-me2b/v0.99.21 
# 
# momentum space matrix elements 
# partial wave J=2, L=2/2, S=0, T=1, MT=-1 
# 
# momentum grid [fm^-1]
0.000000 0.100000 0.200000 0.300000 0.400000 0.500000 0.600000 0.700000 0.800000 0.900000 1.000000 1.100000 1.200000 1.300000 1.400000 1.500000 1.600000 1.700000 1.800000 1.900000 2.000000 2.100000 2.200000 2.300000 2.400000 2.500000 2.600000 2.700000 2.800000 2.900000 3.000000 3.100000 3.200000 3.300000 3.400000 3.500000 3.600000 3.700000 3.800000 3.900000 4.000000 4.100000 4.200000 4.300000 4.400000 4.500000 4.600000 4.700000 4.800000 4.900000 5.000000 5.100000 5.200000 5.300000 5.400000 5.500000 5.600000 5.700000 5.800000 5.900000 6.000000 6.100000 6.200000 6.300000 6.400000 6.500000 6.600000 6.700000 6.800000 6.900000 7.000000 7.100000 7.200000 7.300000 7.400000 7.500000 7.600000 7.700000 7.800000 7.900000 8.000000 8.100000 8.200000 8.300000 8.400000 8.500000 8.600000 8.700000 8.800000 8.900000 9.000000 9.100000 9.200000 9.300000 9.400000 9.500000 9.600000 9.700000 9.800000 9.900000 10.000000 
#
# matrix elements [MeV fm^3] 
  0.00000000  -0.00000000  -0.00000000  -0.00000000  -0.00000000  -0.00000000  -0.00000000  -0.00000000  -0.00000000  -0.00000000  -0.00000000  -0.00000000  -0.00000000  -0.00000000   0.00000000  -0.00000000  -0.00000000   0.00000000   0.00000000  -0.00000000   0.00000000   0.00000000   0.00000000   0.00000000  -0.00000000   0.00000000   0.00000000  -0.00000000   0.00000000   0.00000000  -0.00000000  -0.00000000   0.00000000   0.00000000   0.00000000   0.00000000  -0.00000000   0.00000000   0.00000000  -0.00000000   0.00000000   0.00000000  -0.00000000   0.00000000   0.00000000   0.00000000   0.00000000  -0.00000000   0.00000000  -0.00000000  -0.00000000  -0.00000000   0.00000000   0.00000000   0.00000000   0.00000000   0.00000000   0.00000000   0.00000000   0.00000000   0.00000000   0.00000000   0.00000000   0.00000000  -0.00000000   0.00000000   0.00000000   0.00000000   0.00000000   0.00000000  -0.00000000   0.00000000   0.00000000   0.00000000   0.00000000  -0.00000000   0.00000000  -0.00000000   0.00000000   0.00000000   0.00000000   0.00000000   0.00000000   0.00000000  -0.00000000   0.00000000  -0.00000000   0.00000000  -0.00000000   0.00000000   0.00000000   0.00000000   0.00000000   0.00000000  -0.00000000   0.00000000   0.00000000   0.00000000  -0.00000000   0.00000000   0.00000000 
 -0.00000000  -0.00427186  -0.01444009  -0.02507612  -0.03224612  -0.03508057  -0.03465758  -0.03247209  -0.02965357  -0.02683514  -0.02428496  -0.02206588  -0.02014841  -0.01847407  -0.01698465  -0.01563174  -0.01437607  -0.01318216  -0.01201200  -0.01081996  -0.00955117  -0.00814530  -0.00654677  -0.00472116  -0.00267519  -0.00047438   0.00174946   0.00380922   0.00549550   0.00662671   0.00710121   0.00693069   0.00623856   0.00522161   0.00409112   0.00301916   0.00211043   0.00140354   0.00089045   0.00053937   0.00031173   0.00017163   0.00008983   0.00004460   0.00002095   0.00000929   0.00000388   0.00000152   0.00000056   0.00000019   0.00000006   0.00000002   0.00000001   0.00000000   0.00000000   0.00000000   0.00000000   0.00000000   0.00000000   0.00000000   0.00000000   0.00000000   0.00000000   0.00000000   0.00000000   0.00000000   0.00000000   0.00000000   0.00000000   0.00000000   0.00000000   0.00000000   0.00000000   0.00000000   0.00000000   0.00000000   0.00000000   0.00000000   0.00000000   0.00000000   0.00000000   0.00000000   0.00000000   0.00000000   0.00000000   0.00000000   0.00000000   0.00000000   0.00000000   0.00000000   0.00000000   0.00000000   0.00000000   0.00000000   0.00000000   0.00000000   0.00000000   0.00000000   0.00000000   0.00000000   0.00000000 
 -0.00000000  -0.01444009  -0.04978289  -0.08878193  -0.11736616  -0.13085528  -0.13183720  -0.12532932  -0.11561746  -0.10533976  -0.09574720  -0.08723960  -0.07979889  -0.07325187  -0.06740052  -0.06207042  -0.05711462  -0.05239659  -0.04776686  -0.04304412  -0.03800957  -0.03242221  -0.02605993  -0.01878532  -0.01062543  -0.00184265   0.00703561   0.01526075   0.02199501   0.02651187   0.02840451   0.02771933   0.02494945   0.02088153   0.01636016   0.01207320   0.00843920   0.00561238   0.00356065   0.00215678   0.00124650   0.00068628   0.00035920   0.00017832   0.00008377   0.00003715   0.00001551   0.00000608   0.00000223   0.00000077   0.00000025   0.00000007   0.00000002   0.00000001   0.00000000   0.00000000   0.00000000   0.00000000   0.00000000   0.00000000   0.00000000   0.00000000   0.00000000   0.00000000   0.00000000   0.00000000   0.00000000   0.00000000   0.00000000   0.00000000   0.00000000   0.00000000   0.00000000   0.00000000   0.00000000   0.00000000   0.00000000   0.00000000   0.00000000   0.00000000   0.00000000   0.00000000   0.00000000   0.00000000   0.00000000   0.00000000   0.00000000   0.00000000   0.00000000   0.00000000   0.00000000   0.00000000   0.00000000   0.00000000   0.00000000   0.00000000   0.00000000   0.00000000   0.00000000   0.00000000   0.00000000 
 -0.00000000  -0.02507612  -0.08878193  -0.16436090  -0.22630045  -0.26203619  -0.27242866  -0.26526503  -0.24893931  -0.22946576  -0.21016347  -0.19242301  -0.17655800  -0.16240266  -0.14964295  -0.13795997  -0.12706274  -0.11666464  -0.10643963  -0.09598469  -0.08480984  -0.07237404  -0.05817840  -0.04191460  -0.02364435  -0.00395891   0.01595431   0.03441029   0.04952343   0.05965836   0.06389866   0.06234723   0.05611172   0.04695998   0.03679040   0.02714911   0.01897684   0.01262007   0.00800638   0.00484963   0.00280279   0.00154309   0.00080764   0.00040095   0.00018835   0.00008352   0.00003487   0.00001368   0.00000502   0.00000172   0.00000055   0.00000016   0.00000004   0.00000001   0.00000000   0.00000000   0.00000000   0.00000000   0.00000000   0.00000000   0.00000000   0.00000000   0.00000000   0.00000000   0.00000000   0.00000000   0.00000000   0.00000000   0.00000000   0.00000000   0.00000000   0.00000000   0.00000000   0.00000000   0.00000000   0.00000000   0.00000000   0.00000000   0.00000000   0.00000000   0.00000000   0.00000000   0.00000000   0.00000000   0.00000000   0.00000000   0.00000000   0.00000000   0.00000000   0.00000000   0.00000000   0.00000000   0.00000000   0.00000000   0.00000000   0.00000000   0.00000000   0.00000000   0.00000000   0.00000000   0.00000000 
 -0.00000000  -0.03224612  -0.11736616  -0.22630045  -0.32657543  -0.39613984  -0.42902654  -0.43161968  -0.41498642  -0.38904703  -0.36036430  -0.33236772  -0.30640435  -0.28271452  -0.26106738  -0.24108424  -0.22235103  -0.20441240  -0.18671601  -0.16855839  -0.14907451  -0.12730555  -0.10236659  -0.07371137  -0.04145167  -0.00664070   0.02860862   0.06129886   0.08807610   0.10603091   0.11353110   0.11075556   0.09966843   0.08340711   0.06534149   0.04821632   0.03370148   0.02241174   0.01421807   0.00861202   0.00497715   0.00274017   0.00143417   0.00071198   0.00033446   0.00014831   0.00006193   0.00002428   0.00000892   0.00000306   0.00000098   0.00000029   0.00000008   0.00000002   0.00000000   0.00000000   0.00000000   0.00000000   0.00000000   0.00000000   0.00000000   0.00000000   0.00000000   0.00000000   0.00000000   0.00000000   0.00000000   0.00000000   0.00000000   0.00000000   0.00000000   0.00000000   0.00000000   0.00000000   0.00000000   0.00000000   0.00000000   0.00000000   0.00000000   0.00000000   0.00000000   0.00000000   0.00000000   0.00000000   0.00000000   0.00000000   0.00000000   0.00000000   0.00000000   0.00000000   0.00000000   0.00000000   0.00000000   0.00000000   0.00000000   0.00000000   0.00000000   0.00000000   0.00000000   0.00000000   0.00000000 
 -0.00000000  -0.03508057  -0.13085528  -0.26203619  -0.39613984  -0.50481657  -0.57273570  -0.59945027  -0.59442690  -0.56992548  -0.53612712  -0.49956779  -0.46363747  -0.42969580  -0.39802734  -0.36842732  -0.34046702  -0.31355192  -0.28687841  -0.25937586  -0.22970570  -0.19637587  -0.15800741  -0.11375020  -0.06378269  -0.00975464   0.04502842   0.09587903   0.13755260   0.16549815   0.17715868   0.17280471   0.15549429   0.13011803   0.10193087   0.07521337   0.05256971   0.03495819   0.02217698   0.01343249   0.00776290   0.00427380   0.00223682   0.00111044   0.00052164   0.00023131   0.00009658   0.00003787   0.00001391   0.00000477   0.00000153   0.00000045   0.00000012   0.00000003   0.00000001   0.00000000   0.00000000   0.00000000   0.00000000   0.00000000   0.00000000   0.00000000   0.00000000   0.00000000   0.00000000   0.00000000   0.00000000   0.00000000   0.00000000   0.00000000   0.00000000   0.00000000   0.00000000   0.00000000   0.00000000   0.00000000   0.00000000   0.00000000   0.00000000   0.00000000   0.00000000   0.00000000   0.00000000   0.00000000   0.00000000   0.00000000   0.00000000   0.00000000   0.00000000   0.00000000   0.00000000   0.00000000   0.00000000   0.00000000   0.00000000   0.00000000   0.00000000   0.00000000   0.00000000   0.00000000   0.00000000 
 -0.00000000  -0.03465758  -0.13183720  -0.27242866  -0.42902654  -0.57273570  -0.68123800  -0.74459591  -0.76555071  -0.75468642  -0.72426250  -0.68418068  -0.64081340  -0.59756607  -0.55591390  -0.51624588  -0.47834753  -0.44158497  -0.40491633  -0.36685589  -0.32550150  -0.27871590  -0.22451954  -0.16169363  -0.09050125  -0.01332503   0.06506773   0.13791960   0.19767022   0.23775615   0.25448188   0.24821944   0.22335147   0.18689858   0.14640825   0.10802967   0.07550395   0.05020752   0.03184994   0.01929083   0.01114829   0.00613747   0.00321218   0.00159462   0.00074908   0.00033217   0.00013869   0.00005438   0.00001998   0.00000685   0.00000219   0.00000065   0.00000018   0.00000005   0.00000001   0.00000000   0.00000000   0.00000000   0.00000000   0.00000000   0.00000000   0.00000000   0.00000000   0.00000000   0.00000000   0.00000000   0.00000000   0.00000000   0.00000000   0.00000000   0.00000000   0.00000000   0.00000000   0.00000000   0.00000000   0.00000000   0.00000000   0.00000000   0.00000000   0.00000000   0.00000000   0.00000000   0.00000000   0.00000000   0.00000000   0.00000000   0.00000000   0.00000000   0.00000000   0.00000000   0.00000000   0.00000000   0.00000000   0.00000000   0.00000000   0.00000000   0.00000000   0.00000000   0.00000000   0.00000000   0.00000000 
 -0.00000000  -0.03247209  -0.12532932  -0.26526503  -0.43161968  -0.59945027  -0.74459591  -0.84967019  -0.90822647  -0.92452548  -0.90922843  -0.87412228  -0.82870989  -0.77923740  -0.72918527  -0.68014023  -0.63247690  -0.58571712  -0.53864874  -0.48935177  -0.43528394  -0.37355642  -0.30148478  -0.21741792  -0.12172287  -0.01765326   0.08829034   0.18689779   0.26786433   0.32223845   0.34496607   0.33652225   0.30283532   0.25342282   0.19852370   0.14648248   0.10237667   0.06807464   0.04318273   0.02615402   0.01511416   0.00832061   0.00435470   0.00216176   0.00101549   0.00045029   0.00018801   0.00007372   0.00002708   0.00000929   0.00000297   0.00000088   0.00000024   0.00000006   0.00000001   0.00000000   0.00000000   0.00000000   0.00000000   0.00000000   0.00000000   0.00000000   0.00000000   0.00000000   0.00000000   0.00000000   0.00000000   0.00000000   0.00000000   0.00000000   0.00000000   0.00000000   0.00000000   0.00000000   0.00000000   0.00000000   0.00000000   0.00000000   0.00000000   0.00000000   0.00000000   0.00000000   0.00000000   0.00000000   0.00000000   0.00000000   0.00000000   0.00000000   0.00000000   0.00000000   0.00000000   0.00000000   0.00000000   0.00000000   0.00000000   0.00000000   0.00000000   0.00000000   0.00000000   0.00000000   0.00000000 
 -0.00000000  -0.02965357  -0.11561746  -0.24893931  -0.41498642  -0.59442690  -0.76555071  -0.90822647  -1.00862977  -1.06248651  -1.07470079  -1.05561005  -1.01643722  -0.96631562  -0.91138054  -0.85510706  -0.79897256  -0.74296354  -0.68584007  -0.62527113  -0.55801923  -0.48034732  -0.38876571  -0.28112920  -0.15792954  -0.02343120   0.11385840   0.24189097   0.34718515   0.41802017   0.44775516   0.43695864   0.39331233   0.32918381   0.25789037   0.19029003   0.13299174   0.08842906   0.05609231   0.03397160   0.01963124   0.01080706   0.00565589   0.00280765   0.00131887   0.00058482   0.00024417   0.00009575   0.00003517   0.00001207   0.00000386   0.00000115   0.00000031   0.00000008   0.00000002   0.00000000   0.00000000   0.00000000   0.00000000   0.00000000   0.00000000   0.00000000   0.00000000   0.00000000   0.00000000   0.00000000   0.00000000   0.00000000   0.00000000   0.00000000   0.00000000   0.00000000   0.00000000   0.00000000   0.00000000   0.00000000   0.00000000   0.00000000   0.00000000   0.00000000   0.00000000   0.00000000   0.00000000   0.00000000   0.00000000   0.00000000   0.00000000   0.00000000   0.00000000   0.00000000   0.00000000   0.00000000   0.00000000   0.00000000   0.00000000   0.00000000   0.00000000   0.00000000   0.00000000   0.00000000   0.00000000 
 -0.00000000  -0.02683514  -0.10533976  -0.22946576  -0.38904703  -0.56992548  -0.75468642  -0.92452548  -1.06248651  -1.15735176  -1.20629800  -1.21451062  -1.19192047  -1.14921220  -1.09513369  -1.03555958  -0.97363361  -0.91022039  -0.84428369  -0.77316315  -0.69290414  -0.59884139  -0.48658736  -0.35344453  -0.20005206  -0.03182641   0.14044350   0.30148461   0.43420420   0.52372610   0.56158510   0.54841950   0.49385405   0.41344030   0.32394367   0.23904172   0.16706381   0.11108111   0.07045817   0.04267039   0.02465714   0.01357342   0.00710349   0.00352618   0.00165637   0.00073446   0.00030665   0.00012024   0.00004417   0.00001515   0.00000484   0.00000144   0.00000040   0.00000010   0.00000002   0.00000001   0.00000000   0.00000000   0.00000000   0.00000000   0.00000000   0.00000000   0.00000000   0.00000000   0.00000000   0.00000000   0.00000000   0.00000000   0.00000000   0.00000000   0.00000000   0.00000000   0.00000000   0.00000000   0.00000000   0.00000000   0.00000000   0.00000000   0.00000000   0.00000000   0.00000000   0.00000000   0.00000000   0.00000000   0.00000000   0.00000000   0.00000000   0.00000000   0.00000000   0.00000000   0.00000000   0.00000000   0.00000000   0.00000000   0.00000000   0.00000000   0.00000000   0.00000000   0.00000000   0.00000000   0.00000000 
 -0.00000000  -0.02428496  -0.09574720  -0.21016347  -0.36036430  -0.53612712  -0.72426250  -0.90922843  -1.07470079  -1.20629800  -1.29485675  -1.33865957  -1.34305275  -1.31755284  -1.27225671  -1.21531814  -1.15192847  -1.08426894  -1.01181791  -0.93173819  -0.83938362  -0.72910840  -0.59554922  -0.43540536  -0.24948932  -0.04451134   0.16618483   0.36371688   0.52694744   0.63745623   0.68470721   0.66936783   0.60317198   0.50516262   0.39589912   0.29216722   0.20419674   0.13576775   0.08611324   0.05214903   0.03013319   0.01658735   0.00868055   0.00430894   0.00202402   0.00089747   0.00037470   0.00014693   0.00005397   0.00001852   0.00000592   0.00000176   0.00000048   0.00000012   0.00000003   0.00000001   0.00000000   0.00000000   0.00000000   0.00000000   0.00000000   0.00000000   0.00000000   0.00000000   0.00000000   0.00000000   0.00000000   0.00000000   0.00000000   0.00000000   0.00000000   0.00000000   0.00000000   0.00000000   0.00000000   0.00000000   0.00000000   0.00000000   0.00000000   0.00000000   0.00000000   0.00000000   0.00000000   0.00000000   0.00000000   0.00000000   0.00000000   0.00000000   0.00000000   0.00000000   0.00000000   0.00000000   0.00000000   0.00000000   0.00000000   0.00000000   0.00000000   0.00000000   0.00000000   0.00000000   0.00000000 
 -0.00000000  -0.02206588  -0.08723960  -0.19242301  -0.33236772  -0.49956779  -0.68418068  -0.87412228  -1.05561005  -1.21451062  -1.33865957  -1.42064224  -1.45966283  -1.46113547  -1.43404332  -1.38761955  -1.32891172  -1.26167828  -1.18623265  -1.09977631  -0.99705673  -0.87143724  -0.71652660  -0.52838422  -0.30802790  -0.06360316   0.18872363   0.42608540   0.62287554   0.75674484   0.81483371   0.79777924   0.71956030   0.60298294   0.47271251   0.34890670   0.24386274   0.16213858   0.10283518   0.06227266   0.03598134   0.01980582   0.01036453   0.00514471   0.00241655   0.00107150   0.00044736   0.00017541   0.00006443   0.00002211   0.00000707   0.00000210   0.00000058   0.00000015   0.00000003   0.00000001   0.00000000   0.00000000   0.00000000   0.00000000   0.00000000   0.00000000   0.00000000   0.00000000   0.00000000   0.00000000   0.00000000   0.00000000   0.00000000   0.00000000   0.00000000   0.00000000   0.00000000   0.00000000   0.00000000   0.00000000   0.00000000   0.00000000   0.00000000   0.00000000   0.00000000   0.00000000   0.00000000   0.00000000   0.00000000   0.00000000   0.00000000   0.00000000   0.00000000   0.00000000   0.00000000   0.00000000   0.00000000   0.00000000   0.00000000   0.00000000   0.00000000   0.00000000   0.00000000   0.00000000   0.00000000 
 -0.00000000  -0.02014841  -0.07979889  -0.17655800  -0.30640435  -0.46363747  -0.64081340  -0.82870989  -1.01643722  -1.19192047  -1.34305275  -1.45966283  -1.53585922  -1.57156059  -1.57200736  -1.54526849  -1.49910138  -1.43858616  -1.36502485  -1.27587620  -1.16542156  -1.02607822  -0.85041554  -0.63384130  -0.37762161  -0.09147730   0.20534703   0.48564405   0.71893509   0.87857243   0.94912064   0.93110750   0.84085499   0.70515579   0.55304661   0.40828534   0.28538424   0.18974383   0.12033858   0.07286829   0.04210151   0.02317369   0.01212654   0.00601916   0.00282723   0.00125357   0.00052336   0.00020522   0.00007537   0.00002586   0.00000827   0.00000245   0.00000068   0.00000017   0.00000004   0.00000001   0.00000000   0.00000000   0.00000000   0.00000000   0.00000000   0.00000000   0.00000000   0.00000000   0.00000000   0.00000000   0.00000000   0.00000000   0.00000000   0.00000000   0.00000000   0.00000000   0.00000000   0.00000000   0.00000000   0.00000000   0.00000000   0.00000000   0.00000000   0.00000000   0.00000000   0.00000000   0.00000000   0.00000000   0.00000000   0.00000000   0.00000000   0.00000000   0.00000000   0.00000000   0.00000000   0.00000000   0.00000000   0.00000000   0.00000000   0.00000000   0.00000000   0.00000000   0.00000000   0.00000000   0.00000000 
 -0.00000000  -0.01847407  -0.07325187  -0.16240266  -0.28271452  -0.42969580  -0.59756607  -0.77923740  -0.96631562  -1.14921220  -1.31755284  -1.46113547  -1.57156059  -1.64415679  -1.67916442  -1.68111579  -1.65642009  -1.61037959  -1.54497812  -1.45800134  -1.34341075  -1.19277747  -0.99767536  -0.75288793  -0.45999114  -0.13041866   0.21327328   0.53921826   0.81170471   0.99945055   1.08420442   1.06628827   0.96441915   0.80953662   0.63525001   0.46909600   0.32792121   0.21802570   0.13826961   0.08372148   0.04836970   0.02662266   0.01393082   0.00691453   0.00324770   0.00143997   0.00060118   0.00023572   0.00008658   0.00002971   0.00000949   0.00000282   0.00000078   0.00000020   0.00000005   0.00000001   0.00000000   0.00000000   0.00000000   0.00000000   0.00000000   0.00000000   0.00000000   0.00000000   0.00000000   0.00000000   0.00000000   0.00000000   0.00000000   0.00000000   0.00000000   0.00000000   0.00000000   0.00000000   0.00000000   0.00000000   0.00000000   0.00000000   0.00000000   0.00000000   0.00000000   0.00000000   0.00000000   0.00000000   0.00000000   0.00000000   0.00000000   0.00000000   0.00000000   0.00000000   0.00000000   0.00000000   0.00000000   0.00000000   0.00000000   0.00000000   0.00000000   0.00000000   0.00000000   0.00000000   0.00000000 
  0.00000000  -0.01698465  -0.06740052  -0.14964295  -0.26106738  -0.39802734  -0.55591390  -0.72918527  -0.91138054  -1.09513369  -1.27225671  -1.43404332  -1.57200736  -1.67916442  -1.75153451  -1.78896746  -1.79436993  -1.77137188  -1.72159102  -1.64280755  -1.52868604  -1.37006793  -1.15763426  -0.88562467  -0.55601433  -0.18208313   0.21010343   0.58376154   0.89765664   1.11559755   1.21630765   1.19979394   1.08716543   0.91358647   0.71735435   0.52989446   0.37046693   0.24631536   0.15620400   0.09457519   0.05463731   0.03007088   0.01573452   0.00780952   0.00366797   0.00162627   0.00067894   0.00026621   0.00009777   0.00003355   0.00001072   0.00000318   0.00000088   0.00000022   0.00000005   0.00000001   0.00000000   0.00000000   0.00000000   0.00000000   0.00000000   0.00000000   0.00000000   0.00000000   0.00000000   0.00000000   0.00000000   0.00000000   0.00000000   0.00000000   0.00000000   0.00000000   0.00000000   0.00000000   0.00000000   0.00000000   0.00000000   0.00000000   0.00000000   0.00000000   0.00000000   0.00000000   0.00000000   0.00000000   0.00000000   0.00000000   0.00000000   0.00000000   0.00000000   0.00000000   0.00000000   0.00000000   0.00000000   0.00000000   0.00000000   0.00000000   0.00000000   0.00000000   0.00000000   0.00000000   0.00000000 
 -0.00000000  -0.01563174  -0.06207042  -0.13795997  -0.24108424  -0.36842732  -0.51624588  -0.68014023  -0.85510706  -1.03555958  -1.21531814  -1.38761955  -1.54526849  -1.68111579  -1.78896746  -1.86466215  -1.90655676  -1.91465207  -1.88846612  -1.82480012  -1.71670473  -1.55431608  -1.32755357  -1.03024951  -0.66490246  -0.24676455   0.19444573   0.61686100   0.97354343   1.22321636   1.34142572   1.32775084   1.20562522   1.01441119   0.79709621   0.58901209   0.41185561   0.27383767   0.17365002   0.10513157   0.06073219   0.03342356   0.01748803   0.00867952   0.00407647   0.00180734   0.00075452   0.00029584   0.00010865   0.00003728   0.00001192   0.00000354   0.00000097   0.00000025   0.00000006   0.00000001   0.00000000   0.00000000   0.00000000   0.00000000   0.00000000   0.00000000   0.00000000   0.00000000   0.00000000   0.00000000   0.00000000   0.00000000   0.00000000   0.00000000   0.00000000   0.00000000   0.00000000   0.00000000   0.00000000   0.00000000   0.00000000   0.00000000   0.00000000   0.00000000   0.00000000   0.00000000   0.00000000   0.00000000   0.00000000   0.00000000   0.00000000   0.00000000   0.00000000   0.00000000   0.00000000   0.00000000   0.00000000   0.00000000   0.00000000   0.00000000   0.00000000   0.00000000   0.00000000   0.00000000   0.00000000 
  0.00000000  -0.01437607  -0.05711462  -0.12706274  -0.22235103  -0.34046702  -0.47834753  -0.63247690  -0.79897256  -0.97363361  -1.15192847  -1.32891172  -1.49910138  -1.65642009  -1.79436993  -1.90655676  -1.98737747  -2.03226123  -2.03687107  -1.99547760  -1.89965905  -1.73859336  -1.50150517  -1.18198382  -0.78320517  -0.32250347   0.16668399   0.63737201   1.03689828   1.31887032   1.45559600   1.44612408   1.31607166   1.10884196   0.87196975   0.64459032   0.45078500   0.29972586   0.19005770   0.11505752   0.06646187   0.03657477   0.01913591   0.00949701   0.00446027   0.00197745   0.00082552   0.00032367   0.00011887   0.00004078   0.00001304   0.00000387   0.00000106   0.00000027   0.00000006   0.00000001   0.00000000   0.00000000   0.00000000   0.00000000   0.00000000   0.00000000   0.00000000   0.00000000   0.00000000   0.00000000   0.00000000   0.00000000   0.00000000   0.00000000   0.00000000   0.00000000   0.00000000   0.00000000   0.00000000   0.00000000   0.00000000   0.00000000   0.00000000   0.00000000   0.00000000   0.00000000   0.00000000   0.00000000   0.00000000   0.00000000   0.00000000   0.00000000   0.00000000   0.00000000   0.00000000   0.00000000   0.00000000   0.00000000   0.00000000   0.00000000   0.00000000   0.00000000   0.00000000   0.00000000   0.00000000 
  0.00000000  -0.01318216  -0.05239659  -0.11666464  -0.20441240  -0.31355192  -0.44158497  -0.58571712  -0.74296354  -0.91022039  -1.08426894  -1.26167828  -1.43858616  -1.61037959  -1.77137188  -1.91465207  -2.03226123  -2.11560965  -2.15569901  -2.14274577  -2.06552566  -1.91155837  -1.66921524  -1.33194935  -0.90376170  -0.40413934   0.12980626   0.64611771   1.08660409   1.39992917   1.55523545   1.55096551   1.41469753   1.19356074   0.93931403   0.69464066   0.48585679   0.32304789   0.20483545   0.12399482   0.07161941   0.03941063   0.02061857   0.01023240   0.00480547   0.00213043   0.00088936   0.00034870   0.00012806   0.00004394   0.00001404   0.00000417   0.00000115   0.00000029   0.00000007   0.00000001   0.00000000   0.00000000   0.00000000   0.00000000   0.00000000   0.00000000   0.00000000   0.00000000   0.00000000   0.00000000   0.00000000   0.00000000   0.00000000   0.00000000   0.00000000   0.00000000   0.00000000   0.00000000   0.00000000   0.00000000   0.00000000   0.00000000   0.00000000   0.00000000   0.00000000   0.00000000   0.00000000   0.00000000   0.00000000   0.00000000   0.00000000   0.00000000   0.00000000   0.00000000   0.00000000   0.00000000   0.00000000   0.00000000   0.00000000   0.00000000   0.00000000   0.00000000   0.00000000   0.00000000   0.00000000 
  0.00000000  -0.01201200  -0.04776686  -0.10643963  -0.18671601  -0.28687841  -0.40491633  -0.53864874  -0.68584007  -0.84428369  -1.01181791  -1.18623265  -1.36502485  -1.54497812  -1.72159102  -1.88846612  -2.03687107  -2.15569901  -2.23187179  -2.25093487  -2.19761416  -2.05669698  -1.81517013  -1.46625200  -1.01482167  -0.48249793   0.09013507   0.64652871   1.12343978   1.46502389   1.63750957   1.63870534   1.49783982   1.26526869   0.99643588   0.73713148   0.51563598   0.34284559   0.21737491   0.13157511   0.07599209   0.04181410   0.02187480   0.01085534   0.00509783   0.00225998   0.00094342   0.00036988   0.00013584   0.00004660   0.00001490   0.00000442   0.00000122   0.00000031   0.00000007   0.00000002   0.00000000   0.00000000   0.00000000   0.00000000   0.00000000   0.00000000   0.00000000   0.00000000   0.00000000   0.00000000   0.00000000   0.00000000   0.00000000   0.00000000   0.00000000   0.00000000   0.00000000   0.00000000   0.00000000   0.00000000   0.00000000   0.00000000   0.00000000   0.00000000   0.00000000   0.00000000   0.00000000   0.00000000   0.00000000   0.00000000   0.00000000   0.00000000   0.00000000   0.00000000   0.00000000   0.00000000   0.00000000   0.00000000   0.00000000   0.00000000   0.00000000   0.00000000   0.00000000   0.00000000   0.00000000 
  0.00000000  -0.01081996  -0.04304412  -0.09598469  -0.16855839  -0.25937586  -0.36685589  -0.48935177  -0.62527113  -0.77316315  -0.93173819  -1.09977631  -1.27587620  -1.45800134  -1.64280755  -1.82480012  -1.99547760  -2.14274577  -2.25093487  -2.30160810  -2.27506920  -2.15242662  -1.91844714  -1.56567577  -1.09968419  -0.54401176   0.05771267   0.64502802   1.15045858   1.51440901   1.70066757   1.70644929   1.56223090   1.32088809   1.04076416   0.77010042   0.53872880   0.35818636   0.22708360   0.13743973   0.07937284   0.04367129   0.02284505   0.01133627   0.00532347   0.00235993   0.00098511   0.00038622   0.00014184   0.00004866   0.00001555   0.00000462   0.00000127   0.00000032   0.00000008   0.00000002   0.00000000   0.00000000   0.00000000   0.00000000   0.00000000   0.00000000   0.00000000   0.00000000   0.00000000   0.00000000   0.00000000   0.00000000   0.00000000   0.00000000   0.00000000   0.00000000   0.00000000   0.00000000   0.00000000   0.00000000   0.00000000   0.00000000   0.00000000   0.00000000   0.00000000   0.00000000   0.00000000   0.00000000   0.00000000   0.00000000   0.00000000   0.00000000   0.00000000   0.00000000   0.00000000   0.00000000   0.00000000   0.00000000   0.00000000   0.00000000   0.00000000   0.00000000   0.00000000   0.00000000   0.00000000 
  0.00000000  -0.00955117  -0.03800957  -0.08480984  -0.14907451  -0.22970570  -0.32550150  -0.43528394  -0.55801923  -0.69290414  -0.83938362  -0.99705673  -1.16542156  -1.34341075  -1.52868604  -1.71670473  -1.89965905  -2.06552566  -2.19761416  -2.27506920  -2.27462901  -2.17360799  -1.95385676  -1.60652383  -1.13732093  -0.57116752   0.04601672   0.65090423   1.17300455   1.55009515   1.74425265   1.75222478   1.60524345   1.35777952   1.07002573   0.79178653   0.55387604   0.36822544   0.23342456   0.14126367   0.08157412   0.04487913   0.02347542   0.01164848   0.00546984   0.00242473   0.00101213   0.00039680   0.00014572   0.00004999   0.00001598   0.00000474   0.00000130   0.00000033   0.00000008   0.00000002   0.00000000   0.00000000   0.00000000   0.00000000   0.00000000   0.00000000   0.00000000   0.00000000   0.00000000   0.00000000   0.00000000   0.00000000   0.00000000   0.00000000   0.00000000   0.00000000   0.00000000   0.00000000   0.00000000   0.00000000   0.00000000   0.00000000   0.00000000   0.00000000   0.00000000   0.00000000   0.00000000   0.00000000   0.00000000   0.00000000   0.00000000   0.00000000   0.00000000   0.00000000   0.00000000   0.00000000   0.00000000   0.00000000   0.00000000   0.00000000   0.00000000   0.00000000   0.00000000   0.00000000   0.00000000 
 -0.00000000  -0.00814530  -0.03242221  -0.07237404  -0.12730555  -0.19637587  -0.27871590  -0.37355642  -0.48034732  -0.59884139  -0.72910840  -0.87143724  -1.02607822  -1.19277747  -1.37006793  -1.55431608  -1.73859336  -1.91155837  -2.05669698  -2.15242662  -2.17360799  -2.09477648  -1.89491929  -1.56316346  -1.10448674  -0.54420785   0.07065619   0.67539533   1.19815666   1.57559918   1.76908251   1.77510760   1.62508605   1.37394811   1.08242699   0.80077252   0.56005531   0.37227474   0.23596016   0.14278220   0.08244327   0.04535374   0.02372213   0.01177025   0.00552677   0.00244987   0.00102259   0.00040089   0.00014722   0.00005051   0.00001614   0.00000479   0.00000132   0.00000033   0.00000008   0.00000002   0.00000000   0.00000000   0.00000000   0.00000000   0.00000000   0.00000000   0.00000000   0.00000000   0.00000000   0.00000000   0.00000000   0.00000000   0.00000000   0.00000000   0.00000000   0.00000000   0.00000000   0.00000000   0.00000000   0.00000000   0.00000000   0.00000000   0.00000000   0.00000000   0.00000000   0.00000000   0.00000000   0.00000000   0.00000000   0.00000000   0.00000000   0.00000000   0.00000000   0.00000000   0.00000000   0.00000000   0.00000000   0.00000000   0.00000000   0.00000000   0.00000000   0.00000000   0.00000000   0.00000000   0.00000000 
  0.00000000  -0.00654677  -0.02605993  -0.05817840  -0.10236659  -0.15800741  -0.22451954  -0.30148478  -0.38876571  -0.48658736  -0.59554922  -0.71652660  -0.85041554  -0.99767536  -1.15763426  -1.32755357  -1.50150517  -1.66921524  -1.81517013  -1.91844714  -1.95385676  -1.89491929  -1.71879664  -1.41258533  -0.97966841  -0.44440321   0.14678615   0.72977545   1.23343956   1.59519105   1.77691164   1.77516604   1.62090571   1.36820846   1.07682030   0.79612301   0.55658315   0.36987237   0.23439656   0.14181777   0.08187808   0.04503906   0.02355590   0.01168709   0.00548746   0.00243234   0.00101524   0.00039800   0.00014615   0.00005014   0.00001602   0.00000476   0.00000131   0.00000033   0.00000008   0.00000002   0.00000000   0.00000000   0.00000000   0.00000000   0.00000000   0.00000000   0.00000000   0.00000000   0.00000000   0.00000000   0.00000000   0.00000000   0.00000000   0.00000000   0.00000000   0.00000000   0.00000000   0.00000000   0.00000000   0.00000000   0.00000000   0.00000000   0.00000000   0.00000000   0.00000000   0.00000000   0.00000000   0.00000000   0.00000000   0.00000000   0.00000000   0.00000000   0.00000000   0.00000000   0.00000000   0.00000000   0.00000000   0.00000000   0.00000000   0.00000000   0.00000000   0.00000000   0.00000000   0.00000000   0.00000000 
  0.00000000  -0.00472116  -0.01878532  -0.04191460  -0.07371137  -0.11375020  -0.16169363  -0.21741792  -0.28112920  -0.35344453  -0.43540536  -0.52838422  -0.63384130  -0.75288793  -0.88562467  -1.03024951  -1.18198382  -1.33194935  -1.46625200  -1.56567577  -1.60652383  -1.56316346  -1.41258533  -1.14064665  -0.74873990  -0.25884772   0.28525982   0.82245006   1.28479531   1.61262042   1.76974984   1.75319241   1.59276678   1.34028123   1.05283324   0.77750206   0.54320507   0.36084474   0.22862360   0.13830426   0.07984075   0.04391450   0.02296607   0.01139376   0.00534945   0.00237107   0.00098963   0.00038795   0.00014246   0.00004887   0.00001562   0.00000464   0.00000128   0.00000032   0.00000008   0.00000002   0.00000000   0.00000000   0.00000000   0.00000000   0.00000000   0.00000000   0.00000000   0.00000000   0.00000000   0.00000000   0.00000000   0.00000000   0.00000000   0.00000000   0.00000000   0.00000000   0.00000000   0.00000000   0.00000000   0.00000000   0.00000000   0.00000000   0.00000000   0.00000000   0.00000000   0.00000000   0.00000000   0.00000000   0.00000000   0.00000000   0.00000000   0.00000000   0.00000000   0.00000000   0.00000000   0.00000000   0.00000000   0.00000000   0.00000000   0.00000000   0.00000000   0.00000000   0.00000000   0.00000000   0.00000000 
 -0.00000000  -0.00267519  -0.01062543  -0.02364435  -0.04145167  -0.06378269  -0.09050125  -0.12172287  -0.15792954  -0.20005206  -0.24948932  -0.30802790  -0.37762161  -0.45999114  -0.55601433  -0.66490246  -0.78320517  -0.90376170  -1.01482167  -1.09968419  -1.13732093  -1.10448674  -0.97966841  -0.74873990  -0.41134332   0.01394098   0.48805235   0.95545421   1.35409190   1.62949741   1.74893072   1.71025873   1.54150875   1.29080730   1.01094217   0.74525330   0.52016060   0.34535248   0.21874449   0.13230500   0.07636832   0.04200066   0.02196350   0.01089567   0.00511532   0.00226719   0.00094624   0.00037093   0.00013621   0.00004672   0.00001493   0.00000443   0.00000122   0.00000031   0.00000007   0.00000002   0.00000000   0.00000000   0.00000000   0.00000000   0.00000000   0.00000000   0.00000000   0.00000000   0.00000000   0.00000000   0.00000000   0.00000000   0.00000000   0.00000000   0.00000000   0.00000000   0.00000000   0.00000000   0.00000000   0.00000000   0.00000000   0.00000000   0.00000000   0.00000000   0.00000000   0.00000000   0.00000000   0.00000000   0.00000000   0.00000000   0.00000000   0.00000000   0.00000000   0.00000000   0.00000000   0.00000000   0.00000000   0.00000000   0.00000000   0.00000000   0.00000000   0.00000000   0.00000000   0.00000000   0.00000000 
  0.00000000  -0.00047438  -0.00184265  -0.00395891  -0.00664070  -0.00975464  -0.01332503  -0.01765326  -0.02343120  -0.03182641  -0.04451134  -0.06360316  -0.09147730  -0.13041866  -0.18208313  -0.24676455  -0.32250347  -0.40413934  -0.48249793  -0.54401176  -0.57116752  -0.54420785  -0.44440321  -0.25884772   0.01394098   0.35921106   0.74418366   1.12126565   1.43681469   1.64375295   1.71418248   1.64722516   1.46853338   1.22128797   0.95248067   0.70042901   0.48821169   0.32391159   0.20508967   0.12402122   0.07157750   0.03936197   0.02058199   0.01020964   0.00479298   0.00212422   0.00088654   0.00034751   0.00012760   0.00004377   0.00001399   0.00000415   0.00000114   0.00000029   0.00000007   0.00000001   0.00000000   0.00000000   0.00000000   0.00000000   0.00000000   0.00000000   0.00000000   0.00000000   0.00000000   0.00000000   0.00000000   0.00000000   0.00000000   0.00000000   0.00000000   0.00000000   0.00000000   0.00000000   0.00000000   0.00000000   0.00000000   0.00000000   0.00000000   0.00000000   0.00000000   0.00000000   0.00000000   0.00000000   0.00000000   0.00000000   0.00000000   0.00000000   0.00000000   0.00000000   0.00000000   0.00000000   0.00000000   0.00000000   0.00000000   0.00000000   0.00000000   0.00000000   0.00000000   0.00000000   0.00000000 
  0.00000000   0.00174946   0.00703561   0.01595431   0.02860862   0.04502842   0.06506773   0.08829034   0.11385840   0.14044350   0.16618483   0.18872363   0.20534703   0.21327328   0.21010343   0.19444573   0.16668399   0.12980626   0.09013507   0.05771267   0.04601672   0.07065619   0.14678615   0.28525982   0.48805235   0.74418366   1.02795750   1.30130484   1.52091658   1.64882711   1.66309544   1.56441450   1.37561844   1.13398362   0.87958551   0.64476046   0.44862546   0.29738285   0.18821026   0.11378804   0.06566233   0.03610537   0.01887757   0.00936351   0.00439550   0.00194796   0.00081294   0.00031865   0.00011700   0.00004014   0.00001283   0.00000381   0.00000105   0.00000027   0.00000006   0.00000001   0.00000000   0.00000000   0.00000000   0.00000000   0.00000000   0.00000000   0.00000000   0.00000000   0.00000000   0.00000000   0.00000000   0.00000000   0.00000000   0.00000000   0.00000000   0.00000000   0.00000000   0.00000000   0.00000000   0.00000000   0.00000000   0.00000000   0.00000000   0.00000000   0.00000000   0.00000000   0.00000000   0.00000000   0.00000000   0.00000000   0.00000000   0.00000000   0.00000000   0.00000000   0.00000000   0.00000000   0.00000000   0.00000000   0.00000000   0.00000000   0.00000000   0.00000000   0.00000000   0.00000000   0.00000000 
 -0.00000000   0.00380922   0.01526075   0.03441029   0.06129886   0.09587903   0.13791960   0.18689779   0.24189097   0.30148461   0.36371688   0.42608540   0.48564405   0.53921826   0.58376154   0.61686100   0.63737201   0.64611771   0.64652871   0.64502802   0.65090423   0.67539533   0.72977545   0.82245006   0.95545421   1.12126565   1.30130484   1.46753864   1.58785151   1.63427166   1.59140945   1.46168845   1.26487313   1.03181750   0.79509319   0.58056961   0.40310794   0.26692628   0.16884866   0.10205651   0.05888374   0.03237458   0.01692547   0.00839463   0.00394043   0.00174620   0.00072871   0.00028562   0.00010487   0.00003597   0.00001150   0.00000341   0.00000094   0.00000024   0.00000006   0.00000001   0.00000000   0.00000000   0.00000000   0.00000000   0.00000000   0.00000000   0.00000000   0.00000000   0.00000000   0.00000000   0.00000000   0.00000000   0.00000000   0.00000000   0.00000000   0.00000000   0.00000000   0.00000000   0.00000000   0.00000000   0.00000000   0.00000000   0.00000000   0.00000000   0.00000000   0.00000000   0.00000000   0.00000000   0.00000000   0.00000000   0.00000000   0.00000000   0.00000000   0.00000000   0.00000000   0.00000000   0.00000000   0.00000000   0.00000000   0.00000000   0.00000000   0.00000000   0.00000000   0.00000000   0.00000000 
  0.00000000   0.00549550   0.02199501   0.04952343   0.08807610   0.13755260   0.19767022   0.26786433   0.34718515   0.43420420   0.52694744   0.62287554   0.71893509   0.81170471   0.89765664   0.97354343   1.03689828   1.08660409   1.12343978   1.15045858   1.17300455   1.19815666   1.23343956   1.28479531   1.35409190   1.43681469   1.52091658   1.58785151   1.61631810   1.58813421   1.49435406   1.33906110   1.13890699   0.91831897   0.70240200   0.51062813   0.35369121   0.23392163   0.14788700   0.08936211   0.05155130   0.02834001   0.01481486   0.00734726   0.00344858   0.00152815   0.00063768   0.00024994   0.00009177   0.00003148   0.00001006   0.00000299   0.00000082   0.00000021   0.00000005   0.00000001   0.00000000   0.00000000   0.00000000   0.00000000   0.00000000   0.00000000   0.00000000   0.00000000   0.00000000   0.00000000   0.00000000   0.00000000   0.00000000   0.00000000   0.00000000   0.00000000   0.00000000   0.00000000   0.00000000   0.00000000   0.00000000   0.00000000   0.00000000   0.00000000   0.00000000   0.00000000   0.00000000   0.00000000   0.00000000   0.00000000   0.00000000   0.00000000   0.00000000   0.00000000   0.00000000   0.00000000   0.00000000   0.00000000   0.00000000   0.00000000   0.00000000   0.00000000   0.00000000   0.00000000   0.00000000 
