# coconut-me2b/v0.99.21 
# 
# momentum space matrix elements 
# partial wave J=1, L=2/2, S=1, T=0, MT=0 
# 
# momentum grid [fm^-1]
0.000000 0.100000 0.200000 0.300000 0.400000 0.500000 0.600000 0.700000 0.800000 0.900000 1.000000 1.100000 1.200000 1.300000 1.400000 1.500000 1.600000 1.700000 1.800000 1.900000 2.000000 2.100000 2.200000 2.300000 2.400000 2.500000 2.600000 2.700000 2.800000 2.900000 3.000000 3.100000 3.200000 3.300000 3.400000 3.500000 3.600000 3.700000 3.800000 3.900000 4.000000 4.100000 4.200000 4.300000 4.400000 4.500000 4.600000 4.700000 4.800000 4.900000 5.000000 5.100000 5.200000 5.300000 5.400000 5.500000 5.600000 5.700000 5.800000 5.900000 6.000000 6.100000 6.200000 6.300000 6.400000 6.500000 6.600000 6.700000 6.800000 6.900000 7.000000 7.100000 7.200000 7.300000 7.400000 7.500000 7.600000 7.700000 7.800000 7.900000 8.000000 8.100000 8.200000 8.300000 8.400000 8.500000 8.600000 8.700000 8.800000 8.900000 9.000000 9.100000 9.200000 9.300000 9.400000 9.500000 9.600000 9.700000 9.800000 9.900000 10.000000 
#
# matrix elements [MeV fm^3] 
  0.00258575   0.00000000   0.00000000   0.00000000   0.00000000   0.00000000   0.00000000   0.00000000   0.00000000   0.00000000   0.00000000   0.00000000   0.00000000   0.00000000   0.00000000   0.00000000   0.00000000   0.00000000   0.00000000   0.00000000   0.00000000   0.00000000   0.00000000  -0.00000000   0.00000000   0.00000000   0.00000000  -0.00000000  -0.00000000  -0.00000000  -0.00000000  -0.00000000  -0.00000000  -0.00000000  -0.00000000   0.00000000  -0.00000000  -0.00000000  -0.00000000  -0.00000000  -0.00000000   0.00000000  -0.00000000  -0.00000000  -0.00000000  -0.00000000  -0.00000000  -0.00000000  -0.00000000  -0.00000000  -0.00000000  -0.00000000  -0.00000000  -0.00000000  -0.00000000  -0.00000000  -0.00000000  -0.00000000  -0.00000000  -0.00000000  -0.00000000  -0.00000000  -0.00000000  -0.00000000  -0.00000000  -0.00000000  -0.00000000  -0.00000000  -0.00000000  -0.00000000  -0.00000000  -0.00000000  -0.00000000  -0.00000000  -0.00000000   0.00000000  -0.00000000   0.00000000  -0.00000000   0.00000000  -0.00000000  -0.00000000  -0.00000000  -0.00000000  -0.00000000  -0.00000000  -0.00000000  -0.00000000   0.00000000  -0.00000000  -0.00000000  -0.00000000  -0.00000000  -0.00000000   0.00000000  -0.00000000   0.00000000  -0.00000000  -0.00000000  -0.00000000  -0.00000000 
  0.00000000   0.00951874   0.03320690   0.06046280   0.08226614   0.09482651   0.09865641   0.09613950   0.08979133   0.08155334   0.07270452   0.06400033   0.05584176   0.04840889   0.04175113   0.03584319   0.03061855   0.02598908   0.02185728   0.01812519   0.01470295   0.01151853   0.00852918   0.00573304   0.00317669   0.00095194  -0.00082501  -0.00205376  -0.00269828  -0.00281940  -0.00256554  -0.00211978  -0.00163539  -0.00120131  -0.00084936  -0.00058003  -0.00038239  -0.00024294  -0.00014841  -0.00008699  -0.00004881  -0.00002616  -0.00001335  -0.00000648  -0.00000298  -0.00000130  -0.00000053  -0.00000021  -0.00000007  -0.00000003  -0.00000001  -0.00000000  -0.00000000  -0.00000000  -0.00000000  -0.00000000  -0.00000000  -0.00000000  -0.00000000  -0.00000000  -0.00000000  -0.00000000  -0.00000000  -0.00000000  -0.00000000  -0.00000000  -0.00000000  -0.00000000  -0.00000000  -0.00000000  -0.00000000  -0.00000000  -0.00000000  -0.00000000  -0.00000000  -0.00000000  -0.00000000  -0.00000000  -0.00000000  -0.00000000  -0.00000000  -0.00000000  -0.00000000  -0.00000000  -0.00000000  -0.00000000  -0.00000000  -0.00000000  -0.00000000  -0.00000000  -0.00000000  -0.00000000  -0.00000000  -0.00000000  -0.00000000  -0.00000000  -0.00000000  -0.00000000  -0.00000000  -0.00000000  -0.00000000 
  0.00000000   0.03320690   0.11750877   0.21812807   0.30283541   0.35547808   0.37540418   0.37010214   0.34870728   0.31879073   0.28558783   0.25231775   0.22076498   0.19178928   0.16568820   0.14243019   0.12179693   0.10346884   0.08707859   0.07225017   0.05863509   0.04595284   0.03403766   0.02288550   0.01268469   0.00380370  -0.00329202  -0.00820022  -0.01077600  -0.01126138  -0.01024863  -0.00846888  -0.00653429  -0.00480035  -0.00339426  -0.00231809  -0.00152834  -0.00097101  -0.00059323  -0.00034774  -0.00019512  -0.00010457  -0.00005339  -0.00002591  -0.00001192  -0.00000518  -0.00000213  -0.00000082  -0.00000030  -0.00000010  -0.00000003  -0.00000001  -0.00000000  -0.00000000  -0.00000000  -0.00000000  -0.00000000  -0.00000000  -0.00000000  -0.00000000  -0.00000000  -0.00000000  -0.00000000  -0.00000000  -0.00000000  -0.00000000  -0.00000000  -0.00000000  -0.00000000  -0.00000000  -0.00000000  -0.00000000  -0.00000000  -0.00000000  -0.00000000  -0.00000000  -0.00000000  -0.00000000  -0.00000000  -0.00000000  -0.00000000  -0.00000000  -0.00000000  -0.00000000  -0.00000000  -0.00000000  -0.00000000  -0.00000000  -0.00000000  -0.00000000  -0.00000000  -0.00000000  -0.00000000  -0.00000000  -0.00000000  -0.00000000  -0.00000000  -0.00000000  -0.00000000  -0.00000000  -0.00000000 
  0.00000000   0.06046280   0.21812807   0.41603489   0.59497820   0.71817363   0.77669749   0.78043506   0.74615831   0.68971630   0.62302156   0.55388867   0.48693065   0.42456989   0.36783668   0.31691540   0.27149239   0.23097134   0.19461103   0.16162479   0.13126992   0.10294411   0.07629401   0.05132331   0.02846366   0.00854857  -0.00737200  -0.01839066  -0.02417809  -0.02527421  -0.02300635  -0.01901471  -0.01467354  -0.01078138  -0.00762439  -0.00520765  -0.00343380  -0.00218182  -0.00133307  -0.00078147  -0.00043853  -0.00023502  -0.00012000  -0.00005823  -0.00002679  -0.00001165  -0.00000478  -0.00000184  -0.00000067  -0.00000023  -0.00000007  -0.00000002  -0.00000001  -0.00000000  -0.00000000  -0.00000000  -0.00000000  -0.00000000  -0.00000000  -0.00000000  -0.00000000  -0.00000000  -0.00000000  -0.00000000  -0.00000000  -0.00000000  -0.00000000  -0.00000000  -0.00000000  -0.00000000  -0.00000000  -0.00000000  -0.00000000  -0.00000000  -0.00000000  -0.00000000  -0.00000000  -0.00000000  -0.00000000  -0.00000000  -0.00000000  -0.00000000  -0.00000000  -0.00000000  -0.00000000  -0.00000000  -0.00000000  -0.00000000  -0.00000000  -0.00000000  -0.00000000  -0.00000000  -0.00000000  -0.00000000  -0.00000000  -0.00000000  -0.00000000  -0.00000000  -0.00000000  -0.00000000  -0.00000000 
  0.00000000   0.08226614   0.30283541   0.59497820   0.88057914   1.09993639   1.22675618   1.26471688   1.23405178   1.15874215   1.05924939   0.95026885   0.84117980   0.73736281   0.64148832   0.55449634   0.47626265   0.40603052   0.34269410   0.28500322   0.23174142   0.18191023   0.13493086   0.09084234   0.05043205   0.01519332  -0.01300035  -0.03252964  -0.04280072  -0.04476181  -0.04075918  -0.03369679  -0.02600988  -0.01911480  -0.01352018  -0.00923614  -0.00609099  -0.00387069  -0.00236521  -0.00138666  -0.00077821  -0.00041709  -0.00021298  -0.00010335  -0.00004754  -0.00002068  -0.00000848  -0.00000327  -0.00000118  -0.00000040  -0.00000013  -0.00000004  -0.00000001  -0.00000000  -0.00000000  -0.00000000  -0.00000000  -0.00000000  -0.00000000  -0.00000000  -0.00000000  -0.00000000  -0.00000000  -0.00000000  -0.00000000  -0.00000000  -0.00000000  -0.00000000  -0.00000000  -0.00000000  -0.00000000  -0.00000000  -0.00000000  -0.00000000  -0.00000000  -0.00000000  -0.00000000  -0.00000000  -0.00000000  -0.00000000  -0.00000000  -0.00000000  -0.00000000  -0.00000000  -0.00000000  -0.00000000  -0.00000000  -0.00000000  -0.00000000  -0.00000000  -0.00000000  -0.00000000  -0.00000000  -0.00000000  -0.00000000  -0.00000000  -0.00000000  -0.00000000  -0.00000000  -0.00000000  -0.00000000 
  0.00000000   0.09482651   0.35547808   0.71817363   1.09993639   1.42502757   1.64595542   1.75011487   1.75196736   1.67886853   1.55913027   1.41577050   1.26495416   1.11683264   0.97708089   0.84832244   0.73120556   0.62514824   0.52884672   0.44064662   0.35885760   0.28206657   0.20946995   0.14119523   0.07851404   0.02378377  -0.02005347  -0.05045441  -0.06647375  -0.06956919  -0.06337946  -0.05241772  -0.04047313  -0.02975214  -0.02104923  -0.01438258  -0.00948671  -0.00602958  -0.00368495  -0.00216066  -0.00121272  -0.00065004  -0.00033195  -0.00016110  -0.00007411  -0.00003224  -0.00001322  -0.00000510  -0.00000185  -0.00000062  -0.00000020  -0.00000006  -0.00000002  -0.00000000  -0.00000000  -0.00000000  -0.00000000  -0.00000000  -0.00000000  -0.00000000  -0.00000000  -0.00000000  -0.00000000  -0.00000000  -0.00000000  -0.00000000  -0.00000000  -0.00000000  -0.00000000  -0.00000000  -0.00000000  -0.00000000  -0.00000000  -0.00000000  -0.00000000  -0.00000000  -0.00000000  -0.00000000  -0.00000000  -0.00000000  -0.00000000  -0.00000000  -0.00000000  -0.00000000  -0.00000000  -0.00000000  -0.00000000  -0.00000000  -0.00000000  -0.00000000  -0.00000000  -0.00000000  -0.00000000  -0.00000000  -0.00000000  -0.00000000  -0.00000000  -0.00000000  -0.00000000  -0.00000000  -0.00000000 
  0.00000000   0.09865641   0.37540418   0.77669749   1.22675618   1.64595542   1.97076964   2.16774348   2.23553276   2.19579076   2.07982643   1.91798464   1.73433384   1.54557157   1.36204662   1.18936658   1.02986669   0.88373696   0.74983909   0.62631751   0.51111147   0.40244831   0.29935149   0.20212445   0.11267351   0.03443782  -0.02831822  -0.07190767  -0.09493725  -0.09946293  -0.09067561  -0.07503089  -0.05795691  -0.04261921  -0.03016149  -0.02061422  -0.01360020  -0.00864579  -0.00528477  -0.00309919  -0.00173973  -0.00093264  -0.00047631  -0.00023118  -0.00010636  -0.00004627  -0.00001898  -0.00000732  -0.00000265  -0.00000090  -0.00000028  -0.00000008  -0.00000002  -0.00000001  -0.00000000  -0.00000000  -0.00000000  -0.00000000  -0.00000000  -0.00000000  -0.00000000  -0.00000000  -0.00000000  -0.00000000  -0.00000000  -0.00000000  -0.00000000  -0.00000000  -0.00000000  -0.00000000  -0.00000000  -0.00000000  -0.00000000  -0.00000000  -0.00000000  -0.00000000  -0.00000000  -0.00000000  -0.00000000  -0.00000000  -0.00000000  -0.00000000  -0.00000000  -0.00000000  -0.00000000  -0.00000000  -0.00000000  -0.00000000  -0.00000000  -0.00000000  -0.00000000  -0.00000000  -0.00000000  -0.00000000  -0.00000000  -0.00000000  -0.00000000  -0.00000000  -0.00000000  -0.00000000  -0.00000000 
  0.00000000   0.09613950   0.37010214   0.78043506   1.26471688   1.75011487   2.16774348   2.46748660   2.62759415   2.65454815   2.57407255   2.41909415   2.22040101   2.00207254   1.78066199   1.56626442   1.36410861   1.17602827   1.00163785   0.83925514   0.68667940   0.54192540   0.40396027   0.27339513   0.15295015   0.04738197  -0.03745694  -0.09650568  -0.12781367  -0.13410774  -0.12237302  -0.10132548  -0.07830717  -0.05760774  -0.04078325  -0.02788242  -0.01840040  -0.01170012  -0.00715323  -0.00419570  -0.00235564  -0.00126299  -0.00064511  -0.00031314  -0.00014409  -0.00006269  -0.00002572  -0.00000992  -0.00000359  -0.00000122  -0.00000038  -0.00000011  -0.00000003  -0.00000001  -0.00000000  -0.00000000  -0.00000000  -0.00000000  -0.00000000  -0.00000000  -0.00000000  -0.00000000  -0.00000000  -0.00000000  -0.00000000  -0.00000000  -0.00000000  -0.00000000  -0.00000000  -0.00000000  -0.00000000  -0.00000000  -0.00000000  -0.00000000  -0.00000000  -0.00000000  -0.00000000  -0.00000000  -0.00000000  -0.00000000  -0.00000000  -0.00000000  -0.00000000  -0.00000000  -0.00000000  -0.00000000  -0.00000000  -0.00000000  -0.00000000  -0.00000000  -0.00000000  -0.00000000  -0.00000000  -0.00000000  -0.00000000  -0.00000000  -0.00000000  -0.00000000  -0.00000000  -0.00000000  -0.00000000 
  0.00000000   0.08979133   0.34870728   0.74615831   1.23405178   1.75196736   2.23553276   2.62759415   2.88957156   3.00842009   2.99555450   2.87851683   2.69027103   2.46097312   2.21397083   1.96514204   1.72393857   1.49493436   1.27930836   1.07611510   0.88339155   0.69919667   0.52263710   0.35481828   0.19948991   0.06298539  -0.04697282  -0.12370514  -0.16457777  -0.17304052  -0.15809271  -0.13100940  -0.10130924  -0.07456569  -0.05281029  -0.03611792  -0.02384273  -0.01516489  -0.00927378  -0.00544065  -0.00305518  -0.00163831  -0.00083694  -0.00040631  -0.00018698  -0.00008135  -0.00003338  -0.00001288  -0.00000466  -0.00000158  -0.00000050  -0.00000015  -0.00000004  -0.00000001  -0.00000000  -0.00000000  -0.00000000  -0.00000000  -0.00000000  -0.00000000  -0.00000000  -0.00000000  -0.00000000  -0.00000000  -0.00000000  -0.00000000  -0.00000000  -0.00000000  -0.00000000  -0.00000000  -0.00000000  -0.00000000  -0.00000000  -0.00000000  -0.00000000  -0.00000000  -0.00000000  -0.00000000  -0.00000000  -0.00000000  -0.00000000  -0.00000000  -0.00000000  -0.00000000  -0.00000000  -0.00000000  -0.00000000  -0.00000000  -0.00000000  -0.00000000  -0.00000000  -0.00000000  -0.00000000  -0.00000000  -0.00000000  -0.00000000  -0.00000000  -0.00000000  -0.00000000  -0.00000000  -0.00000000 
  0.00000000   0.08155334   0.31879073   0.68971630   1.15874215   1.67886853   2.19579076   2.65454815   3.00842009   3.22793091   3.30616356   3.25733101   3.10925075   2.89385922   2.63992320   2.36948649   2.09730430   1.83185154   1.57685496   1.33285211   1.09865352   0.87274402   0.65465870   0.44625014   0.25255832   0.08178245  -0.05618200  -0.15277354  -0.20452787  -0.21564434  -0.19732910  -0.16369148  -0.12667392  -0.09328700  -0.06610044  -0.04522570  -0.02986578  -0.01900174  -0.01162333  -0.00682072  -0.00383095  -0.00205470  -0.00104982  -0.00050972  -0.00023460  -0.00010208  -0.00004189  -0.00001616  -0.00000585  -0.00000198  -0.00000062  -0.00000018  -0.00000005  -0.00000001  -0.00000000  -0.00000000  -0.00000000  -0.00000000  -0.00000000  -0.00000000  -0.00000000  -0.00000000  -0.00000000  -0.00000000  -0.00000000  -0.00000000  -0.00000000  -0.00000000  -0.00000000  -0.00000000  -0.00000000  -0.00000000  -0.00000000  -0.00000000  -0.00000000  -0.00000000  -0.00000000  -0.00000000  -0.00000000  -0.00000000  -0.00000000  -0.00000000  -0.00000000  -0.00000000  -0.00000000  -0.00000000  -0.00000000  -0.00000000  -0.00000000  -0.00000000  -0.00000000  -0.00000000  -0.00000000  -0.00000000  -0.00000000  -0.00000000  -0.00000000  -0.00000000  -0.00000000  -0.00000000  -0.00000000 
  0.00000000   0.07270452   0.28558783   0.62302156   1.05924939   1.55913027   2.07982643   2.57407255   2.99555450   3.30616356   3.48334011   3.52429820   3.44451896   3.27102665   3.03397855   2.76017846   2.46989884   2.17640652   1.88698166   1.60452101   1.32929306   1.06072170   0.79916362   0.54754844   0.31252087   0.10447150  -0.06420204  -0.18276967  -0.24676287  -0.26112546  -0.23942937  -0.19886411  -0.15402391  -0.11350133  -0.08046619  -0.05507982  -0.03638773  -0.02315941  -0.01417094  -0.00831794  -0.00467300  -0.00250684  -0.00128106  -0.00062210  -0.00028636  -0.00012462  -0.00005114  -0.00001974  -0.00000714  -0.00000242  -0.00000076  -0.00000022  -0.00000006  -0.00000002  -0.00000000  -0.00000000  -0.00000000  -0.00000000  -0.00000000  -0.00000000  -0.00000000  -0.00000000  -0.00000000  -0.00000000  -0.00000000  -0.00000000  -0.00000000  -0.00000000  -0.00000000  -0.00000000  -0.00000000  -0.00000000  -0.00000000  -0.00000000  -0.00000000  -0.00000000  -0.00000000  -0.00000000  -0.00000000  -0.00000000  -0.00000000  -0.00000000  -0.00000000  -0.00000000  -0.00000000  -0.00000000  -0.00000000  -0.00000000  -0.00000000  -0.00000000  -0.00000000  -0.00000000  -0.00000000  -0.00000000  -0.00000000  -0.00000000  -0.00000000  -0.00000000  -0.00000000  -0.00000000  -0.00000000 
  0.00000000   0.06400033   0.25231775   0.55388867   0.95026885   1.41577050   1.91798464   2.41909415   2.87851683   3.25733101   3.52429820   3.66197724   3.67018815   3.56455501   3.37052565   3.11590563   2.82507714   2.51617734   2.20076821   1.88497430   1.57130347   1.26075133   0.95499693   0.65846150   0.37977036   0.13187360  -0.06996864  -0.21254306  -0.29017117  -0.30849746  -0.28357692  -0.23588859  -0.18288182  -0.13486484  -0.09566798  -0.06551870  -0.04330324  -0.02757161  -0.01687650  -0.00990900  -0.00556832  -0.00298783  -0.00152717  -0.00074174  -0.00034148  -0.00014863  -0.00006100  -0.00002354  -0.00000852  -0.00000289  -0.00000091  -0.00000027  -0.00000007  -0.00000002  -0.00000000  -0.00000000  -0.00000000  -0.00000000  -0.00000000  -0.00000000  -0.00000000  -0.00000000  -0.00000000  -0.00000000  -0.00000000  -0.00000000  -0.00000000  -0.00000000  -0.00000000  -0.00000000  -0.00000000  -0.00000000  -0.00000000  -0.00000000  -0.00000000  -0.00000000  -0.00000000  -0.00000000  -0.00000000  -0.00000000  -0.00000000  -0.00000000  -0.00000000  -0.00000000  -0.00000000  -0.00000000  -0.00000000  -0.00000000  -0.00000000  -0.00000000  -0.00000000  -0.00000000  -0.00000000  -0.00000000  -0.00000000  -0.00000000  -0.00000000  -0.00000000  -0.00000000  -0.00000000  -0.00000000 
  0.00000000   0.05584176   0.22076498   0.48693065   0.84117980   1.26495416   1.73433384   2.22040101   2.69027103   3.10925075   3.44451896   3.67018815   3.77247225   3.75259562   3.62544668   3.41427724   3.14408280   2.83648149   2.50728871   2.16644865   1.81946035   1.46959345   1.12044352   0.77842249   0.45457731   0.16483224  -0.07229550  -0.24076309  -0.33343894  -0.35657761  -0.32878268  -0.27398542  -0.21266160  -0.15695341  -0.11140902  -0.07634141  -0.05048085  -0.03215545  -0.01968966  -0.01156456  -0.00650054  -0.00348892  -0.00178368  -0.00086650  -0.00039898  -0.00017368  -0.00007129  -0.00002752  -0.00000996  -0.00000337  -0.00000106  -0.00000031  -0.00000009  -0.00000002  -0.00000000  -0.00000000  -0.00000000  -0.00000000  -0.00000000  -0.00000000  -0.00000000  -0.00000000  -0.00000000  -0.00000000  -0.00000000  -0.00000000  -0.00000000  -0.00000000  -0.00000000  -0.00000000  -0.00000000  -0.00000000  -0.00000000  -0.00000000  -0.00000000  -0.00000000  -0.00000000  -0.00000000  -0.00000000  -0.00000000  -0.00000000  -0.00000000  -0.00000000  -0.00000000  -0.00000000  -0.00000000  -0.00000000  -0.00000000  -0.00000000  -0.00000000  -0.00000000  -0.00000000  -0.00000000  -0.00000000  -0.00000000  -0.00000000  -0.00000000  -0.00000000  -0.00000000  -0.00000000  -0.00000000 
  0.00000000   0.04840889   0.19178928   0.42456989   0.73736281   1.11683264   1.54557157   2.00207254   2.46097312   2.89385922   3.27102665   3.56455501   3.75259562   3.82379068   3.77976988   3.63395337   3.40688691   3.12042000   2.79326327   2.43906924   2.06680704   1.68267497   1.29282356   0.90622159   0.53683876   0.20403292  -0.06999352  -0.26598974  -0.37508623  -0.40400132  -0.37388804  -0.31223252  -0.24266536  -0.17925950  -0.12733274  -0.08730572  -0.05776163  -0.03681036  -0.02254923  -0.01324889  -0.00744966  -0.00399943  -0.00204518  -0.00099374  -0.00045766  -0.00019926  -0.00008180  -0.00003158  -0.00001143  -0.00000387  -0.00000122  -0.00000036  -0.00000010  -0.00000002  -0.00000001  -0.00000000  -0.00000000  -0.00000000  -0.00000000  -0.00000000  -0.00000000  -0.00000000  -0.00000000  -0.00000000  -0.00000000  -0.00000000  -0.00000000  -0.00000000  -0.00000000  -0.00000000  -0.00000000  -0.00000000  -0.00000000  -0.00000000  -0.00000000  -0.00000000  -0.00000000  -0.00000000  -0.00000000  -0.00000000  -0.00000000  -0.00000000  -0.00000000  -0.00000000  -0.00000000  -0.00000000  -0.00000000  -0.00000000  -0.00000000  -0.00000000  -0.00000000  -0.00000000  -0.00000000  -0.00000000  -0.00000000  -0.00000000  -0.00000000  -0.00000000  -0.00000000  -0.00000000  -0.00000000 
  0.00000000   0.04175113   0.16568820   0.36783668   0.64148832   0.97708089   1.36204662   1.78066199   2.21397083   2.63992320   3.03397855   3.37052565   3.62544668   3.77976988   3.82349177   3.75777592   3.59395001   3.34947388   3.04293302   2.69036934   2.30404667   1.89347703   1.46793776   1.03953694   0.62570468   0.24972378  -0.06206528  -0.28679801  -0.41353954  -0.44926063  -0.41758386  -0.34957430  -0.27208792  -0.20119451  -0.14302402  -0.09812865  -0.06495935  -0.04141824  -0.02538321  -0.01491982  -0.00839208  -0.00450673  -0.00230520  -0.00112034  -0.00051606  -0.00022473  -0.00009227  -0.00003563  -0.00001290  -0.00000437  -0.00000138  -0.00000040  -0.00000011  -0.00000003  -0.00000001  -0.00000000  -0.00000000  -0.00000000  -0.00000000  -0.00000000  -0.00000000  -0.00000000  -0.00000000  -0.00000000  -0.00000000  -0.00000000  -0.00000000  -0.00000000  -0.00000000  -0.00000000  -0.00000000  -0.00000000  -0.00000000  -0.00000000  -0.00000000  -0.00000000  -0.00000000  -0.00000000  -0.00000000  -0.00000000  -0.00000000  -0.00000000  -0.00000000  -0.00000000  -0.00000000  -0.00000000  -0.00000000  -0.00000000  -0.00000000  -0.00000000  -0.00000000  -0.00000000  -0.00000000  -0.00000000  -0.00000000  -0.00000000  -0.00000000  -0.00000000  -0.00000000  -0.00000000  -0.00000000 
  0.00000000   0.03584319   0.14243019   0.31691540   0.55449634   0.84832244   1.18936658   1.56626442   1.96514204   2.36948649   2.76017846   3.11590563   3.41427724   3.63395337   3.75777592   3.77612626   3.68894026   3.50497392   3.23846305   2.90502976   2.51895622   2.09283972   1.63938423   1.17432690   0.71907533   0.30132702  -0.04798514  -0.30196542  -0.44724826  -0.49077234  -0.45844940  -0.38484467  -0.30003115  -0.22209813  -0.15801526  -0.10849044  -0.07186297  -0.04584492  -0.02810956  -0.01652928  -0.00930080  -0.00499635  -0.00255636  -0.00124272  -0.00057256  -0.00024938  -0.00010241  -0.00003955  -0.00001432  -0.00000485  -0.00000153  -0.00000045  -0.00000012  -0.00000003  -0.00000001  -0.00000000  -0.00000000  -0.00000000  -0.00000000  -0.00000000  -0.00000000  -0.00000000  -0.00000000  -0.00000000  -0.00000000  -0.00000000  -0.00000000  -0.00000000  -0.00000000  -0.00000000  -0.00000000  -0.00000000  -0.00000000  -0.00000000  -0.00000000  -0.00000000  -0.00000000  -0.00000000  -0.00000000  -0.00000000  -0.00000000  -0.00000000  -0.00000000  -0.00000000  -0.00000000  -0.00000000  -0.00000000  -0.00000000  -0.00000000  -0.00000000  -0.00000000  -0.00000000  -0.00000000  -0.00000000  -0.00000000  -0.00000000  -0.00000000  -0.00000000  -0.00000000  -0.00000000  -0.00000000 
  0.00000000   0.03061855   0.12179693   0.27149239   0.47626265   0.73120556   1.02986669   1.36410861   1.72393857   2.09730430   2.46989884   2.82507714   3.14408280   3.40688691   3.59395001   3.68894026   3.68176276   3.57052922   3.36121929   3.06516751   2.69605698   2.26833069   1.79783285   1.30413102   0.81299337   0.35695068  -0.02806313  -0.31072402  -0.47484797  -0.52697896  -0.49501422  -0.41680621  -0.32553008  -0.24125617  -0.17179852  -0.11804253  -0.07824177  -0.04994333  -0.03063818  -0.01802432  -0.01014606  -0.00545232  -0.00279051  -0.00135691  -0.00062531  -0.00027241  -0.00011189  -0.00004321  -0.00001565  -0.00000530  -0.00000167  -0.00000049  -0.00000013  -0.00000003  -0.00000001  -0.00000000  -0.00000000  -0.00000000  -0.00000000  -0.00000000  -0.00000000  -0.00000000  -0.00000000  -0.00000000  -0.00000000  -0.00000000  -0.00000000  -0.00000000  -0.00000000  -0.00000000  -0.00000000  -0.00000000  -0.00000000  -0.00000000  -0.00000000  -0.00000000  -0.00000000  -0.00000000  -0.00000000  -0.00000000  -0.00000000  -0.00000000  -0.00000000  -0.00000000  -0.00000000  -0.00000000  -0.00000000  -0.00000000  -0.00000000  -0.00000000  -0.00000000  -0.00000000  -0.00000000  -0.00000000  -0.00000000  -0.00000000  -0.00000000  -0.00000000  -0.00000000  -0.00000000  -0.00000000 
  0.00000000   0.02598908   0.10346884   0.23097134   0.40603052   0.62514824   0.88373696   1.17602827   1.49493436   1.83185154   2.17640652   2.51617734   2.83648149   3.12042000   3.34947388   3.50497392   3.57052922   3.53489152   3.39406531   3.15156069   2.81691315   2.40395759   1.93044907   1.41940564   0.90101041   0.41284945  -0.00386519  -0.31306350  -0.49536510  -0.55648117  -0.52584344  -0.44420677  -0.34759180  -0.25792775  -0.18384428  -0.12642019  -0.08385354  -0.05355863  -0.03287400  -0.01934896  -0.01089632  -0.00585767  -0.00299895  -0.00145868  -0.00067238  -0.00029298  -0.00012036  -0.00004649  -0.00001684  -0.00000570  -0.00000180  -0.00000053  -0.00000014  -0.00000004  -0.00000001  -0.00000000  -0.00000000  -0.00000000  -0.00000000  -0.00000000  -0.00000000  -0.00000000  -0.00000000  -0.00000000  -0.00000000  -0.00000000  -0.00000000  -0.00000000  -0.00000000  -0.00000000  -0.00000000  -0.00000000  -0.00000000  -0.00000000  -0.00000000  -0.00000000  -0.00000000  -0.00000000  -0.00000000  -0.00000000  -0.00000000  -0.00000000  -0.00000000  -0.00000000  -0.00000000  -0.00000000  -0.00000000  -0.00000000  -0.00000000  -0.00000000  -0.00000000  -0.00000000  -0.00000000  -0.00000000  -0.00000000  -0.00000000  -0.00000000  -0.00000000  -0.00000000  -0.00000000  -0.00000000 
  0.00000000   0.02185728   0.08707859   0.19461103   0.34269410   0.52884672   0.74983909   1.00163785   1.27930836   1.57685496   1.88698166   2.20076821   2.50728871   2.79326327   3.04293302   3.23846305   3.36121929   3.39406531   3.32427382   3.14602431   2.86150075   2.48065392   2.02080601   1.50713973   0.97369817   0.46294669   0.02138013  -0.31004509  -0.50844228  -0.57819255  -0.54964295  -0.46585230  -0.36524707  -0.27138191  -0.19362699  -0.13325984  -0.08845595  -0.05653542  -0.03472129  -0.02044670  -0.01151970  -0.00619524  -0.00317287  -0.00154374  -0.00071178  -0.00031022  -0.00012747  -0.00004925  -0.00001784  -0.00000604  -0.00000191  -0.00000056  -0.00000015  -0.00000004  -0.00000001  -0.00000000  -0.00000000  -0.00000000  -0.00000000  -0.00000000  -0.00000000  -0.00000000  -0.00000000  -0.00000000  -0.00000000  -0.00000000  -0.00000000  -0.00000000  -0.00000000  -0.00000000  -0.00000000  -0.00000000  -0.00000000  -0.00000000  -0.00000000  -0.00000000  -0.00000000  -0.00000000  -0.00000000  -0.00000000  -0.00000000  -0.00000000  -0.00000000  -0.00000000  -0.00000000  -0.00000000  -0.00000000  -0.00000000  -0.00000000  -0.00000000  -0.00000000  -0.00000000  -0.00000000  -0.00000000  -0.00000000  -0.00000000  -0.00000000  -0.00000000  -0.00000000  -0.00000000  -0.00000000 
  0.00000000   0.01812519   0.07225017   0.16162479   0.28500322   0.44064662   0.62631751   0.83925514   1.07611510   1.33285211   1.60452101   1.88497430   2.16644865   2.43906924   2.69036934   2.90502976   3.06516751   3.15156069   3.14602431   3.03463946   2.81092981   2.47803923   2.04977513   1.55114873   1.01859927   0.49862356   0.04252275  -0.30404566  -0.51454044  -0.59149516  -0.56537503  -0.48069193  -0.37761254  -0.28094260  -0.20065682  -0.13822072  -0.09182083  -0.05872679  -0.03608927  -0.02126380  -0.01198578  -0.00644860  -0.00330385  -0.00160799  -0.00074162  -0.00032330  -0.00013287  -0.00005135  -0.00001861  -0.00000630  -0.00000199  -0.00000059  -0.00000016  -0.00000004  -0.00000001  -0.00000000  -0.00000000  -0.00000000  -0.00000000  -0.00000000  -0.00000000  -0.00000000  -0.00000000  -0.00000000  -0.00000000  -0.00000000  -0.00000000  -0.00000000  -0.00000000  -0.00000000  -0.00000000  -0.00000000  -0.00000000  -0.00000000  -0.00000000  -0.00000000  -0.00000000  -0.00000000  -0.00000000  -0.00000000  -0.00000000  -0.00000000  -0.00000000  -0.00000000  -0.00000000  -0.00000000  -0.00000000  -0.00000000  -0.00000000  -0.00000000  -0.00000000  -0.00000000  -0.00000000  -0.00000000  -0.00000000  -0.00000000  -0.00000000  -0.00000000  -0.00000000  -0.00000000  -0.00000000 
  0.00000000   0.01470295   0.05863509   0.13126992   0.23174142   0.35885760   0.51111147   0.68667940   0.88339155   1.09865352   1.32929306   1.57130347   1.81946035   2.06680704   2.30404667   2.51895622   2.69605698   2.81691315   2.86150075   2.81092981   2.65129398   2.37777459   1.99792816   1.53357054   1.02104657   0.50909143   0.05259432  -0.29879921  -0.51504348  -0.59635853  -0.57236710  -0.48790715  -0.38395956  -0.28603953  -0.20451585  -0.14100982  -0.09375072  -0.06000489  -0.03689856  -0.02175306  -0.01226774  -0.00660324  -0.00338440  -0.00164776  -0.00076019  -0.00033148  -0.00013627  -0.00005267  -0.00001909  -0.00000647  -0.00000204  -0.00000060  -0.00000016  -0.00000004  -0.00000001  -0.00000000  -0.00000000  -0.00000000  -0.00000000  -0.00000000  -0.00000000  -0.00000000  -0.00000000  -0.00000000  -0.00000000  -0.00000000  -0.00000000  -0.00000000  -0.00000000  -0.00000000  -0.00000000  -0.00000000  -0.00000000  -0.00000000  -0.00000000  -0.00000000  -0.00000000  -0.00000000  -0.00000000  -0.00000000  -0.00000000  -0.00000000  -0.00000000  -0.00000000  -0.00000000  -0.00000000  -0.00000000  -0.00000000  -0.00000000  -0.00000000  -0.00000000  -0.00000000  -0.00000000  -0.00000000  -0.00000000  -0.00000000  -0.00000000  -0.00000000  -0.00000000  -0.00000000  -0.00000000 
  0.00000000   0.01151853   0.04595284   0.10294411   0.18191023   0.28206657   0.40244831   0.54192540   0.69919667   0.87274402   1.06072170   1.26075133   1.46959345   1.68267497   1.89347703   2.09283972   2.26833069   2.40395759   2.48065392   2.47803923   2.37777459   2.16826950   1.84972435   1.43804938   0.96633646   0.48274280   0.04355698  -0.29905348  -0.51216033  -0.59336806  -0.57038777  -0.48699287  -0.38378276  -0.28626049  -0.20489591  -0.14140811  -0.09409633  -0.06027216  -0.03708806  -0.02187792  -0.01234471  -0.00664777  -0.00340862  -0.00166015  -0.00076615  -0.00033418  -0.00013741  -0.00005312  -0.00001926  -0.00000653  -0.00000206  -0.00000061  -0.00000017  -0.00000004  -0.00000001  -0.00000000  -0.00000000  -0.00000000  -0.00000000  -0.00000000  -0.00000000  -0.00000000  -0.00000000  -0.00000000  -0.00000000  -0.00000000  -0.00000000  -0.00000000  -0.00000000  -0.00000000  -0.00000000  -0.00000000  -0.00000000  -0.00000000  -0.00000000  -0.00000000  -0.00000000  -0.00000000  -0.00000000  -0.00000000  -0.00000000  -0.00000000  -0.00000000  -0.00000000  -0.00000000  -0.00000000  -0.00000000  -0.00000000  -0.00000000  -0.00000000  -0.00000000  -0.00000000  -0.00000000  -0.00000000  -0.00000000  -0.00000000  -0.00000000  -0.00000000  -0.00000000  -0.00000000  -0.00000000 
  0.00000000   0.00852918   0.03403766   0.07629401   0.13493086   0.20946995   0.29935149   0.40396027   0.52263710   0.65465870   0.79916362   0.95499693   1.12044352   1.29282356   1.46793776   1.63938423   1.79783285   1.93044907   2.02080601   2.04977513   1.99792816   1.84972435   1.59904744   1.25467322   0.84355334   0.40981093   0.00796994  -0.30965202  -0.50850937  -0.58360046  -0.55965942  -0.47781497  -0.37685982  -0.28139982  -0.20163424  -0.13929551  -0.09277342  -0.05947219  -0.03662176  -0.02161644  -0.01220395  -0.00657520  -0.00337287  -0.00164337  -0.00075866  -0.00033100  -0.00013614  -0.00005264  -0.00001909  -0.00000647  -0.00000205  -0.00000060  -0.00000016  -0.00000004  -0.00000001  -0.00000000  -0.00000000  -0.00000000  -0.00000000  -0.00000000  -0.00000000  -0.00000000  -0.00000000  -0.00000000  -0.00000000  -0.00000000  -0.00000000  -0.00000000  -0.00000000  -0.00000000  -0.00000000  -0.00000000  -0.00000000  -0.00000000  -0.00000000  -0.00000000  -0.00000000  -0.00000000  -0.00000000  -0.00000000  -0.00000000  -0.00000000  -0.00000000  -0.00000000  -0.00000000  -0.00000000  -0.00000000  -0.00000000  -0.00000000  -0.00000000  -0.00000000  -0.00000000  -0.00000000  -0.00000000  -0.00000000  -0.00000000  -0.00000000  -0.00000000  -0.00000000  -0.00000000  -0.00000000 
 -0.00000000   0.00573304   0.02288550   0.05132331   0.09084234   0.14119523   0.20212445   0.27339513   0.35481828   0.44625014   0.54754844   0.65846150   0.77842249   0.90622159   1.03953694   1.17432690   1.30413102   1.41940564   1.50713973   1.55114873   1.53357054   1.43804938   1.25467322   0.98579737   0.65069734   0.28628599  -0.05836281  -0.33395789  -0.50631761  -0.56830245  -0.54078136  -0.46062897  -0.36329269  -0.27149618  -0.19474238  -0.13467143  -0.08977671  -0.05759883  -0.03549438  -0.02096473  -0.01184291  -0.00638396  -0.00327626  -0.00159693  -0.00073748  -0.00032186  -0.00013241  -0.00005121  -0.00001857  -0.00000630  -0.00000199  -0.00000059  -0.00000016  -0.00000004  -0.00000001  -0.00000000  -0.00000000  -0.00000000  -0.00000000  -0.00000000  -0.00000000  -0.00000000  -0.00000000  -0.00000000  -0.00000000  -0.00000000  -0.00000000  -0.00000000  -0.00000000  -0.00000000  -0.00000000  -0.00000000  -0.00000000  -0.00000000  -0.00000000  -0.00000000  -0.00000000  -0.00000000  -0.00000000  -0.00000000  -0.00000000  -0.00000000  -0.00000000  -0.00000000  -0.00000000  -0.00000000  -0.00000000  -0.00000000  -0.00000000  -0.00000000  -0.00000000  -0.00000000  -0.00000000  -0.00000000  -0.00000000  -0.00000000  -0.00000000  -0.00000000  -0.00000000  -0.00000000  -0.00000000 
 -0.00000000   0.00317669   0.01268469   0.02846366   0.05043205   0.07851404   0.11267351   0.15295015   0.19948991   0.25255832   0.31252087   0.37977036   0.45457731   0.53683876   0.62570468   0.71907533   0.81299337   0.90101041   0.97369817   1.01859927   1.02104657   0.96633646   0.84355334   0.65069734   0.39963006   0.11819963  -0.15323168  -0.37183831  -0.50632159  -0.54839654  -0.51456255  -0.43605189  -0.34352213  -0.25685315  -0.18442333  -0.12766756  -0.08518883  -0.05470219  -0.03373518  -0.01993925  -0.01127044  -0.00607863  -0.00312104  -0.00152191  -0.00070309  -0.00030696  -0.00012632  -0.00004887  -0.00001773  -0.00000601  -0.00000190  -0.00000056  -0.00000015  -0.00000004  -0.00000001  -0.00000000  -0.00000000  -0.00000000  -0.00000000  -0.00000000  -0.00000000  -0.00000000  -0.00000000  -0.00000000  -0.00000000  -0.00000000  -0.00000000  -0.00000000  -0.00000000  -0.00000000  -0.00000000  -0.00000000  -0.00000000  -0.00000000  -0.00000000  -0.00000000  -0.00000000  -0.00000000  -0.00000000  -0.00000000  -0.00000000  -0.00000000  -0.00000000  -0.00000000  -0.00000000  -0.00000000  -0.00000000  -0.00000000  -0.00000000  -0.00000000  -0.00000000  -0.00000000  -0.00000000  -0.00000000  -0.00000000  -0.00000000  -0.00000000  -0.00000000  -0.00000000  -0.00000000  -0.00000000 
  0.00000000   0.00095194   0.00380370   0.00854857   0.01519332   0.02378377   0.03443782   0.04738197   0.06298539   0.08178245   0.10447150   0.13187360   0.16483224   0.20403292   0.24972378   0.30132702   0.35695068   0.41284945   0.46294669   0.49862356   0.50909143   0.48274280   0.40981093   0.28628599   0.11819963  -0.07572179  -0.26563828  -0.41794432  -0.50673538  -0.52396657  -0.48181242  -0.40499491  -0.31831148  -0.23803731  -0.17107297  -0.11854973  -0.07918212  -0.05088997  -0.03140898  -0.01857746  -0.01050730  -0.00567020  -0.00291277  -0.00142098  -0.00065671  -0.00028681  -0.00011806  -0.00004569  -0.00001657  -0.00000562  -0.00000178  -0.00000052  -0.00000014  -0.00000004  -0.00000001  -0.00000000  -0.00000000  -0.00000000  -0.00000000  -0.00000000  -0.00000000  -0.00000000  -0.00000000  -0.00000000  -0.00000000  -0.00000000  -0.00000000  -0.00000000  -0.00000000  -0.00000000  -0.00000000  -0.00000000  -0.00000000  -0.00000000  -0.00000000  -0.00000000  -0.00000000  -0.00000000  -0.00000000  -0.00000000  -0.00000000  -0.00000000  -0.00000000  -0.00000000  -0.00000000  -0.00000000  -0.00000000  -0.00000000  -0.00000000  -0.00000000  -0.00000000  -0.00000000  -0.00000000  -0.00000000  -0.00000000  -0.00000000  -0.00000000  -0.00000000  -0.00000000  -0.00000000  -0.00000000 
  0.00000000  -0.00082501  -0.00329202  -0.00737200  -0.01300035  -0.02005347  -0.02831822  -0.03745694  -0.04697282  -0.05618200  -0.06420204  -0.06996864  -0.07229550  -0.06999352  -0.06206528  -0.04798514  -0.02806313  -0.00386519   0.02138013   0.04252275   0.05259432   0.04355698   0.00796994  -0.05836281  -0.15323168  -0.26563828  -0.37614825  -0.46152298  -0.50295334  -0.49402619  -0.44320035  -0.36858593  -0.28870283  -0.21585141  -0.15526280  -0.10770699  -0.07201178  -0.04632349  -0.02861382  -0.01693653  -0.00958543  -0.00517571  -0.00266012  -0.00129831  -0.00060027  -0.00026225  -0.00010798  -0.00004180  -0.00001517  -0.00000515  -0.00000163  -0.00000048  -0.00000013  -0.00000003  -0.00000001  -0.00000000  -0.00000000  -0.00000000  -0.00000000  -0.00000000  -0.00000000  -0.00000000  -0.00000000  -0.00000000  -0.00000000  -0.00000000  -0.00000000  -0.00000000  -0.00000000  -0.00000000  -0.00000000  -0.00000000  -0.00000000  -0.00000000  -0.00000000  -0.00000000  -0.00000000  -0.00000000  -0.00000000  -0.00000000  -0.00000000  -0.00000000  -0.00000000  -0.00000000  -0.00000000  -0.00000000  -0.00000000  -0.00000000  -0.00000000  -0.00000000  -0.00000000  -0.00000000  -0.00000000  -0.00000000  -0.00000000  -0.00000000  -0.00000000  -0.00000000  -0.00000000  -0.00000000  -0.00000000 
 -0.00000000  -0.00205376  -0.00820022  -0.01839066  -0.03252964  -0.05045441  -0.07190767  -0.09650568  -0.12370514  -0.15277354  -0.18276967  -0.21254306  -0.24076309  -0.26598974  -0.28679801  -0.30196542  -0.31072402  -0.31306350  -0.31004509  -0.30404566  -0.29879921  -0.29905348  -0.30965202  -0.33395789  -0.37183831  -0.41794432  -0.46152298  -0.48892331  -0.48868636  -0.45691283  -0.39931921  -0.32812348  -0.25595462  -0.19128339  -0.13770370  -0.09562720  -0.06400014  -0.04120778  -0.02547506  -0.01508997  -0.00854606  -0.00461725  -0.00237436  -0.00115939  -0.00053626  -0.00023437  -0.00009654  -0.00003738  -0.00001357  -0.00000460  -0.00000146  -0.00000043  -0.00000012  -0.00000003  -0.00000001  -0.00000000  -0.00000000  -0.00000000  -0.00000000  -0.00000000  -0.00000000  -0.00000000  -0.00000000  -0.00000000  -0.00000000  -0.00000000  -0.00000000  -0.00000000  -0.00000000  -0.00000000  -0.00000000  -0.00000000  -0.00000000  -0.00000000  -0.00000000  -0.00000000  -0.00000000  -0.00000000  -0.00000000  -0.00000000  -0.00000000  -0.00000000  -0.00000000  -0.00000000  -0.00000000  -0.00000000  -0.00000000  -0.00000000  -0.00000000  -0.00000000  -0.00000000  -0.00000000  -0.00000000  -0.00000000  -0.00000000  -0.00000000  -0.00000000  -0.00000000  -0.00000000  -0.00000000  -0.00000000 
 -0.00000000  -0.00269828  -0.01077600  -0.02417809  -0.04280072  -0.06647375  -0.09493725  -0.12781367  -0.16457777  -0.20452787  -0.24676287  -0.29017117  -0.33343894  -0.37508623  -0.41353954  -0.44724826  -0.47484797  -0.49536510  -0.50844228  -0.51454044  -0.51504348  -0.51216033  -0.50850937  -0.50631761  -0.50632159  -0.50673538  -0.50295334  -0.48868636  -0.45861373  -0.41139718  -0.35100504  -0.28508491  -0.22146992  -0.16543569  -0.11919308  -0.08286071  -0.05551275  -0.03577648  -0.02213614  -0.01312222  -0.00743675  -0.00402038  -0.00206856  -0.00101056  -0.00046762  -0.00020445  -0.00008424  -0.00003263  -0.00001185  -0.00000402  -0.00000127  -0.00000037  -0.00000010  -0.00000003  -0.00000001  -0.00000000  -0.00000000  -0.00000000  -0.00000000  -0.00000000  -0.00000000  -0.00000000  -0.00000000  -0.00000000  -0.00000000  -0.00000000  -0.00000000  -0.00000000  -0.00000000  -0.00000000  -0.00000000  -0.00000000  -0.00000000  -0.00000000  -0.00000000  -0.00000000  -0.00000000  -0.00000000  -0.00000000  -0.00000000  -0.00000000  -0.00000000  -0.00000000  -0.00000000  -0.00000000  -0.00000000  -0.00000000  -0.00000000  -0.00000000  -0.00000000  -0.00000000  -0.00000000  -0.00000000  -0.00000000  -0.00000000  -0.00000000  -0.00000000  -0.00000000  -0.00000000  -0.00000000  -0.00000000 
