# coconut-me2b/v0.99.21 
# 
# momentum space matrix elements 
# partial wave J=1, L=0/0, S=1, T=0, MT=0 
# 
# momentum grid [fm^-1]
0.000000 0.200000 0.400000 0.600000 0.800000 1.000000 1.200000 1.400000 1.600000 1.800000 2.000000 2.200000 2.400000 2.600000 2.800000 3.000000 3.200000 3.400000 3.600000 3.800000 4.000000 4.200000 4.400000 4.600000 4.800000 5.000000 5.200000 5.400000 5.600000 5.800000 6.000000 6.200000 6.400000 6.600000 6.800000 7.000000 7.200000 7.400000 7.600000 7.800000 8.000000 8.200000 8.400000 8.600000 8.800000 9.000000 9.200000 9.400000 9.600000 9.800000 10.000000 
#
# matrix elements [MeV fm^3] 
-36.30660160 -34.48740673 -30.13741471 -25.06115828 -20.20567749 -15.81855024 -11.91638326  -8.48328531  -5.51048072  -2.99180343  -0.91518910   0.74146962   2.01041815   2.93182708   3.55070216   3.91381138   4.06709418   4.05373149   3.91288202   3.67899809   3.38159556   3.04534767   2.69038734   2.33272567   1.98472004   1.65554795   1.35166140   1.07720956   0.83442603   0.62398104   0.44530064   0.29685489   0.17641619   0.08128774   0.00850214  -0.04501068  -0.08228602  -0.10621700  -0.11947580  -0.12446095  -0.12326806  -0.11767995  -0.10917280  -0.09893409  -0.08788899  -0.07673175  -0.06595938  -0.05590542  -0.04677204  -0.03865937  -0.03159131 
-34.48740673 -32.98964358 -29.21345422 -24.53190548 -19.87668341 -15.59187884 -11.75049449  -8.35855517  -5.41509689  -2.91721477  -0.85481918   0.79258869   2.05583206   2.97385891   3.59068835   3.95235199   4.10429092   4.08939349   3.94668871   3.71061622   3.41075330   3.07187261   2.71421672   2.35389778   2.00335455   1.67182184   1.36578504   1.08940619   0.84491592   0.63297086   0.45297749   0.30338420   0.18194216   0.08593558   0.01238098  -0.04180480  -0.07966746  -0.10410847  -0.11780684  -0.12316706  -0.12229022  -0.11696450  -0.10867141  -0.09860382  -0.08769231  -0.07663644  -0.06593834  -0.05593636  -0.04683708  -0.03874455  -0.03168606 
-30.13741471 -29.21345422 -26.63027744 -22.95109524 -18.88170709 -14.91173588 -11.25621926  -7.98812239  -5.13226821  -2.69645708  -0.67670583   0.94272746   2.18852019   3.09605868   3.70647618   4.06363757   4.21150495   4.19208605   4.04400521   3.80164143   3.49473111   3.14832050   2.78295927   2.41504465   2.05724595   1.71896044   1.40676825   1.12486751   0.87548000   0.65922331   0.47544814   0.32254114   0.19819361   0.09963630   0.02384079  -0.03231229  -0.07189728  -0.09783837  -0.11283321  -0.11930256  -0.11936266  -0.11481659  -0.10716099  -0.09760419  -0.08709237  -0.07634057  -0.06586594  -0.05602095  -0.04702518  -0.03899432  -0.03196579 
-25.06115828 -24.53190548 -22.95109524 -20.41170221 -17.21106824 -13.77580111 -10.44153092  -7.38226267  -4.67155944  -2.33832146  -0.38959497   1.18254108   2.39820588   3.28718314   3.88603664   4.23516015   4.37610685   4.34941016   4.19297197   3.94099873   3.62341154   3.26563353   2.88865563   2.50929192   2.14055178   1.79207275   1.47057463   1.18030774   0.92347905   0.70064654   0.51107700   0.35306527   0.22421448   0.12167777   0.04236255  -0.01690133  -0.05922747  -0.08757066  -0.10465349  -0.11291865  -0.11450332  -0.11123190  -0.10462330  -0.09590922  -0.08605992  -0.07581473  -0.06571459  -0.05613463  -0.04731542  -0.03939153  -0.03241692 
-20.20567749 -19.87668341 -18.88170709 -17.21106824 -14.91444075 -12.18355031  -9.31368452  -6.55456032  -4.04736360  -1.85660411  -0.00725014   1.49745527   2.66898925   3.52991198   4.11086662   4.44767720   4.57864808   4.54224581   4.37527263   4.11155612   3.78111859   3.40975488   3.01893349   2.62593618   2.24415975   1.88351678   1.55088562   1.25057307   0.98476449   0.75394481   0.55728094   0.39296066   0.25848657   0.15092574   0.06711682   0.00383762  -0.04206376  -0.07357057  -0.09342810  -0.10409945  -0.10774255  -0.10620448  -0.10102949  -0.09347716  -0.08454761  -0.07501102  -0.06543918  -0.05623708  -0.04767323  -0.03990766  -0.03301680 
-15.81855024 -15.59187884 -14.91173588 -13.77580111 -12.18355031 -10.17275136  -7.87898625  -5.51689271  -3.27597288  -1.26852917   0.45279970   1.86906173   2.98101556   3.80276929   4.35808763   4.67739740   4.79504851   4.74686888   4.56812426   4.29194872   3.94825179   3.56306213   3.15824096   2.75148669   2.35655243   1.98360524   1.63966691   1.32908883   1.05402568   0.81488361   0.61072785   0.43964176   0.29903434   0.18589716   0.09701351   0.02912414  -0.02094582  -0.05619353  -0.07937410  -0.09296055  -0.09912379  -0.09972866  -0.09634250  -0.09025295  -0.08249212  -0.07386478  -0.06497833  -0.05627302  -0.04805094  -0.04050312  -0.03373371 
-11.91638326 -11.75049449 -11.25621926 -10.44153092  -9.31368452  -7.87898625  -6.16743782  -4.27817837  -2.37119882  -0.59194698   0.97116787   2.27692670   3.31251142   4.08244061   4.60298083   4.89863306   4.99926318   4.93754211   4.74672130   4.45882491   4.10330299   3.70614013   3.28937440   2.87095815   2.46488193   2.08148392   1.72787453   1.40841778   1.12522395   0.87862125   0.66758551   0.49011647   0.34355645   0.22485225   0.13076422   0.05802832   0.00347747  -0.03587141  -0.06275888  -0.07964750  -0.08870498  -0.09180189  -0.09052042  -0.08617145  -0.07981710  -0.07229702  -0.06425627  -0.05617354  -0.04838853  -0.04112757  -0.03452691 
 -8.48328531  -8.35855517  -7.98812239  -7.38226267  -6.55456032  -5.51689271  -4.27817837  -2.86210316  -1.34268050   0.15866710   1.52944564   2.70081702   3.64200163   4.34620175   4.82163331   5.08658317   5.16609913   5.08926873   4.88684668   4.58925668   4.22502879   3.81969679   3.39513451   2.96927552   2.55614058   2.16609070   1.80622751   1.48087238   1.19206974   0.94007440   0.72379636   0.54118857   0.38957164   0.26589676   0.16695148   0.08951562   0.03047526  -0.01309776  -0.04389375  -0.06433471  -0.07656060  -0.08242842  -0.08352083  -0.08116178  -0.07643698  -0.07021755  -0.06318516  -0.05585777  -0.04861470  -0.04172049  -0.03534682 
 -5.51048072  -5.41509689  -5.13226821  -4.67155944  -4.04736360  -3.27597288  -2.37119882  -1.34268050  -0.20897230   0.97417163   2.11391605   3.12349216   3.95062429   4.57421983   4.99338229   5.21990809   5.27384387   5.18038606   4.96735168   4.66304534   4.29454126   3.88641663   3.45993593   3.03264536   2.61830833   2.22709913   1.86597083   1.53912161   1.24849722   0.99428280   0.77535278   0.58966120   0.43456561   0.30708511   0.20409871   0.12249208   0.05926192   0.01158682  -0.02312796  -0.04722511  -0.06278467  -0.07162407  -0.07530609  -0.07515247  -0.07226160  -0.06752879  -0.06166815  -0.05523501  -0.04864830  -0.04221198  -0.03613528 
 -2.99180343  -2.91721477  -2.69645708  -2.33832146  -1.85660411  -1.26852917  -0.59194698   0.15866710   0.97417163   1.84086468   2.71754113   3.53400220   4.22462813   4.75161896   5.10282453   5.28280919   5.30640561   5.19470699   4.97223227   4.66467577   4.29709887   3.89256313   3.47121008   3.04975957   2.64136670   2.25575755   1.89955820   1.57673723   1.28909399   1.03674152   0.81854906   0.63252423   0.47612697   0.34651619   0.24073529   0.15584625   0.08902209   0.03760754  -0.00084407  -0.02855086  -0.04749467  -0.05942174  -0.06584946  -0.06807740  -0.06720149  -0.06413030  -0.05960287  -0.05420740  -0.04840009  -0.04252384  -0.03682611 
 -0.91518910  -0.85481918  -0.67670583  -0.38959497  -0.00725014   0.45279970   0.97116787   1.52944564   2.11391605   2.71754113   3.33216189   3.92938899   4.45802192   4.87039235   5.14131518   5.26643792   5.25474924   5.12298657   4.89208821   4.58472326   4.22342300   3.82917800   3.42047167   3.01272361   2.61809062   2.24555220   1.90119771   1.58863514   1.30945201   1.06367505   0.85019162   0.66711184   0.51206268   0.38241534   0.27545244   0.18848530   0.11893197   0.06436609   0.02254520  -0.00857516  -0.03083634  -0.04587778  -0.05514200  -0.05988252  -0.06117398  -0.05992385  -0.05688562  -0.05267305  -0.04777506  -0.04257103  -0.03734589 
  0.74146962   0.79258869   0.94272746   1.18254108   1.49745527   1.86906173   2.27692670   2.70081702   3.12349216   3.53400220   3.92938899   4.30812482   4.65369812   4.93119842   5.10808315   5.16962950   5.11754026   4.96359156   4.72483584   4.42058922   4.07042758   3.69277845   3.30396410   2.91763760   2.54455927   2.19264677   1.86722257   1.57138234   1.30641713   1.07223630   0.86775451   0.69122154   0.54048657   0.41319819   0.30694731   0.21936355   0.14817595   0.09124846   0.04659849   0.01240508  -0.01298906  -0.03107881  -0.04319982  -0.05053291  -0.05410967  -0.05481916  -0.05341603  -0.05052975  -0.04667511  -0.04226357  -0.03761517 
  2.01041815   2.05583206   2.18852019   2.39820588   2.66898925   2.98101556   3.31251142   3.64200163   3.95062429   4.22462813   4.45802192   4.65369812   4.81750276   4.94373147   5.01108932   4.99915695   4.90107675   4.72237873   4.47564637   4.17652568   3.84131966   3.48551291   3.12284851   2.76480033   2.42036083   2.09607781   1.79627054   1.52335653   1.27822718   1.06062314   0.86947516   0.70319066   0.55987866   0.43751482   0.33405433   0.24750318   0.17595881   0.11763031   0.07084622   0.03405595   0.00582861  -0.01514858  -0.03007156  -0.04002022  -0.04595931  -0.04873995  -0.04910221  -0.04767912  -0.04500227  -0.04150887  -0.03754997 
  2.93182708   2.97385891   3.09605868   3.28718314   3.52991198   3.80276929   4.08244061   4.34620175   4.57421983   4.75161896   4.87039235   4.93119842   4.94373147   4.92107255   4.86662964   4.76971803   4.61877212   4.41193806   4.15619469   3.86299653   3.54510061   3.21479482   2.88295056   2.55854638   2.24849879   1.95771168   1.68927639   1.44476183   1.22454142   1.02811435   0.85439184   0.70193175   0.56911625   0.45427542   0.35576485   0.27200800   0.20151401   0.14288071   0.09479037   0.05600347   0.02535367   0.00174544  -0.01584555  -0.02836991  -0.03670082  -0.04163032  -0.04386634  -0.04403127  -0.04266244  -0.04021454  -0.03706385 
  3.55070216   3.59068835   3.70647618   3.88603664   4.11086662   4.35808763   4.60298083   4.82163331   4.99338229   5.10282453   5.14131518   5.10808315   5.01108932   4.86662964   4.69384826   4.50290657   4.29046559   4.05050991   3.78342584   3.49551251   3.19556461   2.89248723   2.59412122   2.30676096   2.03503505   1.78199105   1.54929907   1.33751715   1.14637387   0.97503476   0.82233004   0.68693216   0.56748083   0.46266021   0.37123730   0.29207201   0.22410974   0.16636524   0.11790485   0.07783142   0.04527453   0.01938651  -0.00065631  -0.01564815  -0.02634606  -0.03346116  -0.03765043  -0.03950981  -0.03956954  -0.03829172  -0.03607037 
  3.91381138   3.95235199   4.06363757   4.23516015   4.44767720   4.67739740   4.89863306   5.08658317   5.21990809   5.28280919   5.26643792   5.16962950   4.99915695   4.76971803   4.50290657   4.22193862   3.94099556   3.66088422   3.37816441   3.09316739   2.80995242   2.53375437   2.26930116   2.02014261   1.78852531   1.57551425   1.38121754   1.20504357   1.04595068   0.90266447   0.77384896   0.65822623   0.55464685   0.46211821   0.37980105   0.30698511   0.24305434   0.18744989   0.13963723   0.09908092   0.06522865   0.03750452   0.01531021  -0.00196780  -0.01494711  -0.02423637  -0.03042218  -0.03405713  -0.03565005  -0.03565884  -0.03448609 
  4.06709418   4.10429092   4.21150495   4.37610685   4.57864808   4.79504851   4.99926318   5.16609913   5.27384387   5.30640561   5.25474924   5.11754026   4.90107675   4.61877212   4.29046559   3.94099556   3.59527813   3.26883884   2.96387211   2.67718655   2.40748021   2.15573377   1.92340121   1.71129960   1.51931314   1.34649946   1.19133536   1.05198135   0.92651460   0.81310967   0.71016100   0.61634926   0.53065921   0.45235964   0.38095760   0.31613858   0.25770305   0.20550718   0.15941325   0.11925270   0.08480249   0.05577408   0.03181305   0.01250687  -0.00260176  -0.01399862  -0.02218069  -0.02763974  -0.03084787  -0.03224576  -0.03223403 
  4.05373149   4.08939349   4.19208605   4.34941016   4.54224581   4.74686888   4.93754211   5.08926873   5.18038606   5.19470699   5.12298657   4.96359156   4.72237873   4.41193806   4.05050991   3.66088422   3.26883884   2.89872148   2.56518132   2.26976346   2.00801800   1.77621993   1.57213011   1.39377412   1.23875293   1.10418662   0.98693435   0.88386714   0.79209979   0.70915211   0.63303679   0.56228253   0.49590585   0.43334669   0.37438229   0.31903256   0.26746772   0.21992571   0.17664473   0.13781278   0.10353474   0.07381521   0.04855486   0.02755713   0.01054226  -0.00283431  -0.01296173  -0.02025355  -0.02512924  -0.02799830  -0.02924746 
  3.91288202   3.94668871   4.04400521   4.19297197   4.37527263   4.56812426   4.74672130   4.88684668   4.96735168   4.97223227   4.89208821   4.72483584   4.47564637   4.15619469   3.78342584   3.37816441   2.96387211   2.56518132   2.20408759   1.89284701   1.63114755   1.41258657   1.23092214   1.08109481   0.95843086   0.85822685   0.77581388   0.70679851   0.64729661   0.59409169   0.54470623   0.49739672   0.45109080   0.40528615   0.35992899   0.31528734   0.27183066   0.23012407   0.19074183   0.15420216   0.12092307   0.09119726   0.06518319   0.04290884   0.02428467   0.00912254  -0.00284237  -0.01192879  -0.01848769  -0.02288279  -0.02547413 
  3.67899809   3.71061622   3.80164143   3.94099873   4.11155612   4.29194872   4.45882491   4.58925668   4.66304534   4.66467577   4.58472326   4.42058922   4.17652568   3.86299653   3.49551251   3.09316739   2.67718655   2.26976346   1.89284701   1.56498141   1.29527802   1.08112671   0.91414258   0.78597137   0.68945384   0.61810414   0.56584554   0.52710609   0.49702078   0.47159214   0.44776233   0.42339851   0.39721081   0.36862615   0.33763936   0.30465932   0.27036344   0.23556949   0.20112992   0.16785080   0.13643482   0.10744625   0.08129474   0.05823401   0.03837189   0.02168792   0.00805544  -0.00273436  -0.01094867  -0.01689079  -0.02088063 
  3.38159556   3.41075330   3.49473111   3.62341154   3.78111859   3.94825179   4.10330299   4.22502879   4.29454126   4.29709887   4.22342300   4.07042758   3.84131966   3.54510061   3.19556461   2.80995242   2.40748021   2.00801800   1.63114755   1.29527802   1.01510059   0.79649717   0.63470405   0.51976561   0.44188657   0.39263342   0.36456839   0.35104820   0.34629575   0.34553518   0.34507115   0.34228199   0.33553640   0.32405724   0.30775644   0.28706166   0.26275027   0.23580123   0.20727102   0.17819609   0.14952186   0.12205599   0.09644284   0.07315506   0.05249862   0.03462715   0.01956255   0.00721873  -0.00257369  -0.01004345  -0.01545674 
  3.04534767   3.07187261   3.14832050   3.26563353   3.40975488   3.56306213   3.70614013   3.81969679   3.88641663   3.89256313   3.82917800   3.69277845   3.48551291   3.21479482   2.89248723   2.53375437   2.15573377   1.77621993   1.41258657   1.08112671   0.79649717   0.56970455   0.40378983   0.29233574   0.22443729   0.18959024   0.17885009   0.18453863   0.20005202   0.21988352   0.23968675   0.25628350   0.26759576   0.27251634   0.27074147   0.26258828   0.24881523   0.23045809   0.20868949   0.18470540   0.15963939   0.13450287   0.11014837   0.08725211   0.06631189   0.04765630   0.03146191   0.01777510   0.00653631  -0.00239552  -0.00921972 
  2.69038734   2.71421672   2.78295927   2.88865563   3.01893349   3.15824096   3.28937440   3.39513451   3.45993593   3.47121008   3.42047167   3.30396410   3.12284851   2.88295056   2.59412122   2.26930116   1.92340121   1.57213011   1.23092214   0.91414258   0.63470405   0.40378983   0.22926253   0.11196443   0.04446383   0.01554871   0.01465248   0.03292174   0.06294609   0.09855089   0.13476759   0.16783585   0.19515774   0.21519028   0.22729111   0.23153938   0.22855170   0.21930857   0.20500089   0.18690221   0.16626845   0.14426430   0.12191407   0.10007336   0.07941795   0.06044597   0.04348975   0.02873415   0.01623873   0.00596137  -0.00221810 
  2.33272567   2.35389778   2.41504465   2.50929192   2.62593618   2.75148669   2.87095815   2.96927552   3.03264536   3.04975957   3.01272361   2.91763760   2.76480033   2.55854638   2.30676096   2.02014261   1.71129960   1.39377412   1.08109481   0.78597137   0.51976561   0.29233574   0.11196443  -0.01592024  -0.09196989  -0.12401581  -0.12303644  -0.09917676  -0.06079307  -0.01472245   0.03348957   0.07951648   0.12020881   0.15351454   0.17835150   0.19444517   0.20215163   0.20228227   0.19594293   0.18439488   0.16894138   0.15084039   0.13124212   0.11114860   0.09139192   0.07262752   0.05533897   0.03985107   0.02634831   0.01489641   0.00546502 
  1.98472004   2.00335455   2.05724595   2.14055178   2.24415975   2.35655243   2.46488193   2.55614058   2.61830833   2.64136670   2.61809062   2.54455927   2.42036083   2.24849879   2.03503505   1.78852531   1.51931314   1.23875293   0.95843086   0.68945384   0.44188657   0.22443729   0.04446383  -0.09196989  -0.18115594  -0.22460568  -0.23005599  -0.20786948  -0.16746642  -0.11648337  -0.06104697  -0.00601593   0.04491806   0.08916178   0.12512442   0.15208449   0.17003166   0.17949996   0.18140667   0.17690688   0.16726966   0.15377830   0.13765462   0.12000574   0.10179044   0.08380211   0.06666487   0.05083973   0.03663787   0.02423857   0.01370974 
  1.65554795   1.67182184   1.71896044   1.79207275   1.88351678   1.98360524   2.08148392   2.16609070   2.22709913   2.25575755   2.24555220   2.19264677   2.09607781   1.95771168   1.78199105   1.57551425   1.34649946   1.10418662   0.85822685   0.61810414   0.39263342   0.18959024   0.01554871  -0.12401581  -0.22460568  -0.28361889  -0.30293284  -0.28985305  -0.25390699  -0.20364684  -0.14591110  -0.08609857  -0.02841440   0.02401489   0.06906098   0.10549382   0.13285292   0.15129988   0.16146596   0.16430685   0.16097273   0.15269864   0.14071670   0.12619009   0.11016704   0.09355232   0.07709334   0.06137791   0.04684089   0.03377706   0.02235812 
  1.35166140   1.36578504   1.40676825   1.47057463   1.55088562   1.63966691   1.72787453   1.80622751   1.86597083   1.89955820   1.90119771   1.86722257   1.79627054   1.68927639   1.54929907   1.38121754   1.19133536   0.98693435   0.77581388   0.56584554   0.36456839   0.17885009   0.01465248  -0.12303644  -0.23005599  -0.30293284  -0.33970394  -0.34227684  -0.31733849  -0.27349804  -0.21841548  -0.15815012  -0.09742740  -0.03987929   0.01183816   0.05596283   0.09153074   0.11825718   0.13640284   0.14663677   0.14990656   0.14732271   0.14006121   0.12928591   0.11609020   0.10145655   0.08623171   0.07111483   0.05665617   0.04326354   0.03121451 
  1.07720956   1.08940619   1.12486751   1.18030774   1.25057307   1.32908883   1.40841778   1.48087238   1.53912161   1.57673723   1.58863514   1.57138234   1.52335653   1.44476183   1.33751715   1.20504357   1.05198135   0.88386714   0.70679851   0.52710609   0.35104820   0.18453863   0.03292174  -0.09917676  -0.20786948  -0.28985305  -0.34227684  -0.36350017  -0.35526545  -0.32357265  -0.27612583  -0.21974421  -0.15978104  -0.10037652  -0.04468502   0.00501235   0.04723057   0.08119333   0.10672604   0.12413606   0.13409034   0.13749949   0.13541451   0.12893977   0.11916354   0.10710580   0.09368206   0.07968116   0.06575477   0.05241639   0.04004744 
  0.83442603   0.84491592   0.87548000   0.92347905   0.98476449   1.05402568   1.12522395   1.19206974   1.24849722   1.28909399   1.30945201   1.30641713   1.27822718   1.22454142   1.14637387   1.04595068   0.92651460   0.79209979   0.64729661   0.49702078   0.34629575   0.20005202   0.06294609  -0.06079307  -0.16746642  -0.25390699  -0.31733849  -0.35526545  -0.36618009  -0.35157135  -0.31676427  -0.26862816  -0.21323125  -0.15531566  -0.09853169  -0.04564760   0.00134707   0.04117229   0.07317999   0.09725918   0.11372928   0.12323091   0.12662195   0.12488477   0.11904779   0.11012267   0.09905700   0.08670140   0.07378923   0.06092703   0.04859345 
  0.62398104   0.63297086   0.65922331   0.70064654   0.75394481   0.81488361   0.87862125   0.94007440   0.99428280   1.03674152   1.06367505   1.07223630   1.06062314   1.02811435   0.97503476   0.90266447   0.81310967   0.70915211   0.59409169   0.47159214   0.34553518   0.21988352   0.09855089  -0.01472245  -0.11648337  -0.20364684  -0.27349804  -0.32357265  -0.35157135  -0.35602312  -0.33814559  -0.30264641  -0.25565626  -0.20259375  -0.14768552  -0.09417963  -0.04453612  -0.00051941   0.03674130   0.06668427   0.08923145   0.10469349   0.11367172   0.11696459   0.11548359   0.11018198   0.10199742   0.09180866   0.08040519   0.06846846   0.05656288 
  0.44530064   0.45297749   0.47544814   0.51107700   0.55728094   0.61072785   0.66758551   0.72379636   0.77535278   0.81854906   0.85019162   0.86775451   0.86947516   0.85439184   0.82233004   0.77384896   0.71016100   0.63303679   0.54470623   0.44776233   0.34507115   0.23968675   0.13476759   0.03348957  -0.06104697  -0.14591110  -0.21841548  -0.27612583  -0.31676427  -0.33814559  -0.33879955  -0.31969405  -0.28499592  -0.24019759  -0.19016496  -0.13869444  -0.08870518  -0.04241062  -0.00139994   0.03331008   0.06121617   0.08225447   0.09671558   0.10515623   0.10831432   0.10703232   0.10219193   0.09466132   0.08525511   0.07470614   0.06364789 
  0.29685489   0.30338420   0.32254114   0.35306527   0.39296066   0.43964176   0.49011647   0.54118857   0.58966120   0.63252423   0.66711184   0.69122154   0.70319066   0.70193175   0.68693216   0.65822623   0.61634926   0.56228253   0.49739672   0.42339851   0.34228199   0.25628350   0.16783585   0.07951648  -0.00601593  -0.08609857  -0.15815012  -0.21974421  -0.26862816  -0.30264641  -0.31969405  -0.31829893  -0.29921780  -0.26615504  -0.22405750  -0.17732286  -0.12938800  -0.08290111  -0.03987558  -0.00176116   0.03051159   0.05648017   0.07608435   0.08958975   0.09750771   0.10051776   0.09939729   0.09496142   0.08801408   0.07931083   0.06953249 
  0.17641619   0.18194216   0.19819361   0.22421448   0.25848657   0.29903434   0.34355645   0.38957164   0.43456561   0.47612697   0.51206268   0.54048657   0.55987866   0.56911625   0.56748083   0.55464685   0.53065921   0.49590585   0.45109080   0.39721081   0.33553640   0.26759576   0.19515774   0.12020881   0.04491806  -0.02841440  -0.09742740  -0.15978104  -0.21323125  -0.25565626  -0.28499592  -0.29921780  -0.29685997  -0.27850955  -0.24747959  -0.20825097  -0.16482301  -0.12032929  -0.07719135  -0.03725669  -0.00186092   0.02813424   0.05229631   0.07056334   0.08317477   0.09059835   0.09345898   0.09247392   0.08839705   0.08197346   0.07390467 
  0.08128774   0.08593558   0.09963630   0.12167777   0.15092574   0.18589716   0.22485225   0.26589676   0.30708511   0.34651619   0.38241534   0.41319819   0.43751482   0.45427542   0.46266021   0.46211821   0.45235964   0.43334669   0.40528615   0.36862615   0.32405724   0.27251634   0.21519028   0.15351454   0.08916178   0.02401489  -0.03987929  -0.10037652  -0.15531566  -0.20259375  -0.24019759  -0.26615504  -0.27850955  -0.27582517  -0.25855675  -0.22968611  -0.19329392  -0.15303734  -0.11179040  -0.07178145  -0.03471705  -0.00183640   0.02605612   0.04855169   0.06558440   0.07736838   0.08433079   0.08704633   0.08617724   0.08242147   0.07647041 
  0.00850214   0.01238098   0.02384079   0.04236255   0.06711682   0.09701351   0.13076422   0.16695148   0.20409871   0.24073529   0.27545244   0.30694731   0.33405433   0.35576485   0.37123730   0.37980105   0.38095760   0.37438229   0.35992899   0.33763936   0.30775644   0.27074147   0.22729111   0.17835150   0.12512442   0.06906098   0.01183816  -0.04468502  -0.09853169  -0.14768552  -0.19016496  -0.22405750  -0.24747959  -0.25855675  -0.25589283  -0.23984079  -0.21310022  -0.17940486  -0.14211441  -0.10387742  -0.06675439  -0.03232936  -0.00175778   0.02420555   0.04517176   0.06107047   0.07209231   0.07862738   0.08120462   0.08043618   0.07696913 
 -0.04501068  -0.04180480  -0.03231229  -0.01690133   0.00383762   0.02912414   0.05802832   0.08951562   0.12249208   0.15584625   0.18848530   0.21936355   0.24750318   0.27200800   0.29207201   0.30698511   0.31613858   0.31903256   0.31528734   0.30465932   0.28706166   0.26258828   0.23153938   0.19444517   0.15208449   0.10549382   0.05596283   0.00501235  -0.04564760  -0.09417963  -0.13869444  -0.17732286  -0.20825097  -0.22968611  -0.23984079  -0.23736847  -0.22254362  -0.19782283  -0.16663592  -0.13208091  -0.09660762  -0.06212837  -0.03011864  -0.00165948   0.02253844   0.04210401   0.05696267   0.06728381   0.07342394   0.07587052   0.07519019 
 -0.08228602  -0.07966746  -0.07189728  -0.05922747  -0.04206376  -0.02094582   0.00347747   0.03047526   0.05926192   0.08902209   0.11893197   0.14817595   0.17595881   0.20151401   0.22410974   0.24305434   0.25770305   0.26746772   0.27183066   0.27036344   0.26275027   0.24881523   0.22855170   0.20215163   0.17003166   0.13285292   0.09153074   0.04723057   0.00134707  -0.04453612  -0.08870518  -0.12938800  -0.16482301  -0.19329392  -0.21310022  -0.22254362  -0.22033303  -0.20668179  -0.18383488  -0.15495324  -0.12290226  -0.08995461  -0.05788995  -0.02808632  -0.00155754   0.02102576   0.03930885   0.05321371   0.06289071   0.06866607   0.07098969 
 -0.10621700  -0.10410847  -0.09783837  -0.08757066  -0.07357057  -0.05619353  -0.03587141  -0.01309776   0.01158682   0.03760754   0.06436609   0.09124846   0.11763031   0.14288071   0.16636524   0.18744989   0.20550718   0.21992571   0.23012407   0.23556949   0.23580123   0.23045809   0.21930857   0.20228227   0.17949996   0.15129988   0.11825718   0.08119333   0.04117229  -0.00051941  -0.04241062  -0.08290111  -0.12032929  -0.15303734  -0.17940486  -0.19782283  -0.20668179  -0.20474863  -0.19218831  -0.17105964  -0.14428362  -0.11451708  -0.08387329  -0.05401214  -0.02622318  -0.00145894   0.01964683   0.03675477   0.04978421   0.05886860   0.06430689 
 -0.11947580  -0.11780684  -0.11283321  -0.10465349  -0.09342810  -0.07937410  -0.06275888  -0.04389375  -0.02312796  -0.00084407   0.02254520   0.04659849   0.07084622   0.09479037   0.11790485   0.13963723   0.15941325   0.17664473   0.19074183   0.20112992   0.20727102   0.20868949   0.20500089   0.19594293   0.18140667   0.16146596   0.13640284   0.10672604   0.07317999   0.03674130  -0.00139994  -0.03987558  -0.07719135  -0.11179040  -0.14211441  -0.16663592  -0.18383488  -0.19218831  -0.19052134  -0.17895998  -0.15939769  -0.13453997  -0.10685542  -0.07831298  -0.05046359  -0.02451597  -0.00136634   0.01838576   0.03441557   0.04664049   0.05517903 
 -0.12446095  -0.12316706  -0.11930256  -0.11291865  -0.10409945  -0.09296055  -0.07964750  -0.06433471  -0.04722511  -0.02855086  -0.00857516   0.01240508   0.03405595   0.05600347   0.07783142   0.09908092   0.11925270   0.13781278   0.15420216   0.16785080   0.17819609   0.18470540   0.18690221   0.18439488   0.17690688   0.16430685   0.14663677   0.12413606   0.09725918   0.06668427   0.03331008  -0.00176116  -0.03725669  -0.07178145  -0.10387742  -0.13208091  -0.15495324  -0.17105964  -0.17895998  -0.17753635  -0.16688289  -0.14874526  -0.12563429  -0.09984794  -0.07322374  -0.04721312  -0.02295061  -0.00128045   0.01722965   0.03226886   0.04375338 
 -0.12326806  -0.12229022  -0.11936266  -0.11450332  -0.10774255  -0.09912379  -0.08870498  -0.07656060  -0.06278467  -0.04749467  -0.03083634  -0.01298906   0.00582861   0.02535367   0.04527453   0.06522865   0.08480249   0.10353474   0.12092307   0.13643482   0.14952186   0.15963939   0.16626845   0.16894138   0.16726966   0.16097273   0.14990656   0.13409034   0.11372928   0.08923145   0.06121617   0.03051159  -0.00186092  -0.03471705  -0.06675439  -0.09660762  -0.12290226  -0.14428362  -0.15939769  -0.16688289  -0.16567619  -0.15584532  -0.13900303  -0.11748367  -0.09342982  -0.06855907  -0.04423157  -0.02151357  -0.00120118   0.01616760   0.03029524 
 -0.11767995  -0.11696450  -0.11481659  -0.11123190  -0.10620448  -0.09972866  -0.09180189  -0.08242842  -0.07162407  -0.05942174  -0.04587778  -0.03107881  -0.01514858   0.00174544   0.01938651   0.03750452   0.05577408   0.07381521   0.09119726   0.10744625   0.12205599   0.13450287   0.14426430   0.15084039   0.15377830   0.15269864   0.14732271   0.13749949   0.12323091   0.10469349   0.08225447   0.05648017   0.02813424  -0.00183640  -0.03232936  -0.06212837  -0.08995461  -0.11451708  -0.13453997  -0.14874526  -0.15584532  -0.15482947  -0.14574338  -0.13007979  -0.11001249  -0.08754228  -0.06427684  -0.04149246  -0.02019239  -0.00112810   0.01519019 
 -0.10917280  -0.10867141  -0.10716099  -0.10462330  -0.10102949  -0.09634250  -0.09052042  -0.08352083  -0.07530609  -0.06584946  -0.05514200  -0.04319982  -0.03007156  -0.01584555  -0.00065631   0.01531021   0.03181305   0.04855486   0.06518319   0.08129474   0.09644284   0.11014837   0.12191407   0.13124212   0.13765462   0.14071670   0.14006121   0.13541451   0.12662195   0.11367172   0.09671558   0.07608435   0.05229631   0.02605612  -0.00175778  -0.03011864  -0.05788995  -0.08387329  -0.10685542  -0.12563429  -0.13900303  -0.14574338  -0.14489433  -0.13648299  -0.12189343  -0.10315298  -0.08213268  -0.06033936  -0.03897211  -0.01897588  -0.00106071 
 -0.09893409  -0.09860382  -0.09760419  -0.09590922  -0.09347716  -0.09025295  -0.08617145  -0.08116178  -0.07515247  -0.06807740  -0.05988252  -0.05053291  -0.04002022  -0.02836991  -0.01564815  -0.00196780   0.01250687   0.02755713   0.04290884   0.05823401   0.07315506   0.08725211   0.10007336   0.11114860   0.12000574   0.12619009   0.12928591   0.12893977   0.12488477   0.11696459   0.10515623   0.08958975   0.07056334   0.04855169   0.02420555  -0.00165948  -0.02808632  -0.05401214  -0.07831298  -0.09984794  -0.11748367  -0.13007979  -0.13648299  -0.13577926  -0.12798007  -0.11437075  -0.09684477  -0.07715419  -0.05671311  -0.03664938  -0.01785401 
 -0.08788899  -0.08769231  -0.08709237  -0.08605992  -0.08454761  -0.08249212  -0.07981710  -0.07643698  -0.07226160  -0.06720149  -0.06117398  -0.05410967  -0.04595931  -0.03670082  -0.02634606  -0.01494711  -0.00260176   0.01054226   0.02428467   0.03837189   0.05249862   0.06631189   0.07941795   0.09139192   0.10179044   0.11016704   0.11609020   0.11916354   0.11904779   0.11548359   0.10831432   0.09750771   0.08317477   0.06558440   0.04517176   0.02253844  -0.00155754  -0.02622318  -0.05046359  -0.07322374  -0.09342982  -0.11001249  -0.12189343  -0.12798007  -0.12740278  -0.12015984  -0.10744673  -0.09103425  -0.07256520  -0.05336828  -0.03450549 
 -0.07673175  -0.07663644  -0.07634057  -0.07581473  -0.07501102  -0.07386478  -0.07229702  -0.07021755  -0.06752879  -0.06413030  -0.05992385  -0.05481916  -0.04873995  -0.04163032  -0.03346116  -0.02423637  -0.01399862  -0.00283431   0.00912254   0.02168792   0.03462715   0.04765630   0.06044597   0.07262752   0.08380211   0.09355232   0.10145655   0.10710580   0.11012267   0.11018198   0.10703232   0.10051776   0.09059835   0.07736838   0.06107047   0.04210401   0.02102576  -0.00145894  -0.02451597  -0.04721312  -0.06855907  -0.08754228  -0.10315298  -0.11437075  -0.12015984  -0.11969253  -0.11295597  -0.10106365  -0.08567382  -0.06832876  -0.05027835 
 -0.06595938  -0.06593834  -0.06586594  -0.06571459  -0.06543918  -0.06497833  -0.06425627  -0.06318516  -0.06166815  -0.05960287  -0.05688562  -0.05341603  -0.04910221  -0.04386634  -0.03765043  -0.03042218  -0.02218069  -0.01296173  -0.00284237   0.00805544   0.01956255   0.03146191   0.04348975   0.05533897   0.06666487   0.07709334   0.08623171   0.09368206   0.09905700   0.10199742   0.10219193   0.09939729   0.09345898   0.08433079   0.07209231   0.05696267   0.03930885   0.01964683  -0.00136634  -0.02295061  -0.04423157  -0.06427684  -0.08213268  -0.09684477  -0.10744673  -0.11295597  -0.11258429  -0.10630954  -0.09517023  -0.08072117  -0.06441197 
 -0.05590542  -0.05593636  -0.05602095  -0.05613463  -0.05623708  -0.05627302  -0.05617354  -0.05585777  -0.05523501  -0.05420740  -0.05267305  -0.05052975  -0.04767912  -0.04403127  -0.03950981  -0.03405713  -0.02763974  -0.02025355  -0.01192879  -0.00273436   0.00721873   0.01777510   0.02873415   0.03985107   0.05083973   0.06137791   0.07111483   0.07968116   0.08670140   0.09180866   0.09466132   0.09496142   0.09247392   0.08704633   0.07862738   0.06728381   0.05321371   0.03675477   0.01838576  -0.00128045  -0.02151357  -0.04149246  -0.06033936  -0.07715419  -0.09103425  -0.10106365  -0.10630954  -0.10602103  -0.10016818  -0.08972087  -0.07613862 
 -0.04677204  -0.04683708  -0.04702518  -0.04731542  -0.04767323  -0.04805094  -0.04838853  -0.04861470  -0.04864830  -0.04840009  -0.04777506  -0.04667511  -0.04500227  -0.04266244  -0.03956954  -0.03565005  -0.03084787  -0.02512924  -0.01848769  -0.01094867  -0.00257369   0.00653631   0.01623873   0.02634831   0.03663787   0.04684089   0.05665617   0.06575477   0.07378923   0.08040519   0.08525511   0.08801408   0.08839705   0.08617724   0.08120462   0.07342394   0.06289071   0.04978421   0.03441557   0.01722965  -0.00120118  -0.02019239  -0.03897211  -0.05671311  -0.07256520  -0.08567382  -0.09517023  -0.10016818  -0.09995201  -0.09448528  -0.08467490 
 -0.03865937  -0.03874455  -0.03899432  -0.03939153  -0.03990766  -0.04050312  -0.04112757  -0.04172049  -0.04221198  -0.04252384  -0.04257103  -0.04226357  -0.04150887  -0.04021454  -0.03829172  -0.03565884  -0.03224576  -0.02799830  -0.02288279  -0.01689079  -0.01004345  -0.00239552   0.00596137   0.01489641   0.02423857   0.03377706   0.04326354   0.05241639   0.06092703   0.06846846   0.07470614   0.07931083   0.08197346   0.08242147   0.08043618   0.07587052   0.06866607   0.05886860   0.04664049   0.03226886   0.01616760  -0.00112810  -0.01897588  -0.03664938  -0.05336828  -0.06832876  -0.08072117  -0.08972087  -0.09448528  -0.09433199  -0.08921922 
 -0.03159131  -0.03168606  -0.03196579  -0.03241692  -0.03301680  -0.03373371  -0.03452691  -0.03534682  -0.03613528  -0.03682611  -0.03734589  -0.03761517  -0.03754997  -0.03706385  -0.03607037  -0.03448609  -0.03223403  -0.02924746  -0.02547413  -0.02088063  -0.01545674  -0.00921972  -0.00221810   0.00546502   0.01370974   0.02235812   0.03121451   0.04004744   0.04859345   0.05656288   0.06364789   0.06953249   0.07390467   0.07647041   0.07696913   0.07519019   0.07098969   0.06430689   0.05517903   0.04375338   0.03029524   0.01519019  -0.00106071  -0.01785401  -0.03450549  -0.05027835  -0.06441197  -0.07613862  -0.08467490  -0.08921922  -0.08912059 
#
