# coconut-me2b/v0.99.21 
# 
# momentum space matrix elements 
# partial wave J=2, L=2/2, S=0, T=1, MT=0 
# 
# momentum grid [fm^-1]
0.000000 0.200000 0.400000 0.600000 0.800000 1.000000 1.200000 1.400000 1.600000 1.800000 2.000000 2.200000 2.400000 2.600000 2.800000 3.000000 3.200000 3.400000 3.600000 3.800000 4.000000 4.200000 4.400000 4.600000 4.800000 5.000000 5.200000 5.400000 5.600000 5.800000 6.000000 6.200000 6.400000 6.600000 6.800000 7.000000 7.200000 7.400000 7.600000 7.800000 8.000000 8.200000 8.400000 8.600000 8.800000 9.000000 9.200000 9.400000 9.600000 9.800000 10.000000 
#
# matrix elements [MeV fm^3] 
  0.00000000  -0.00000001  -0.00000003  -0.00000003  -0.00000003  -0.00000002  -0.00000002  -0.00000002  -0.00000002  -0.00000001  -0.00000001  -0.00000001  -0.00000001  -0.00000001  -0.00000000  -0.00000000  -0.00000000  -0.00000000  -0.00000000  -0.00000000   0.00000000   0.00000000   0.00000000   0.00000000   0.00000000   0.00000000   0.00000000   0.00000000   0.00000000   0.00000000   0.00000000   0.00000000   0.00000000   0.00000000   0.00000000   0.00000000   0.00000000   0.00000000   0.00000000   0.00000000   0.00000000   0.00000000   0.00000000   0.00000000   0.00000000  -0.00000000  -0.00000000  -0.00000000  -0.00000000  -0.00000000  -0.00000000 
 -0.00000001  -0.04018377  -0.10081824  -0.12120451  -0.11217142  -0.09648509  -0.08281628  -0.07191242  -0.06272125  -0.05438590  -0.04650975  -0.03901085  -0.03195902  -0.02546871  -0.01964162  -0.01454215  -0.01019174  -0.00657330  -0.00364010  -0.00132572   0.00044671   0.00175698   0.00268220   0.00329323   0.00365271   0.00381439   0.00382347   0.00371736   0.00352673   0.00327668   0.00298772   0.00267658   0.00235693   0.00203979   0.00173395   0.00144614   0.00118131   0.00094275   0.00073227   0.00055044   0.00039671   0.00026969   0.00016734   0.00008717   0.00002641  -0.00001776  -0.00004814  -0.00006736  -0.00007782  -0.00008166  -0.00008068 
 -0.00000003  -0.10081824  -0.28903198  -0.39713759  -0.40216120  -0.36263638  -0.31802241  -0.27884926  -0.24448037  -0.21276978  -0.18254036  -0.15358865  -0.12623475  -0.10095677  -0.07817934  -0.05817887  -0.04106095  -0.02677705  -0.01515893  -0.00595785   0.00111894   0.00637812   0.01011805   0.01261414   0.01411083   0.01481875   0.01491548   0.01454849   0.01383923   0.01288731   0.01177439   0.01056741   0.00932113   0.00807996   0.00687933   0.00574666   0.00470212   0.00375931   0.00292599   0.00220478   0.00159397   0.00108839   0.00068018   0.00035971   0.00011625  -0.00006133  -0.00018401  -0.00026217  -0.00030532  -0.00032188  -0.00031906 
 -0.00000003  -0.12120451  -0.39713759  -0.64243471  -0.74414601  -0.72830974  -0.66530338  -0.59452958  -0.52640715  -0.46113316  -0.39778957  -0.33645941  -0.27803481  -0.22366804  -0.17437626  -0.13084706  -0.09338814  -0.06196107  -0.03625490  -0.01577162   0.00009345   0.01198469   0.02053608   0.02633779   0.02991726   0.03173177   0.03216906   0.03155303   0.03015188   0.02818685   0.02584033   0.02326267   0.02057752   0.01788577   0.01526839   0.01278848   0.01049300   0.00841418   0.00657110   0.00497124   0.00361231   0.00248408   0.00157022   0.00085018   0.00030085  -0.00010195  -0.00038222  -0.00056280  -0.00066465  -0.00070643  -0.00070420 
 -0.00000003  -0.11217142  -0.40216120  -0.74414601  -0.99337852  -1.08446006  -1.05648996  -0.97524548  -0.87796477  -0.77702780  -0.67570775  -0.57580408  -0.47942450  -0.38881899  -0.30593616  -0.23214451  -0.16815015  -0.11404859  -0.06944599  -0.03360345  -0.00557539   0.01567372   0.03118059   0.04192260   0.04878230   0.05253175   0.05383113   0.05323646   0.05121183   0.04814315   0.04435105   0.04010187   0.03561626   0.03107563   0.02662676   0.02238521   0.01843810   0.01484657   0.01164838   0.00886067   0.00648303   0.00450071   0.00288786   0.00161078   0.00063083  -0.00009288  -0.00060131  -0.00093372  -0.00112637  -0.00121169  -0.00121778 
 -0.00000002  -0.09648509  -0.36263638  -0.72830974  -1.08446006  -1.32266192  -1.40140878  -1.35995107  -1.25760439  -1.13059023  -0.99431855  -0.85571472  -0.71944713  -0.58950840  -0.46920766  -0.36093756  -0.26608271  -0.18508996  -0.11763876  -0.06285056  -0.01949436   0.01383641   0.03858664   0.05614365   0.06777834   0.07461638   0.07763141   0.07765236   0.07537852   0.07139738   0.06620194   0.06020565   0.05375425   0.04713455   0.04058095   0.03428012   0.02837495   0.02296813   0.01812595   0.01388246   0.01024402   0.00719420   0.00469872   0.00271040   0.00117370   0.00002878  -0.00078500  -0.00132633  -0.00164986  -0.00180480  -0.00183408 
 -0.00000002  -0.08281628  -0.31802241  -0.66530338  -1.05648996  -1.40140878  -1.61682599  -1.67503789  -1.61315877  -1.48523814  -1.32706630  -1.15678512  -0.98435138  -0.81663063  -0.65887348  -0.51491150  -0.38715953  -0.27671952  -0.18359683  -0.10697257  -0.04547877   0.00255877   0.03892731   0.06538804   0.08358677   0.09500583   0.10094667   0.10253293   0.10072533   0.09634137   0.09007546   0.08251666   0.07416288   0.06543166   0.05666793   0.04814994   0.04009415   0.03265994   0.02595462   0.02003912   0.01493417   0.01062712   0.00707885   0.00423065   0.00201065   0.00033963  -0.00086400  -0.00168016  -0.00218403  -0.00244393  -0.00251998 
 -0.00000002  -0.07191242  -0.27884926  -0.59452958  -0.97524548  -1.35995107  -1.67503789  -1.85622664  -1.88550428  -1.79794226  -1.64329638  -1.45667552  -1.25792049  -1.05889332  -0.86770676  -0.69014784  -0.53006657  -0.38958648  -0.26937084  -0.16894890  -0.08705450  -0.02193403   0.02840101   0.06598586   0.09277580   0.11057185   0.12098648   0.12543689   0.12515508   0.12120579   0.11450661   0.10584633   0.09589999   0.08524033   0.07434625   0.06360925   0.05333900   0.04376892   0.03506238   0.02731979   0.02058668   0.01486235   0.01010902   0.00626086   0.00323249   0.00092682  -0.00075826  -0.00192435  -0.00266821  -0.00307875  -0.00323499 
 -0.00000002  -0.06272125  -0.24448037  -0.52640715  -0.87796477  -1.25760439  -1.61315877  -1.88550428  -2.02532597  -2.02188196  -1.90829606  -1.73035451  -1.52179753  -1.30295897  -1.08646542  -0.88081346  -0.69175542  -0.52283644  -0.37575760  -0.25075026  -0.14696415  -0.06283139   0.00362434   0.05454838   0.09208586   0.11827442   0.13498598   0.14390363   0.14652083   0.14415269   0.13795189   0.12892456   0.11794374   0.10575977   0.09300808   0.08021536   0.06780518   0.05610401   0.04534834   0.03569316   0.02722161   0.01995581   0.01386811   0.00889240   0.00493495   0.00188436  -0.00037978  -0.00197964  -0.00303338  -0.00365101  -0.00393146 
 -0.00000001  -0.05438590  -0.21276978  -0.46113316  -0.77702780  -1.13059023  -1.48523814  -1.79794226  -2.02188196  -2.11945830  -2.08517710  -1.94996622  -1.75557330  -1.53363468  -1.30395098  -1.07902909  -0.86715278  -0.67371747  -0.50185461  -0.35288147  -0.22672585  -0.12232941  -0.03800296   0.02828629   0.07870106   0.11538864   0.14039202   0.15560306   0.16274416   0.16336668   0.15885772   0.15044927   0.13922695   0.12613699   0.11199158   0.09747343   0.08314060   0.06943233   0.05667668   0.04509996   0.03483801   0.02594882   0.01842601   0.01221244   0.00721342   0.00330886   0.00036416  -0.00176070  -0.00320377  -0.00409552  -0.00455496 
 -0.00000001  -0.04650975  -0.18254036  -0.39778957  -0.67570775  -0.99431855  -1.32706630  -1.64329638  -1.90829606  -2.08517710  -2.14516665  -2.08619497  -1.93658956  -1.73391376  -1.50716752  -1.27493769  -1.04907988  -0.83737185  -0.64476767  -0.47404652  -0.32628787  -0.20129728  -0.09799001  -0.01471556   0.05048768   0.09970711   0.13503120   0.15847241   0.17192416   0.17713994   0.17572487   0.16913356   0.15867005   0.14548841   0.13059345   0.11484200   0.09894569   0.08347582   0.06887071   0.05544579   0.04340602   0.03286015   0.02383619   0.01629728   0.01015718   0.00529481   0.00156727  -0.00117894  -0.00309874  -0.00434132  -0.00504497 
 -0.00000001  -0.03901085  -0.15358865  -0.33645941  -0.57580408  -0.85571472  -1.15678512  -1.45667552  -1.73035451  -1.94996622  -2.08619497  -2.11659603  -2.04100188  -1.88481465  -1.68140349  -1.45690767  -1.22838937  -1.00684936  -0.79951386  -0.61097551  -0.44381337  -0.29904637  -0.17652692  -0.07528512   0.00618567   0.06970674   0.11725162   0.15083379   0.17243286   0.18394766   0.18716671   0.18374926   0.17521219   0.16292068   0.14808149   0.13173903   0.11477451   0.09790860   0.08170781   0.06659439   0.05285944   0.04067842   0.03012832   0.02120551   0.01384345   0.00792948   0.00332011  -0.00014566  -0.00263519  -0.00431333  -0.00533579 
 -0.00000001  -0.03195902  -0.12623475  -0.27803481  -0.47942450  -0.71944713  -0.98435138  -1.25792049  -1.52179753  -1.75557330  -1.93658956  -2.04100188  -2.05069643  -1.96629432  -1.81016815  -1.61170220  -1.39424833  -1.17333423  -0.95913764  -0.75843792  -0.57561851  -0.41322180  -0.27235272  -0.15302405  -0.05445625   0.02467331   0.08603319   0.13148902   0.16299440   0.18251263   0.19196030   0.19316611   0.18784019   0.17755087   0.16370753   0.14754896   0.13013705   0.11235581   0.09491561   0.07836205   0.06308904   0.04935498   0.03730117   0.02697133   0.01833123   0.01128760   0.00570562   0.00142430  -0.00173029  -0.00393432  -0.00535792 
 -0.00000001  -0.02546871  -0.10095677  -0.22366804  -0.38881899  -0.58950840  -0.81663063  -1.05889332  -1.30295897  -1.53363468  -1.73391376  -1.88481465  -1.96629432  -1.96312633  -1.87604279  -1.72453260  -1.53440350  -1.32650831  -1.11501906  -0.90944487  -0.71627418  -0.53982714  -0.38272815  -0.24624937  -0.13060650  -0.03521954   0.04106478   0.09979057   0.14274771   0.17185862   0.18909046   0.19638699   0.19561564   0.18852644   0.17672115   0.16163111   0.14450333   0.12639414   0.10816983   0.09051351   0.07393714   0.05879768   0.04531610   0.03359809   0.02365528   0.01542592   0.00879438   0.00360860  -0.00030469  -0.00312736  -0.00503979 
 -0.00000000  -0.01964162  -0.07817934  -0.17437626  -0.30593616  -0.46920766  -0.65887348  -0.86770676  -1.08646542  -1.30395098  -1.50716752  -1.68140349  -1.81016815  -1.87604279  -1.86576544  -1.77988116  -1.63533705  -1.45489195  -1.25729343  -1.05561109  -0.85886401  -0.67338279  -0.50351560  -0.35201776  -0.22033878  -0.10887687  -0.01721156   0.05568959   0.11129359   0.15135374   0.17778799   0.19258025   0.19770119   0.19504575   0.18638488   0.17333017   0.15730976   0.13955470   0.12109436   0.10275982   0.08519384   0.06886597   0.05409147   0.04105250   0.02982038   0.02037774   0.01263969   0.00647313   0.00171391  -0.00181868  -0.00430996 
 -0.00000000  -0.01454215  -0.05817887  -0.13084706  -0.23214451  -0.36093756  -0.51491150  -0.69014784  -0.88081346  -1.07902909  -1.27493769  -1.45690767  -1.61170220  -1.72453260  -1.77988116  -1.76594640  -1.68305881  -1.54606730  -1.37523285  -1.18759703  -0.99536596  -0.80720625  -0.62936216  -0.46623110  -0.32068123  -0.19429358  -0.08758762  -0.00023743   0.06872793   0.12074544   0.15756330   0.18111016   0.19338704   0.19638002   0.19199168   0.18198931   0.16796829   0.15132873   0.13326389   0.11475846   0.09659512   0.07936758   0.06349832   0.04925960   0.03679605   0.02614775   0.01727267   0.01006758   0.00438690   0.00005909  -0.00309968 
 -0.00000000  -0.01019174  -0.04106095  -0.09338814  -0.16815015  -0.26608271  -0.38715953  -0.53006657  -0.69175542  -0.86715278  -1.04907988  -1.22838937  -1.39424833  -1.53440350  -1.63533705  -1.68305881  -1.66700823  -1.58742061  -1.45749653  -1.29549392  -1.11708376  -0.93378267  -0.75397371  -0.58381834  -0.42772440  -0.28860821  -0.16810584  -0.06678170   0.01566268   0.08018860   0.12823700   0.16156710   0.18211860   0.19189766   0.19288529   0.18696661   0.17587893   0.16117648   0.14420958   0.12611616   0.10782335   0.09005703   0.07335744   0.05809891   0.04451209   0.03270724   0.02269749   0.01442086   0.00776063   0.00256332  -0.00134593 
 -0.00000000  -0.00657330  -0.02677705  -0.06196107  -0.11404859  -0.18508996  -0.27671952  -0.38958648  -0.52283644  -0.67371747  -0.83737185  -1.00684936  -1.17333423  -1.32650831  -1.45489195  -1.54606730  -1.58742061  -1.56956526  -1.49280126  -1.36906597  -1.21500541  -1.04516026  -0.87045223  -0.69898367  -0.53678473  -0.38819869  -0.25610544  -0.14211435  -0.04676470   0.03026763   0.08996832   0.13379789   0.16352622   0.18109149   0.18848417   0.18765513   0.18044599   0.16853961   0.15342795   0.13639471   0.11851029   0.10063644   0.08343831   0.06740191   0.05285501   0.03998995   0.02888692   0.01953673   0.01186221   0.00573753   0.00100520 
 -0.00000000  -0.00364010  -0.01515893  -0.03625490  -0.06944599  -0.11763876  -0.18359683  -0.26937084  -0.37575760  -0.50185461  -0.64476767  -0.79951386  -0.95913764  -1.11501906  -1.25729343  -1.37523285  -1.45749653  -1.49280126  -1.47291588  -1.39833374  -1.28001346  -1.13326381  -0.97164111  -0.80549919  -0.64261722  -0.48881919  -0.34829893  -0.22381913  -0.11689432  -0.02798800   0.04328114   0.09793671   0.13745701   0.16360924   0.17830918   0.18350699   0.18109814   0.17285743   0.16039333   0.14511987   0.12824300   0.11075865   0.09345996   0.07695110   0.06166583   0.04788885   0.03577852   0.02538962   0.01669531   0.00960746   0.00399495 
 -0.00000000  -0.00132572  -0.00595785  -0.01577162  -0.03360345  -0.06285056  -0.10697257  -0.16894890  -0.25075026  -0.35288147  -0.47404652  -0.61097551  -0.75843792  -0.90944487  -1.05561109  -1.18759703  -1.29549392  -1.36906597  -1.39833374  -1.37618713  -1.30337638  -1.19006159  -1.05038660  -0.89699618  -0.73966087  -0.58577530  -0.44088091  -0.30894854  -0.19256220  -0.09309699  -0.01091396   0.05443533   0.10400842   0.13928703   0.16201484   0.17406138   0.17731263   0.17358693   0.16457394   0.15179372   0.13657260   0.12003302   0.10309416   0.08648099   0.07073917   0.05625397   0.04327154   0.03192096   0.02223622   0.01417705   0.00764808 
  0.00000000   0.00044671   0.00111894   0.00009345  -0.00557539  -0.01949436  -0.04547877  -0.08705450  -0.14696415  -0.22672585  -0.32628787  -0.44381337  -0.57561851  -0.71627418  -0.85886401  -0.99536596  -1.11708376  -1.21500541  -1.28001346  -1.30337638  -1.27902745  -1.20797006  -1.09966068  -0.96717646  -0.82227965  -0.67412643  -0.52966943  -0.39410763  -0.27113861  -0.16313226  -0.07130466   0.00409045   0.06356160   0.10818455   0.13942362   0.15897614   0.16864318   0.17022667   0.16545156   0.15591025   0.14302626   0.12803392   0.11197096   0.09568111   0.07982422   0.06489159   0.05122478   0.03903621   0.02843037   0.01942468   0.01196907 
  0.00000000   0.00175698   0.00637812   0.01198469   0.01567372   0.01383641   0.00255877  -0.02193403  -0.06283139  -0.12232941  -0.20129728  -0.29904637  -0.41322180  -0.53982714  -0.67338279  -0.80720625  -0.93378267  -1.04516026  -1.13326381  -1.19006159  -1.20797006  -1.18184576  -1.11289120  -1.00989774  -0.88493145  -0.74888437  -0.61027255  -0.47556781  -0.34959187  -0.23574546  -0.13617383  -0.05193549   0.01681220   0.07062035   0.11056193   0.13806204   0.15475116   0.16234410   0.16254472   0.15697447   0.14712223   0.13431221   0.11968678   0.10420120   0.08862749   0.07356502   0.05945583   0.04660279   0.03518939   0.02529980   0.01693853 
  0.00000000   0.00268220   0.01011805   0.02053608   0.03118059   0.03858664   0.03892731   0.02840101   0.00362434  -0.03800296  -0.09799001  -0.17652692  -0.27235272  -0.38272815  -0.50351560  -0.62936216  -0.75397371  -0.87045223  -0.97164111  -1.05038660  -1.09966068  -1.11289120  -1.08571183  -1.01944420  -0.92222541  -0.80514971  -0.67825396  -0.54940554  -0.42458110  -0.30821603  -0.20341428  -0.11210523  -0.03520548   0.02720413   0.07569574   0.11131845   0.13543919   0.14960584   0.15543507   0.15452461   0.14838804   0.13840951   0.12581524   0.11165885   0.09681765   0.08199712   0.06774162   0.05444922   0.04238907   0.03172008   0.02250989 
  0.00000000   0.00329323   0.01261414   0.02633779   0.04192260   0.05614365   0.06538804   0.06598586   0.05454838   0.02828629  -0.01471556  -0.07528512  -0.15302405  -0.24624937  -0.35201776  -0.46623110  -0.58381834  -0.69898367  -0.80549919  -0.89699618  -0.96717646  -1.00989774  -1.01944420  -0.99207518  -0.92914800  -0.83815079  -0.72924623  -0.61164382  -0.49257467  -0.37752890  -0.27056766  -0.17451519  -0.09110602  -0.02113760   0.03536309   0.07896838   0.11068579   0.13181003   0.14379640   0.14815727   0.14638161   0.13987540   0.12992060   0.11764964   0.10403268   0.08987476   0.07582072   0.06236552   0.04986841   0.03856937   0.02860664 
  0.00000000   0.00365271   0.01411083   0.02991726   0.04878230   0.06777834   0.08358677   0.09277580   0.09208586   0.07870106   0.05048768   0.00618567  -0.05445625  -0.13060650  -0.22033878  -0.32068123  -0.42772440  -0.53678473  -0.64261722  -0.73966087  -0.82227965  -0.88493145  -0.92222541  -0.92914800  -0.90244494  -0.84343808  -0.75897954  -0.65834990  -0.54997427  -0.44047822  -0.33489160  -0.23692755  -0.14915750  -0.07314745  -0.00960012   0.04149028   0.08067913   0.10891952   0.12742545   0.13755499   0.14071505   0.13828737   0.13157399   0.12175976   0.10988926   0.09685544   0.08339740   0.07010524   0.05742993   0.04569666   0.03512029 
  0.00000000   0.00381439   0.01481875   0.03173177   0.05253175   0.07461638   0.09500583   0.11057185   0.11827442   0.11538864   0.09970711   0.06970674   0.02467331  -0.03521954  -0.10887687  -0.19429358  -0.28860821  -0.38819869  -0.48881919  -0.58577530  -0.67412643  -0.74888437  -0.80514971  -0.83815079  -0.84343808  -0.81812740  -0.76345398  -0.68565957  -0.59320267  -0.49377922  -0.39345282  -0.29682994  -0.20730921  -0.12723967  -0.05804550  -0.00035680   0.04584768   0.08109411   0.10627346   0.12251542   0.13108072   0.13327329   0.13037217   0.12358120   0.11399466   0.10257606   0.09014778   0.07738921   0.06484140   0.05291630   0.04190932 
  0.00000000   0.00382347   0.01491548   0.03216906   0.05383113   0.07763141   0.10094667   0.12098648   0.13498598   0.14039202   0.13503120   0.11725162   0.08603319   0.04106478  -0.01721156  -0.08758762  -0.16810584  -0.25610544  -0.34829893  -0.44088091  -0.52966943  -0.61027255  -0.67825396  -0.72924623  -0.75897954  -0.76345398  -0.74006587  -0.68993386  -0.61872700  -0.53414929  -0.44322994  -0.35152067  -0.26324584  -0.18152473  -0.10851361  -0.04551873   0.00688430   0.04871965   0.08047672   0.10298119   0.11727880   0.12453595   0.12595866   0.12272945   0.11596096   0.10666401   0.09572797   0.08391121   0.07183932   0.06000951   0.04879919 
  0.00000000   0.00371736   0.01454849   0.03155303   0.05323646   0.07765236   0.10253293   0.12543689   0.14390363   0.15560306   0.15847241   0.15083379   0.13148902   0.09979057   0.05568959  -0.00023743  -0.06678170  -0.14211435  -0.22381913  -0.30894854  -0.39410763  -0.47556781  -0.54940554  -0.61164382  -0.65834990  -0.68565957  -0.68993386  -0.66878527  -0.62320386  -0.55833198  -0.48118978  -0.39820418  -0.31446624  -0.23385922  -0.15925623  -0.09264703  -0.03523966   0.01243111   0.05038422   0.07906881   0.09924548   0.11187911   0.11804693   0.11886339   0.11542169   0.10875055   0.09978450   0.08934554   0.07813413   0.06672754   0.05558378 
  0.00000000   0.00352673   0.01383923   0.03015188   0.05121183   0.07537852   0.10072533   0.12515508   0.14652083   0.16274416   0.17192416   0.17243286   0.16299440   0.14274771   0.11129359   0.06872793   0.01566268  -0.04676470  -0.11689432  -0.19256220  -0.27113861  -0.34959187  -0.42458110  -0.49257467  -0.54997427  -0.59320267  -0.61872700  -0.62320386  -0.60441828  -0.56323272  -0.50431259  -0.43406368  -0.35837282  -0.28191909  -0.20828250  -0.14011929  -0.07927470  -0.02687395   0.01657951   0.05109483   0.07708032   0.09523411   0.10644495   0.11170713   0.11205058   0.10848647   0.10196685   0.09335683   0.08341732   0.07279651   0.06202819 
  0.00000000   0.00327668   0.01288731   0.02818685   0.04814315   0.07139738   0.09634137   0.12120579   0.14415269   0.16336668   0.17713994   0.18394766   0.18251263   0.17185862   0.15135374   0.12074544   0.08018860   0.03026763  -0.02798800  -0.09309699  -0.16313226  -0.23574546  -0.30821603  -0.37752890  -0.44047822  -0.49377922  -0.53414929  -0.55833198  -0.56323272  -0.54678067  -0.50971949  -0.45628727  -0.39234060  -0.32328352  -0.25342730  -0.18608196  -0.12371179  -0.06803524  -0.02010628   0.01959667   0.05107103   0.07468576   0.09108040   0.10107324   0.10558218   0.10555976   0.10194223   0.09561183   0.08737059   0.07792408   0.06787329 
  0.00000000   0.00298772   0.01177439   0.02584033   0.04435105   0.06620194   0.09007546   0.11450661   0.13795189   0.15885772   0.17572487   0.18716671   0.19196030   0.18909046   0.17778799   0.15756330   0.12823700   0.08996832   0.04328114  -0.01091396  -0.07130466  -0.13617383  -0.20341428  -0.27056766  -0.33489160  -0.39345282  -0.44322994  -0.48118978  -0.50431259  -0.50971949  -0.49546537  -0.46218772  -0.41374393  -0.35550048  -0.29242982  -0.22851417  -0.16682219  -0.10964685  -0.05859396  -0.01465481   0.02171334   0.05049593   0.07202517   0.08688660   0.09583388   0.09971514   0.09941228   0.09579331   0.08967698   0.08180805   0.07284195 
  0.00000000   0.00267658   0.01056741   0.02326267   0.04010187   0.06020565   0.08251666   0.10584633   0.12892456   0.15044927   0.16913356   0.18374926   0.19316611   0.19638699   0.19258025   0.18111016   0.16156710   0.13379789   0.09793671   0.05443533   0.00409045  -0.05193549  -0.11210523  -0.17451519  -0.23692755  -0.29682994  -0.35152067  -0.39820418  -0.43406368  -0.45628727  -0.46218772  -0.44993335  -0.42006901  -0.37611360  -0.32299576  -0.26530129  -0.20671692  -0.15009421  -0.09757194  -0.05065452  -0.01027689   0.02312244   0.04951778   0.06920769   0.08272847   0.09077489   0.09413150   0.09361590   0.09003403   0.08414684   0.07664709 
  0.00000000   0.00235693   0.00932113   0.02057752   0.03561626   0.05375425   0.07416288   0.09589999   0.11794374   0.13922695   0.15867005   0.17521219   0.18784019   0.19561564   0.19770119   0.19338704   0.18211860   0.16352622   0.13745701   0.10400842   0.06356160   0.01681220  -0.03520548  -0.09110602  -0.14915750  -0.20730921  -0.26324584  -0.31446624  -0.35837282  -0.39234060  -0.41374393  -0.42006901  -0.40958860  -0.38276768  -0.34282390  -0.29429383  -0.24141564  -0.18760948  -0.13553046  -0.08717743  -0.04396250  -0.00676915   0.02398151   0.04825392   0.06631629   0.07866026   0.08592710   0.08884355   0.08816869   0.08465193   0.07900165 
  0.00000000   0.00203979   0.00807996   0.01788577   0.03107563   0.04713455   0.06543166   0.08524033   0.10575977   0.12613699   0.14548841   0.16292068   0.17755087   0.18852644   0.19504575   0.19638002   0.19189766   0.18109149   0.16360924   0.13928703   0.10818455   0.07062035   0.02720413  -0.02113760  -0.07314745  -0.12723967  -0.18152473  -0.23385922  -0.28191909  -0.32328352  -0.35550048  -0.37611360  -0.38276768  -0.37383269  -0.34970498  -0.31333341  -0.26890229  -0.22033605  -0.17081325  -0.12281025  -0.07819806  -0.03830411  -0.00396423   0.02441698   0.04679559   0.06341259   0.07471925   0.08130833   0.08385400   0.08306201   0.07963027 
  0.00000000   0.00173395   0.00687933   0.01526839   0.02662676   0.04058095   0.05666793   0.07434625   0.09300808   0.11199158   0.13059345   0.14808149   0.16370753   0.17672115   0.18638488   0.19199168   0.19288529   0.18848417   0.17830918   0.16201484   0.13942362   0.11056193   0.07569574   0.03536309  -0.00960012  -0.05804550  -0.10851361  -0.15925623  -0.20828250  -0.25342730  -0.29242982  -0.32299576  -0.34282390  -0.34970498  -0.34209972  -0.32034541  -0.28715026  -0.24638100  -0.20167788  -0.15599963  -0.11165924  -0.07041035  -0.03350215  -0.00172611   0.02452914   0.04521270   0.06054129   0.07092977   0.07692683   0.07915878   0.07828281 
  0.00000000   0.00144614   0.00574666   0.01278848   0.02238521   0.03428012   0.04814994   0.06360925   0.08021536   0.09747343   0.11484200   0.13173903   0.14754896   0.16163111   0.17333017   0.18198931   0.18696661   0.18765513   0.18350699   0.17406138   0.15897614   0.13806204   0.11131845   0.07896838   0.04149028  -0.00035680  -0.04551873  -0.09264703  -0.14011929  -0.18608196  -0.22851417  -0.26530129  -0.29429383  -0.31333341  -0.32034541  -0.31387528  -0.29420932  -0.26383948  -0.22634525  -0.18510865  -0.14288772  -0.10184562  -0.06362780  -0.02941099   0.00005496   0.02439684   0.04355817   0.05773404   0.06730639   0.07278390   0.07474930 
  0.00000000   0.00118131   0.00470212   0.01049300   0.01843810   0.02837495   0.04009415   0.05333900   0.06780518   0.08314060   0.09894569   0.11477451   0.13013705   0.14450333   0.15730976   0.16796829   0.17587893   0.18044599   0.18109814   0.17731263   0.16864318   0.15475116   0.13543919   0.11068579   0.08067913   0.04584768   0.00688430  -0.03523966  -0.07927470  -0.12371179  -0.16682219  -0.20671692  -0.24141564  -0.26890229  -0.28715026  -0.29420932  -0.28870395  -0.27087619  -0.24302306  -0.20846348  -0.17034417  -0.13123949  -0.09317482  -0.05769567  -0.02591140   0.00146716   0.02408182   0.04187165   0.05501249   0.06385653   0.06887604 
  0.00000000   0.00094275   0.00375931   0.00841418   0.01484657   0.02296813   0.03265994   0.04376892   0.05610401   0.06943233   0.08347582   0.09790860   0.11235581   0.12639414   0.13955470   0.15132873   0.16117648   0.16853961   0.17285743   0.17358693   0.17022667   0.16234410   0.14960584   0.13181003   0.10891952   0.08109411   0.04871965   0.01243111  -0.02687395  -0.06803524  -0.10964685  -0.15009421  -0.18760948  -0.22033605  -0.24638100  -0.26383948  -0.27087619  -0.26618933  -0.24998231  -0.22437596  -0.19245224  -0.15714300  -0.12085411  -0.08548400  -0.05248572  -0.02290591   0.00258127   0.02363218   0.04018247   0.05239080   0.06058241 
  0.00000000   0.00073227   0.00292599   0.00657110   0.01164838   0.01812595   0.02595462   0.03506238   0.04534834   0.05667668   0.06887071   0.08170781   0.09491561   0.10816983   0.12109436   0.13326389   0.14420958   0.15342795   0.16039333   0.16457394   0.16545156   0.16254472   0.15543507   0.14379640   0.12742545   0.10627346   0.08047672   0.05038422   0.01657951  -0.02010628  -0.05859396  -0.09757194  -0.13553046  -0.17081325  -0.20167788  -0.22634525  -0.24302306  -0.24998231  -0.24598989  -0.23121550  -0.20762022  -0.17807013  -0.14530046  -0.11156227  -0.07863687  -0.04789161  -0.02031473   0.00345412   0.02308535   0.03851204   0.04987753 
  0.00000000   0.00055044   0.00220478   0.00497124   0.00886067   0.01388246   0.02003912   0.02731979   0.03569316   0.04509996   0.05544579   0.06659439   0.07836205   0.09051351   0.10275982   0.11475846   0.12611616   0.13639471   0.14511987   0.15179372   0.15591025   0.15697447   0.15452461   0.14815727   0.13755499   0.12251542   0.10298119   0.07906881   0.05109483   0.01959667  -0.01465481  -0.05065452  -0.08717743  -0.12281025  -0.15599963  -0.18510865  -0.20846348  -0.22437596  -0.23121550  -0.22781303  -0.21430871  -0.19251862  -0.16511169  -0.13464296  -0.10322106  -0.07251910  -0.04382495  -0.01807235   0.00413144   0.02247039   0.03687575 
  0.00000000   0.00039671   0.00159397   0.00361231   0.00648303   0.01024402   0.01493417   0.02058668   0.02722161   0.03483801   0.04340602   0.05285944   0.06308904   0.07393714   0.08519384   0.09659512   0.10782335   0.11851029   0.12824300   0.13657260   0.14302626   0.14712223   0.14838804   0.14638161   0.14071505   0.13108072   0.11727880   0.09924548   0.07708032   0.05107103   0.02171334  -0.01027689  -0.04396250  -0.07819806  -0.11165924  -0.14288772  -0.17034417  -0.19245224  -0.20762022  -0.21430871  -0.21140845  -0.19903369  -0.17886859  -0.15340181  -0.12502299  -0.09570953  -0.06703450  -0.04021195  -0.01612484   0.00465008   0.02180983 
  0.00000000   0.00026969   0.00108839   0.00248408   0.00450071   0.00719420   0.01062712   0.01486235   0.01995581   0.02594882   0.03286015   0.04067842   0.04935498   0.05879768   0.06886597   0.07936758   0.09005703   0.10063644   0.11075865   0.12003302   0.12803392   0.13431221   0.13840951   0.13987540   0.13828737   0.13327329   0.12453595   0.11187911   0.09523411   0.07468576   0.05049593   0.02312244  -0.00676915  -0.03830411  -0.07041035  -0.10184562  -0.13123949  -0.15714300  -0.17807013  -0.19251862  -0.19903369  -0.19656197  -0.18519503  -0.16649680  -0.14279083  -0.11631476  -0.08892493  -0.06210181  -0.03699085  -0.01442760   0.00503986 
  0.00000000   0.00016734   0.00068018   0.00157022   0.00288786   0.00469872   0.00707885   0.01010902   0.01386811   0.01842601   0.02383619   0.03012832   0.03730117   0.04531610   0.05409147   0.06349832   0.07335744   0.08343831   0.09345996   0.10309416   0.11197096   0.11968678   0.12581524   0.12992060   0.13157399   0.13037217   0.12595866   0.11804693   0.10644495   0.09108040   0.07202517   0.04951778   0.02398151  -0.00396423  -0.03350215  -0.06362780  -0.09317482  -0.12085411  -0.14530046  -0.16511169  -0.17886859  -0.18519503  -0.18308992  -0.17262500  -0.15525447  -0.13315044  -0.10841064  -0.08277964  -0.05765208  -0.03410965  -0.01294360 
  0.00000000   0.00008717   0.00035971   0.00085018   0.00161078   0.00271040   0.00423065   0.00626086   0.00889240   0.01221244   0.01629728   0.02120551   0.02697133   0.03359809   0.04105250   0.04925960   0.05809891   0.06740191   0.07695110   0.08648099   0.09568111   0.10420120   0.11165885   0.11764964   0.12175976   0.12358120   0.12272945   0.11886339   0.11170713   0.10107324   0.08688660   0.06920769   0.04825392   0.02441698  -0.00172611  -0.02941099  -0.05769567  -0.08548400  -0.11156227  -0.13464296  -0.15340181  -0.16649680  -0.17262500  -0.17083433  -0.16117917  -0.14501346  -0.12437019  -0.10121816  -0.07719861  -0.05362658  -0.03152441 
  0.00000000   0.00002641   0.00011625   0.00030085   0.00063083   0.00117370   0.00201065   0.00323249   0.00493495   0.00721342   0.01015718   0.01384345   0.01833123   0.02365528   0.02982038   0.03679605   0.04451209   0.05285501   0.06166583   0.07073917   0.07982422   0.08862749   0.09681765   0.10403268   0.10988926   0.11399466   0.11596096   0.11542169   0.11205058   0.10558218   0.09583388   0.08272847   0.06631629   0.04679559   0.02452914   0.00005496  -0.02591140  -0.05248572  -0.07863687  -0.10322106  -0.12502299  -0.14279083  -0.15525447  -0.16117917  -0.15965883  -0.15073271  -0.13566298  -0.11635463  -0.09465753  -0.07211729  -0.04997504 
 -0.00000000  -0.00001776  -0.00006133  -0.00010195  -0.00009288   0.00002878   0.00033963   0.00092682   0.00188436   0.00330886   0.00529481   0.00792948   0.01128760   0.01542592   0.02037774   0.02614775   0.03270724   0.03998995   0.04788885   0.05625397   0.06489159   0.07356502   0.08199712   0.08987476   0.09685544   0.10257606   0.10666401   0.10875055   0.10848647   0.10555976   0.09971514   0.09077489   0.07866026   0.06341259   0.04521270   0.02439684   0.00146716  -0.02290591  -0.04789161  -0.07251910  -0.09570953  -0.11631476  -0.13315044  -0.14501346  -0.15073271  -0.14944533  -0.14117736  -0.12710687  -0.10902099  -0.08865969  -0.06747997 
 -0.00000000  -0.00004814  -0.00018401  -0.00038222  -0.00060131  -0.00078500  -0.00086400  -0.00075826  -0.00037978   0.00036416   0.00156727   0.00332011   0.00570562   0.00879438   0.01263969   0.01727267   0.02269749   0.02888692   0.03577852   0.04327154   0.05122478   0.05945583   0.06774162   0.07582072   0.08339740   0.09014778   0.09572797   0.09978450   0.10196685   0.10194223   0.09941228   0.09413150   0.08592710   0.07471925   0.06054129   0.04355817   0.02408182   0.00258127  -0.02031473  -0.04382495  -0.06703450  -0.08892493  -0.10841064  -0.12437019  -0.13566298  -0.14117736  -0.14009111  -0.13241883  -0.11926139  -0.10229719  -0.08316456 
 -0.00000000  -0.00006736  -0.00026217  -0.00056280  -0.00093372  -0.00132633  -0.00168016  -0.00192435  -0.00197964  -0.00176070  -0.00117894  -0.00014566   0.00142430   0.00360860   0.00647313   0.01006758   0.01442086   0.01953673   0.02538962   0.03192096   0.03903621   0.04660279   0.05444922   0.06236552   0.07010524   0.07738921   0.08391121   0.08934554   0.09335683   0.09561183   0.09579331   0.09361590   0.08884355   0.08130833   0.07092977   0.05773404   0.04187165   0.02363218   0.00345412  -0.01807235  -0.04021195  -0.06210181  -0.08277964  -0.10121816  -0.11635463  -0.12710687  -0.13241883  -0.13150658  -0.12437478  -0.11205335  -0.09612027 
 -0.00000000  -0.00007782  -0.00030532  -0.00066465  -0.00112637  -0.00164986  -0.00218403  -0.00266821  -0.00303338  -0.00320377  -0.00309874  -0.00263519  -0.00173029  -0.00030469   0.00171391   0.00438690   0.00776063   0.01186221   0.01669531   0.02223622   0.02843037   0.03518939   0.04238907   0.04986841   0.05742993   0.06484140   0.07183932   0.07813413   0.08341732   0.08737059   0.08967698   0.09003403   0.08816869   0.08385400   0.07692683   0.06730639   0.05501249   0.04018247   0.02308535   0.00413144  -0.01612484  -0.03699085  -0.05765208  -0.07719861  -0.09465753  -0.10902099  -0.11926139  -0.12437478  -0.12361329  -0.11697300  -0.10541854 
 -0.00000000  -0.00008166  -0.00032188  -0.00070643  -0.00121169  -0.00180480  -0.00244393  -0.00307875  -0.00365101  -0.00409552  -0.00434132  -0.00431333  -0.00393432  -0.00312736  -0.00181868   0.00005909   0.00256332   0.00573753   0.00960746   0.01417705   0.01942468   0.02529980   0.03172008   0.03856937   0.04569666   0.05291630   0.06000951   0.06672754   0.07279651   0.07792408   0.08180805   0.08414684   0.08465193   0.08306201   0.07915878   0.07278390   0.06385653   0.05239080   0.03851204   0.02247039   0.00465008  -0.01442760  -0.03410965  -0.05362658  -0.07211729  -0.08865969  -0.10229719  -0.11205335  -0.11697300  -0.11634232  -0.11014999 
 -0.00000000  -0.00008068  -0.00031906  -0.00070420  -0.00121778  -0.00183408  -0.00251998  -0.00323499  -0.00393146  -0.00455496  -0.00504497  -0.00533579  -0.00535792  -0.00503979  -0.00430996  -0.00309968  -0.00134593   0.00100520   0.00399495   0.00764808   0.01196907   0.01693853   0.02250989   0.02860664   0.03512029   0.04190932   0.04879919   0.05558378   0.06202819   0.06787329   0.07284195   0.07664709   0.07900165   0.07963027   0.07828281   0.07474930   0.06887604   0.06058241   0.04987753   0.03687575   0.02180983   0.00503986  -0.01294360  -0.03152441  -0.04997504  -0.06747997  -0.08316456  -0.09612027  -0.10541854  -0.11014999  -0.10963295 
#
