# coconut-me2b/v0.99.21 
# 
# momentum space matrix elements 
# partial wave J=1, L=1/1, S=1, T=1, MT=0 
# 
# momentum grid [fm^-1]
0.000000 0.200000 0.400000 0.600000 0.800000 1.000000 1.200000 1.400000 1.600000 1.800000 2.000000 2.200000 2.400000 2.600000 2.800000 3.000000 3.200000 3.400000 3.600000 3.800000 4.000000 4.200000 4.400000 4.600000 4.800000 5.000000 5.200000 5.400000 5.600000 5.800000 6.000000 6.200000 6.400000 6.600000 6.800000 7.000000 7.200000 7.400000 7.600000 7.800000 8.000000 8.200000 8.400000 8.600000 8.800000 9.000000 9.200000 9.400000 9.600000 9.800000 10.000000 
#
# matrix elements [MeV fm^3] 
  0.00000045   0.00080033   0.00120633   0.00125998   0.00116730   0.00105321   0.00095932   0.00088988   0.00083766   0.00079409   0.00075245   0.00070853   0.00066039   0.00060780   0.00055172   0.00049374   0.00043568   0.00037930   0.00032607   0.00027710   0.00023307   0.00019428   0.00016072   0.00013211   0.00010803   0.00008795   0.00007131   0.00005758   0.00004626   0.00003693   0.00002922   0.00002285   0.00001758   0.00001323   0.00000966   0.00000675   0.00000440   0.00000255   0.00000111   0.00000002  -0.00000076  -0.00000130  -0.00000164  -0.00000182  -0.00000187  -0.00000184  -0.00000174  -0.00000160  -0.00000144  -0.00000127  -0.00000110 
  0.00080033   1.45620413   2.26472696   2.43070265   2.28998239   2.08420421   1.90590028   1.77042070   1.66681226   1.57954393   1.49591840   1.40784283   1.31154527   1.20661677   1.09492105   0.97959526   0.86423378   0.75228528   0.64665875   0.54951425   0.46220277   0.38531512   0.31880066   0.26212077   0.21440955   0.17462132   0.14165296   0.11443536   0.09199382   0.07348091   0.05818717   0.04553585   0.03506790   0.02642189   0.01931315   0.01351447   0.00883992   0.00513243   0.00225497   0.00008484  -0.00148950  -0.00256994  -0.00324913  -0.00361033  -0.00372711  -0.00366318  -0.00347240  -0.00319916  -0.00287896  -0.00253926  -0.00220043 
  0.00120633   2.26472696   3.78413270   4.36074198   4.31284763   4.03159306   3.73307316   3.48389392   3.28248519   3.10766053   2.93861196   2.76118456   2.56861080   2.36022312   2.13959273   1.91270265   1.68641129   1.46730023   1.26091490   1.07135873   0.90117541   0.75144285   0.62200298   0.51175971   0.41899057   0.34163312   0.27752193   0.22456546   0.18086235   0.14476400   0.11489399   0.09013671   0.06960681   0.05260942   0.03859861   0.02713937   0.01787587   0.01050701   0.00476933   0.00042597  -0.00273941  -0.00492534  -0.00631305  -0.00706608  -0.00732945  -0.00722912  -0.00687198  -0.00634639  -0.00572327  -0.00505768  -0.00439066 
  0.00125998   2.43070265   4.36074198   5.47864598   5.82082662   5.69156700   5.39191712   5.07878482   4.79544104   4.53498511   4.27829834   4.00964818   3.72107798   3.41211920   3.08784130   2.75656246   2.42779597   2.11066232   1.81282519   1.53991672   1.29536887   1.08054611   0.89507240   0.73725612   0.60453478   0.49388327   0.40215106   0.32631278   0.26363180   0.21174642   0.16869440   0.13289351   0.10309486   0.07832353   0.05781729   0.04097071   0.02728882   0.01635178   0.00779020   0.00126960  -0.00351797  -0.00685728  -0.00901027  -0.01021479  -0.01068306  -0.01060047  -0.01012517  -0.00938861  -0.00849691  -0.00753297  -0.00655910 
  0.00116730   2.28998239   4.31284763   5.82082662   6.66686662   6.90952185   6.77513209   6.48374220   6.15233325   5.81545679   5.47136925   5.11048031   4.72699551   4.32173307   3.90120919   3.47549183   3.05596426   2.65348804   2.27713449   1.93348865   1.62644413   1.35736827   1.12550854   0.92852072   0.76302172   0.62509624   0.51071378   0.41603679   0.33761913   0.27250763   0.21826644   0.17294678   0.13502333   0.10331558   0.07690767   0.05507610   0.03723016   0.02286696   0.01154036   0.00284193  -0.00360887  -0.00816811  -0.01116676  -0.01290829  -0.01366581  -0.01367979  -0.01315697  -0.01227046  -0.01116114  -0.00994002  -0.00869138 
  0.00105321   2.08420421   4.03159306   5.69156700   6.90952185   7.58766491   7.76767479   7.61453621   7.29544416   6.90602353   6.48175061   6.03085016   5.55532579   5.05950059   4.55177088   4.04351550   3.54718215   3.07448212   2.63506974   2.23580001   1.88051433   1.57023654   1.30364004   1.07765248   0.88808722   0.73022035   0.59926328   0.49070856   0.40054864   0.32538253   0.26243375   0.20950591   0.16490109   0.12732218   0.09577514   0.06948165   0.04780802   0.03021201   0.01620683   0.00533962  -0.00281892  -0.00867704  -0.01261989  -0.01500519  -0.01615860  -0.01636990  -0.01589066  -0.01493358  -0.01367350  -0.01224969  -0.01076920 
  0.00095932   1.90590028   3.73307316   5.39191712   6.77513209   7.76767479   8.29379468   8.38235729   8.16052767   7.76454700   7.28036488   6.74846486   6.18721745   5.60845228   5.02381769   4.44601566   3.88794101   3.36131641   2.87554290   2.43702547   2.04899789   1.71175805   1.42318119   1.17937470   0.97535758   0.80567790   0.66491441   0.54803866   0.45063787   0.36901560   0.30019626   0.24186299   0.19225678   0.15006007   0.11428251   0.08416027   0.05907497   0.03849392   0.02193039   0.00892079  -0.00098524  -0.00822582  -0.01322252  -0.01637359  -0.01804701  -0.01857455  -0.01824776  -0.01731608  -0.01598699  -0.01442788  -0.01276928 
  0.00088988   1.77042070   3.48389392   5.07878482   6.48374220   7.61453621   8.38235729   8.72987031   8.68269627   8.34734341   7.84257409   7.25017247   6.61550967   5.96426600   5.31421343   4.68023632   4.07551618   3.51118536   2.99567022   2.53425446   2.12902282   1.77916186   1.48151441   1.23126312   1.02262969   0.84950374   0.70594735   0.58655194   0.48664909   0.40239383   0.33074884   0.26940090   0.21663936   0.17122131   0.13224193   0.09902187   0.07101774   0.04775707   0.02879616   0.01369682   0.00201773  -0.00668430  -0.01284727  -0.01689420  -0.01922335  -0.02019966  -0.02014862  -0.01935258  -0.01804970  -0.01643488  -0.01466259 
  0.00083766   1.66681226   3.28248519   4.79544104   6.15233325   7.29544416   8.16052767   8.68269627   8.82372904   8.61256922   8.14488651   7.52858469   6.84232912   6.13366762   5.43133733   4.75458360   4.11750576   3.53050692   3.00058460   2.53138042   2.12336878   1.77427667   1.47969120   1.23376091   1.02989326   0.86137004   0.72183151   0.60560848   0.50790597   0.42485877   0.35348872   0.29159634   0.23761739   0.19046974   0.14940923   0.11390631   0.08354929   0.05797519   0.03682584   0.01972510   0.00627188  -0.00395590  -0.01139101  -0.01646384  -0.01958925  -0.02115510  -0.02151346  -0.02097474  -0.01980490  -0.01822517  -0.01641393 
  0.00079409   1.57954393   3.10766053   4.53498511   5.81545679   6.90602353   7.76454700   8.34734341   8.61256922   8.54063992   8.16613522   7.57791397   6.87494628   6.13119626   5.39263708   4.68676020   4.03039492   3.43381410   2.90258262   2.43845039   2.03997800   1.70316975   1.42217160   1.18999601   0.99920718   0.84250614   0.71317648   0.60537572   0.51427949   0.43610052   0.36801364   0.30801959   0.25477873   0.20743967   0.16548129   0.12857946   0.09650395   0.06904568   0.04597173   0.02700309   0.01180970   0.00001720  -0.00877942  -0.01499925  -0.01905875  -0.02135705  -0.02226409  -0.02211232  -0.02119166  -0.01974760  -0.01798178 
  0.00075245   1.49591840   2.93861196   4.27829834   5.47136925   6.48175061   7.28036488   7.84257409   8.14488651   8.16613522   7.90262262   7.39347297   6.72101340   5.97459383   5.22091389   4.50084738   3.83725881   3.24194318   2.71970052   2.27055514   1.89110119   1.57550041   1.31634450   1.10543345   0.93445458   0.79553184   0.68162321   0.58676130   0.50614948   0.43613824   0.37411394   0.31833299   0.26773193   0.22173794   0.18009740   0.14273331   0.10963596   0.08078697   0.05611297   0.03546385   0.01860953   0.00524927  -0.00497153  -0.01244124  -0.01756188  -0.02073090  -0.02232620  -0.02269492  -0.02214597  -0.02094607  -0.01931864 
  0.00070853   1.40784283   2.76118456   4.00964818   5.11048031   6.03085016   6.74846486   7.25017247   7.52858469   7.57791397   7.39347297   6.98296695   6.38701264   5.67985291   4.93963849   4.22350600   3.56475656   2.97966039   2.47384528   2.04636804   1.69216822   1.40366024   1.17188525   0.98740613   0.84100922   0.72422782   0.62969252   0.55131848   0.48435021   0.42529273   0.37176242   0.32229086   0.27611111   0.23295038   0.19284539   0.15599049   0.12262211   0.09293902   0.06705431   0.04497343   0.02659193   0.01170682   0.00003593  -0.00875893  -0.01504855  -0.01921476  -0.02163224  -0.02265427  -0.02260252  -0.02176076  -0.02037179 
  0.00066039   1.31154527   2.56861080   3.72107798   4.72699551   5.55532579   6.18721745   6.61550967   6.84232912   6.87494628   6.72101340   6.38701264   5.88690800   5.25921754   4.56821897   3.87958534   3.23958918   2.67287656   2.18861534   1.78644904   1.46048066   1.20177898   1.00001288   0.84457181   0.72534892   0.63326957   0.56060974   0.50113724   0.45010863   0.40415689   0.36110554   0.31974291   0.27958563   0.24065372   0.20327306   0.16791388   0.13506863   0.10516751   0.07852776   0.05533032   0.03561754   0.01930536   0.00620453  -0.00395399  -0.01149275  -0.01676332  -0.02012489  -0.02192710  -0.02249694  -0.02212984  -0.02108445 
  0.00060780   1.20661677   2.36022312   3.41211920   4.32173307   5.05950059   5.60845228   5.96426600   6.13366762   6.13119626   5.97459383   5.67985291   5.25921754   4.72815756   4.12003960   3.48792672   2.88466357   2.34558982   1.88692950   1.51141858   1.21381550   0.98466883   0.81270468   0.68634073   0.59464947   0.52794892   0.47812232   0.43873261   0.40498316   0.37356900   0.34245889   0.31064309   0.27787570   0.24443344   0.21090528   0.17802129   0.14652270   0.11707189   0.09019732   0.06626741   0.04548662   0.02790721   0.01345083   0.00193539  -0.00689680  -0.01335196  -0.01776084  -0.02045852  -0.02176864  -0.02199171  -0.02139747 
  0.00055172   1.09492105   2.13959273   3.08784130   3.90120919   4.55177088   5.02381769   5.31421343   5.43133733   5.39263708   5.22091389   4.93963849   4.56821897   4.12003960   3.60845031   3.05975678   2.51560830   2.01673399   1.58855539   1.24007706   0.96900670   0.76676390   0.62191376   0.52230939   0.45638538   0.41390240   0.38632404   0.36693928   0.35080843   0.33459190   0.31630894   0.29506451   0.27077400   0.24390738   0.21526681   0.18580534   0.15648857   0.12819739   0.10166707   0.07745648   0.05594077   0.03732085   0.02164408   0.00883104  -0.00129533  -0.00898106  -0.01451492  -0.01820578  -0.02036411  -0.02128772  -0.02125152 
  0.00049374   0.97959526   1.91270265   2.75656246   3.47549183   4.04351550   4.44601566   4.68023632   4.75458360   4.68676020   4.50084738   4.22350600   3.87958534   3.48792672   3.05975678   2.60412707   2.13966545   1.69744428   1.30764843   0.98751126   0.74053780   0.56108526   0.43881610   0.36172179   0.31795384   0.29685799   0.28949352   0.28881721   0.28964892   0.28849962   0.28332099   0.27322028   0.25817289   0.23875493   0.21591007   0.19075827   0.16444813   0.13805105   0.11249274   0.08851576   0.06666679   0.04730203   0.03060510   0.01661221   0.00524105  -0.00368003  -0.01038435  -0.01514231  -0.01824058  -0.01996536  -0.02058966 
  0.00043568   0.86423378   1.68641129   2.42779597   3.05596426   3.54718215   3.88794101   4.07551618   4.11750576   4.03039492   3.83725881   3.56475656   3.23958918   2.88466357   2.51560830   2.13966545   1.76080074   1.39045040   1.05069798   0.76324172   0.53914568   0.37823094   0.27308964   0.21296183   0.18632515   0.18240282   0.19194818   0.20756863   0.22376080   0.23677019   0.24435232   0.24548882   0.24009593   0.22875026   0.21244730   0.19240081   0.16988551   0.14612157   0.12219673   0.09902037   0.07730327   0.05755696   0.04010681   0.02511411   0.01260297   0.00248897  -0.00539278  -0.01126186  -0.01536992  -0.01798177  -0.01936036 
  0.00037930   0.75228528   1.46730023   2.11066232   2.65348804   3.07448212   3.36131641   3.51118536   3.53050692   3.43381410   3.24194318   2.97966039   2.67287656   2.34558982   2.01673399   1.69744428   1.39045040   1.09492612   0.81633300   0.56971769   0.37044828   0.22536278   0.13220241   0.08306179   0.06770950   0.07576423   0.09790829   0.12646171   0.15555803   0.18108118   0.20046732   0.21244102   0.21673140   0.21379812   0.20458548   0.19031428   0.17231512   0.15190253   0.13028643   0.10851596   0.08744990   0.06774784   0.04987673   0.03412788   0.02064045   0.00942803   0.00040596  -0.00658252  -0.01174264  -0.01530746  -0.01752085 
  0.00032607   0.64665875   1.26091490   1.81282519   2.27713449   2.63506974   2.87554290   2.99567022   3.00058460   2.90258262   2.71970052   2.47384528   2.18861534   1.88692950   1.58855539   1.30764843   1.05069798   0.81633300   0.59989343   0.40240640   0.23383793   0.10517798   0.02066633  -0.02280800  -0.03278418  -0.01841257   0.01135843   0.04875167   0.08757579   0.12330254   0.15295020   0.17486571   0.18846503   0.19396966   0.19216233   0.18417457   0.17131210   0.15491855   0.13627564   0.11653538   0.09667957   0.07750099   0.05960155   0.04340246   0.02916256   0.01700147   0.00692481  -0.00115040  -0.00737183  -0.01193021  -0.01504068 
  0.00027710   0.54951425   1.07135873   1.53991672   1.93348865   2.23580001   2.43702547   2.53425446   2.53138042   2.43845039   2.27055514   2.04636804   1.78644904   1.51141858   1.24007706   0.98751126   0.76324172   0.56971769   0.40240640   0.25403659   0.12272548   0.01506347  -0.06076661  -0.10191610  -0.11153534  -0.09631726  -0.06411224  -0.02241412   0.02242097   0.06547911   0.10330960   0.13378895   0.15590848   0.16953586   0.17518133   0.17378644   0.16654414   0.15475349   0.13970848   0.12261806   0.10455335   0.08641763   0.06893426   0.05264843   0.03793871   0.02503520   0.01404133   0.00495729  -0.00229674  -0.00785878  -0.01190541 
  0.00023307   0.46220277   0.90117541   1.29536887   1.62644413   1.88051433   2.04899789   2.12902282   2.12336878   2.03997800   1.89110119   1.69216822   1.46048066   1.21381550   0.96900670   0.74053780   0.53914568   0.37044828   0.23383793   0.12272548   0.02841125  -0.05260876  -0.11579598  -0.15463915  -0.16689074  -0.15529343  -0.12551631  -0.08412488  -0.03730252   0.00979374   0.05326825   0.09048206   0.11991954   0.14099517   0.15384336   0.15911619   0.15780323   0.15107974   0.14018532   0.12633187   0.11063818   0.09408742   0.07750378   0.06154424   0.04670191   0.03331757   0.02159679   0.01163006   0.00341419  -0.00312646  -0.00812020 
  0.00019428   0.38531512   0.75144285   1.08054611   1.35736827   1.57023654   1.71175805   1.77916186   1.77427667   1.70316975   1.57550041   1.40366024   1.20177898   0.98466883   0.76676390   0.56108526   0.37823094   0.22536278   0.10517798   0.01506347  -0.05260876  -0.10700498  -0.15229530  -0.18507125  -0.19975784  -0.19426441  -0.17075252  -0.13389086  -0.08910914  -0.04149985   0.00472986   0.04645254   0.08160968   0.10909227   0.12857217   0.14032080   0.14503581   0.14368745   0.13738962   0.12729691   0.11452681   0.10010448   0.08492716   0.06974489   0.05515429   0.04160224   0.02939685   0.01872306   0.00966111   0.00220601  -0.00371320 
  0.00016072   0.31880066   0.62200298   0.89507240   1.12550854   1.30364004   1.42318119   1.48151441   1.47969120   1.42217160   1.31634450   1.17188525   1.00001288   0.81270468   0.62191376   0.43881610   0.27308964   0.13220241   0.02066633  -0.06076661  -0.11579598  -0.15229530  -0.17922453  -0.20080044  -0.21417312  -0.21428402  -0.19900282  -0.16991032  -0.13080619  -0.08618716  -0.04028565   0.00341132   0.04233416   0.07482396   0.10003109   0.11777111   0.12836937   0.13251223   0.13111491   0.12521023   0.11585968   0.10408583   0.09082438   0.07689306   0.06297493   0.04961302   0.03721389   0.02605753   0.01631161   0.00804823   0.00126160 
  0.00013211   0.26212077   0.51175971   0.73725612   0.92852072   1.07765248   1.17937470   1.23126312   1.23376091   1.18999601   1.10543345   0.98740613   0.84457181   0.68634073   0.52230939   0.36172179   0.21296183   0.08306179  -0.02280800  -0.10191610  -0.15463915  -0.18507125  -0.20080044  -0.21018363  -0.21714394  -0.21908254  -0.21125525  -0.19144779  -0.16074977  -0.12226139  -0.07974937  -0.03679093   0.00365916   0.03942838   0.06912743   0.09206669   0.10813375   0.11765974   0.12129043   0.11987088   0.11434793   0.10569165   0.09483535   0.08263277   0.06983015   0.05705107   0.04479150   0.03342286   0.02320097   0.01427890   0.00672216 
  0.00010803   0.21440955   0.41899057   0.60453478   0.76302172   0.88808722   0.97535758   1.02262969   1.02989326   0.99920718   0.93445458   0.84100922   0.72534892   0.59464947   0.45638538   0.31795384   0.18632515   0.06770950  -0.03278418  -0.11153534  -0.16689074  -0.19975784  -0.21417312  -0.21714394  -0.21624626  -0.21496950  -0.21083256  -0.19933362  -0.17820681  -0.14816935  -0.11178590  -0.07226771  -0.03270036   0.00435253   0.03700134   0.06403935   0.08487462   0.09942541   0.10800407   0.11120385   0.10979679   0.10464675   0.09663881   0.08662519   0.07538613   0.06360436   0.05185096   0.04058056   0.03013395   0.02074596   0.01255715 
  0.00008795   0.17462132   0.34163312   0.49388327   0.62509624   0.73022035   0.80567790   0.84950374   0.86137004   0.84250614   0.79553184   0.72422782   0.63326957   0.52794892   0.41390240   0.29685799   0.18240282   0.07576423  -0.01841257  -0.09631726  -0.15529343  -0.19426441  -0.21428402  -0.21908254  -0.21496950  -0.20871041  -0.20334435  -0.19647333  -0.18383042  -0.16315617  -0.13490807  -0.10125207  -0.06498011  -0.02880721   0.00499468   0.03474235   0.05935673   0.07830712   0.09152096   0.09928170   0.10212809   0.10076253   0.09597250   0.08856634   0.07932368   0.06895943   0.05810008   0.04727033   0.03688841   0.02726811   0.01862593 
  0.00007131   0.14165296   0.27752193   0.40215106   0.51071378   0.59926328   0.66491441   0.70594735   0.72183151   0.71317648   0.68162321   0.62969252   0.56060974   0.47812232   0.38632404   0.28949352   0.19194818   0.09790829   0.01135843  -0.06411224  -0.12551631  -0.17075252  -0.19900282  -0.21125525  -0.21083256  -0.20334435  -0.19480056  -0.18783604  -0.18014649  -0.16771460  -0.14834250  -0.12231842  -0.09151331  -0.05839906  -0.02540512   0.00542117   0.03255389   0.05500848   0.07229560   0.08434222   0.09140074   0.09395833   0.09265385   0.08820608   0.08135485   0.07281524   0.06324416   0.05321817   0.04322085   0.03363811   0.02475989 
  0.00005758   0.11443536   0.22456546   0.32631278   0.41603679   0.49070856   0.54803866   0.58655194   0.60560848   0.60537572   0.58676130   0.55131848   0.50113724   0.43873261   0.36693928   0.28881721   0.20756863   0.12646171   0.04875167  -0.02241412  -0.08412488  -0.13389086  -0.16991032  -0.19144779  -0.19933362  -0.19647333  -0.18783604  -0.17876761  -0.17156670  -0.16404576  -0.15245159  -0.13468800  -0.11093878  -0.08285341  -0.05265284  -0.02253871   0.00562208   0.03042996   0.05097543   0.06680027   0.07782776   0.08428091   0.08660020   0.08536765   0.08124087   0.07489875   0.06699891   0.05814664   0.04887401   0.03962789   0.03076540 
  0.00004626   0.09199382   0.18086235   0.26363180   0.33761913   0.40054864   0.45063787   0.48664909   0.50790597   0.51427949   0.50614948   0.48435021   0.45010863   0.40498316   0.35080843   0.28964892   0.22376080   0.15555803   0.08757579   0.02242097  -0.03730252  -0.08910914  -0.13080619  -0.16074977  -0.17820681  -0.18383042  -0.18014649  -0.17156670  -0.16287072  -0.15608786  -0.14916669  -0.13862323  -0.12248608  -0.10087694  -0.07527369  -0.04769339  -0.02014885   0.00564431   0.02839316   0.04725170   0.06178779   0.07192080   0.07784750   0.07996693   0.07881063   0.07498187   0.06910521   0.06178703   0.05358642   0.04499562   0.03642860 
  0.00003693   0.07348091   0.14476400   0.21174642   0.27250763   0.32538253   0.36901560   0.40239383   0.42485877   0.43610052   0.43613824   0.42529273   0.40415689   0.37356900   0.33459190   0.28849962   0.23677019   0.18108118   0.12330254   0.06547911   0.00979374  -0.04149985  -0.08618716  -0.12226139  -0.14816935  -0.16315617  -0.16771460  -0.16404576  -0.15608786  -0.14814295  -0.14202650  -0.13583313  -0.12634294  -0.11171808  -0.09204385  -0.06865957  -0.04341062  -0.01814783   0.00554446   0.02646680   0.04382941   0.05722367   0.06656600   0.07203029   0.07397903   0.07289904   0.06934510   0.06389323   0.05710388   0.04949465   0.04152191 
  0.00002922   0.05818717   0.11489399   0.16869440   0.21826644   0.26243375   0.30019626   0.33074884   0.35348872   0.36801364   0.37411394   0.37176242   0.36110554   0.34245889   0.31630894   0.28332099   0.24435232   0.20046732   0.15295020   0.10330960   0.05326825   0.00472986  -0.04028565  -0.07974937  -0.11178590  -0.13490807  -0.14834250  -0.15245159  -0.14916669  -0.14202650  -0.13492890  -0.12951756  -0.12403394  -0.11550893  -0.10223729  -0.08428232  -0.06286698  -0.03968771  -0.01645279   0.00537017   0.02466563   0.04069491   0.05307138   0.06170971   0.06676403   0.06856460   0.06755840   0.06425687   0.05919247   0.05288426   0.04581243 
  0.00002285   0.04553585   0.09013671   0.13289351   0.17294678   0.20950591   0.24186299   0.26940090   0.29159634   0.30801959   0.31833299   0.32229086   0.31974291   0.31064309   0.29506451   0.27322028   0.24548882   0.21244102   0.17486571   0.13378895   0.09048206   0.04645254   0.00341132  -0.03679093  -0.07226771  -0.10125207  -0.12231842  -0.13468800  -0.13862323  -0.13583313  -0.12951756  -0.12322860  -0.11846823  -0.11361882  -0.10594410  -0.09386472  -0.07742966  -0.05776094  -0.03642305  -0.01499674   0.00515571   0.02299507   0.03782967   0.04929373   0.05730120   0.06198917   0.06365933   0.06272307   0.05965291   0.05494202   0.04907209 
  0.00001758   0.03506790   0.06960681   0.10309486   0.13502333   0.16490109   0.19225678   0.21663936   0.23761739   0.25477873   0.26773193   0.27611111   0.27958563   0.27787570   0.27077400   0.25817289   0.24009593   0.21673140   0.18846503   0.15590848   0.11991954   0.08160968   0.04233416   0.00365916  -0.03270036  -0.06498011  -0.09151331  -0.11093878  -0.12248608  -0.12634294  -0.12403394  -0.11846823  -0.11289776  -0.10870412  -0.10440076  -0.09746439  -0.08643213  -0.07134259  -0.05322832  -0.03353541  -0.01372931   0.00492344   0.02145343   0.03521246   0.04585449   0.05329365   0.05765215   0.05920631   0.05833556   0.05547733   0.05108926 
  0.00001323   0.02642189   0.05260942   0.07832353   0.10331558   0.12732218   0.15006007   0.17122131   0.19046974   0.20743967   0.22173794   0.23295038   0.24065372   0.24443344   0.24390738   0.23875493   0.22875026   0.21379812   0.19396966   0.16953586   0.14099517   0.10909227   0.07482396   0.03942838   0.00435253  -0.02880721  -0.05839906  -0.08285341  -0.10087694  -0.11171808  -0.11550893  -0.11361882  -0.10870412  -0.10375273  -0.10004110  -0.09620233  -0.08990633  -0.07979658  -0.06590332  -0.04917879  -0.03096203  -0.01261374   0.00468690   0.02003458   0.03282130   0.04271968   0.04964461   0.05370534   0.05515547   0.05434566   0.05168159 
  0.00000966   0.01931315   0.03859861   0.05781729   0.07690767   0.09577514   0.11428251   0.13224193   0.14940923   0.16548129   0.18009740   0.19284539   0.20327306   0.21090528   0.21526681   0.21591007   0.21244730   0.20458548   0.19216233   0.17518133   0.15384336   0.12857217   0.10003109   0.06912743   0.03700134   0.00499468  -0.02540512  -0.05265284  -0.07527369  -0.09204385  -0.10223729  -0.10594410  -0.10440076  -0.10004110  -0.09561814  -0.09231463  -0.08887176  -0.08313409  -0.07384162  -0.06101741  -0.04554116  -0.02865467  -0.01162324   0.00445385   0.01873015   0.03063486   0.03985816   0.04631614   0.05010664   0.05146290   0.05070957 
  0.00000675   0.01351447   0.02713937   0.04097071   0.05507610   0.06948165   0.08416027   0.09902187   0.11390631   0.12857946   0.14273331   0.15599049   0.16791388   0.17802129   0.18580534   0.19075827   0.19240081   0.19031428   0.18417457   0.17378644   0.15911619   0.14032080   0.11777111   0.09206669   0.06403935   0.03474235   0.00542117  -0.02253871  -0.04769339  -0.06865957  -0.08428232  -0.09386472  -0.09746439  -0.09620233  -0.09231463  -0.08834363  -0.08538749  -0.08228467  -0.07703749  -0.06847347  -0.05660933  -0.04225898  -0.02657578  -0.01073793   0.00422843   0.01753093   0.02863319   0.03724186   0.04327456   0.04681903   0.04809018 
  0.00000440   0.00883992   0.01787587   0.02728882   0.03723016   0.04780802   0.05907497   0.07101774   0.08354929   0.09650395   0.10963596   0.12262211   0.13506863   0.14652270   0.15648857   0.16444813   0.16988551   0.17231512   0.17131210   0.16654414   0.15780323   0.14503581   0.12836937   0.10813375   0.08487462   0.05935673   0.03255389   0.00562208  -0.02014885  -0.04341062  -0.06286698  -0.07742966  -0.08643213  -0.08990633  -0.08887176  -0.08538749  -0.08180591  -0.07914822  -0.07634034  -0.07152733  -0.06361616  -0.05261793  -0.03928676  -0.02469544  -0.00994258   0.00401269   0.01642777   0.02679811   0.03484578   0.04049012   0.04380995 
  0.00000255   0.00513243   0.01050701   0.01635178   0.02286696   0.03021201   0.03849392   0.04775707   0.05797519   0.06904568   0.08078697   0.09293902   0.10516751   0.11707189   0.12819739   0.13805105   0.14612157   0.15190253   0.15491855   0.15475349   0.15107974   0.14368745   0.13251223   0.11765974   0.09942541   0.07830712   0.05500848   0.03042996   0.00564431  -0.01814783  -0.03968771  -0.05776094  -0.07134259  -0.07979658  -0.08313409  -0.08228467  -0.07914822  -0.07590519  -0.07350647  -0.07095681  -0.06653066  -0.05920728  -0.04899285  -0.03658709  -0.02298926  -0.00922519   0.00380749   0.01541200   0.02511321   0.03264766   0.03793657 
  0.00000111   0.00225497   0.00476933   0.00779020   0.01154036   0.01620683   0.02193039   0.02879616   0.03682584   0.04597173   0.05611297   0.06705431   0.07852776   0.09019732   0.10166707   0.11249274   0.12219673   0.13028643   0.13627564   0.13970848   0.14018532   0.13738962   0.13111491   0.12129043   0.10800407   0.09152096   0.07229560   0.05097543   0.02839316   0.00554446  -0.01645279  -0.03642305  -0.05322832  -0.06590332  -0.07384162  -0.07703749  -0.07634034  -0.07350647  -0.07056023  -0.06838824  -0.06606641  -0.06198681  -0.05519468  -0.04569186  -0.03412857  -0.02143690  -0.00857597   0.00361306   0.01447562   0.02356385   0.03062783 
  0.00000002   0.00008484   0.00042597   0.00126960   0.00284193   0.00533962   0.00892079   0.01369682   0.01972510   0.02700309   0.03546385   0.04497343   0.05533032   0.06626741   0.07745648   0.08851576   0.09902037   0.10851596   0.11653538   0.12261806   0.12633187   0.12729691   0.12521023   0.11987088   0.11120385   0.09928170   0.08434222   0.06680027   0.04725170   0.02646680   0.00537017  -0.01499674  -0.03353541  -0.04917879  -0.06101741  -0.06847347  -0.07152733  -0.07095681  -0.06838824  -0.06570407  -0.06373199  -0.06161242  -0.05784459  -0.05153409  -0.04267903  -0.03188450  -0.02002108  -0.00798677   0.00342926   0.01361137   0.02213697 
 -0.00000076  -0.00148950  -0.00273941  -0.00351797  -0.00360887  -0.00281892  -0.00098524   0.00201773   0.00627188   0.01180970   0.01860953   0.02659193   0.03561754   0.04548662   0.05594077   0.06666679   0.07730327   0.08744990   0.09667957   0.10455335   0.11063818   0.11452681   0.11585968   0.11434793   0.10979679   0.10212809   0.09140074   0.07782776   0.06178779   0.04382941   0.02466563   0.00515571  -0.01372931  -0.03096203  -0.04554116  -0.05660933  -0.06361616  -0.06653066  -0.06606641  -0.06373199  -0.06128055  -0.05948573  -0.05754657  -0.05406018  -0.04818751  -0.03992343  -0.02983183  -0.01872699  -0.00745068   0.00325575   0.01281267 
 -0.00000130  -0.00256994  -0.00492534  -0.00685728  -0.00816811  -0.00867704  -0.00822582  -0.00668430  -0.00395590   0.00001720   0.00524927   0.01170682   0.01930536   0.02790721   0.03732085   0.04730203   0.05755696   0.06774784   0.07750099   0.08641763   0.09408742   0.10010448   0.10408583   0.10569165   0.10464675   0.10076253   0.09395833   0.08428091   0.07192080   0.05722367   0.04069491   0.02299507   0.00492344  -0.01261374  -0.02865467  -0.04225898  -0.05261793  -0.05920728  -0.06198681  -0.06161242  -0.05948573  -0.05724190  -0.05560494  -0.05382730  -0.05059569  -0.04512194  -0.03739816  -0.02795056  -0.01754174  -0.00696178   0.00309213 
 -0.00000164  -0.00324913  -0.00631305  -0.00901027  -0.01116676  -0.01261989  -0.01322252  -0.01284727  -0.01139101  -0.00877942  -0.00497153   0.00003593   0.00620453   0.01345083   0.02164408   0.03060510   0.04010681   0.04987673   0.05960155   0.06893426   0.07750378   0.08492716   0.09082438   0.09483535   0.09663881   0.09597250   0.09265385   0.08660020   0.07784750   0.06656600   0.05307138   0.03782967   0.02145343   0.00468690  -0.01162324  -0.02657578  -0.03928676  -0.04899285  -0.05519468  -0.05784459  -0.05754657  -0.05560494  -0.05354696  -0.05205107  -0.05041849  -0.04741810  -0.04230858  -0.03507970  -0.02622318  -0.01645411  -0.00651493 
 -0.00000182  -0.00361033  -0.00706608  -0.01021479  -0.01290829  -0.01500519  -0.01637359  -0.01689420  -0.01646384  -0.01499925  -0.01244124  -0.00875893  -0.00395399   0.00193539   0.00883104   0.01661221   0.02511411   0.03412788   0.04340246   0.05264843   0.06154424   0.06974489   0.07689306   0.08263277   0.08662519   0.08856634   0.08820608   0.08536765   0.07996693   0.07203029   0.06170971   0.04929373   0.03521246   0.02003458   0.00445385  -0.01073793  -0.02469544  -0.03658709  -0.04569186  -0.05153409  -0.05406018  -0.05382730  -0.05205107  -0.05015999  -0.04879052  -0.04728855  -0.04449845  -0.03972214  -0.03294740  -0.02463431  -0.01545425 
 -0.00000187  -0.00372711  -0.00732945  -0.01068306  -0.01366581  -0.01615860  -0.01804701  -0.01922335  -0.01958925  -0.01905875  -0.01756188  -0.01504855  -0.01149275  -0.00689680  -0.00129533   0.00524105   0.01260297   0.02064045   0.02916256   0.03793871   0.04670191   0.05515429   0.06297493   0.06983015   0.07538613   0.07932368   0.08135485   0.08124087   0.07881063   0.07397903   0.06676403   0.05730120   0.04585449   0.03282130   0.01873015   0.00422843  -0.00994258  -0.02298926  -0.03412857  -0.04267903  -0.04818751  -0.05059569  -0.05041849  -0.04879052  -0.04704970  -0.04579381  -0.04440969  -0.04181125  -0.03734032  -0.03098303  -0.02317039 
 -0.00000184  -0.00366318  -0.00722912  -0.01060047  -0.01367979  -0.01636990  -0.01857455  -0.02019966  -0.02115510  -0.02135705  -0.02073090  -0.01921476  -0.01676332  -0.01335196  -0.00898106  -0.00368003   0.00248897   0.00942803   0.01700147   0.02503520   0.03331757   0.04160224   0.04961302   0.05705107   0.06360436   0.06895943   0.07281524   0.07489875   0.07498187   0.07289904   0.06856460   0.06198917   0.05329365   0.04271968   0.03063486   0.01753093   0.00401269  -0.00922519  -0.02143690  -0.03188450  -0.03992343  -0.04512194  -0.04741810  -0.04728855  -0.04579381  -0.04418857  -0.04303496  -0.04175742  -0.03933397  -0.03514341  -0.02917046 
 -0.00000174  -0.00347240  -0.00687198  -0.01012517  -0.01315697  -0.01589066  -0.01824776  -0.02014862  -0.02151346  -0.02226409  -0.02232620  -0.02163224  -0.02012489  -0.01776084  -0.01451492  -0.01038435  -0.00539278   0.00040596   0.00692481   0.01404133   0.02159679   0.02939685   0.03721389   0.04479150   0.05185096   0.05810008   0.06324416   0.06699891   0.06910521   0.06934510   0.06755840   0.06365933   0.05765215   0.04964461   0.03985816   0.02863319   0.01642777   0.00380749  -0.00857597  -0.02002108  -0.02983183  -0.03739816  -0.04230858  -0.04449845  -0.04440969  -0.04303496  -0.04155234  -0.04049100  -0.03931003  -0.03704666  -0.03311392 
 -0.00000160  -0.00319916  -0.00634639  -0.00938861  -0.01227046  -0.01493358  -0.01731608  -0.01935258  -0.02097474  -0.02211232  -0.02269492  -0.02265427  -0.02192710  -0.02045852  -0.01820578  -0.01514231  -0.01126186  -0.00658252  -0.00115040   0.00495729   0.01163006   0.01872306   0.02605753   0.03342286   0.04058056   0.04727033   0.05321817   0.05814664   0.06178703   0.06389323   0.06425687   0.06272307   0.05920631   0.05370534   0.04631614   0.03724186   0.02679811   0.01541200   0.00361306  -0.00798677  -0.01872699  -0.02795056  -0.03507970  -0.03972214  -0.04181125  -0.04175742  -0.04049100  -0.03911950  -0.03814157  -0.03704827  -0.03493158 
 -0.00000144  -0.00287896  -0.00572327  -0.00849691  -0.01116114  -0.01367350  -0.01598699  -0.01804970  -0.01980490  -0.02119166  -0.02214597  -0.02260252  -0.02249694  -0.02176864  -0.02036411  -0.01824058  -0.01536992  -0.01174264  -0.00737183  -0.00229674   0.00341419   0.00966111   0.01631161   0.02320097   0.03013395   0.03688841   0.04322085   0.04887401   0.05358642   0.05710388   0.05919247   0.05965291   0.05833556   0.05515547   0.05010664   0.04327456   0.03484578   0.02511321   0.01447562   0.00342926  -0.00745068  -0.01754174  -0.02622318  -0.03294740  -0.03734032  -0.03933397  -0.03931003  -0.03814157  -0.03687096  -0.03596858  -0.03495500 
 -0.00000127  -0.00253926  -0.00505768  -0.00753297  -0.00994002  -0.01224969  -0.01442788  -0.01643488  -0.01822517  -0.01974760  -0.02094607  -0.02176076  -0.02212984  -0.02199171  -0.02128772  -0.01996536  -0.01798177  -0.01530746  -0.01193021  -0.00785878  -0.00312646   0.00220601   0.00804823   0.01427890   0.02074596   0.02726811   0.03363811   0.03962789   0.04499562   0.04949465   0.05288426   0.05494202   0.05547733   0.05434566   0.05146290   0.04681903   0.04049012   0.03264766   0.02356385   0.01361137   0.00325575  -0.00696178  -0.01645411  -0.02463431  -0.03098303  -0.03514341  -0.03704666  -0.03704827  -0.03596858  -0.03478974  -0.03395589 
 -0.00000110  -0.00220043  -0.00439066  -0.00655910  -0.00869138  -0.01076920  -0.01276928  -0.01466259  -0.01641393  -0.01798178  -0.01931864  -0.02037179  -0.02108445  -0.02139747  -0.02125152  -0.02058966  -0.01936036  -0.01752085  -0.01504068  -0.01190541  -0.00812020  -0.00371320   0.00126160   0.00672216   0.01255715   0.01862593   0.02475989   0.03076540   0.03642860   0.04152191   0.04581243   0.04907209   0.05108926   0.05168159   0.05070957   0.04809018   0.04380995   0.03793657   0.03062783   0.02213697   0.01281267   0.00309213  -0.00651493  -0.01545425  -0.02317039  -0.02917046  -0.03311392  -0.03493158  -0.03495500  -0.03395589  -0.03286068 
#
