# coconut-me2b/v0.99.21 
# 
# momentum space matrix elements 
# partial wave J=2, L=1/1, S=1, T=1, MT=0 
# 
# momentum grid [fm^-1]
0.000000 0.200000 0.400000 0.600000 0.800000 1.000000 1.200000 1.400000 1.600000 1.800000 2.000000 2.200000 2.400000 2.600000 2.800000 3.000000 3.200000 3.400000 3.600000 3.800000 4.000000 4.200000 4.400000 4.600000 4.800000 5.000000 5.200000 5.400000 5.600000 5.800000 6.000000 6.200000 6.400000 6.600000 6.800000 7.000000 7.200000 7.400000 7.600000 7.800000 8.000000 8.200000 8.400000 8.600000 8.800000 9.000000 9.200000 9.400000 9.600000 9.800000 10.000000 
#
# matrix elements [MeV fm^3] 
 -0.00000006  -0.00012338  -0.00025239  -0.00036225  -0.00043187  -0.00045954  -0.00045366  -0.00042468  -0.00038189  -0.00033266  -0.00028230  -0.00023435  -0.00019088  -0.00015283  -0.00012038  -0.00009319  -0.00007066  -0.00005211  -0.00003688  -0.00002439  -0.00001417  -0.00000587   0.00000077   0.00000594   0.00000979   0.00001247   0.00001411   0.00001484   0.00001480   0.00001416   0.00001305   0.00001162   0.00001000   0.00000832   0.00000666   0.00000509   0.00000368   0.00000245   0.00000141   0.00000057  -0.00000008  -0.00000056  -0.00000090  -0.00000110  -0.00000121  -0.00000124  -0.00000121  -0.00000114  -0.00000104  -0.00000093  -0.00000082 
 -0.00012338  -0.24967452  -0.50022559  -0.71239904  -0.84940906  -0.90594459  -0.89667665  -0.84141577  -0.75834800  -0.66199283  -0.56295598  -0.46832007  -0.38226548  -0.30675235  -0.24217375  -0.18792729  -0.14287675  -0.10569423  -0.07508823  -0.04993303  -0.02932050  -0.01255730   0.00087061   0.01134817   0.01918199   0.02464315   0.02799716   0.02952045   0.02950469   0.02825210   0.02606513   0.02323391   0.02002414   0.01666729   0.01335417   0.01023210   0.00740552   0.00493926   0.00286377   0.00118146  -0.00012662  -0.00109434  -0.00176465  -0.00218474  -0.00240218  -0.00246208  -0.00240519  -0.00226682  -0.00207641  -0.00185755  -0.00162840 
 -0.00025239  -0.50022559  -0.96829429  -1.35626658  -1.61702872  -1.73565984  -1.73084317  -1.63586130  -1.48425506  -1.30393931  -1.11578888  -0.93401794  -0.76723126  -0.61968403  -0.49252543  -0.38490237  -0.29485883  -0.22000744  -0.15798107  -0.10669272  -0.06444409  -0.02992723  -0.00216138   0.01959941   0.03596091   0.04746821   0.05466132   0.05810464   0.05839362   0.05614401   0.05197074   0.04646264   0.04015833   0.03352692   0.02695535   0.02074301   0.01510303   0.01016894   0.00600517   0.00261972  -0.00002255  -0.00198694  -0.00335743  -0.00422683  -0.00468914  -0.00483378  -0.00474181  -0.00448366  -0.00411821  -0.00369283  -0.00324412 
 -0.00036225  -0.71239904  -1.35626658  -1.87794570  -2.24008907  -2.42564436  -2.44700648  -2.33972261  -2.14639045  -1.90553086  -1.64730233  -1.39296263  -1.15590760  -0.94327280  -0.75762838  -0.59852919  -0.46379986  -0.35050762  -0.25562602  -0.17642603  -0.11064999  -0.05653068  -0.01271556   0.02185284   0.04806192   0.06673401   0.07869854   0.08482847   0.08604478   0.08329746   0.07753229   0.06965261   0.06048344   0.05074304   0.04102455   0.03178840   0.02336457   0.01596279   0.00968836   0.00456103   0.00053504  -0.00248168  -0.00461017  -0.00598579  -0.00674662  -0.00702482  -0.00694077  -0.00659961  -0.00608966  -0.00548238  -0.00483334 
 -0.00043187  -0.84940906  -1.61702872  -2.24008907  -2.68354916  -2.93557380  -3.00375314  -2.91645883  -2.71600701  -2.44627657  -2.14447174  -1.83829571  -1.54618318  -1.27881848  -1.04103885  -0.83368463  -0.65518177  -0.50276659  -0.37333963  -0.26398476  -0.17221791  -0.09604037  -0.03387058   0.01558245   0.05345563   0.08084648   0.09888962   0.10879087   0.11182387   0.10929905   0.10251670   0.09271523   0.08102377   0.06842509   0.05573215   0.04357875   0.03242314   0.02256188   0.01415095   0.00723090   0.00175333  -0.00239359  -0.00536213  -0.00732552  -0.00846241  -0.00894519  -0.00893206  -0.00856208  -0.00795290  -0.00720045  -0.00637995 
 -0.00045954  -0.90594459  -1.73565984  -2.42564436  -2.93557380  -3.25148683  -3.37964181  -3.34080165  -3.16909497  -2.90623624  -2.59229386  -2.25976219  -1.93188258  -1.62339236  -1.34224654  -1.09153850  -0.87124298  -0.67961404  -0.51419024  -0.37243029  -0.25204266  -0.15109040  -0.06795277  -0.00121554   0.05045492   0.08841703   0.11411963   0.12912277   0.13507895   0.13368558   0.12662205   0.11548371   0.10172302   0.08660435   0.07117599   0.05625963   0.04245548   0.03015994   0.01959200   0.01082442   0.00381650  -0.00155427  -0.00546370  -0.00811668  -0.00972759  -0.01050564  -0.01064456  -0.01031616  -0.00966710  -0.00881803  -0.00786461 
 -0.00045366  -0.89667665  -1.73084317  -2.44700648  -3.00375314  -3.37964181  -3.57426351  -3.60255185  -3.48931904  -3.26764678  -2.97446850  -2.64379419  -2.30249193  -1.96936758  -1.65611964  -1.36898602  -1.11044365  -0.88066114  -0.67859191  -0.50270012  -0.35136963  -0.22307341  -0.11638643  -0.02991692   0.03778556   0.08830562   0.12340028   0.14499416   0.15513671   0.15593302   0.14946199   0.13769497   0.12242521   0.10521497   0.08736342   0.06989518   0.05356730   0.03889064   0.02616128   0.01549756   0.00687882   0.00018287  -0.00478025  -0.00823922  -0.01043808  -0.01161831  -0.01200614  -0.01180434  -0.01118782  -0.01030206  -0.00926386 
 -0.00042468  -0.84141577  -1.63586130  -2.33972261  -2.91645883  -3.34080165  -3.60255185  -3.70711871  -3.67102733  -3.51748320  -3.27505481  -2.97447813  -2.64366515  -2.30462626  -1.97292485  -1.65855835  -1.36732026  -1.10213468  -0.86414032  -0.65345875  -0.46966702  -0.31203637  -0.17961246  -0.07120886   0.01462882   0.07964846   0.12588567   0.15562050   0.17130184   0.17545072   0.17055640   0.15897799   0.14286181   0.12408072   0.10419808   0.08445557   0.06578179   0.04881720   0.03395020   0.02135949   0.01105838   0.00293759  -0.00319584  -0.00758512  -0.01049644  -0.01219789  -0.01294418  -0.01296651  -0.01246675  -0.01161497  -0.01054955 
 -0.00038189  -0.75834800  -1.48425506  -2.14639045  -2.71600701  -3.16909497  -3.48931904  -3.67102733  -3.72000501  -3.65032469  -3.48106594  -3.23545134  -2.93855155  -2.61347495  -2.27894677  -1.94883008  -1.63274312  -1.33703068  -1.06569638  -0.82113552  -0.60463538  -0.41667387  -0.25707360  -0.12507241  -0.01936149   0.06187278   0.12088369   0.16027054   0.18286130   0.19158253   0.18932972   0.17884995   0.16264610   0.14290803   0.12147232   0.09980901   0.07903158   0.05992478   0.04298477   0.02846622   0.01643146   0.00679817  -0.00061711  -0.00606137  -0.00981411  -0.01216311  -0.01338648  -0.01374044  -0.01345183  -0.01271446  -0.01168842 
 -0.00033266  -0.66199283  -1.30393931  -1.90553086  -2.44627657  -2.90623624  -3.26764678  -3.51748320  -3.65032469  -3.66956112  -3.58541486  -3.41262398  -3.16991349  -2.87824077  -2.55767960  -2.22529852  -1.89455459  -1.57556786  -1.27569996  -1.00013451  -0.75234180  -0.53440838  -0.34725740  -0.19080069  -0.06406159   0.03470312   0.10786675   0.15827836   0.18909574   0.20361638   0.20511822   0.19672091   0.18127546   0.16128618   0.13886546   0.11571870   0.09315472   0.07211572   0.05322057   0.03681559   0.02302787   0.01181708   0.00302296  -0.00359317  -0.00831398  -0.01143874  -0.01326274  -0.01406275  -0.01408773  -0.01355372  -0.01264206 
 -0.00028230  -0.56295598  -1.11578888  -1.64730233  -2.14447174  -2.59229386  -2.97446850  -3.27505481  -3.48106594  -3.58541486  -3.58851967  -3.49717524  -3.32288709  -3.08146924  -2.79152348  -2.47167558  -2.13853737  -1.80589882  -1.48467940  -1.18318844  -0.90745612  -0.66153960  -0.44778308  -0.26704225  -0.11889219  -0.00183483   0.08648604   0.14906254   0.18929994   0.21080369   0.21718692   0.21190767   0.19814190   0.17869461   0.15594831   0.13184475   0.10789456   0.08520797   0.06454000   0.04634383   0.03082712   0.01800709   0.00776136  -0.00012729  -0.00593329  -0.00995800  -0.01250640  -0.01387029  -0.01431686  -0.01408201  -0.01336720 
 -0.00023435  -0.46832007  -0.93401794  -1.39296263  -1.83829571  -2.25976219  -2.64379419  -2.97447813  -3.23545134  -3.41262398  -3.49717524  -3.48736067  -3.38788221  -3.20856387  -2.96388966  -2.67151242  -2.34964607  -2.01502447  -1.68191303  -1.36182219  -1.06356266  -0.79344248  -0.55551695  -0.35185839  -0.18283652  -0.04740728   0.05659304   0.13215498   0.18281388   0.21238942   0.22475677   0.22365697   0.21255089   0.19451743   0.17219356   0.14775109   0.12290364   0.09893645   0.07675183   0.05692369   0.03975558   0.02533795   0.01360148   0.00436445  -0.00262691  -0.00766541  -0.01105712  -0.01310207  -0.01408078  -0.01424566  -0.01381628 
 -0.00019088  -0.38226548  -0.76723126  -1.15590760  -1.54618318  -1.93188258  -2.30249193  -2.64366515  -2.93855155  -3.16991349  -3.32288709  -3.38788221  -3.36236472  -3.25042627  -3.06156812  -2.81006933  -2.51343165  -2.18985467  -1.85619823  -1.52689179  -1.21352169  -0.92479530  -0.66670297  -0.44278493  -0.25445568  -0.10135817   0.01827090   0.10724066   0.16906491   0.20765283   0.22704163   0.23117751   0.22374801   0.20806464   0.18699202   0.16291713   0.13775142   0.11295751   0.08959296   0.06836420   0.04968482   0.03373372   0.02050989   0.00988169   0.00162928  -0.00452002  -0.00886354  -0.01170167  -0.01332216  -0.01398951  -0.01393853 
 -0.00015283  -0.30675235  -0.61968403  -0.94327280  -1.27881848  -1.62339236  -1.96936758  -2.30462626  -2.61347495  -2.87824077  -3.08146924  -3.20856387  -3.25042627  -3.20503042  -3.07698939  -2.87631546  -2.61759486  -2.31836672  -1.99669089  -1.66917185  -1.34986165  -1.04982451  -0.77709969  -0.53689309  -0.33189825  -0.16268623  -0.02812392   0.07420816   0.14762052   0.19595824   0.22329444   0.23368021   0.23095275   0.21859964   0.19967408   0.17675384   0.15193565   0.12685631   0.10273251   0.08041215   0.06043108   0.04307080   0.02841349   0.01639220   0.00683480  -0.00049882  -0.00588651  -0.00962000  -0.01198707  -0.01325883  -0.01368134 
 -0.00012038  -0.24217375  -0.49252543  -0.75762838  -1.04103885  -1.34224654  -1.65611964  -1.97292485  -2.27894677  -2.55767960  -2.79152348  -2.96388966  -3.06156812  -3.07698939  -3.00948752  -2.86476506  -2.65359118  -2.39082680  -2.09379174  -1.77997543  -1.46519239  -1.16256138  -0.88212195  -0.63084962  -0.41290534  -0.23001521  -0.08191193   0.03320880   0.11824975   0.17681393   0.21286096   0.23042531   0.23339847   0.22537199   0.20953584   0.18862380   0.16489707   0.14015696   0.11577820   0.09275533   0.07175611   0.05317702   0.03719724   0.02382880   0.01296115   0.00439964  -0.00210252  -0.00681848  -0.01002779  -0.01200154  -0.01299207 
 -0.00009319  -0.18792729  -0.38490237  -0.59852919  -0.83368463  -1.09153850  -1.36898602  -1.65855835  -1.94883008  -2.22529852  -2.47167558  -2.67151242  -2.81006933  -2.87631546  -2.86476506  -2.77640843  -2.61806211  -2.40103265  -2.14007164  -1.85180498  -1.55264150  -1.25711520  -0.97699320  -0.72098291  -0.49481779  -0.30156323  -0.14203788  -0.01527986   0.08098954   0.14993647   0.19523885   0.22077466   0.23037717   0.22765475   0.21586931   0.19786489   0.17603732   0.15233542   0.12828492   0.10502769   0.08336950   0.06383171   0.04670271   0.03208680   0.01994853   0.01015173   0.00249268  -0.00327247  -0.00740583  -0.01017092  -0.01182026 
 -0.00007066  -0.14287675  -0.29485883  -0.46379986  -0.65518177  -0.87124298  -1.11044365  -1.36732026  -1.63274312  -1.89455459  -2.13853737  -2.34964607  -2.51343165  -2.61759486  -2.65359118  -2.61806211  -2.51347663  -2.34740781  -2.13122160  -1.87904594  -1.60632781  -1.32797697  -1.05692216  -0.80336740  -0.57459631  -0.37512061  -0.20702282  -0.07039253   0.03621134   0.11531656   0.17013933   0.20424703   0.22128763   0.22478516   0.21799586   0.20381707   0.18473972   0.16283489   0.13976566   0.11681631   0.09493252   0.07476712   0.05672754   0.04102208   0.02770301   0.01670532   0.00788053   0.00102524  -0.00409530  -0.00772852  -0.01012017 
 -0.00005211  -0.10569423  -0.22000744  -0.35050762  -0.50276659  -0.67961404  -0.88066114  -1.10213468  -1.33703068  -1.57556786  -1.80589882  -2.01502447  -2.18985467  -2.31836672  -2.39082680  -2.40103265  -2.34740781  -2.23343027  -2.06689842  -1.85870642  -1.62189465  -1.37037556  -1.11732355  -0.87394392  -0.64886988  -0.44804879  -0.27493125  -0.13082473  -0.01531843   0.07328189   0.13754793   0.18057415   0.20568519   0.21620754   0.21530226   0.20585181   0.19039256   0.17108383   0.14970464   0.12767057   0.10606385   0.08567130   0.06702612   0.05045010   0.03609435   0.02397687   0.01401624   0.00606086  -0.00008630  -0.00464740  -0.00785355 
 -0.00003688  -0.07508823  -0.15798107  -0.25562602  -0.37333963  -0.51419024  -0.67859191  -0.86414032  -1.06569638  -1.27569996  -1.48467940  -1.68191303  -1.85619823  -1.99669089  -2.09379174  -2.14007164  -2.13122160  -2.06689842  -1.95102415  -1.79110022  -1.59711453  -1.38071291  -1.15410699  -0.92869677  -0.71402988  -0.51731511  -0.34336513  -0.19480067  -0.07239119   0.02455147   0.09778038   0.14975450   0.18333116   0.20151715   0.20727843   0.20340373   0.19241498   0.17651623   0.15757286   0.13711337   0.11634716   0.09619270   0.07731173   0.06014607   0.04495468   0.03184902   0.02082581   0.01179628   0.00461161  -0.00091541  -0.00499271 
 -0.00002439  -0.04993303  -0.10669272  -0.17642603  -0.26398476  -0.37243029  -0.50270012  -0.65345875  -0.82113552  -1.00013451  -1.18318844  -1.36182219  -1.52689179  -1.66917185  -1.77997543  -1.85180498  -1.87904594  -1.85870642  -1.79110022  -1.68008770  -1.53247841  -1.35709125  -1.16405931  -0.96390972  -0.76638899  -0.57957924  -0.40949794  -0.26007101  -0.13333031  -0.02972464   0.05152920   0.11210170   0.15423974   0.18050350   0.19355597   0.19600381   0.19028469   0.17859434   0.16284594   0.14465465   0.12534087   0.10594657   0.08726018   0.06984642   0.05407826   0.04016910   0.02820357   0.01816602   0.00996618   0.00346153  -0.00152370 
 -0.00001417  -0.02932050  -0.06444409  -0.11064999  -0.17221791  -0.25204266  -0.35136963  -0.46966702  -0.60463538  -0.75234180  -0.90745612  -1.06356266  -1.21352169  -1.34986165  -1.46519239  -1.55264150  -1.60632781  -1.62189465  -1.59711453  -1.53247841  -1.43142587  -1.29985427  -1.14533081  -0.97652252  -0.80242360  -0.63134691  -0.47016165  -0.32395111  -0.19599519  -0.08794668  -0.00010395   0.06828398   0.11871986   0.15319138   0.17394636   0.18331358   0.18356765   0.17683348   0.16502432   0.14980730   0.13259008   0.11452353   0.09651546   0.07925188   0.06322256   0.04874862   0.03601050   0.02507482   0.01591945   0.00845619   0.00255056 
 -0.00000587  -0.01255730  -0.02992723  -0.05653068  -0.09604037  -0.15109040  -0.22307341  -0.31203637  -0.41667387  -0.53440838  -0.66153960  -0.79344248  -0.92479530  -1.04982451  -1.16256138  -1.25711520  -1.32797697  -1.37037556  -1.38071291  -1.35709125  -1.29985427  -1.21183153  -1.09795257  -0.96459447  -0.81911666  -0.66920624  -0.52199954  -0.38341036  -0.25782382  -0.14807472  -0.05559557   0.01935066   0.07740912   0.11987768   0.14847751   0.16515938   0.17194881   0.17082871   0.16365571   0.15210538   0.13764092   0.12150029   0.10469726   0.08803241   0.07211085   0.05736403   0.04407362   0.03239589   0.02238541   0.01401725   0.00720720 
  0.00000077   0.00087061  -0.00216138  -0.01271556  -0.03387058  -0.06795277  -0.11638643  -0.17961246  -0.25707360  -0.34725740  -0.44778308  -0.55551695  -0.66670297  -0.77709969  -0.88212195  -0.97699320  -1.05692216  -1.11732355  -1.15410699  -1.16405931  -1.14533081  -1.09795257  -1.02410166  -0.92780612  -0.81440404  -0.69015930  -0.56169658  -0.43522294  -0.31592276  -0.20767350  -0.11301309  -0.03325896   0.03129622   0.08116134   0.11742684   0.14156552   0.15526336   0.16028305   0.15835952   0.15112471   0.14005722   0.12645273   0.11141076   0.09583397   0.08043655   0.06575894   0.05218647   0.03997016   0.02924816   0.02006684   0.01240066 
  0.00000594   0.01134817   0.01959941   0.02185284   0.01558245  -0.00121554  -0.02991692  -0.07120886  -0.12507241  -0.19080069  -0.26704225  -0.35185839  -0.44278493  -0.53689309  -0.63084962  -0.72098291  -0.80336740  -0.87394392  -0.92869677  -0.96390972  -0.97652252  -0.96459447  -0.92780612  -0.86774053  -0.78765964  -0.69205004  -0.58629765  -0.47618955  -0.36721279  -0.26400005  -0.17005940  -0.08772941  -0.01827202   0.03796344   0.08134863   0.11278475   0.13352744   0.14503644   0.14885307   0.14650554   0.13943958   0.12897133   0.11625867   0.10228750   0.08786942   0.07364802   0.06011107   0.04760659   0.03636113   0.02649883   0.01806032 
  0.00000979   0.01918199   0.03596091   0.04806192   0.05345563   0.05045492   0.03778556   0.01462882  -0.01936149  -0.06406159  -0.11889219  -0.18283652  -0.25445568  -0.33189825  -0.41290534  -0.49481779  -0.57459631  -0.64886988  -0.71402988  -0.76638899  -0.80242360  -0.81911666  -0.81440404  -0.78765964  -0.73998300  -0.67402785  -0.59361292  -0.50343856  -0.40863875  -0.31414156  -0.22415571  -0.14191115  -0.06960371  -0.00846625   0.04109293   0.07932398   0.10696671   0.12509449   0.13497866   0.13797701   0.13544657   0.12867894   0.11885560   0.10702011   0.09406387   0.08072273   0.06758143   0.05508390   0.04354724   0.03317789   0.02408877 
  0.00001247   0.02464315   0.04746821   0.06673401   0.08084648   0.08841703   0.08830562   0.07964846   0.06187278   0.03470312  -0.00183483  -0.04740728  -0.10135817  -0.16268623  -0.23001521  -0.30156323  -0.37512061  -0.44804879  -0.51731511  -0.57957924  -0.63134691  -0.66920624  -0.69015930  -0.69205004  -0.67402785  -0.63683176  -0.58265527  -0.51480568  -0.43745088  -0.35521086  -0.27256959  -0.19339709  -0.12070038  -0.05656064  -0.00218758   0.04196254   0.07604092   0.10065566   0.11673081   0.12538277   0.12781775   0.12525070   0.11884471   0.10966849   0.09866934   0.08665891   0.07430877   0.06215371   0.05060038   0.03993960   0.03036088 
  0.00001411   0.02799716   0.05466132   0.07869854   0.09888962   0.11411963   0.12340028   0.12588567   0.12088369   0.10786675   0.08648604   0.05659304   0.01827090  -0.02812392  -0.08191193  -0.14203788  -0.20702282  -0.27493125  -0.34336513  -0.40949794  -0.47016165  -0.52199954  -0.56169658  -0.58629765  -0.59361292  -0.58265527  -0.55391353  -0.50924203  -0.45155709  -0.38460678  -0.31259531  -0.23964022  -0.16932670  -0.10446974  -0.04704696   0.00175970   0.04146185   0.07213488   0.09428219   0.10870682   0.11639791   0.11843580   0.11591648   0.10989455   0.10134289   0.09112658   0.07998869   0.06854542   0.05728832   0.04659172   0.03672372 
  0.00001484   0.02952045   0.05810464   0.08482847   0.10879087   0.12912277   0.14499416   0.15562050   0.16027054   0.15827836   0.14906254   0.13215498   0.10724066   0.07420816   0.03320880  -0.01527986  -0.07039253  -0.13082473  -0.19480067  -0.26007101  -0.32395111  -0.38341036  -0.43522294  -0.47618955  -0.50343856  -0.51480568  -0.50924203  -0.48707218  -0.44990078  -0.40033901  -0.34179332  -0.27811885  -0.21311767  -0.15012361  -0.09177638  -0.03995268   0.00420148   0.04018123   0.06800643   0.08809828   0.10116166   0.10808040   0.10982923   0.10740314   0.10176388   0.09380164   0.08431018   0.07397279   0.06335713   0.05291681   0.04299776 
  0.00001480   0.02950469   0.05839362   0.08604478   0.11182387   0.13507895   0.15513671   0.17130184   0.18286130   0.18909574   0.18929994   0.18281388   0.16906491   0.14762052   0.11824975   0.08098954   0.03621134  -0.01531843  -0.07239119  -0.13333031  -0.19599519  -0.25782382  -0.31592276  -0.36721279  -0.40863875  -0.43745088  -0.45155709  -0.44990078  -0.43270199  -0.40137681  -0.35828920  -0.30655659  -0.24972994  -0.19132997  -0.13446084  -0.08159682  -0.03451354   0.00568665   0.03849548   0.06389342   0.08223712   0.09415107   0.10043091   0.10196142   0.09965070   0.09437982   0.08696673   0.07814241   0.06853739   0.05867635   0.04897916 
  0.00001416   0.02825210   0.05614401   0.08329746   0.10929905   0.13368558   0.15593302   0.17545072   0.19158253   0.20361638   0.21080369   0.21238942   0.20765283   0.19595824   0.17681393   0.14993647   0.11531656   0.07328189   0.02455147  -0.02972464  -0.08794668  -0.14807472  -0.20767350  -0.26400005  -0.31414156  -0.35521086  -0.38460678  -0.40033901  -0.40137681  -0.38787329  -0.36109523  -0.32319741  -0.27704389  -0.22591291  -0.17306826  -0.12140034  -0.07322538  -0.03021801   0.00656872   0.03663268   0.05992713   0.07675743   0.08768139   0.09341957   0.09477914   0.09259234   0.08766934   0.08076417   0.07255206   0.06361647   0.05444362 
  0.00001305   0.02606513   0.05197074   0.07753229   0.10251670   0.12662205   0.14946199   0.17055640   0.18932972   0.20511822   0.21718692   0.22475677   0.22704163   0.22329444   0.21286096   0.19523885   0.17013933   0.13754793   0.09778038   0.05152920  -0.00010395  -0.05559557  -0.11301309  -0.17005940  -0.22415571  -0.27256959  -0.31259531  -0.34179332  -0.35828920  -0.36109523  -0.35031911  -0.32710279  -0.29341733  -0.25189888  -0.20557683  -0.15747764  -0.11029150  -0.06618382  -0.02672977   0.00706995   0.03472583   0.05617252   0.07167408   0.08173197   0.08700197   0.08822336   0.08616146   0.08156346   0.07512632   0.06747537   0.05915174 
  0.00001162   0.02323391   0.04646264   0.06965261   0.09271523   0.11548371   0.13769497   0.15897799   0.17884995   0.19672091   0.21190767   0.22365697   0.23117751   0.23368021   0.23042531   0.22077466   0.20424703   0.18057415   0.14975450   0.11210170   0.06828398   0.01935066  -0.03325896  -0.08772941  -0.14191115  -0.19339709  -0.23964022  -0.27811885  -0.30655659  -0.32319741  -0.32710279  -0.31834627  -0.29796064  -0.26775143  -0.23014684  -0.18794733  -0.14395944  -0.10068607  -0.06014968  -0.02382912   0.00732809   0.03284892   0.05265545   0.06697782   0.07626914   0.08112858   0.08223539   0.08029529   0.07599911   0.06999256   0.06285593 
  0.00001000   0.02002414   0.04015833   0.06048344   0.08102377   0.10172302   0.12242521   0.14286181   0.16264610   0.18127546   0.19814190   0.21255089   0.22374801   0.23095275   0.23339847   0.23037717   0.22128763   0.20568519   0.18333116   0.15423974   0.11871986   0.07740912   0.03129622  -0.01827202  -0.06960371  -0.12070038  -0.16932670  -0.21311767  -0.24972994  -0.27704389  -0.29341733  -0.29796064  -0.29071894  -0.27262668  -0.24533837  -0.21109140  -0.17247529  -0.13209305  -0.09227311  -0.05490359  -0.02137144   0.00742816   0.03104072   0.04937991   0.06264742   0.07125440   0.07574997   0.07675988   0.07493644   0.07091971   0.06530909 
  0.00000832   0.01666729   0.03352692   0.05074304   0.06842509   0.08660435   0.10521497   0.12408072   0.14290803   0.16128618   0.17869461   0.19451743   0.20806464   0.21859964   0.22537199   0.22765475   0.22478516   0.21620754   0.20151715   0.18050350   0.15319138   0.11987768   0.08116134   0.03796344  -0.00846625  -0.05656064  -0.10446974  -0.15012361  -0.19132997  -0.22591291  -0.25189888  -0.26775143  -0.27262668  -0.26654435  -0.25034929  -0.22555764  -0.19423159  -0.15876670  -0.12157812  -0.08483264  -0.05029299  -0.01925950   0.00742312   0.02931972   0.04633840   0.05865668   0.06664882   0.07081939   0.07174616   0.07003329   0.06627492 
  0.00000666   0.01335417   0.02695535   0.04102455   0.05573215   0.07117599   0.08736342   0.10419808   0.12147232   0.13886546   0.15594831   0.17219356   0.18699202   0.19967408   0.20953584   0.21586931   0.21799586   0.21530226   0.20727843   0.19355597   0.17394636   0.14847751   0.11742684   0.08134863   0.04109293  -0.00218758  -0.04704696  -0.09177638  -0.13446084  -0.17306826  -0.20557683  -0.23014684  -0.24533837  -0.25034929  -0.24517613  -0.23058182  -0.20795595  -0.17920023  -0.14653222  -0.11219437  -0.07820422  -0.04620824  -0.01742567   0.00734668   0.02769308   0.04351803   0.05497825   0.06241531   0.06629390   0.06714853   0.06553979 
  0.00000509   0.01023210   0.02074301   0.03178840   0.04357875   0.05625963   0.06989518   0.08445557   0.09980901   0.11571870   0.13184475   0.14775109   0.16291713   0.17675384   0.18862380   0.19786489   0.20381707   0.20585181   0.20340373   0.19600381   0.18331358   0.16515938   0.14156552   0.11278475   0.07932398   0.04196254   0.00175970  -0.03995268  -0.08159682  -0.12140034  -0.15747764  -0.18794733  -0.21109140  -0.22555764  -0.23058182  -0.22613946  -0.21291891  -0.19219428  -0.16572070  -0.13555286  -0.10377475  -0.07226661  -0.04256740  -0.01582099   0.00722101   0.02616181   0.04090378   0.05158554   0.05851954   0.06213459   0.06292609 
  0.00000368   0.00740552   0.01510303   0.02336457   0.03242314   0.04245548   0.05356730   0.06578179   0.07903158   0.09315472   0.10789456   0.12290364   0.13775142   0.15193565   0.16489707   0.17603732   0.18473972   0.19039256   0.19241498   0.19028469   0.18356765   0.17194881   0.15526336   0.13352744   0.10696671   0.07604092   0.04146185   0.00420148  -0.03451354  -0.07322538  -0.11029150  -0.14395944  -0.17247529  -0.19423159  -0.20795595  -0.21291891  -0.20907720  -0.19705166  -0.17801143  -0.15357801  -0.12565731  -0.09618823  -0.06692482  -0.03930694  -0.01440849   0.00706122   0.02472371   0.03848025   0.04845364   0.05493027   0.05830655 
  0.00000245   0.00493926   0.01016894   0.01596279   0.02256188   0.03015994   0.03889064   0.04881720   0.05992478   0.07211572   0.08520797   0.09893645   0.11295751   0.12685631   0.14015696   0.15233542   0.16283489   0.17108383   0.17651623   0.17859434   0.17683348   0.17082871   0.16028305   0.14503644   0.12509449   0.10065566   0.07213488   0.04018123   0.00568665  -0.03021801  -0.06618382  -0.10068607  -0.13209305  -0.15876670  -0.17920023  -0.19219428  -0.19705166  -0.19371274  -0.18273749  -0.16519991  -0.14259987  -0.11670747  -0.08932880  -0.06210210  -0.03637587  -0.01315925   0.00687799   0.02337494   0.03623251   0.04555963   0.05161926 
  0.00000141   0.00286377   0.00600517   0.00968836   0.01415095   0.01959200   0.02616128   0.03395020   0.04298477   0.05322057   0.06454000   0.07675183   0.08959296   0.10273251   0.11577820   0.12828492   0.13976566   0.14970464   0.15757286   0.16284594   0.16502432   0.16365571   0.15835952   0.14885307   0.13497866   0.11673081   0.09428219   0.06800643   0.03849548   0.00656872  -0.02672977  -0.06014968  -0.09227311  -0.12157812  -0.14653222  -0.16572070  -0.17801143  -0.18273749  -0.17982536  -0.16978036  -0.15359034  -0.13264454  -0.10858913  -0.08310861  -0.05773488  -0.03373229  -0.01204999   0.00667914   0.02211091   0.03414651   0.04288261 
  0.00000057   0.00118146   0.00261972   0.00456103   0.00723090   0.01082442   0.01549756   0.02135949   0.02846622   0.03681559   0.04634383   0.05692369   0.06836420   0.08041215   0.09275533   0.10502769   0.11681631   0.12767057   0.13711337   0.14465465   0.14980730   0.15210538   0.15112471   0.14650554   0.13797701   0.12538277   0.10870682   0.08809828   0.06389342   0.03663268   0.00706995  -0.02382912  -0.05490359  -0.08483264  -0.11219437  -0.13555286  -0.15357801  -0.16519991  -0.16978036  -0.16723421  -0.15801790  -0.14304128  -0.12359301  -0.10120603  -0.07745347  -0.05376957  -0.03134105  -0.01106155   0.00647047   0.02092674   0.03220918 
 -0.00000008  -0.00012662  -0.00002255   0.00053504   0.00175333   0.00381650   0.00687882   0.01105838   0.01643146   0.02302787   0.03082712   0.03975558   0.04968482   0.06043108   0.07175611   0.08336950   0.09493252   0.10606385   0.11634716   0.12534087   0.13259008   0.13764092   0.14005722   0.13943958   0.13544657   0.12781775   0.11639791   0.10116166   0.08223712   0.05992713   0.03472583   0.00732809  -0.02137144  -0.05029299  -0.07820422  -0.10377475  -0.12565731  -0.14259987  -0.15359034  -0.15801790  -0.15578790  -0.14731306  -0.13343269  -0.11534380  -0.09447588  -0.07229995  -0.05016039  -0.02917234  -0.01017796   0.00625639   0.01981753 
 -0.00000056  -0.00109434  -0.00198694  -0.00248168  -0.00239359  -0.00155427   0.00018287   0.00293759   0.00679817   0.01181708   0.01800709   0.02533795   0.03373372   0.04307080   0.05317702   0.06383171   0.07476712   0.08567130   0.09619270   0.10594657   0.11452353   0.12150029   0.12645273   0.12897133   0.12867894   0.12525070   0.11843580   0.10808040   0.09415107   0.07675743   0.05617252   0.03284892   0.00742816  -0.01925950  -0.04620824  -0.07226661  -0.09618823  -0.11670747  -0.13264454  -0.14304128  -0.14731306  -0.14535762  -0.13754859  -0.12466137  -0.10780947  -0.08832768  -0.06759328  -0.04686792  -0.02720059  -0.00938575   0.00604023 
 -0.00000090  -0.00176465  -0.00335743  -0.00461017  -0.00536213  -0.00546370  -0.00478025  -0.00319584  -0.00061711   0.00302296   0.00776136   0.01360148   0.02050989   0.02841349   0.03719724   0.04670271   0.05672754   0.06702612   0.07731173   0.08726018   0.09651546   0.10469726   0.11141076   0.11625867   0.11885560   0.11884471   0.11591648   0.10982923   0.10043091   0.08768139   0.07167408   0.05265545   0.03104072   0.00742312  -0.01742567  -0.04256740  -0.06692482  -0.08932880  -0.10858913  -0.12359301  -0.13343269  -0.13754859  -0.13583253  -0.12862316  -0.11663791  -0.10091409  -0.08269971  -0.06328588  -0.04385794  -0.02540377  -0.00867348 
 -0.00000110  -0.00218474  -0.00422683  -0.00598579  -0.00732552  -0.00811668  -0.00823922  -0.00758512  -0.00606137  -0.00359317  -0.00012729   0.00436445   0.00988169   0.01639220   0.02382880   0.03208680   0.04102208   0.05045010   0.06014607   0.06984642   0.07925188   0.08803241   0.09583397   0.10228750   0.10702011   0.10966849   0.10989455   0.10740314   0.10196142   0.09341957   0.08173197   0.06697782   0.04937991   0.02931972   0.00734668  -0.01582099  -0.03930694  -0.06210210  -0.08310861  -0.10120603  -0.11534380  -0.12466137  -0.12862316  -0.12711643  -0.12044855  -0.10928431  -0.09459136  -0.07753807  -0.05933619  -0.04110068  -0.02376275 
 -0.00000121  -0.00240218  -0.00468914  -0.00674662  -0.00846241  -0.00972759  -0.01043808  -0.01049644  -0.00981411  -0.00831398  -0.00593329  -0.00262691   0.00162928   0.00683480   0.01296115   0.01994853   0.02770301   0.03609435   0.04495468   0.05407826   0.06322256   0.07211085   0.08043655   0.08786942   0.09406387   0.09866934   0.10134289   0.10176388   0.09965070   0.09477914   0.08700197   0.07626914   0.06264742   0.04633840   0.02769308   0.00722101  -0.01440849  -0.03637587  -0.05773488  -0.07745347  -0.09447588  -0.10780947  -0.11663791  -0.12044855  -0.11912536  -0.11294761  -0.10253225  -0.08878314  -0.07279545  -0.05570780  -0.03857004 
 -0.00000124  -0.00246208  -0.00483378  -0.00702482  -0.00894519  -0.01050564  -0.01161831  -0.01219789  -0.01216311  -0.01143874  -0.00995800  -0.00766541  -0.00452002  -0.00049882   0.00439964   0.01015173   0.01670532   0.02397687   0.03184902   0.04016910   0.04874862   0.05736403   0.06575894   0.07364802   0.08072273   0.08665891   0.09112658   0.09380164   0.09437982   0.09259234   0.08822336   0.08112858   0.07125440   0.05865668   0.04351803   0.02616181   0.00706122  -0.01315925  -0.03373229  -0.05376957  -0.07229995  -0.08832768  -0.10091409  -0.10928431  -0.11294761  -0.11178568  -0.10605257  -0.09632162  -0.08343824  -0.06843023  -0.05236866 
 -0.00000121  -0.00240519  -0.00474181  -0.00694077  -0.00893206  -0.01064456  -0.01200614  -0.01294418  -0.01338648  -0.01326274  -0.01250640  -0.01105712  -0.00886354  -0.00588651  -0.00210252   0.00249268   0.00788053   0.01401624   0.02082581   0.02820357   0.03601050   0.04407362   0.05218647   0.06011107   0.06758143   0.07430877   0.07998869   0.08431018   0.08696673   0.08766934   0.08616146   0.08223539   0.07574997   0.06664882   0.05497825   0.04090378   0.02472371   0.00687799  -0.01204999  -0.03134105  -0.05016039  -0.06759328  -0.08269971  -0.09459136  -0.10253225  -0.10605257  -0.10503258  -0.09970368  -0.09059941  -0.07851151  -0.06440566 
 -0.00000114  -0.00226682  -0.00448366  -0.00659961  -0.00856208  -0.01031616  -0.01180434  -0.01296651  -0.01374044  -0.01406275  -0.01387029  -0.01310207  -0.01170167  -0.00962000  -0.00681848  -0.00327247   0.00102524   0.00606086   0.01179628   0.01816602   0.02507482   0.03239589   0.03997016   0.04760659   0.05508390   0.06215371   0.06854542   0.07397279   0.07814241   0.08076417   0.08156346   0.08029529   0.07675988   0.07081939   0.06241531   0.05158554   0.03848025   0.02337494   0.00667914  -0.01106155  -0.02917234  -0.04686792  -0.06328588  -0.07753807  -0.08878314  -0.09632162  -0.09970368  -0.09880887  -0.09384815  -0.08531872  -0.07396296 
 -0.00000104  -0.00207641  -0.00411821  -0.00608966  -0.00795290  -0.00966710  -0.01118782  -0.01246675  -0.01345183  -0.01408773  -0.01431686  -0.01408078  -0.01332216  -0.01198707  -0.01002779  -0.00740583  -0.00409530  -0.00008630   0.00461161   0.00996618   0.01591945   0.02238541   0.02924816   0.03636113   0.04354724   0.05060038   0.05728832   0.06335713   0.06853739   0.07255206   0.07512632   0.07599911   0.07493644   0.07174616   0.06629390   0.05851954   0.04845364   0.03623251   0.02211091   0.00647047  -0.01017796  -0.02720059  -0.04385794  -0.05933619  -0.07279545  -0.08343824  -0.09059941  -0.09384815  -0.09306390  -0.08843918  -0.08043793 
 -0.00000093  -0.00185755  -0.00369283  -0.00548238  -0.00720045  -0.00881803  -0.01030206  -0.01161497  -0.01271446  -0.01355372  -0.01408201  -0.01424566  -0.01398951  -0.01325883  -0.01200154  -0.01017092  -0.00772852  -0.00464740  -0.00091541   0.00346153   0.00845619   0.01401725   0.02006684   0.02649883   0.03317789   0.03993960   0.04659172   0.05291681   0.05867635   0.06361647   0.06747537   0.06999256   0.07091971   0.07003329   0.06714853   0.06213459   0.05493027   0.04555963   0.03414651   0.02092674   0.00625639  -0.00938575  -0.02540377  -0.04110068  -0.05570780  -0.06843023  -0.07851151  -0.08531872  -0.08843918  -0.08775272  -0.08343519 
 -0.00000082  -0.00162840  -0.00324412  -0.00483334  -0.00637995  -0.00786461  -0.00926386  -0.01054955  -0.01168842  -0.01264206  -0.01336720  -0.01381628  -0.01393853  -0.01368134  -0.01299207  -0.01182026  -0.01012017  -0.00785355  -0.00499271  -0.00152370   0.00255056   0.00720720   0.01240066   0.01806032   0.02408877   0.03036088   0.03672372   0.04299776   0.04897916   0.05444362   0.05915174   0.06285593   0.06530909   0.06627492   0.06553979   0.06292609   0.05830655   0.05161926   0.04288261   0.03220918   0.01981753   0.00604023  -0.00867348  -0.02376275  -0.03857004  -0.05236866  -0.06440566  -0.07396296  -0.08043793  -0.08343519  -0.08283534 
#
