# coconut-me2b/v0.99.21 
# 
# momentum space matrix elements 
# partial wave J=1, L=2/2, S=1, T=0, MT=0 
# 
# momentum grid [fm^-1]
0.000000 0.200000 0.400000 0.600000 0.800000 1.000000 1.200000 1.400000 1.600000 1.800000 2.000000 2.200000 2.400000 2.600000 2.800000 3.000000 3.200000 3.400000 3.600000 3.800000 4.000000 4.200000 4.400000 4.600000 4.800000 5.000000 5.200000 5.400000 5.600000 5.800000 6.000000 6.200000 6.400000 6.600000 6.800000 7.000000 7.200000 7.400000 7.600000 7.800000 8.000000 8.200000 8.400000 8.600000 8.800000 9.000000 9.200000 9.400000 9.600000 9.800000 10.000000 
#
# matrix elements [MeV fm^3] 
  0.00000000   0.00000003   0.00000008   0.00000010   0.00000009   0.00000007   0.00000006   0.00000004   0.00000003   0.00000002   0.00000002   0.00000001   0.00000001   0.00000001   0.00000001   0.00000001   0.00000001   0.00000000   0.00000000   0.00000000   0.00000000   0.00000000   0.00000000   0.00000000   0.00000000   0.00000000   0.00000000   0.00000000   0.00000000   0.00000000   0.00000000   0.00000000   0.00000000   0.00000000   0.00000000   0.00000000   0.00000000   0.00000000   0.00000000   0.00000000   0.00000000   0.00000000   0.00000000  -0.00000000  -0.00000000  -0.00000000  -0.00000000  -0.00000000  -0.00000000  -0.00000000  -0.00000000 
  0.00000003   0.11700556   0.30165851   0.37419990   0.34797968   0.28555183   0.22153661   0.16748720   0.12520655   0.09336737   0.06995907   0.05306861   0.04108322   0.03270795   0.02693035   0.02297486   0.02025915   0.01835571   0.01695878   0.01585650   0.01490779   0.01402356   0.01315176   0.01226599   0.01135684   0.01042577   0.00948069   0.00853299   0.00759557   0.00668150   0.00580307   0.00497127   0.00419533   0.00348244   0.00283767   0.00226386   0.00176177   0.00133018   0.00096617   0.00066542   0.00042255   0.00023144   0.00008560  -0.00002156  -0.00009644  -0.00014507  -0.00017295  -0.00018495  -0.00018525  -0.00017737  -0.00016417 
  0.00000008   0.30165851   0.87745237   1.22323862   1.23204746   1.05986765   0.84503632   0.64948743   0.49067657   0.36847789   0.27737023   0.21095725   0.16344022   0.12999264   0.10676250   0.09075983   0.07971845   0.07196175   0.06628193   0.06183538   0.05805461   0.05457600   0.05118228   0.04775803   0.04425637   0.04067472   0.03703773   0.03338546   0.02976539   0.02622694   0.02281777   0.01958114   0.01655404   0.01376597   0.01123819   0.00898340   0.00700599   0.00530254   0.00386276   0.00267065   0.00170581   0.00094482   0.00036255  -0.00006661  -0.00036773  -0.00056445  -0.00067843  -0.00072889  -0.00073244  -0.00070302  -0.00065202 
  0.00000010   0.37419990   1.22323862   1.96657083   2.23391121   2.08355915   1.74522743   1.38226005   1.06435121   0.80936881   0.61426243   0.46941395   0.36427539   0.28934418   0.23671313   0.20008689   0.17461007   0.15664078   0.14352220   0.13337352   0.12490852   0.11728432   0.10997963   0.10269992   0.09530602   0.08776190   0.08009741   0.07238236   0.06470841   0.05717646   0.04988761   0.04293658   0.03640679   0.03036685   0.02486824   0.01994416   0.01560949   0.01186170   0.00868264   0.00604099   0.00389509   0.00219594   0.00089017  -0.00007721  -0.00076043  -0.00121105  -0.00147653  -0.00159922  -0.00161588  -0.00155749  -0.00144944 
  0.00000009   0.34797968   1.23204746   2.23391121   2.89208424   3.00647139   2.71316088   2.25295024   1.78760381   1.38612949   1.06540470   0.82031466   0.63850297   0.50657047   0.41242026   0.34597749   0.29924279   0.26608460   0.24194457   0.22353323   0.20855018   0.19544360   0.18321301   0.17125401   0.15924018   0.14703580   0.13463303   0.12210703   0.10958396   0.09721779   0.08517282   0.07361041   0.06267849   0.05250370   0.04318577   0.03479425   0.02736726   0.02091242   0.01540932   0.01081341   0.00706074   0.00407315   0.00176342   0.00004021  -0.00118772  -0.00200794  -0.00250170  -0.00274207  -0.00279284  -0.00270815  -0.00253261 
  0.00000007   0.28555183   1.05986765   2.08355915   3.00647139   3.50613017   3.48393349   3.09643297   2.56863231   2.05001301   1.60528124   1.24998586   0.97798922   0.77566708   0.62824195   0.52232878   0.44677085   0.39272567   0.35343885   0.32390891   0.30053865   0.28081740   0.26305210   0.24615139   0.22945885   0.21262819   0.19553162   0.17819286   0.16073769   0.14335640   0.12627431   0.10972799   0.09394588   0.07913297   0.06545927   0.05305221   0.04199281   0.03231539   0.02401028   0.01702894   0.01129072   0.00669064   0.00310724   0.00041024  -0.00153278  -0.00285063  -0.00366414  -0.00408298  -0.00420374  -0.00410904  -0.00386750 
  0.00000006   0.22153661   0.84503632   1.74522743   2.71316088   3.48393349   3.83258477   3.71367405   3.27856910   2.72740865   2.19377646   1.73663994   1.37026613   1.08841325   0.87745459   0.72251653   0.61005741   0.52875289   0.46960519   0.42571967   0.39196465   0.36461887   0.34105452   0.31947359   0.29869952   0.27801771   0.25705561   0.23569229   0.21398878   0.19213270   0.17039249   0.14907881   0.12851196   0.10899502   0.09079288   0.07411742   0.05911864   0.04588157   0.03442804   0.02472243   0.01668040   0.01017919   0.00506871   0.00118227  -0.00165353  -0.00361046  -0.00485193  -0.00552807  -0.00577251  -0.00570068  -0.00540939 
  0.00000004   0.16748720   0.64948743   1.38226005   2.25295024   3.09643297   3.71367405   3.94278415   3.76482895   3.31626877   2.77111061   2.24683551   1.79652798   1.43349760   1.15215873   0.93982783   0.78245164   0.66709862   0.58285036   0.52093906   0.47455753   0.43855466   0.40911963   0.38350043   0.35977171   0.33665096   0.31335537   0.28948932   0.26495347   0.23986848   0.21450890   0.18924509   0.16449237   0.14066793   0.11815609   0.09728244   0.07829693   0.06136554   0.04656942   0.03391026   0.02332022   0.01467482   0.00780722   0.00252255  -0.00138867  -0.00413887  -0.00593388  -0.00696563  -0.00740724  -0.00741002  -0.00710234 
  0.00000003   0.12520655   0.49067657   1.06435121   1.78760381   2.56863231   3.27856910   3.76482895   3.90621592   3.69647497   3.25485352   2.73134137   2.22878175   1.79496567   1.44268221   1.16752119   0.95828610   0.80221399   0.68732372   0.60330467   0.54170434   0.49580701   0.46040162   0.43153344   0.40627973   0.38256097   0.35898541   0.33471972   0.30937802   0.28292322   0.25557718   0.22773845   0.19990831   0.17262625   0.14641657   0.12174715   0.09900075   0.07845844   0.06029385   0.04457642   0.03128159   0.02030564   0.01148309   0.00460472  -0.00056509  -0.00427290  -0.00676322  -0.00826841  -0.00900133  -0.00915071  -0.00887877 
  0.00000002   0.09336737   0.36847789   0.80936881   1.38612949   2.05001301   2.72740865   3.31626877   3.69647497   3.77392043   3.54829317   3.12267563   2.62642548   2.14984925   1.73627998   1.39831676   1.13290872   0.93045878   0.77953197   0.66906071   0.58924879   0.53183718   0.49008036   0.45860900   0.43326249   0.41092551   0.38937892   0.36716385   0.34345532   0.31794199   0.29071063   0.26213641   0.23278102   0.20330190   0.17437520   0.14663451   0.12062625   0.09678125   0.07540127   0.05665794   0.04060168   0.02717745   0.01624470   0.00759901   0.00099349  -0.00384165  -0.00718225  -0.00929657  -0.01043510  -0.01082368  -0.01065940 
  0.00000002   0.06995907   0.27737023   0.61426243   1.06540470   1.60528124   2.19377646   2.77111061   3.25485352   3.54829317   3.57642629   3.34195209   2.93412403   2.46519577   2.01500860   1.62314893   1.30208885   1.04995879   0.85849831   0.71731118   0.61596030   0.54491299   0.49590560   0.46202934   0.43769028   0.41851622   0.40124167   0.38358234   0.36410272   0.34207835   0.31735544   0.29021173   0.26122370   0.23114527   0.20080265   0.17100846   0.14249687   0.11587954   0.09162097   0.07003057   0.05126804   0.03535865   0.02221473   0.01166040   0.00345680  -0.00267399  -0.00702796  -0.00990157  -0.01157820  -0.01231836  -0.01235348 
  0.00000001   0.05306861   0.21095725   0.46941395   0.82031466   1.24998586   1.73663994   2.24683551   2.73134137   3.12267563   3.34195209   3.32863674   3.08736990   2.69607961   2.25297607   1.82909857   1.46067900   1.15982050   0.92536818   0.74989663   0.62359522   0.53629143   0.47845407   0.44165879   0.41877425   0.40400200   0.39283568   0.38197113   0.36918331   0.35317998   0.33344058   0.31004881   0.28352768   0.25468519   0.22447748   0.19389444   0.16387047   0.13522090   0.10860257   0.08449580   0.06320378   0.04486523   0.02947602   0.01691593   0.00697728  -0.00060714  -0.00613865  -0.00993097  -0.01229279  -0.01351458  -0.01385966 
  0.00000001   0.04108322   0.16344022   0.36427539   0.63850297   0.97798922   1.37026613   1.79652798   2.22878175   2.62642548   2.93412403   3.08736990   3.03726659   2.79002652   2.41434200   1.99671136   1.60049912   1.25863952   0.98240401   0.77074579   0.61650837   0.51001916   0.44106611   0.39995617   0.37806269   0.36808440   0.36413429   0.36172121   0.35765937   0.34992807   0.33749865   0.32014354   0.29824095   0.27258711   0.24422601   0.21430358   0.18395074   0.15419652   0.12591037   0.09977057   0.07625462   0.05564674   0.03805765   0.02345187   0.01167872   0.00250379  -0.00436157  -0.00923424  -0.01243771  -0.01428521  -0.01506752 
  0.00000001   0.03270795   0.12999264   0.28934418   0.50657047   0.77566708   1.08841325   1.43349760   1.79496567   2.14984925   2.46519577   2.69607961   2.79002652   2.70775584   2.45674898   2.09792304   1.70766320   1.34231602   1.03135438   0.78468955   0.60080603   0.47234403   0.38945536   0.34173606   0.31931682   0.31345748   0.31684101   0.32367603   0.32967179   0.33192592   0.32875397   0.31948428   0.30423770   0.28370920   0.25896443   0.23126156   0.20190418   0.17212828   0.14302277   0.11548100   0.09017882   0.06757411   0.04792203   0.03130102   0.01764465   0.00677555  -0.00156149  -0.00766952  -0.01187359  -0.01449988  -0.01585986 
  0.00000001   0.02693035   0.10676250   0.23671313   0.41242026   0.62824195   0.87745459   1.15215873   1.44268221   1.73627998   2.01500860   2.25297607   2.41434200   2.45674898   2.34877168   2.09866656   1.76044453   1.40140692   1.07124521   0.79575723   0.58305894   0.43075556   0.33100700   0.27367107   0.24817417   0.24459693   0.25427451   0.27008698   0.28654480   0.29973537   0.30717673   0.30761286   0.30077856   0.28715638   0.26774367   0.24384289   0.21688390   0.18828277   0.15933789   0.13116132   0.10464132   0.08043049   0.05895390   0.04043109   0.02490687   0.01228627   0.00237014  -0.00511137  -0.01046900  -0.01402954  -0.01611603 
  0.00000001   0.02297486   0.09075983   0.20008689   0.34597749   0.52232878   0.72251653   0.93982783   1.16752119   1.39831676   1.62314893   1.82909857   1.99671136   2.09792304   2.09866656   1.97366071   1.73125007   1.41899945   1.09582115   0.80502156   0.56861375   0.39268797   0.27379463   0.20356025   0.17161925   0.16739261   0.18112904   0.20447255   0.23071869   0.25486193   0.27350283   0.28466511   0.28756056   0.28233193   0.26979697   0.25121117   0.22806080   0.20189320   0.17418676   0.14625956   0.11921313   0.09390616   0.07095216   0.05073475   0.03343491   0.01906504   0.00750553  -0.00145917  -0.00810751  -0.01275210  -0.01571612 
  0.00000001   0.02025915   0.07971845   0.17461007   0.29924279   0.44677085   0.61005741   0.78245164   0.95828610   1.13290872   1.30208885   1.46067900   1.60049912   1.70766320   1.76044453   1.73125007   1.59928859   1.37224516   1.09151585   0.80820597   0.55957200   0.36392827   0.22535189   0.13939482   0.09728676   0.08864377   0.10312384   0.13138966   0.16561554   0.19969082   0.22922003   0.25139008   0.26475618   0.26898563   0.26458956   0.25266496   0.23466247   0.21218971   0.18685479   0.16015058   0.13337727   0.10759854   0.08362551   0.06202230   0.04312697   0.02708216   0.01387097   0.00335394  -0.00469547  -0.01055897  -0.01454613 
  0.00000000   0.01835571   0.07196175   0.15664078   0.26608460   0.39272567   0.52875289   0.66709862   0.80221399   0.93045878   1.04995879   1.15982050   1.25863952   1.34231602   1.40140692   1.41899945   1.37224516   1.24335680   1.03871411   0.79383002   0.55262600   0.34678985   0.19123480   0.08825093   0.03262244   0.01543653   0.02655572   0.05612674   0.09544293   0.13737596   0.17652015   0.20914697   0.23303931   0.24725652   0.25186863   0.24768808   0.23601913   0.21843806   0.19661178   0.17215742   0.14654195   0.12101833   0.09659288   0.07401789   0.05380319   0.03624084   0.02143780   0.00935218  -0.00017035  -0.00736233  -0.01250415 
  0.00000000   0.01695878   0.06628193   0.14352220   0.24194457   0.35343885   0.46960519   0.58285036   0.68732372   0.77953197   0.85849831   0.92536818   0.98240401   1.03135438   1.07124521   1.09582115   1.09151585   1.03871411   0.92143386   0.74432671   0.53742949   0.33821074   0.17342027   0.05503379  -0.01607917  -0.04558026  -0.04223314  -0.01567382   0.02494011   0.07168318   0.11821653   0.15987714   0.19359536   0.21770732   0.23171105   0.23600218   0.23161488   0.21998560   0.20275034   0.18158094   0.15806142   0.13360243   0.10938957   0.08636010   0.06520222   0.04637085   0.03011449   0.01650852   0.00549081  -0.00310303  -0.00950718 
  0.00000000   0.01585650   0.06183538   0.13337352   0.22353323   0.32390891   0.42571967   0.52093906   0.60330467   0.66906071   0.71731118   0.74989663   0.77074579   0.78468955   0.79575723   0.80502156   0.80820597   0.79383002   0.74432671   0.64467609   0.49764969   0.32836575   0.16866977   0.04110210  -0.04474838  -0.08901253  -0.09746545  -0.07845925  -0.04093175   0.00678719   0.05762446   0.10604797   0.14811130   0.18134612   0.20456472   0.21761809   0.22114184   0.21631284   0.20463135   0.18773736   0.16726488   0.14473425   0.12147968   0.09860781   0.07698180   0.05722527   0.03974071   0.02473722   0.01226332   0.00224146  -0.00549860 
  0.00000000   0.01490779   0.05805461   0.12490852   0.20855018   0.30053865   0.39196465   0.47455753   0.54170434   0.58924879   0.61596030   0.62359522   0.61650837   0.60080603   0.58305894   0.56861375   0.55957200   0.55262600   0.53742949   0.49764969   0.41874085   0.30168991   0.16736934   0.04287517  -0.05271071  -0.11163063  -0.13461739  -0.12727655  -0.09735633  -0.05298030  -0.00159932   0.05056367   0.09874044   0.13963013   0.17127862   0.19288175   0.20455342   0.20708773   0.20173472   0.19000251   0.17349261   0.15377118   0.13227534   0.11025193   0.08872411   0.06848083   0.05008401   0.03388806   0.02006761   0.00864923  -0.00045578 
  0.00000000   0.01402356   0.05457600   0.11728432   0.19544360   0.28081740   0.36461887   0.43855466   0.49580701   0.53183718   0.54491299   0.53629143   0.51001916   0.47234403   0.43075556   0.39268797   0.36392827   0.34678985   0.33821074   0.32836575   0.30168991   0.24391972   0.15453034   0.05086801  -0.04387315  -0.11336736  -0.15119218  -0.15835549  -0.14009149  -0.10343641  -0.05566344  -0.00336274   0.04803575   0.09444536   0.13311572   0.16250918   0.18211223   0.19221906   0.19371267   0.18786097   0.17613844   0.16007912   0.14116284   0.12073349   0.09994674   0.07974286   0.06083998   0.04374301   0.02876363   0.01604708   0.00560249 
  0.00000000   0.01315176   0.05118228   0.10997963   0.18321301   0.26305210   0.34105452   0.40911963   0.46040162   0.49008036   0.49590560   0.47845407   0.44106611   0.38945536   0.33100700   0.27379463   0.22535189   0.19123480   0.17342027   0.16866977   0.16736934   0.15453034   0.11618436   0.05065783  -0.02753461  -0.09833880  -0.14758125  -0.16977547  -0.16597059  -0.14091479  -0.10090197  -0.05238312  -0.00115488   0.04805552   0.09174237   0.12760479   0.15442735   0.17190450   0.18044193   0.18095744   0.17469666   0.16307275   0.14753506   0.12946805   0.11011951   0.09055527   0.07163662   0.05401612   0.03814744   0.02430493   0.01260928 
  0.00000000   0.01226599   0.04775803   0.10269992   0.17125401   0.24615139   0.31947359   0.38350043   0.43153344   0.45860900   0.46202934   0.44165879   0.39995617   0.34173606   0.27367107   0.20356025   0.13939482   0.08825093   0.05503379   0.04110210   0.04287517   0.05086801   0.05065783   0.02869394  -0.01747126  -0.07554004  -0.12795815  -0.16222204  -0.17348874  -0.16270600  -0.13409675  -0.09324117  -0.04583881   0.00301328   0.04918740   0.08965658   0.12247525   0.14666831   0.16207070   0.16914697   0.16881107   0.16225999   0.15082951   0.13587624   0.11868723   0.10041614   0.08204349   0.06435737   0.04795096   0.03323248   0.02044416 
  0.00000000   0.01135684   0.04425637   0.09530602   0.15924018   0.22945885   0.29869952   0.35977171   0.40627973   0.43326249   0.43769028   0.41877425   0.37806269   0.31931682   0.24817417   0.17161925   0.09728676   0.03262244  -0.01607917  -0.04474838  -0.05271071  -0.04387315  -0.02753461  -0.01747126  -0.02666195  -0.05799767  -0.10089257  -0.13978526  -0.16348032  -0.16758328  -0.15287261  -0.12306146  -0.08308167  -0.03797321   0.00776440   0.05050193   0.08759838   0.11738314   0.13905561   0.15254012   0.15832277   0.15728842   0.15057028   0.13941944   0.12509830   0.10879901   0.09158612   0.07436100   0.05784518   0.04257864   0.02892980 
  0.00000000   0.01042577   0.04067472   0.08776190   0.14703580   0.21262819   0.27801771   0.33665096   0.38256097   0.41092551   0.41851622   0.40400200   0.36808440   0.31345748   0.24459693   0.16739261   0.08864377   0.01543653  -0.04558026  -0.08901253  -0.11163063  -0.11336736  -0.09833880  -0.07554004  -0.05799767  -0.05798526  -0.07857929  -0.11051645  -0.13984504  -0.15641997  -0.15617709  -0.13971034  -0.11027124  -0.07222543  -0.03004944   0.01225770   0.05147535   0.08527051   0.11218355   0.13153867   0.14331333   0.14799068   0.14641184   0.13963928   0.12883819   0.11517954   0.09976579   0.08357884   0.06744787   0.05203438   0.03783119 
  0.00000000   0.00948069   0.03703773   0.08009741   0.13463303   0.19553162   0.25705561   0.31335537   0.35898541   0.38937892   0.40124167   0.39283568   0.36413429   0.31684101   0.25427451   0.18112904   0.10312384   0.02655572  -0.04223314  -0.09746545  -0.13461739  -0.15119218  -0.14758125  -0.12795815  -0.10089257  -0.07857929  -0.07249950  -0.08573608  -0.11006322  -0.13285867  -0.14485014  -0.14223921  -0.12545121  -0.09733843  -0.06178430  -0.02279134   0.01605706   0.05187421   0.08257320   0.10685697   0.12413894   0.13442545   0.13818204   0.13619898   0.12946665   0.11906694   0.10608451   0.09153872   0.07633585   0.06123972   0.04685813 
  0.00000000   0.00853299   0.03338546   0.07238236   0.12210703   0.17819286   0.23569229   0.28948932   0.33471972   0.36716385   0.38358234   0.38197113   0.36172121   0.32367603   0.27008698   0.20447255   0.13138966   0.05612674  -0.01567382  -0.07845925  -0.12727655  -0.15835549  -0.16977547  -0.16222204  -0.13978526  -0.11051645  -0.08573608  -0.07609734  -0.08458002  -0.10379472  -0.12224641  -0.13141426  -0.12773372  -0.11149171  -0.08520496  -0.05235147  -0.01653675   0.01900142   0.05165106   0.07952422   0.10145117   0.11691011   0.12592104   0.12892410   0.12665669   0.12003906   0.11007459   0.09776790   0.08406220   0.06979511   0.05567155 
  0.00000000   0.00759557   0.02976539   0.06470841   0.10958396   0.16073769   0.21398878   0.26495347   0.30937802   0.34345532   0.36410272   0.36918331   0.35765937   0.32967179   0.28654480   0.23071869   0.16561554   0.09544293   0.02494011  -0.04093175  -0.09735633  -0.14009149  -0.16597059  -0.17348874  -0.16348032  -0.13984504  -0.11006322  -0.08458002  -0.07322888  -0.07883040  -0.09469195  -0.11029812  -0.11779422  -0.11383475  -0.09860128  -0.07433238  -0.04416592  -0.01137356   0.02109696   0.05086277   0.07619990   0.09604090   0.10991251   0.11783943   0.12023316   0.11777919   0.11133157   0.10182081   0.09017817   0.07727745   0.06389415 
  0.00000000   0.00668150   0.02622694   0.05717646   0.09721779   0.14335640   0.19213270   0.23986848   0.28292322   0.31794199   0.34207835   0.35317998   0.34992807   0.33192592   0.29973537   0.25486193   0.19969082   0.13737596   0.07168318   0.00678719  -0.05298030  -0.10343641  -0.14091479  -0.16270600  -0.16758328  -0.15641997  -0.13285867  -0.10379472  -0.07883040  -0.06701857  -0.07100047  -0.08468223  -0.09841632  -0.10495016  -0.10114916  -0.08711911  -0.06486847  -0.03724796  -0.00724563   0.02243763   0.04961353   0.07269631   0.09070323   0.10319894   0.11020795   0.11211263   0.10954918   0.10331021   0.09425930   0.08326071   0.07112530 
  0.00000000   0.00580307   0.02281777   0.04988761   0.08517282   0.12627431   0.17039249   0.21450890   0.25557718   0.29071063   0.31735544   0.33344058   0.33749865   0.32875397   0.30717673   0.27350283   0.22922003   0.17652015   0.11821653   0.05762446  -0.00159932  -0.05566344  -0.10090197  -0.13409675  -0.15287261  -0.15617709  -0.14485014  -0.12224641  -0.09469195  -0.07100047  -0.05950117  -0.06265699  -0.07490096  -0.08736436  -0.09334434  -0.08991014  -0.07711534  -0.05677646  -0.03149913  -0.00402700   0.02315247   0.04801930   0.06910691   0.08550476   0.09680857   0.10304024   0.10455401   0.10194020   0.09593490   0.08734055   0.07696043 
  0.00000000   0.00497127   0.01958114   0.04293658   0.07361041   0.10972799   0.14907881   0.18924509   0.22773845   0.26213641   0.29021173   0.31004881   0.32014354   0.31948428   0.30761286   0.28466511   0.25139008   0.20914697   0.15987714   0.10604797   0.05056367  -0.00336274  -0.05238312  -0.09324117  -0.12306146  -0.13971034  -0.14223921  -0.13141426  -0.11029812  -0.08468223  -0.06265699  -0.05189195  -0.05468322  -0.06593463  -0.07748120  -0.08312382  -0.08012716  -0.06850974  -0.04992583  -0.02676880  -0.00156877   0.02337420   0.04618823   0.06551152   0.08049667   0.09076585   0.09633743   0.09753922   0.09491933   0.08916214   0.08101426 
  0.00000000   0.00419533   0.01655404   0.03640679   0.06267849   0.09394588   0.12851196   0.16449237   0.19990831   0.23278102   0.26122370   0.28352768   0.29824095   0.30423770   0.30077856   0.28756056   0.26475618   0.23303931   0.19359536   0.14811130   0.09874044   0.04803575  -0.00115488  -0.04583881  -0.08308167  -0.11027124  -0.12545121  -0.12773372  -0.11779422  -0.09841632  -0.07490096  -0.05468322  -0.04483675  -0.04750586  -0.05801843  -0.06884738  -0.07425511  -0.07169136  -0.06115146  -0.04415018  -0.02289458   0.00027428   0.02322306   0.04421198   0.06197275   0.07571427   0.08508200   0.09009055   0.09104336   0.08844985   0.08294714 
  0.00000000   0.00348244   0.01376597   0.03036685   0.05250370   0.07913297   0.10899502   0.14066793   0.17262625   0.20330190   0.23114527   0.25468519   0.27258711   0.28370920   0.28715638   0.28233193   0.26898563   0.24725652   0.21770732   0.18134612   0.13963013   0.09444536   0.04805552   0.00301328  -0.03797321  -0.07222543  -0.09733843  -0.11149171  -0.11383475  -0.10495016  -0.08736436  -0.06593463  -0.04750586  -0.03861529  -0.04127039  -0.05118212  -0.06140213  -0.06661492  -0.06444355  -0.05486787  -0.03928084  -0.01972394   0.00163095   0.02280031   0.04216339   0.05853637   0.07117893   0.07975756   0.08428325   0.08503712   0.08249323 
  0.00000000   0.00283767   0.01123819   0.02486824   0.04318577   0.06545927   0.09079288   0.11815609   0.14641657   0.17437520   0.20080265   0.22447748   0.24422601   0.25896443   0.26774367   0.26979697   0.26458956   0.25186863   0.23171105   0.20456472   0.17127862   0.13311572   0.09174237   0.04918740   0.00776440  -0.03004944  -0.06178430  -0.08520496  -0.09860128  -0.10114916  -0.09334434  -0.07748120  -0.05801843  -0.04127039  -0.03329129  -0.03596504  -0.04534882  -0.05501935  -0.06004645  -0.05821405  -0.04949144  -0.03516366  -0.01712370   0.00260923   0.02218725   0.04009768   0.05523354   0.06690082   0.07478515   0.07889428   0.07948892 
  0.00000000   0.00226386   0.00898340   0.01994416   0.03479425   0.05305221   0.07411742   0.09728244   0.12174715   0.14663451   0.17100846   0.19389444   0.21430358   0.23126156   0.24384289   0.25121117   0.25266496   0.24768808   0.23600218   0.21761809   0.19288175   0.16250918   0.12760479   0.08965658   0.05050193   0.01225770  -0.02279134  -0.05235147  -0.07433238  -0.08711911  -0.08991014  -0.08312382  -0.06884738  -0.05118212  -0.03596504  -0.02881434  -0.03150156  -0.04039670  -0.04955278  -0.05439097  -0.05284353  -0.04487229  -0.03166570  -0.01498255   0.00329648   0.02144703   0.03805502   0.05208373   0.06288160   0.07015188   0.07389946 
  0.00000000   0.00176177   0.00700599   0.01560949   0.02736726   0.04199281   0.05911864   0.07829693   0.09900075   0.12062625   0.14249687   0.16387047   0.18395074   0.20190418   0.21688390   0.22806080   0.23466247   0.23601913   0.23161488   0.22114184   0.20455342   0.18211223   0.15442735   0.12247525   0.08759838   0.05147535   0.01605706  -0.01653675  -0.04416592  -0.06486847  -0.07711534  -0.08012716  -0.07425511  -0.06140213  -0.04534882  -0.03150156  -0.02508369  -0.02776374  -0.03619416  -0.04486024  -0.04950330  -0.04819195  -0.04088243  -0.02867612  -0.01320991   0.00376181   0.02062753   0.03606351   0.04909745   0.05911689   0.06584137 
  0.00000000   0.00133018   0.00530254   0.01186170   0.02091242   0.03231539   0.04588157   0.06136554   0.07845844   0.09678125   0.11587954   0.13522090   0.15419652   0.17212828   0.18828277   0.20189320   0.21218971   0.21843806   0.21998560   0.21631284   0.20708773   0.19221906   0.17190450   0.14666831   0.11738314   0.08527051   0.05187421   0.01900142  -0.01137356  -0.03724796  -0.05677646  -0.06850974  -0.07169136  -0.06661492  -0.05501935  -0.04039670  -0.02776374  -0.02198494  -0.02463374  -0.03261772  -0.04081465  -0.04525776  -0.04414069  -0.03741542  -0.02610433  -0.01173320   0.00405907   0.01976438   0.03414190   0.04627866   0.05559821 
  0.00000000   0.00096617   0.00386276   0.00868264   0.01540932   0.02401028   0.03442804   0.04656942   0.06029385   0.07540127   0.09162097   0.10860257   0.12591037   0.14302277   0.15933789   0.17418676   0.18685479   0.19661178   0.20275034   0.20463135   0.20173472   0.19371267   0.18044193   0.16207070   0.13905561   0.11218355   0.08257320   0.05165106   0.02109696  -0.00724563  -0.03149913  -0.04992583  -0.06115146  -0.06444355  -0.06004645  -0.04955278  -0.03619416  -0.02463374  -0.01940888  -0.02200471  -0.02955942  -0.03730763  -0.04154887  -0.04059147  -0.03438403  -0.02387707  -0.01049474   0.00422986   0.01888361   0.03230197   0.04362665 
  0.00000000   0.00066542   0.00267065   0.00604099   0.01081341   0.01702894   0.02472243   0.03391026   0.04457642   0.05665794   0.07003057   0.08449580   0.09977057   0.11548100   0.13116132   0.14625956   0.16015058   0.17215742   0.18158094   0.18773736   0.19000251   0.18786097   0.18095744   0.16914697   0.15254012   0.13153867   0.10685697   0.07952422   0.05086277   0.02243763  -0.00402700  -0.02676880  -0.04415018  -0.05486787  -0.05821405  -0.05439097  -0.04486024  -0.03261772  -0.02200471  -0.01725961  -0.01978529  -0.02692858  -0.03424907  -0.03828957  -0.03746368  -0.03171729  -0.02193533  -0.00944889   0.00430612   0.01800394   0.03055034 
  0.00000000   0.00042255   0.00170581   0.00389509   0.00706074   0.01129072   0.01668040   0.02332022   0.03128159   0.04060168   0.05126804   0.06320378   0.07625462   0.09017882   0.10464132   0.11921313   0.13337727   0.14654195   0.15806142   0.16726488   0.17349261   0.17613844   0.17469666   0.16881107   0.15832277   0.14331333   0.12413894   0.10145117   0.07619990   0.04961353   0.02315247  -0.00156877  -0.02289458  -0.03928084  -0.04949144  -0.05284353  -0.04950330  -0.04081465  -0.02955942  -0.01978529  -0.01545674  -0.01789989  -0.02465072  -0.03156515  -0.03540864  -0.03469152  -0.02935754  -0.02023164  -0.00855950   0.00431233   0.01713860 
  0.00000000   0.00023144   0.00094482   0.00219594   0.00407315   0.00669064   0.01017919   0.01467482   0.02030564   0.02717745   0.03535865   0.04486523   0.05564674   0.06757411   0.08043049   0.09390616   0.10759854   0.12101833   0.13360243   0.14473425   0.15377118   0.16007912   0.16307275   0.16225999   0.15728842   0.14799068   0.13442545   0.11691011   0.09604090   0.07269631   0.04801930   0.02337420   0.00027428  -0.01972394  -0.03516366  -0.04487229  -0.04819195  -0.04525776  -0.03730763  -0.02692858  -0.01789989  -0.01393464  -0.01628721  -0.02266534  -0.02919573  -0.03284791  -0.03222125  -0.02725783  -0.01872765  -0.00779790   0.00426721 
  0.00000000   0.00008560   0.00036255   0.00089017   0.00176342   0.00310724   0.00506871   0.00780722   0.01148309   0.01624470   0.02221473   0.02947602   0.03805765   0.04792203   0.05895390   0.07095216   0.08362551   0.09659288   0.10938957   0.12147968   0.13227534   0.14116284   0.14753506   0.15082951   0.15057028   0.14641184   0.13818204   0.12592104   0.10991251   0.09070323   0.06910691   0.04618823   0.02322306   0.00163095  -0.01712370  -0.03166570  -0.04088243  -0.04414069  -0.04154887  -0.03424907  -0.02465072  -0.01628721  -0.01264050  -0.01489794  -0.02092354  -0.02709186  -0.03055982  -0.03000886  -0.02537982  -0.01739232  -0.00714127 
 -0.00000000  -0.00002156  -0.00006661  -0.00007721   0.00004021   0.00041024   0.00118227   0.00252255   0.00460472   0.00759901   0.01166040   0.01691593   0.02345187   0.03130102   0.04043109   0.05073475   0.06202230   0.07401789   0.08636010   0.09860781   0.11025193   0.12073349   0.12946805   0.13587624   0.13941944   0.13963928   0.13619898   0.12892410   0.11783943   0.10319894   0.08550476   0.06551152   0.04421198   0.02280031   0.00260923  -0.01498255  -0.02867612  -0.03741542  -0.04059147  -0.03828957  -0.03156515  -0.02266534  -0.01489794  -0.01153216  -0.01369262  -0.01938583  -0.02521365  -0.02850534  -0.02801814  -0.02369202  -0.01620032 
 -0.00000000  -0.00009644  -0.00036773  -0.00076043  -0.00118772  -0.00153278  -0.00165353  -0.00138867  -0.00056509   0.00099349   0.00345680   0.00697728   0.01167872   0.01764465   0.02490687   0.03343491   0.04312697   0.05380319   0.06520222   0.07698180   0.08872411   0.09994674   0.11011951   0.11868723   0.12509830   0.12883819   0.12946665   0.12665669   0.12023316   0.11020795   0.09680857   0.08049667   0.06197275   0.04216339   0.02218725   0.00329648  -0.01320991  -0.02610433  -0.03438403  -0.03746368  -0.03540864  -0.02919573  -0.02092354  -0.01369262  -0.01057599  -0.01263962  -0.01802022  -0.02352842  -0.02665225  -0.02621912  -0.02216842 
 -0.00000000  -0.00014507  -0.00056445  -0.00121105  -0.00200794  -0.00285063  -0.00361046  -0.00413887  -0.00427290  -0.00384165  -0.00267399  -0.00060714   0.00250379   0.00677555   0.01228627   0.01906504   0.02708216   0.03624084   0.04637085   0.05722527   0.06848083   0.07974286   0.09055527   0.10041614   0.10879901   0.11517954   0.11906694   0.12003906   0.11777919   0.11211263   0.10304024   0.09076585   0.07571427   0.05853637   0.04009768   0.02144703   0.00376181  -0.01173320  -0.02387707  -0.03171729  -0.03469152  -0.03284791  -0.02709186  -0.01938583  -0.01263962  -0.00974517  -0.01171357  -0.01680068  -0.02200925  -0.02497385  -0.02458685 
 -0.00000000  -0.00017295  -0.00067843  -0.00147653  -0.00250170  -0.00366414  -0.00485193  -0.00593388  -0.00676322  -0.00718225  -0.00702796  -0.00613865  -0.00436157  -0.00156149   0.00237014   0.00750553   0.01387097   0.02143780   0.03011449   0.03974071   0.05008401   0.06083998   0.07163662   0.08204349   0.09158612   0.09976579   0.10608451   0.11007459   0.11133157   0.10954918   0.10455401   0.09633743   0.08508200   0.07117893   0.05523354   0.03805502   0.02062753   0.00405907  -0.01049474  -0.02193533  -0.02935754  -0.03222125  -0.03055982  -0.02521365  -0.01802022  -0.01171357  -0.00901825  -0.01089398  -0.01570592  -0.02063386  -0.02344781 
 -0.00000000  -0.00018495  -0.00072889  -0.00159922  -0.00274207  -0.00408298  -0.00552807  -0.00696563  -0.00826841  -0.00929657  -0.00990157  -0.00993097  -0.00923424  -0.00766952  -0.00511137  -0.00145917   0.00335394   0.00935218   0.01650852   0.02473722   0.03388806   0.04374301   0.05401612   0.06435737   0.07436100   0.08357884   0.09153872   0.09776790   0.10182081   0.10331021   0.10194020   0.09753922   0.09009055   0.07975756   0.06690082   0.05208373   0.03606351   0.01976438   0.00422986  -0.00944889  -0.02023164  -0.02725783  -0.03000886  -0.02850534  -0.02352842  -0.01680068  -0.01089398  -0.00837797  -0.01016427  -0.01471843  -0.01938370 
 -0.00000000  -0.00018525  -0.00073244  -0.00161588  -0.00279284  -0.00420374  -0.00577251  -0.00740724  -0.00900133  -0.01043510  -0.01157820  -0.01229279  -0.01243771  -0.01187359  -0.01046900  -0.00810751  -0.00469547  -0.00017035   0.00549081   0.01226332   0.02006761   0.02876363   0.03814744   0.04795096   0.05784518   0.06744787   0.07633585   0.08406220   0.09017817   0.09425930   0.09593490   0.09491933   0.09104336   0.08428325   0.07478515   0.06288160   0.04909745   0.03414190   0.01888361   0.00430612  -0.00855950  -0.01872765  -0.02537982  -0.02801814  -0.02665225  -0.02200925  -0.01570592  -0.01016427  -0.00781042  -0.00951092  -0.01382373 
 -0.00000000  -0.00017737  -0.00070302  -0.00155749  -0.00270815  -0.00410904  -0.00570068  -0.00741002  -0.00915071  -0.01082368  -0.01231836  -0.01351458  -0.01428521  -0.01449988  -0.01402954  -0.01275210  -0.01055897  -0.00736233  -0.00310303   0.00224146   0.00864923   0.01604708   0.02430493   0.03323248   0.04257864   0.05203438   0.06123972   0.06979511   0.07727745   0.08326071   0.08734055   0.08916214   0.08844985   0.08503712   0.07889428   0.07015188   0.05911689   0.04627866   0.03230197   0.01800394   0.00431233  -0.00779790  -0.01739232  -0.02369202  -0.02621912  -0.02497385  -0.02063386  -0.01471843  -0.00951092  -0.00730428  -0.00892285 
 -0.00000000  -0.00016417  -0.00065202  -0.00144944  -0.00253261  -0.00386750  -0.00540939  -0.00710234  -0.00887877  -0.01065940  -0.01235348  -0.01385966  -0.01506752  -0.01585986  -0.01611603  -0.01571612  -0.01454613  -0.01250415  -0.00950718  -0.00549860  -0.00045578   0.00560249   0.01260928   0.02044416   0.02892980   0.03783119   0.04685813   0.05567155   0.06389415   0.07112530   0.07696043   0.08101426   0.08294714   0.08249323   0.07948892   0.07389946   0.06584137   0.05559821   0.04362665   0.03055034   0.01713860   0.00426721  -0.00714127  -0.01620032  -0.02216842  -0.02458685  -0.02344781  -0.01938370  -0.01382373  -0.00892285  -0.00685035 
#
