# coconut-me2b/v0.99.21 
# 
# momentum space matrix elements 
# partial wave J=1, L=1/1, S=1, T=1, MT=1 
# 
# momentum grid [fm^-1]
0.000000 0.200000 0.400000 0.600000 0.800000 1.000000 1.200000 1.400000 1.600000 1.800000 2.000000 2.200000 2.400000 2.600000 2.800000 3.000000 3.200000 3.400000 3.600000 3.800000 4.000000 4.200000 4.400000 4.600000 4.800000 5.000000 5.200000 5.400000 5.600000 5.800000 6.000000 6.200000 6.400000 6.600000 6.800000 7.000000 7.200000 7.400000 7.600000 7.800000 8.000000 8.200000 8.400000 8.600000 8.800000 9.000000 9.200000 9.400000 9.600000 9.800000 10.000000 
#
# matrix elements [MeV fm^3] 
  0.00000052   0.00091169   0.00132459   0.00133832   0.00121113   0.00107655   0.00097181   0.00089658   0.00084131   0.00079600   0.00075342   0.00070892   0.00066047   0.00060769   0.00055153   0.00049349   0.00043544   0.00037906   0.00032586   0.00027691   0.00023290   0.00019414   0.00016061   0.00013202   0.00010796   0.00008790   0.00007127   0.00005755   0.00004623   0.00003691   0.00002920   0.00002284   0.00001757   0.00001323   0.00000965   0.00000675   0.00000440   0.00000255   0.00000110   0.00000002  -0.00000077  -0.00000130  -0.00000164  -0.00000182  -0.00000187  -0.00000184  -0.00000174  -0.00000160  -0.00000144  -0.00000127  -0.00000110 
  0.00091169  17.01099086   5.61006017   2.71159751   2.92329502   2.03292910   2.17635226   1.68909539   1.81891141   1.50950496   1.59228436   1.35430848   1.37529727   1.16821675   1.13706684   0.95385429   0.89107731   0.73675195   0.66232334   0.54198271   0.46965085   0.38385013   0.32030000   0.26504482   0.21176480   0.18049833   0.13632690   0.12205658   0.08517344   0.08185248   0.05082199   0.05386672   0.02789486   0.03411105   0.01287608   0.02013667   0.00350781   0.01042187  -0.00175892   0.00391671  -0.00410702  -0.00019984  -0.00450511  -0.00260763  -0.00374609  -0.00385782  -0.00244508  -0.00436834  -0.00103911  -0.00442964   0.00019693 
  0.00132459   5.61006017   9.86930124   6.35451229   4.84745632   4.50285438   3.84583769   3.67462446   3.30197945   3.20604459   2.93445214   2.81907181   2.55968038   2.39649716   2.13164985   1.93585036   1.68112806   1.48180220   1.25850818   1.07989291   0.90130874   0.75577378   0.62414259   0.51314248   0.42256201   0.34101178   0.28198330   0.22267485   0.18573816   0.14218329   0.11978929   0.08731855   0.07421085   0.04989740   0.04268284   0.02478046   0.02128886   0.00866238   0.00742955  -0.00081820  -0.00085225  -0.00554662  -0.00516771  -0.00709407  -0.00685366  -0.00673349  -0.00696334  -0.00542510  -0.00625998  -0.00382564  -0.00524182 
  0.00133832   2.71159751   6.35451229   8.83843908   7.17302555   6.18356133   5.77143546   5.22220202   4.95383182   4.58301540   4.35895632   4.02658477   3.76736046   3.41821089   3.11622860   2.75915285   2.44574942   2.11259438   1.82420154   1.54223998   1.30237841   1.08353565   0.89909626   0.74084839   0.60650414   0.49787984   0.40273497   0.33047966   0.26333307   0.21586213   0.16789920   0.13677093   0.10209895   0.08181831   0.05684118   0.04398280   0.02648794   0.01882355   0.00726351   0.00318193  -0.00371995  -0.00549000  -0.00887726  -0.00935056  -0.01023681  -0.01017604  -0.00941137  -0.00932605  -0.00757737  -0.00774615  -0.00550449 
  0.00121113   2.92329502   4.84745632   7.17302555   8.82761434   7.88680879   7.19103051   6.79380401   6.29433243   5.95078676   5.52808989   5.18035444   4.75246280   4.36189517   3.91407688   3.50017152   3.06359010   2.66926508   2.28264696   1.94376368   1.63118366   1.36405793   1.13000233   0.93279029   0.76741998   0.62770719   0.51499959   0.41752049   0.34171241   0.27325399   0.22207484   0.17324983   0.13846592   0.10339734   0.07992485   0.05510017   0.03978680   0.02294764   0.01362551   0.00305154  -0.00198400  -0.00779243  -0.00997185  -0.01235807  -0.01285517  -0.01296880  -0.01267367  -0.01142868  -0.01094127  -0.00900785  -0.00866826 
  0.00107655   2.03292910   4.50285438   6.18356133   7.88680879   9.10262715   8.50572819   7.96135662   7.55176217   7.03740759   6.59859129   6.08877936   5.61704528   5.08835966   4.58775792   4.05968397   3.56961991   3.08479242   2.64971779   2.24331882   1.89037033   1.57637266   1.31038606   1.08303616   0.89273377   0.73510915   0.60246050   0.49518636   0.40274312   0.32945893   0.26394875   0.21316526   0.16597766   0.13054684   0.09659386   0.07226220   0.04850136   0.03255114   0.01686751   0.00725298  -0.00213139  -0.00716174  -0.01187332  -0.01384985  -0.01534255  -0.01552841  -0.01501134  -0.01435448  -0.01274891  -0.01187896  -0.00982474 
  0.00097181   2.17635226   3.84583769   5.77143546   7.19103051   8.50572819   9.41777660   8.95855811   8.45087694   7.97901674   7.39909027   6.85015786   6.24330808   5.66357375   5.05366948   4.47881655   3.90568626   3.38219597   2.88732783   2.45100104   2.05768983   1.72146665   1.43015940   1.18629933   0.98128580   0.81070724   0.67010584   0.55174142   0.45523639   0.37177993   0.30426777   0.24396803   0.19583467   0.15171294   0.11738950   0.08551573   0.06173328   0.03966581   0.02416607   0.00998967   0.00085921  -0.00720669  -0.01173248  -0.01537298  -0.01686992  -0.01757859  -0.01733887  -0.01632396  -0.01529993  -0.01344790  -0.01225782 
  0.00089658   1.68909539   3.67462446   5.22220202   6.79380401   7.96135662   8.95855811   9.59808596   9.14448590   8.59260913   8.02420015   7.35664670   6.70474433   6.01733383   5.36388390   4.70990186   4.10576237   3.52957651   3.01537491   2.54682388   2.14255109   1.78853328   1.49118608   1.23874508   1.02975759   0.85575990   0.71132073   0.59192344   0.49077357   0.40706129   0.33396931   0.27346671   0.21920357   0.17475102   0.13433362   0.10206460   0.07277454   0.05035530   0.03032011   0.01589106   0.00338240  -0.00485341  -0.01159133  -0.01538521  -0.01804394  -0.01897037  -0.01902786  -0.01836066  -0.01698040  -0.01563870  -0.01364508 
  0.00084131   1.81891141   3.30197945   4.95383182   6.29433243   7.55176217   8.45087694   9.14448590   9.51508790   8.99066642   8.35420742   7.68419722   6.93775269   6.21263492   5.48102994   4.79971203   4.14639971   3.55864976   3.01909163   2.55014898   2.13630177   1.78747430   1.48942860   1.24343293   1.03765859   0.86868412   0.72827192   0.61127132   0.51337469   0.42932533   0.35818851   0.29517798   0.24167414   0.19339063   0.15290953   0.11633327   0.08655932   0.06003395   0.03940083   0.02151006   0.00846102  -0.00237512  -0.00954213  -0.01503742  -0.01803739  -0.01984890  -0.02021731  -0.01976679  -0.01872505  -0.01710264  -0.01551321 
  0.00079600   1.50950496   3.20604459   4.58301540   5.95078676   7.03740759   7.97901674   8.59260913   8.99066642   9.10448227   8.48130842   7.75839591   7.00975376   6.21693287   5.46311210   4.73309729   4.07171233   3.46165339   2.92895957   2.45676074   2.05796697   1.71619815   1.43509789   1.19989203   1.00888090   0.85040641   0.72064159   0.61190291   0.52017330   0.44161015   0.37274941   0.31272675   0.25864089   0.21148481   0.16867568   0.13206239   0.09918468   0.07204312   0.04825607   0.02957788   0.01378703   0.00222321  -0.00704157  -0.01311431  -0.01751017  -0.01975002  -0.02086829  -0.02074372  -0.01992282  -0.01858117  -0.01682221 
  0.00075342   1.59228436   2.93445214   4.35895632   5.52808989   6.59859129   7.39909027   8.02420015   8.35420742   8.48130842   8.37146035   7.66025605   6.87814519   6.09259331   5.29825179   4.56425774   3.88041720   3.28003623   2.74636045   2.29542251   1.90902741   1.59281475   1.32929349   1.11811540   0.94436956   0.80519074   0.68955739   0.59433542   0.51269726   0.44220596   0.37962675   0.32327259   0.27243032   0.22581173   0.18412989   0.14613249   0.11310997   0.08365589   0.05911118   0.03791361   0.02119868   0.00736596  -0.00273561  -0.01059101  -0.01563128  -0.01909600  -0.02065900  -0.02123644  -0.02070504  -0.01963477  -0.01807086 
  0.00070892   1.35430848   2.81907181   4.02658477   5.18035444   6.08877936   6.85015786   7.35664670   7.68419722   7.75839591   7.66025605   7.37912026   6.61586258   5.81788410   5.04391741   4.29357901   3.62224472   3.01987297   2.50918289   2.07180904   1.71572206   1.42109098   1.18859601   1.00016159   0.85345524   0.73406790   0.63931167   0.55921838   0.49199006   0.43181688   0.37795090   0.32778231   0.28119673   0.23763018   0.19707200   0.16001055   0.12616898   0.09641031   0.07005815   0.04798121   0.02915929   0.01431918   0.00225074  -0.00648610  -0.01311998  -0.01723459  -0.01993763  -0.02092677  -0.02110073  -0.02025136  -0.01903067 
  0.00066047   1.37529727   2.55968038   3.76736046   4.75246280   5.61704528   6.24330808   6.70474433   6.93775269   7.00975376   6.87814519   6.61586258   6.22621257   5.45783046   4.69045980   3.97254481   3.30336453   2.72535541   2.22612510   1.81940563   1.48471027   1.22417027   1.01688556   0.86072736   0.73783804   0.64547752   0.57031313   0.51068852   0.45792930   0.41182091   0.36757744   0.32600399   0.28504050   0.24583488   0.20792886   0.17224332   0.13907722   0.10881468   0.08200070   0.05842584   0.03864032   0.02195234   0.00884477  -0.00167309  -0.00918037  -0.01478217  -0.01809529  -0.02019228  -0.02071240  -0.02059836  -0.01951293 
  0.00060769   1.16821675   2.39649716   3.41821089   4.36189517   5.08835966   5.66357375   6.01733383   6.21263492   6.21693287   6.09259331   5.81788410   5.45783046   5.02215629   4.29418844   3.59697700   2.96818484   2.40388235   1.93512982   1.54645922   1.24469080   1.00772148   0.83405072   0.70262530   0.61028297   0.54012787   0.49008436   0.44826042   0.41443825   0.38128209   0.35010871   0.31704511   0.28416671   0.24984284   0.21613846   0.18265042   0.15091289   0.12107009   0.09390578   0.06974470   0.04863902   0.03094766   0.01614757   0.00460492  -0.00457436  -0.01100064  -0.01574627  -0.01838257  -0.02000760  -0.02015574  -0.01984554 
  0.00055153   1.13706684   2.13164985   3.11622860   3.91407688   4.58775792   5.05366948   5.36388390   5.48102994   5.46311210   5.29825179   5.04391741   4.69045980   4.29418844   3.86575141   3.21384399   2.61352975   2.09230308   1.64205003   1.28458659   1.00179566   0.79579930   0.64383948   0.54270243   0.47207400   0.42903689   0.39816950   0.37864496   0.36013806   0.34392399   0.32389782   0.30266574   0.27709608   0.25019123   0.22062603   0.19105361   0.16108989   0.13261344   0.10565557   0.08119458   0.05942349   0.04050252   0.02470253   0.01155442   0.00140231  -0.00663552  -0.01212778  -0.01617168  -0.01824700  -0.01951012  -0.01937131 
  0.00049349   0.95385429   1.93585036   2.75915285   3.50017152   4.05968397   4.47881655   4.70990186   4.79971203   4.73309729   4.56425774   4.29357901   3.97254481   3.59697700   3.21384399   2.83127862   2.27709831   1.78588943   1.37644960   1.03678578   0.78183242   0.59182212   0.46620759   0.38257945   0.33746744   0.31195795   0.30414538   0.30032030   0.30108705   0.29761998   0.29250578   0.28067643   0.26569558   0.24499201   0.22215521   0.19606508   0.16968076   0.14262399   0.11690622   0.09249451   0.07040933   0.05078967   0.03379461   0.01968698   0.00797366  -0.00095751  -0.00802914  -0.01272433  -0.01619662  -0.01781377  -0.01880180 
  0.00043544   0.89107731   1.68112806   2.44574942   3.06359010   3.56961991   3.90568626   4.10576237   4.14639971   4.07171233   3.88041720   3.62224472   3.30336453   2.96818484   2.61352975   2.27709831   1.96287198   1.51390189   1.13100618   0.82622749   0.58469056   0.41669899   0.30195664   0.23887008   0.20617815   0.20109660   0.20647689   0.22175000   0.23492257   0.24793017   0.25326010   0.25450512   0.24741617   0.23616897   0.21859744   0.19858104   0.17513895   0.15131358   0.12674065   0.10340869   0.08127122   0.06128442   0.04359735   0.02829533   0.01569072   0.00521813  -0.00265022  -0.00890637  -0.01292740  -0.01593432  -0.01718186 
  0.00037906   0.73675195   1.48180220   2.11259438   2.66926508   3.08479242   3.38219597   3.52957651   3.55864976   3.46165339   3.28003623   3.01987297   2.72535541   2.40388235   2.09230308   1.78588943   1.51390189   1.27590371   0.92792632   0.64298657   0.42839195   0.26759742   0.16816354   0.11022490   0.09226764   0.09467751   0.11583155   0.14044295   0.16927860   0.19190922   0.21133996   0.22113806   0.22556149   0.22098259   0.21187934   0.19637722   0.17840935   0.15710205   0.13541814   0.11302971   0.09179569   0.07170286   0.05357451   0.03761797   0.02380171   0.01252407   0.00312286  -0.00382593  -0.00939302  -0.01284755  -0.01547378 
  0.00032586   0.66232334   1.25850818   1.82420154   2.28264696   2.64971779   2.88732783   3.01537491   3.01909163   2.92895957   2.74636045   2.50918289   2.22612510   1.93512982   1.64205003   1.37644960   1.13100618   0.92792632   0.76295753   0.50384767   0.30097649   0.15871317   0.05995190   0.01091169  -0.00717406   0.00490704   0.02939632   0.06594607   0.10103697   0.13657081   0.16345609   0.18544383   0.19695622   0.20259945   0.19921301   0.19132716   0.17728830   0.16091046   0.14142052   0.12159191   0.10116122   0.08179147   0.06354047   0.04706018   0.03264771   0.02013481   0.01002343   0.00154856  -0.00460796  -0.00959013  -0.01257094 
  0.00027691   0.54198271   1.07989291   1.54223998   1.94376368   2.24331882   2.45100104   2.54682388   2.55014898   2.45676074   2.29542251   2.07180904   1.81940563   1.54645922   1.28458659   1.03678578   0.82622749   0.64298657   0.50384767   0.40175668   0.21540039   0.07683180  -0.01111604  -0.06526674  -0.07983456  -0.07212324  -0.04193639  -0.00518940   0.03892268   0.07844918   0.11613389   0.14398638   0.16618728   0.17782765   0.18360036   0.18070607   0.17354322   0.16064341   0.14558613   0.12770705   0.10952406   0.09086445   0.07316062   0.05656711   0.04154951   0.02851006   0.01714180   0.00805211   0.00038103  -0.00509478  -0.00957673 
  0.00023290   0.46965085   0.90130874   1.30237841   1.63118366   1.89037033   2.05768983   2.14255109   2.13630177   2.05796697   1.90902741   1.71572206   1.48471027   1.24469080   1.00179566   0.78183242   0.58469056   0.42839195   0.30097649   0.21540039   0.16288737   0.03243649  -0.05875684  -0.10843625  -0.13260523  -0.12542319  -0.10261450  -0.06301114  -0.02083196   0.02563507   0.06577617   0.10287113   0.12982292   0.15097241   0.16194269   0.16731755   0.16459456   0.15791701   0.14598902   0.13208722   0.11566935   0.09896538   0.08191221   0.06570099   0.05059548   0.03687746   0.02505542   0.01469504   0.00649850  -0.00047134  -0.00536324 
  0.00019414   0.38385013   0.75577378   1.08353565   1.36405793   1.57637266   1.72146665   1.78853328   1.78747430   1.71619815   1.59281475   1.42109098   1.22417027   1.00772148   0.79579930   0.59182212   0.41669899   0.26759742   0.15871317   0.07683180   0.03243649   0.01596129  -0.07393853  -0.13221668  -0.15663493  -0.16210472  -0.14255173  -0.11216951  -0.06898608  -0.02572834   0.01994049   0.05852625   0.09357325   0.11871576   0.13824822   0.14823440   0.15301591   0.15035280   0.14406029   0.13301383   0.12015525   0.10507518   0.08970858   0.07411071   0.05923866   0.04546530   0.03290408   0.02215922   0.01268974   0.00527308  -0.00108096 
  0.00016061   0.32030000   0.62414259   0.89909626   1.13000233   1.31038606   1.43015940   1.49118608   1.48942860   1.43509789   1.32929349   1.18859601   1.01688556   0.83405072   0.64383948   0.46620759   0.30195664   0.16816354   0.05995190  -0.01111604  -0.05875684  -0.07393853  -0.06632305  -0.12834601  -0.16503741  -0.17392901  -0.16876044  -0.14323969  -0.11016483  -0.06699123  -0.02516244   0.01801927   0.05399986   0.08637297   0.10938797   0.12714887   0.13610326   0.14027052   0.13765590   0.13171260   0.12148855   0.10958564   0.09573133   0.08157669   0.06729345   0.05362438   0.04104077   0.02951204   0.01971908   0.01104083   0.00430498 
  0.00013202   0.26504482   0.51314248   0.74084839   0.93279029   1.08303616   1.18629933   1.23874508   1.24343293   1.19989203   1.11811540   1.00016159   0.86072736   0.70262530   0.54270243   0.38257945   0.23887008   0.11022490   0.01091169  -0.06526674  -0.10843625  -0.13221668  -0.12834601  -0.10613288  -0.14992960  -0.17326536  -0.17340085  -0.16293967  -0.13548752  -0.10261004  -0.06142313  -0.02226981   0.01769144   0.05071006   0.08027415   0.10116895   0.11721847   0.12521900   0.12882900   0.12628837   0.12068292   0.11123058   0.10020718   0.08747226   0.07441675   0.06131738   0.04873080   0.03720792   0.02660384   0.01765172   0.00967981 
  0.00010796   0.21176480   0.42256201   0.60650414   0.76741998   0.89273377   0.98128580   1.02975759   1.03765859   1.00888090   0.94436956   0.85345524   0.73783804   0.61028297   0.47207400   0.33746744   0.20617815   0.09226764  -0.00717406  -0.07983456  -0.13260523  -0.15663493  -0.16503741  -0.14992960  -0.12001889  -0.15243288  -0.16798820  -0.16374888  -0.15127209  -0.12420779  -0.09304429  -0.05475849  -0.01873971   0.01783559   0.04792060   0.07479737   0.09373280   0.10822441   0.11539279   0.11852707   0.11609091   0.11081738   0.10208543   0.09187152   0.08015419   0.06809616   0.05606012   0.04444985   0.03387181   0.02409897   0.01588986 
  0.00008790   0.18049833   0.34101178   0.49787984   0.62770719   0.73510915   0.81070724   0.85575990   0.86868412   0.85040641   0.80519074   0.73406790   0.64547752   0.54012787   0.42903689   0.31195795   0.20109660   0.09467751   0.00490704  -0.07212324  -0.12542319  -0.16210472  -0.17392901  -0.17326536  -0.15243288  -0.11943148  -0.14500407  -0.15630216  -0.15031400  -0.13765340  -0.11215095  -0.08334880  -0.04823896  -0.01536985   0.01795465   0.04531833   0.06974083   0.08693027   0.10004328   0.10650301   0.10924211   0.10693281   0.10198345   0.09391797   0.08444833   0.07365207   0.06250030   0.05141767   0.04069035   0.03095388   0.02193119 
  0.00007127   0.13632690   0.28198330   0.40273497   0.51499959   0.60246050   0.67010584   0.71132073   0.72827192   0.72064159   0.68955739   0.63931167   0.57031313   0.49008436   0.39816950   0.30414538   0.20647689   0.11583155   0.02939632  -0.04193639  -0.10261450  -0.14255173  -0.16876044  -0.17340085  -0.16798820  -0.14500407  -0.11172062  -0.13327698  -0.14238793  -0.13608950  -0.12414727  -0.10067882  -0.07438511  -0.04238006  -0.01245806   0.01788398   0.04280338   0.06503438   0.08069138   0.09259827   0.09845696   0.10087068   0.09869941   0.09406317   0.08660873   0.07782290   0.06785759   0.05753059   0.04730215   0.03737566   0.02838934 
  0.00005755   0.12205658   0.22267485   0.33047966   0.41752049   0.49518636   0.55174142   0.59192344   0.61127132   0.61190291   0.59433542   0.55921838   0.51068852   0.44826042   0.37864496   0.30032030   0.22175000   0.14044295   0.06594607  -0.00518940  -0.06301114  -0.11216951  -0.14323969  -0.16293967  -0.16374888  -0.15630216  -0.13327698  -0.10124145  -0.12042824  -0.12847264  -0.12256093  -0.11169083  -0.09033756  -0.06644431  -0.03731258  -0.01005284   0.01761339   0.04036762   0.06065956   0.07497515   0.08582890   0.09117374   0.09331930   0.09128743   0.08695066   0.08005226   0.07189474   0.06267750   0.05310263   0.04363957   0.03444148 
  0.00004623   0.08517344   0.18573816   0.26333307   0.34171241   0.40274312   0.45523639   0.49077357   0.51337469   0.52017330   0.51269726   0.49199006   0.45792930   0.41443825   0.36013806   0.30108705   0.23492257   0.16927860   0.10103697   0.03892268  -0.02083196  -0.06898608  -0.11016483  -0.13548752  -0.15127209  -0.15031400  -0.14238793  -0.12042824  -0.09034025  -0.10805460  -0.11558040  -0.11032696  -0.10059058  -0.08124154  -0.05953427  -0.03299071  -0.00809850   0.01718944   0.03803176   0.05661084   0.06974728   0.07967898   0.08457828   0.08650173   0.08460362   0.08055123   0.07415610   0.06657632   0.05803193   0.04914435   0.04036784 
  0.00003691   0.08185248   0.14218329   0.21586213   0.27325399   0.32945893   0.37177993   0.40706129   0.42932533   0.44161015   0.44220596   0.43181688   0.41182091   0.38128209   0.34392399   0.29761998   0.24793017   0.19190922   0.13657081   0.07844918   0.02563507  -0.02572834  -0.06699123  -0.10261004  -0.12420779  -0.13765340  -0.13608950  -0.12847264  -0.10805460  -0.08012342  -0.09682081  -0.10405967  -0.09951523  -0.09083932  -0.07330737  -0.05354616  -0.02930642  -0.00651037   0.01666818   0.03581757   0.05288044   0.06497257   0.07409337   0.07860019   0.08033863   0.07856443   0.07478090   0.06883975   0.06179173   0.05385274   0.04559433 
  0.00002920   0.05082199   0.11978929   0.16789920   0.22207484   0.26394875   0.30426777   0.33396931   0.35818851   0.37274941   0.37962675   0.37795090   0.36757744   0.35010871   0.32389782   0.29250578   0.25326010   0.21133996   0.16345609   0.11613389   0.06577617   0.01994049  -0.02516244  -0.06142313  -0.09304429  -0.11215095  -0.12414727  -0.12256093  -0.11558040  -0.09682081  -0.07099756  -0.08689368  -0.09392044  -0.09003612  -0.08230026  -0.06638289  -0.04834091  -0.02614490  -0.00520814   0.01609654   0.03373855   0.04945445   0.06061406   0.06901830   0.07317432   0.07475790   0.07309583   0.06956571   0.06403353   0.05747539   0.05008186 
  0.00002284   0.05386672   0.08731855   0.13677093   0.17324983   0.21316526   0.24396803   0.27346671   0.29517798   0.31272675   0.32327259   0.32778231   0.32600399   0.31704511   0.30266574   0.28067643   0.25450512   0.22113806   0.18544383   0.14398638   0.10287113   0.05852625   0.01801927  -0.02226981  -0.05475849  -0.08334880  -0.10067882  -0.11169083  -0.11032696  -0.10405967  -0.08689368  -0.06301537  -0.07820749  -0.08503064  -0.08172311  -0.07480305  -0.06030997  -0.04378784  -0.02340656  -0.00412694   0.01550784   0.03179922   0.04631382   0.05663435   0.06440265   0.06824137   0.06969483   0.06813274   0.06484092   0.05967727   0.05357070 
  0.00001757   0.02789486   0.07421085   0.10209895   0.13846592   0.16597766   0.19583467   0.21920357   0.24167414   0.25864089   0.27243032   0.28119673   0.28504050   0.28416671   0.27709608   0.26569558   0.24741617   0.22556149   0.19695622   0.16618728   0.12982292   0.09357325   0.05399986   0.01769144  -0.01873971  -0.04823896  -0.07438511  -0.09033756  -0.10059058  -0.09951523  -0.09392044  -0.07820749  -0.05607747  -0.07061109  -0.07721891  -0.07440144  -0.06818684  -0.05494954  -0.03977744  -0.02101223  -0.00321809   0.01492330   0.02999726   0.04343656   0.05299726   0.06019893   0.06374819   0.06509190   0.06361829   0.06055001   0.05571911 
  0.00001323   0.03411105   0.04989740   0.08181831   0.10339734   0.13054684   0.15171294   0.17475102   0.19339063   0.21148481   0.22581173   0.23763018   0.24583488   0.24984284   0.25019123   0.24499201   0.23616897   0.22098259   0.20259945   0.17782765   0.15097241   0.11871576   0.08637297   0.05071006   0.01783559  -0.01536985  -0.04238006  -0.06644431  -0.08124154  -0.09083932  -0.09003612  -0.08503064  -0.07061109  -0.05003858  -0.06394050  -0.07032125  -0.06791596  -0.06231498  -0.05018778  -0.03622236  -0.01890125  -0.00244613   0.01435519   0.02832619   0.04079974   0.04966897   0.05636390   0.05964766   0.06089828   0.05950299   0.05664374 
  0.00000965   0.01287608   0.04268284   0.05684118   0.07992485   0.09659386   0.11738950   0.13433362   0.15290953   0.16867568   0.18412989   0.19707200   0.20792886   0.21613846   0.22062603   0.22215521   0.21859744   0.21187934   0.19921301   0.18360036   0.16194269   0.13824822   0.10938797   0.08027415   0.04792060   0.01795465  -0.01245806  -0.03731258  -0.05953427  -0.07330737  -0.08230026  -0.08172311  -0.07721891  -0.06394050  -0.04475623  -0.05804880  -0.06419741  -0.06213834  -0.05707635  -0.04593404  -0.03305388  -0.01702756  -0.00178525   0.01380981   0.02677750   0.03838095   0.04661869   0.05285871   0.05589828   0.05706927   0.05574370 
  0.00000675   0.02013667   0.02478046   0.04398280   0.05510017   0.07226220   0.08551573   0.10206460   0.11633327   0.13206239   0.14613249   0.16001055   0.17224332   0.18265042   0.19105361   0.19606508   0.19858104   0.19637722   0.19132716   0.18070607   0.16731755   0.14823440   0.12714887   0.10116895   0.07479737   0.04531833   0.01788398  -0.01005284  -0.03299071  -0.05354616  -0.06638289  -0.07480305  -0.07440144  -0.07032125  -0.05804880  -0.04010828  -0.05281431  -0.05873286  -0.05696526  -0.05238168  -0.04211639  -0.03021754  -0.01535577  -0.00121624   0.01328981   0.02534198   0.03615908   0.04381873   0.04964873   0.05246357   0.05356563 
  0.00000440   0.00350781   0.02128886   0.02648794   0.03978680   0.04850136   0.06173328   0.07277454   0.08655932   0.09918468   0.11310997   0.12616898   0.13907722   0.15091289   0.16108989   0.16968076   0.17513895   0.17840935   0.17728830   0.17354322   0.16459456   0.15301591   0.13610326   0.11721847   0.09373280   0.06974083   0.04280338   0.01761339  -0.00809850  -0.02930642  -0.04834091  -0.06030997  -0.06818684  -0.06791596  -0.06419741  -0.05281431  -0.03599573  -0.04813934  -0.05383531  -0.05231382  -0.04815876  -0.03867715  -0.02766942  -0.01385817  -0.00072435   0.01279570   0.02401061   0.03411475   0.04124449   0.04670324   0.04931153 
  0.00000255   0.01042187   0.00866238   0.01882355   0.02294764   0.03255114   0.03966581   0.05035530   0.06003395   0.07204312   0.08365589   0.09641031   0.10881468   0.12107009   0.13261344   0.14262399   0.15131358   0.15710205   0.16091046   0.16064341   0.15791701   0.15035280   0.14027052   0.12521900   0.10822441   0.08693027   0.06503438   0.04036762   0.01718944  -0.00651037  -0.02614490  -0.04378784  -0.05494954  -0.06231498  -0.06213834  -0.05873286  -0.04813934  -0.03233969  -0.04394589  -0.04942995  -0.04811685  -0.04434831  -0.03556925  -0.02537335  -0.01251249  -0.00029789   0.01232682   0.02277488   0.03223042   0.03887412   0.04399507 
  0.00000110  -0.00175892   0.00742955   0.00726351   0.01362551   0.01686751   0.02416607   0.03032011   0.03940083   0.04825607   0.05911118   0.07005815   0.08200070   0.09390578   0.10565557   0.11690622   0.12674065   0.13541814   0.14142052   0.14558613   0.14598902   0.14406029   0.13765590   0.12882900   0.11539279   0.10004328   0.08069138   0.06065956   0.03803176   0.01666818  -0.00520814  -0.02340656  -0.03977744  -0.05018778  -0.05707635  -0.05696526  -0.05383531  -0.04394589  -0.02907704  -0.04017103  -0.04545525  -0.04431908  -0.04090082  -0.03275363  -0.02329898  -0.01130044   0.00007271   0.01188191   0.02162696   0.03049032   0.03668827 
  0.00000002   0.00391671  -0.00081820   0.00318193   0.00305154   0.00725298   0.00998967   0.01589106   0.02151006   0.02957788   0.03791361   0.04798121   0.05842584   0.06974470   0.08119458   0.09249451   0.10340869   0.11302971   0.12159191   0.12770705   0.13208722   0.13301383   0.13171260   0.12628837   0.11852707   0.10650301   0.09259827   0.07497515   0.05661084   0.03581757   0.01609654  -0.00412694  -0.02101223  -0.03622236  -0.04593404  -0.05238168  -0.05231382  -0.04942995  -0.04017103  -0.02615641  -0.03676319  -0.04185977  -0.04087423  -0.03777427  -0.03019727  -0.02142042  -0.01020670   0.00039543   0.01145948   0.02055971   0.02888043 
 -0.00000077  -0.00410702  -0.00085225  -0.00371995  -0.00198400  -0.00213139   0.00085921   0.00338240   0.00846102   0.01378703   0.02119868   0.02915929   0.03864032   0.04863902   0.05942349   0.07040933   0.08127122   0.09179569   0.10116122   0.10952406   0.11566935   0.12015525   0.12148855   0.12068292   0.11609091   0.10924211   0.09845696   0.08582890   0.06974728   0.05288044   0.03373855   0.01550784  -0.00321809  -0.01890125  -0.03305388  -0.04211639  -0.04815876  -0.04811685  -0.04545525  -0.03676319  -0.02353528  -0.03367936  -0.03859976  -0.03774302  -0.03493254  -0.02787196  -0.01971537  -0.00921823   0.00067700   0.01105797   0.01956665 
 -0.00000130  -0.00019984  -0.00554662  -0.00549000  -0.00779243  -0.00716174  -0.00720669  -0.00485341  -0.00237512   0.00222321   0.00736596   0.01431918   0.02195234   0.03094766   0.04050252   0.05078967   0.06128442   0.07170286   0.08179147   0.09086445   0.09896538   0.10507518   0.10958564   0.11123058   0.11081738   0.10693281   0.10087068   0.09117374   0.07967898   0.06497257   0.04945445   0.03179922   0.01492330  -0.00244613  -0.01702756  -0.03021754  -0.03867715  -0.04434831  -0.04431908  -0.04185977  -0.03367936  -0.02117773  -0.03088312  -0.03563763  -0.03489170  -0.03234435  -0.02575329  -0.01816449  -0.00832377   0.00092314   0.01067587 
 -0.00000164  -0.00450511  -0.00516771  -0.00887726  -0.00997185  -0.01187332  -0.01173248  -0.01159133  -0.00954213  -0.00704157  -0.00273561   0.00225074   0.00884477   0.01614757   0.02470253   0.03379461   0.04359735   0.05357451   0.06354047   0.07316062   0.08191221   0.08970858   0.09573133   0.10020718   0.10208543   0.10198345   0.09869941   0.09331930   0.08457828   0.07409337   0.06061406   0.04631382   0.02999726   0.01435519  -0.00178525  -0.01535577  -0.02766942  -0.03556925  -0.04090082  -0.04087423  -0.03859976  -0.03088312  -0.01905307  -0.02834322  -0.03294075  -0.03229099  -0.02998241  -0.02381999  -0.01675092  -0.00751352   0.00113871 
 -0.00000182  -0.00260763  -0.00709407  -0.00935056  -0.01235807  -0.01384985  -0.01537298  -0.01538521  -0.01503742  -0.01311431  -0.01059101  -0.00648610  -0.00167309   0.00460492   0.01155442   0.01968698   0.02829533   0.03761797   0.04706018   0.05656711   0.06570099   0.07411071   0.08157669   0.08747226   0.09187152   0.09391797   0.09406317   0.09128743   0.08650173   0.07860019   0.06901830   0.05663435   0.04343656   0.02832619   0.01380981  -0.00121624  -0.01385817  -0.02537335  -0.03275363  -0.03777427  -0.03774302  -0.03563763  -0.02834322  -0.01713474  -0.02603259  -0.03048064  -0.02991528  -0.02782284  -0.02205338  -0.01545996  -0.00677885 
 -0.00000187  -0.00374609  -0.00685366  -0.01023681  -0.01285517  -0.01534255  -0.01686992  -0.01804394  -0.01803739  -0.01751017  -0.01563128  -0.01311998  -0.00918037  -0.00457436   0.00140231   0.00797366   0.01569072   0.02380171   0.03264771   0.04154951   0.05059548   0.05923866   0.06729345   0.07441675   0.08015419   0.08444833   0.08660873   0.08695066   0.08460362   0.08033863   0.07317432   0.06440265   0.05299726   0.04079974   0.02677750   0.01328981  -0.00072435  -0.01251249  -0.02329898  -0.03019727  -0.03493254  -0.03489170  -0.03294075  -0.02603259  -0.01539969  -0.02392760  -0.02823238  -0.02774207  -0.02584469  -0.02043696  -0.01427875 
 -0.00000184  -0.00385782  -0.00673349  -0.01017604  -0.01296880  -0.01552841  -0.01757859  -0.01897037  -0.01984890  -0.01975002  -0.01909600  -0.01723459  -0.01478217  -0.01100064  -0.00663552  -0.00095751   0.00521813   0.01252407   0.02013481   0.02851006   0.03687746   0.04546530   0.05362438   0.06131738   0.06809616   0.07365207   0.07782290   0.08005226   0.08055123   0.07856443   0.07475790   0.06824137   0.06019893   0.04966897   0.03838095   0.02534198   0.01279570  -0.00029789  -0.01130044  -0.02142042  -0.02787196  -0.03234435  -0.03229099  -0.03048064  -0.02392760  -0.01382777  -0.02200746  -0.02617408  -0.02575146  -0.02402956  -0.01895611 
 -0.00000174  -0.00244508  -0.00696334  -0.00941137  -0.01267367  -0.01501134  -0.01733887  -0.01902786  -0.02021731  -0.02086829  -0.02065900  -0.01993763  -0.01809529  -0.01574627  -0.01212778  -0.00802914  -0.00265022   0.00312286   0.01002343   0.01714180   0.02505542   0.03290408   0.04104077   0.04873080   0.05606012   0.06250030   0.06785759   0.07189474   0.07415610   0.07478090   0.07309583   0.06969483   0.06374819   0.05636390   0.04661869   0.03615908   0.02401061   0.01232682   0.00007271  -0.01020670  -0.01971537  -0.02575329  -0.02998241  -0.02991528  -0.02823238  -0.02200746  -0.01240136  -0.02025380  -0.02428651  -0.02392576  -0.02236127 
 -0.00000160  -0.00436834  -0.00542510  -0.00932605  -0.01142868  -0.01435448  -0.01632396  -0.01836066  -0.01976679  -0.02074372  -0.02123644  -0.02092677  -0.02019228  -0.01838257  -0.01617168  -0.01272433  -0.00890637  -0.00382593   0.00154856   0.00805211   0.01469504   0.02215922   0.02951204   0.03720792   0.04444985   0.05141767   0.05753059   0.06267750   0.06657632   0.06883975   0.06956571   0.06813274   0.06509190   0.05964766   0.05285871   0.04381873   0.03411475   0.02277488   0.01188191   0.00039543  -0.00921823  -0.01816449  -0.02381999  -0.02782284  -0.02774207  -0.02617408  -0.02025380  -0.01110504  -0.01865033  -0.02255272  -0.02224922 
 -0.00000144  -0.00103911  -0.00625998  -0.00757737  -0.01094127  -0.01274891  -0.01529993  -0.01698040  -0.01872505  -0.01992282  -0.02070504  -0.02110073  -0.02071240  -0.02000760  -0.01824700  -0.01619662  -0.01292740  -0.00939302  -0.00460796   0.00038103   0.00649850   0.01268974   0.01971908   0.02660384   0.03387181   0.04069035   0.04730215   0.05310263   0.05803193   0.06179173   0.06403353   0.06484092   0.06361829   0.06089828   0.05589828   0.04964873   0.04124449   0.03223042   0.02162696   0.01145948   0.00067700  -0.00832377  -0.01675092  -0.02205338  -0.02584469  -0.02575146  -0.02428651  -0.01865033  -0.00992528  -0.01718250  -0.02095780 
 -0.00000127  -0.00442964  -0.00382564  -0.00774615  -0.00900785  -0.01187896  -0.01344790  -0.01563870  -0.01710264  -0.01858117  -0.01963477  -0.02025136  -0.02059836  -0.02015574  -0.01951012  -0.01781377  -0.01593432  -0.01284755  -0.00959013  -0.00509478  -0.00047134   0.00527308   0.01104083   0.01765172   0.02409897   0.03095388   0.03737566   0.04363957   0.04914435   0.05385274   0.05747539   0.05967727   0.06055001   0.05950299   0.05706927   0.05246357   0.04670324   0.03887412   0.03049032   0.02055971   0.01105797   0.00092314  -0.00751352  -0.01545996  -0.02043696  -0.02402956  -0.02392576  -0.02255272  -0.01718250  -0.00885022  -0.01583731 
 -0.00000110   0.00019693  -0.00524182  -0.00550449  -0.00866826  -0.00982474  -0.01225782  -0.01364508  -0.01551321  -0.01682221  -0.01807086  -0.01903067  -0.01951293  -0.01984554  -0.01937131  -0.01880180  -0.01718186  -0.01547378  -0.01257094  -0.00957673  -0.00536324  -0.00108096   0.00430498   0.00967981   0.01588986   0.02193119   0.02838934   0.03444148   0.04036784   0.04559433   0.05008186   0.05357070   0.05571911   0.05664374   0.05574370   0.05356563   0.04931153   0.04399507   0.03668827   0.02888043   0.01956665   0.01067587   0.00113871  -0.00677885  -0.01427875  -0.01895611  -0.02236127  -0.02224922  -0.02095780  -0.01583731  -0.00786946 
#
