# coconut-me2b/v0.99.21 
# 
# momentum space matrix elements 
# partial wave J=0, L=0/0, S=0, T=1, MT=-1 
# 
# momentum grid [fm^-1]
0.000000 0.200000 0.400000 0.600000 0.800000 1.000000 1.200000 1.400000 1.600000 1.800000 2.000000 2.200000 2.400000 2.600000 2.800000 3.000000 3.200000 3.400000 3.600000 3.800000 4.000000 4.200000 4.400000 4.600000 4.800000 5.000000 5.200000 5.400000 5.600000 5.800000 6.000000 6.200000 6.400000 6.600000 6.800000 7.000000 7.200000 7.400000 7.600000 7.800000 8.000000 8.200000 8.400000 8.600000 8.800000 9.000000 9.200000 9.400000 9.600000 9.800000 10.000000 
#
# matrix elements [MeV fm^3] 
-48.13372863 -45.97144787 -40.70826940 -34.33183590 -27.91760062 -21.82339686 -16.17374832 -11.04863613  -6.51514025  -2.62091826   0.61292189   3.19326340   5.15201485   6.54083232   7.42507467   7.87793867   7.97529336   7.79145891   7.39600342   6.85152523   6.21232382   5.52382590   4.82261702   4.13692679   3.48742468   2.88820010   2.34782098   1.87038878   1.45653049   1.10428897   0.80989138   0.56838878   0.37417098   0.22136673   0.10414353   0.01692255  -0.04547616  -0.08774412  -0.11403816  -0.12796712  -0.13260294  -0.13050904  -0.12378044  -0.11409111  -0.10274498  -0.09072768  -0.07875713  -0.06733099  -0.05677027  -0.04725799  -0.03887286 
-45.97144787 -44.16428360 -39.53246013 -33.59661100 -27.42206156 -21.46755823 -15.91311586 -10.85931734  -6.38058066  -2.52795236   0.67509166   3.23335747   5.17686641   6.55561319   7.43355804   7.88277143   7.97825330   7.79368058   7.39816494   6.85399476   6.21526860   5.52728943   4.82657080   4.14130298   3.49213575   2.89314986   2.35291080   1.87552137   1.46161252   1.10923360   0.81462053   0.57283543   0.37828095   0.22509997   0.10747468   0.01984064  -0.04296869  -0.08563303  -0.11229953  -0.12656966  -0.13151039  -0.12968244  -0.12318018  -0.11367864  -0.10248414  -0.09058567  -0.07870505  -0.06734415  -0.05682818  -0.04734413  -0.03897438 
-40.70826940 -39.53246013 -36.21894734 -31.41250502 -25.93916653 -20.40806651 -15.13969158 -10.29808018  -5.98180185  -2.25271725   0.85859756   3.35089053   5.24869578   6.59715612   7.45612280   7.89433755   7.98421611   7.79751043   7.40195634   6.85889958   6.22182104   5.53563767   4.83663392   4.15287175   3.50493410   2.90687083   2.36723744   1.89013970   1.47622106   1.12355147   0.82839509   0.58584906   0.39035667   0.23610510   0.11732229   0.02848860  -0.03552094  -0.07934952  -0.10711413  -0.12239325  -0.12823809  -0.12720057  -0.12137249  -0.11243149  -0.10169057  -0.09014834  -0.07853807  -0.06737393  -0.05699348  -0.04759554  -0.03927327 
-34.33183590 -33.59661100 -31.41250502 -27.91828478 -23.49249242 -18.66626406 -13.87658761  -9.38411556  -5.33311550  -1.80595802   1.15468666   3.53792851   5.35969398   6.65746586   7.48453450   7.90426244   7.98483858   7.79482611   7.39964920   6.85904332   6.22541237   5.54298267   4.84761497   4.16712361   3.52195523   2.92609189   2.38806343   1.91197749   1.49849943   1.14573756   0.85000867   0.60647465   0.40965288   0.25381048   0.13325716   0.04255286  -0.02335372  -0.06904112  -0.09857273  -0.11548571  -0.12280244  -0.12305784  -0.11833731  -0.11032104  -0.10033162  -0.08938232  -0.07822434  -0.06739146  -0.05724110  -0.04799122  -0.03975262 
-27.91760062 -27.42206156 -25.93916653 -23.49249242 -20.18415788 -16.27839010 -12.15563313  -8.14587894  -4.45687828  -1.20471929   1.54961087   3.78224457   5.49800946   6.72450034   7.50641236   7.89993568   7.96752028   7.77331796   7.37948920   6.84344298   6.21598428   5.54028011   4.85151515   4.17708958   3.53720913   2.94572753   2.41111996   1.93748956   1.52553384   1.17342205   0.87755520   0.63319791   0.43498355   0.27730288   0.15459080   0.06152824  -0.00682458  -0.05494818  -0.08682444  -0.10592682  -0.11523215  -0.11724692  -0.11404344  -0.10730182  -0.09835483  -0.08823356  -0.07771202  -0.06734952  -0.05752982  -0.04849652  -0.04038429 
-21.82339686 -21.46755823 -20.40806651 -18.66626406 -16.27839010 -13.32990465 -10.01549712  -6.61571929  -3.38059939  -0.47081410   2.02585532   4.06866352   5.64929673   6.78388573   7.50703647   7.86633416   7.91717763   7.71816407   7.32723742   6.79871551   6.18121140   5.51638744   4.83842885   4.17409569   3.54320292   2.95938441   2.43101316   1.96217323   1.55360400   1.20356280   0.90857426   0.66405297   0.46479992   0.30538250   0.18041288   0.08474212   0.01358679  -0.03739624  -0.07207379  -0.09382844  -0.10557023  -0.10976174  -0.10845185  -0.10331461  -0.09569074  -0.08662972  -0.07693107  -0.06718382  -0.05780310  -0.04906358  -0.04112918 
-16.17374832 -15.91311586 -15.13969158 -13.87658761 -12.15563313 -10.01549712  -7.52471680  -4.82749038  -2.13237555   0.37187032   2.56391041   4.38071701   5.79854071   6.82093582   7.47149449   7.78820766   7.81838690   7.61406596   7.22805234   6.71077729   6.10800418   5.45936816   4.79765613   4.14869674   3.53171293   2.95999047   2.44172960   1.98096886   1.57849586   1.23268593   0.94023311   0.69675759   0.49728865   0.33663230   0.20963844   0.11138506   0.03729680  -0.01678643  -0.05457731  -0.07933503  -0.09387688  -0.10060158  -0.10152013  -0.09829086  -0.09225678  -0.08448335  -0.07579580  -0.06681486  -0.05799034  -0.04963200  -0.04193743 
-11.04863613 -10.85931734 -10.29808018  -9.38411556  -8.14587894  -6.61571929  -4.82749038  -2.83310601  -0.73847398   1.30134584   3.14483709   4.70255906   5.93193208   6.82268161   7.38685710   7.65232367   7.65761231   7.44738605   7.06848158   6.56665402   5.98411768   5.35789389   4.71890302   4.09168704   3.49462274   2.94047981   2.43718809   1.98869815   1.59584495   1.25715067   0.96952763   0.72886270   0.53048070   0.36949506   0.24106045   0.14054482   0.06363829   0.00641485  -0.03463992  -0.06262459  -0.08023313  -0.08977614  -0.09320810  -0.09215807  -0.08796208  -0.08169601  -0.07420807  -0.06615032  -0.05800850  -0.05012992  -0.04274895 
 -6.51514025  -6.38058066  -5.98180185  -5.33311550  -4.45687828  -3.38059939  -2.13237555  -0.73847398   0.76430413   2.29979711   3.75369169   5.02128008   6.03868089   6.77965907   7.24407989   7.44946347   7.42522615   7.20811815   6.83832286   6.35618993   5.79968403   5.20258961   4.59344018   3.99508137   3.42474061   2.89446367   2.41178262   1.98049741   1.60147711   1.27341335   0.99348352   0.75790294   0.56236138   0.40235154   0.27340327   0.17124094   0.09188112   0.03168637  -0.01261171  -0.04391016  -0.06474532  -0.07731150  -0.08348426  -0.08484607  -0.08271322  -0.07816307  -0.07206120  -0.06508798  -0.05776415  -0.05047520  -0.04349409 
 -2.62091826  -2.52795236  -2.25271725  -1.80595802  -1.20471929  -0.47081410   0.37187032   1.30134584   2.29979711   3.34396518   4.38144549   5.32967287   6.11286205   6.68734008   7.03940548   7.17590726   7.11705920   6.89144648   6.53213359   6.07346236   5.54850130   4.98717987   4.41510113   3.85296819   3.31651655   2.81682375   2.36086613   1.95220637   1.59171661   1.27826787   1.00934094   0.78153566   0.59097270   0.43359370   0.30537300   0.20245751   0.12125151   0.05846161   0.01111463  -0.02344197  -0.04755006  -0.06325668  -0.07233290  -0.07629402  -0.07642052  -0.07377921  -0.06924441  -0.06351914  -0.05715594  -0.05057718  -0.04409455 
  0.61292189   0.67509166   0.85859756   1.15468666   1.54961087   2.02585532   2.56391041   3.14483709   3.75369169   4.38144549   5.01708409   5.62757606   6.15537690   6.54731274   6.77519669   6.83424712   6.73529181   6.49870493   6.15021544   5.71774713   5.22894464   4.70932238   4.18102503   3.66215696   3.16659560   2.70417706   2.28113495   1.90068135   1.56363745   1.26904442   1.01470893   0.79765875   0.61450111   0.46168810   0.33570146   0.23317190   0.15094912   0.08613698   0.03610567  -0.00150997  -0.02881966  -0.04769062  -0.05976167  -0.06645786  -0.06900503  -0.06844446  -0.06564788  -0.06133269  -0.05607765  -0.05033869  -0.04446472 
  3.19326340   3.23335747   3.35089053   3.53792851   3.78224457   4.06866352   4.38071701   4.70255906   5.02128008   5.32967287   5.62757606   5.91496458   6.17456706   6.36835663   6.46035422   6.43352992   6.28860749   6.03763153   5.69896671   5.29393606   4.84441318   4.37105458   3.89208188   3.42256853   2.97416608   2.55517939   2.17088790   1.82401263   1.51524269   1.24375479   1.00768118   0.80450096   0.63134629   0.48522673   0.36318217   0.26237859   0.18016123   0.11407862   0.06188846   0.02155344  -0.00876749  -0.03072906  -0.04580923  -0.05531801  -0.06040563  -0.06207061  -0.06116818  -0.05841946  -0.05442156  -0.04965857  -0.04451334 
  5.15201485   5.17686641   5.24869578   5.35969398   5.49800946   5.64929673   5.79854071   5.93193208   6.03868089   6.11286205   6.15537690   6.17456706   6.17984363   6.16629455   6.11053755   5.98894388   5.79168661   5.52192127   5.19057638   4.81237221   4.40327852   3.97882325   3.55295483   3.13734766   2.74108595   2.37065394   2.03014975   1.72163800   1.44556550   1.20117993   0.98690988   0.80068245   0.64016941   0.50296400   0.38669747   0.28910790   0.20807427   0.14162802   0.08795152   0.04537083   0.01234701  -0.01253118  -0.03055258  -0.04288684  -0.05058638  -0.05458788  -0.05571416  -0.05467718  -0.05208238  -0.04843462  -0.04414561 
  6.54083232   6.55561319   6.59715612   6.65746586   6.72450034   6.78388573   6.82093582   6.82268161   6.77965907   6.68734008   6.54731274   6.36835663   6.16629455   5.95794595   5.74735071   5.52133009   5.26430529   4.97021651   4.64212715   4.28813731   3.91835518   3.54311061   3.17188944   2.81270576   2.47179394   2.15355089   1.86066363   1.59435625   1.35469508   1.14090188   0.95163923   0.78524704   0.63992199   0.51384118   0.40523791   0.31244014   0.23388320   0.16810701   0.11374606   0.06951799   0.03421427   0.00669478  -0.01411374  -0.02921585  -0.03954357  -0.04595161  -0.04921294  -0.05001565  -0.04896159  -0.04656708  -0.04326575 
  7.42507467   7.43355804   7.45612280   7.48453450   7.50641236   7.50703647   7.47149449   7.38685710   7.24407989   7.03940548   6.77519669   6.46035422   6.11053755   5.74735071   5.39258763   5.05589592   4.73035964   4.40482883   4.07428331   3.73989707   3.40596296   3.07770817   2.76015017   2.45752586   2.17303121   1.90875833   1.66576867   1.44425349   1.24373738   1.06328802   0.90170484   0.75767044   0.62985857   0.51700039   0.41791545   0.33151679   0.25679979   0.19282306   0.13868832   0.09352355   0.05647190   0.02668706   0.00333461  -0.01440197  -0.02731231  -0.03614873  -0.04161596  -0.04436220  -0.04497212  -0.04396243  -0.04178008 
  7.87793867   7.88277143   7.89433755   7.90426244   7.89993568   7.86633416   7.78820766   7.65232367   7.44946347   7.17590726   6.83424712   6.43352992   5.98894388   5.52133009   5.05589592   4.61683148   4.21634489   3.85052284   3.50986062   3.18849133   2.88470090   2.59872181   2.33124615   2.08277842   1.85341222   1.64279558   1.45018765   1.27456168   1.11472574   0.96943893   0.83750740   0.71785100   0.60953813   0.51179180   0.42397314   0.34555039   0.27606133   0.21507581   0.16216365   0.11687062   0.07870408   0.04712782   0.02156502   0.00140726  -0.01397231  -0.02520375  -0.03290493  -0.03766720  -0.04004325  -0.04053765  -0.03960045 
  7.97529336   7.97825330   7.98421611   7.98483858   7.96752028   7.91717763   7.81838690   7.65761231   7.42522615   7.11705920   6.73529181   6.28860749   5.79168661   5.26430529   4.73035964   4.21634489   3.74646174   3.33298807   2.97259064   2.65554492   2.37410750   2.12342033   1.90000486   1.70080632   1.52288974   1.36342395   1.21975181   1.08947065   0.97049785   0.86111259   0.75997026   0.66609016   0.57881922   0.49777773   0.42279398   0.35383508   0.29094089   0.23416596   0.18353322   0.13900098   0.10044334   0.06764277   0.04029306   0.01801001   0.00034741  -0.01318409  -0.02309726  -0.02990944  -0.03412568  -0.03622471  -0.03664810 
  7.79145891   7.79368058   7.79751043   7.79482611   7.77331796   7.71816407   7.61406596   7.44738605   7.20811815   6.89144648   6.49870493   6.03763153   5.52192127   4.97021651   4.40482883   3.85052284   3.33298807   2.87453713   2.48576118   2.16237485   1.89344672   1.66907616   1.48158630   1.32454155   1.19215919   1.07920894   0.98108930   0.89391383   0.81455471   0.74063685   0.67048997   0.60306911   0.53785397   0.47473735   0.41391141   0.35575969   0.30076069   0.24940727   0.20214395   0.15932256   0.12117536   0.08780335   0.05917729   0.03514832   0.01546522  -0.00020434  -0.01225101  -0.02110125  -0.02719655  -0.03097530  -0.03285793 
  7.39600342   7.39816494   7.40195634   7.39964920   7.37948920   7.32723742   7.22805234   7.06848158   6.83832286   6.53213359   6.15021544   5.69896671   5.19057638   4.64212715   4.07428331   3.50986062   2.97259064   2.48576118   2.06855639   1.72890310   1.46084870   1.25199423   1.09055420   0.96672214   0.87204574   0.79906368   0.74129846   0.69334381   0.65091344   0.61081915   0.57088654   0.52982699   0.48708467   0.44267454   0.39702359   0.35082470   0.30490935   0.26014265   0.21734224   0.17722031   0.14034693   0.10713191   0.07782177   0.05250828   0.03114528   0.01357072  -0.00046881  -0.01129303  -0.01926417  -0.02476548  -0.02818278 
  6.85152523   6.85399476   6.85889958   6.85904332   6.84344298   6.79871551   6.71077729   6.56665402   6.35618993   6.07346236   5.71774713   5.29393606   4.81237221   4.28813731   3.73989707   3.18849133   2.65554492   2.16237485   1.72890310   1.37062793   1.09252751   0.88691074   0.74015777   0.63919423   0.57291891   0.53179856   0.50762131   0.49350746   0.48396117   0.47485865   0.46335717   0.44774324   0.42724490   0.40183067   0.37201237   0.33866391   0.30286363   0.26576433   0.22849179   0.19207101   0.15737747   0.12511000   0.09578137   0.06972271   0.04709790   0.02792463   0.01209924  -0.00057706  -0.01037240  -0.01760021  -0.02259792 
  6.21232382   6.21526860   6.22182104   6.22541237   6.21598428   6.18121140   6.10800418   5.98411768   5.79968403   5.54850130   5.22894464   4.84441318   4.40327852   3.91835518   3.40596296   2.88470090   2.37410750   1.89344672   1.46084870   1.09252751   0.80032109   0.58649317   0.44196458   0.35241675   0.30419366   0.28570292   0.28712786   0.30022505   0.31831128   0.33626108   0.35043354   0.35852419   0.35936528   0.35270198   0.33896711   0.31907073   0.29421485   0.26573855   0.23499539   0.20326181   0.17167410   0.14118986   0.11256992   0.08637628   0.06298202   0.04258957   0.02525413   0.01090973  -0.00060423  -0.00951747  -0.01610534 
  5.52382590   5.52728943   5.53563767   5.54298267   5.54028011   5.51638744   5.45936816   5.35789389   5.20258961   4.98717987   4.70932238   4.37105458   3.97882325   3.54311061   3.07770817   2.59872181   2.12342033   1.66907616   1.25199423   0.88691074   0.58649317   0.35935407   0.20558671   0.11527753   0.07400795   0.06819861   0.08642382   0.11917438   0.15865922   0.19875265   0.23493907   0.26419084   0.28478163   0.29606026   0.29821208   0.29202848   0.27869906   0.25963410   0.23632074   0.21021252   0.18265013   0.15480924   0.12767143   0.10201335   0.07841009   0.05724862   0.03874813   0.02298433   0.00991544  -0.00059185  -0.00873774 
  4.82261702   4.82657080   4.83663392   4.84761497   4.85151515   4.83842885   4.79765613   4.71890302   4.59344018   4.41510113   4.18102503   3.89208188   3.55295483   3.17188944   2.76015017   2.33124615   1.90000486   1.48158630   1.09055420   0.74015777   0.44196458   0.20558671   0.03706322  -0.06502238  -0.11083679  -0.11436347  -0.08859071  -0.04431556   0.00963347   0.06618611   0.11993956   0.16706241   0.20514097   0.23297326   0.25033510   0.25774268   0.25623021   0.24715405   0.23202947   0.21240127   0.18974697   0.16540937   0.14055422   0.11614858   0.09295539   0.07154025   0.05228677   0.03541756   0.02101827   0.00906279  -0.00056201 
  4.13692679   4.14130298   4.15287175   4.16712361   4.17708958   4.17409569   4.14869674   4.09168704   3.99508137   3.85296819   3.66215696   3.42256853   3.13734766   2.81270576   2.45752586   2.08277842   1.70080632   1.32454155   0.96672214   0.63919423   0.35241675   0.11527753  -0.06502238  -0.18431560  -0.24489674  -0.25669167  -0.23285260  -0.18544074  -0.12435760  -0.05756757   0.00867910   0.06972804   0.12239950   0.16482019   0.19621388   0.21667320   0.22693417   0.22816932   0.22180868   0.20939291   0.19245893   0.17245587   0.15068802   0.12828025   0.10616193   0.08506505   0.06553285   0.04793581   0.03249230   0.01929166   0.00831813 
  3.48742468   3.49213575   3.50493410   3.52195523   3.53720913   3.54320292   3.53171293   3.49462274   3.42474061   3.31651655   3.16659560   2.97416608   2.74108595   2.47179394   2.17303121   1.85341222   1.52288974   1.19215919   0.87204574   0.57291891   0.30419366   0.07400795  -0.11083679  -0.24489674  -0.32524211  -0.35453002  -0.34209323  -0.30001621  -0.23926562  -0.16874235  -0.09550560  -0.02500126   0.03880509   0.09329652   0.13703551   0.16956239   0.19118136   0.20275254   0.20550374   0.20086951   0.19036044   0.17546243   0.15756378   0.13790632   0.11755687   0.09739489   0.07811265   0.06022464   0.04408329   0.02989868   0.01776034 
  2.88820010   2.89314986   2.90687083   2.92609189   2.94572753   2.95938441   2.95999047   2.94047981   2.89446367   2.81682375   2.70417706   2.55517939   2.37065394   2.15355089   1.90875833   1.64279558   1.36342395   1.07920894   0.79906368   0.53179856   0.28570292   0.06819861  -0.11436347  -0.25669167  -0.35453002  -0.40568295  -0.41280394  -0.38442902  -0.33148150  -0.26379921  -0.18929288  -0.11416663  -0.04314297   0.02040117   0.07430359   0.11745556   0.14961483   0.17120972   0.18315083   0.18666171   0.18313504   0.17401651   0.16071589   0.14454304   0.12666556   0.10808447   0.08962431   0.07193435   0.05549796   0.04064759   0.02758321 
  2.34782098   2.35291080   2.36723744   2.38806343   2.41111996   2.43101316   2.44172960   2.43718809   2.41178262   2.36086613   2.28113495   2.17088790   2.03014975   1.86066363   1.66576867   1.45018765   1.21975181   0.98108930   0.74129846   0.50762131   0.28712786   0.08642382  -0.08859071  -0.23285260  -0.34209323  -0.41280394  -0.44316751  -0.43561152  -0.39779779  -0.33950254  -0.26949025  -0.19476121  -0.12076211  -0.05159996   0.00982742   0.06170853   0.10317010   0.13410733   0.15500728   0.16677964   0.17060511   0.16780679   0.15974653   0.14774582   0.13302891   0.11668532   0.09964857   0.08268774   0.06640905   0.05126476   0.03756710 
  1.87038878   1.87552137   1.89013970   1.91197749   1.93748956   1.96217323   1.98096886   1.98869815   1.98049741   1.95220637   1.90068135   1.82401263   1.72163800   1.59435625   1.44425349   1.27456168   1.08947065   0.89391383   0.69334381   0.49350746   0.30022505   0.11917438  -0.04431556  -0.18544074  -0.30001621  -0.38442902  -0.43561152  -0.45190239  -0.43539729  -0.39289697  -0.33311269  -0.26384044  -0.19128164  -0.12023867  -0.05431249   0.00397757   0.05308258   0.09229113   0.12157717   0.14144171   0.15276115   0.15665123   0.15435148   0.14713216   0.13622303   0.12276207   0.10776181   0.09209006   0.07646243   0.06144381   0.04745660 
  1.45653049   1.46161252   1.47622106   1.49849943   1.52553384   1.55360400   1.57849586   1.59584495   1.60147711   1.59171661   1.56363745   1.51524269   1.44556550   1.35469508   1.24373738   1.11472574   0.97049785   0.81455471   0.65091344   0.48396117   0.31831128   0.15865922   0.00963347  -0.12435760  -0.23926562  -0.33148150  -0.39779779  -0.43539729  -0.44265575  -0.42131209  -0.37737380  -0.31860293  -0.25195023  -0.18293574  -0.11582613  -0.05381345   0.00087796   0.04689329   0.08362932   0.11109886   0.12978898   0.14052476   0.14434661   0.14240594   0.13588075   0.12591086   0.11355125   0.09974114   0.08528632   0.07085214   0.05696474 
  1.10428897   1.10923360   1.12355147   1.14573756   1.17342205   1.20356280   1.23268593   1.25715067   1.27341335   1.27826787   1.26904442   1.24375479   1.20117993   1.14090188   1.06328802   0.96943893   0.86111259   0.74063685   0.61081915   0.47485865   0.33626108   0.19875265   0.06618611  -0.05756757  -0.16874235  -0.26379921  -0.33950254  -0.39289697  -0.42131209  -0.42311238  -0.39970357  -0.35639306  -0.30011789  -0.23710495  -0.17230117  -0.10953153  -0.05165870  -0.00067655   0.04220415   0.07645176   0.10209288   0.11958513   0.12969418   0.13338253   0.13171462   0.12577965   0.11663230   0.10524966   0.09250267   0.07913952   0.06577900 
  0.80989138   0.81462053   0.82839509   0.85000867   0.87755520   0.90857426   0.94023311   0.96952763   0.99348352   1.00934094   1.01470893   1.00768118   0.98690988   0.95163923   0.90170484   0.83750740   0.75997026   0.67048997   0.57088654   0.46335717   0.35043354   0.23493907   0.11993956   0.00867910  -0.09550560  -0.18929288  -0.26949025  -0.33311269  -0.37737380  -0.39970357  -0.39844865  -0.37472795  -0.33324676  -0.28023445  -0.22130258  -0.16091720  -0.10253807  -0.04876009  -0.00139432   0.03845767   0.07031213   0.09419503   0.11052740   0.12001372   0.12354063   0.12208992   0.11666768   0.10824947   0.09774046   0.08594864   0.07356930 
  0.56838878   0.57283543   0.58584906   0.60647465   0.63319791   0.66405297   0.69675759   0.72886270   0.75790294   0.78153566   0.79765875   0.80450096   0.80068245   0.78524704   0.75767044   0.71785100   0.66609016   0.60306911   0.52982699   0.44774324   0.35852419   0.26419084   0.16706241   0.06972804  -0.02500126  -0.11416663  -0.19476121  -0.26384044  -0.31860293  -0.35639306  -0.37472795  -0.37194994  -0.34894345  -0.30990255  -0.26045175  -0.20567892  -0.14964413  -0.09550170  -0.04562501  -0.00167647   0.03532803   0.06493807   0.08717161   0.10241116   0.11130196   0.11465920   0.11338793   0.10841759   0.10065111   0.09092772   0.07999783 
  0.37417098   0.37828095   0.39035667   0.40965288   0.43498355   0.46479992   0.49728865   0.53048070   0.56236138   0.59097270   0.61450111   0.63134629   0.64016941   0.63992199   0.62985857   0.60953813   0.57881922   0.53785397   0.48708467   0.42724490   0.35936528   0.28478163   0.20514097   0.12239950   0.03880509  -0.04314297  -0.12076211  -0.19128164  -0.25195023  -0.30011789  -0.33324676  -0.34894345  -0.34556591  -0.32381270  -0.28744506  -0.24156888  -0.19082303  -0.13892098  -0.08875740  -0.04251840  -0.00174201   0.03262599   0.06015991   0.08086671   0.09509134   0.10342365   0.10661287   0.10549371   0.10092551   0.09374490   0.08473092 
  0.22136673   0.22509997   0.23610510   0.25381048   0.27730288   0.30538250   0.33663230   0.36949506   0.40235154   0.43359370   0.46168810   0.48522673   0.50296400   0.51384118   0.51700039   0.51179180   0.49777773   0.47473735   0.44267454   0.40183067   0.35270198   0.29606026   0.23297326   0.16482019   0.09329652   0.02040117  -0.05159996  -0.12023867  -0.18293574  -0.23710495  -0.28023445  -0.30990255  -0.32381270  -0.32035716  -0.30008943  -0.26640275  -0.22395489  -0.17699582  -0.12893896  -0.08245440  -0.03956650  -0.00170616   0.03024048   0.05586764   0.07517063   0.08845943   0.09627303   0.09930050   0.09831245   0.09410444   0.08745268 
  0.10414353   0.10747468   0.11732229   0.13325716   0.15459080   0.18041288   0.20963844   0.24106045   0.27340327   0.30537300   0.33570146   0.36318217   0.38669747   0.40523791   0.41791545   0.42397314   0.42279398   0.41391141   0.39702359   0.37201237   0.33896711   0.29821208   0.25033510   0.19621388   0.13703551   0.07430359   0.00982742  -0.05431249  -0.11582613  -0.17230117  -0.22130258  -0.26045175  -0.28744506  -0.30008943  -0.29682580  -0.27809475  -0.24697389  -0.20773011  -0.16427273  -0.11975190  -0.07664035  -0.03681998  -0.00162726   0.02810414   0.05198563   0.07000160   0.08243015   0.08976411   0.09263798   0.09176415   0.08788018 
  0.01692255   0.01984064   0.02848860   0.04255286   0.06152824   0.08474212   0.11138506   0.14054482   0.17124094   0.20245751   0.23317190   0.26237859   0.28910790   0.31244014   0.33151679   0.34555039   0.35383508   0.35575969   0.35082470   0.33866391   0.31907073   0.29202848   0.25774268   0.21667320   0.16956239   0.11745556   0.06170853   0.00397757  -0.05381345  -0.10953153  -0.16091720  -0.20567892  -0.24156888  -0.26640275  -0.27809475  -0.27514383  -0.25790208  -0.22917354  -0.19288088  -0.15263184  -0.11134291  -0.07131098  -0.03429063  -0.00153360   0.02617375   0.04845850   0.06529535   0.07693375   0.08382488   0.08655382   0.08578015 
 -0.04547616  -0.04296869  -0.03552094  -0.02335372  -0.00682458   0.01358679   0.03729680   0.06363829   0.09188112   0.12125151   0.15094912   0.18016123   0.20807427   0.23388320   0.25679979   0.27606133   0.29094089   0.30076069   0.30490935   0.30286363   0.29421485   0.27869906   0.25623021   0.22693417   0.19118136   0.14961483   0.10317010   0.05308258   0.00087796  -0.05165870  -0.10253807  -0.14964413  -0.19082303  -0.22395489  -0.24697389  -0.25790208  -0.25530151  -0.23945396  -0.21292395  -0.17932828  -0.14200545  -0.10366247  -0.06643806  -0.03197173  -0.00143822   0.02441945   0.04524310   0.06099917   0.07191153   0.07839382   0.08098641 
 -0.08774412  -0.08563303  -0.07934952  -0.06904112  -0.05494818  -0.03739624  -0.01678643   0.00641485   0.03168637   0.05846161   0.08613698   0.11407862   0.14162802   0.16810701   0.19282306   0.21507581   0.23416596   0.24940727   0.26014265   0.26576433   0.26573855   0.25963410   0.24715405   0.22816932   0.20275254   0.17120972   0.13410733   0.09229113   0.04689329  -0.00067655  -0.04876009  -0.09550170  -0.13892098  -0.17699582  -0.20773011  -0.22917354  -0.23945396  -0.23719835  -0.22263173  -0.19810693  -0.16696707  -0.13230848  -0.09664911  -0.06198430  -0.02984875  -0.00134667   0.02281902   0.04230426   0.05706859   0.06731311   0.07341766 
 -0.11403816  -0.11229953  -0.10711413  -0.09857273  -0.08682444  -0.07207379  -0.05457731  -0.03463992  -0.01261171   0.01111463   0.03610567   0.06188846   0.08795152   0.11374606   0.13868832   0.16216365   0.18353322   0.20214395   0.21734224   0.22849179   0.23499539   0.23632074   0.23202947   0.22180868   0.20550374   0.18315083   0.15500728   0.12157717   0.08362932   0.04220415  -0.00139432  -0.04562501  -0.08875740  -0.12893896  -0.16427273  -0.19288088  -0.21292395  -0.22263173  -0.22069577  -0.20729458  -0.18459247  -0.15568621  -0.12345322  -0.09023984  -0.05791076  -0.02790472  -0.00126098   0.02135486   0.03961233   0.05346535   0.06309474 
 -0.12796712  -0.12656966  -0.12239325  -0.11548571  -0.10592682  -0.09382844  -0.07933503  -0.06262459  -0.04391016  -0.02344197  -0.00150997   0.02155344   0.04537083   0.06951799   0.09352355   0.11687062   0.13900098   0.15932256   0.17722031   0.19207101   0.20326181   0.21021252   0.21240127   0.20939291   0.20086951   0.18666171   0.16677964   0.14144171   0.11109886   0.07645176   0.03845767  -0.00167647  -0.04251840  -0.08245440  -0.11975190  -0.15263184  -0.17932828  -0.19810693  -0.20729458  -0.20564565  -0.19330002  -0.17225311  -0.14537896  -0.11535625  -0.08437496  -0.05418027  -0.02612275  -0.00118164   0.02001232   0.03714178   0.05015611 
 -0.13260294  -0.13151039  -0.12823809  -0.12280244  -0.11523215  -0.10557023  -0.09387688  -0.08023313  -0.06474532  -0.04755006  -0.02881966  -0.00876749   0.01234701   0.03421427   0.05647190   0.07870408   0.10044334   0.12117536   0.14034693   0.15737747   0.17167410   0.18265013   0.18974697   0.19245893   0.19036044   0.18313504   0.17060511   0.15276115   0.12978898   0.10209288   0.07031213   0.03532803  -0.00174201  -0.03956650  -0.07664035  -0.11134291  -0.14200545  -0.16696707  -0.18459247  -0.19330002  -0.19190455  -0.18051353  -0.16097040  -0.13594707  -0.10794122  -0.07899994  -0.05075877  -0.02448707  -0.00110845   0.01877891   0.03487035 
 -0.13050904  -0.12968244  -0.12720057  -0.12305784  -0.11724692  -0.10976174  -0.10060158  -0.08977614  -0.07731150  -0.06325668  -0.04769062  -0.03072906  -0.01253118   0.00669478   0.02668706   0.04712782   0.06764277   0.08780335   0.10713191   0.12511000   0.14118986   0.15480924   0.16540937   0.17245587   0.17546243   0.17401651   0.16780679   0.15665123   0.14052476   0.11958513   0.09419503   0.06493807   0.03262599  -0.00170616  -0.03681998  -0.07131098  -0.10366247  -0.13230848  -0.15568621  -0.17225311  -0.18051353  -0.17933994  -0.16881243  -0.15063713  -0.12730204  -0.10113954  -0.07406582  -0.04761563  -0.02298335  -0.00104100   0.01764376 
 -0.12378044  -0.12318018  -0.12137249  -0.11833731  -0.11404344  -0.10845185  -0.10152013  -0.09320810  -0.08348426  -0.07233290  -0.05976167  -0.04580923  -0.03055258  -0.01411374   0.00333461   0.02156502   0.04029306   0.05917729   0.07782177   0.09578137   0.11256992   0.12767143   0.14055422   0.15068802   0.15756378   0.16071589   0.15974653   0.15435148   0.14434661   0.12969418   0.11052740   0.08717161   0.06015991   0.03024048  -0.00162726  -0.03429063  -0.06643806  -0.09664911  -0.12345322  -0.14537896  -0.16097040  -0.16881243  -0.16783224  -0.15808671  -0.14115755  -0.11936498  -0.09489013  -0.06952902  -0.04472354  -0.02159879  -0.00097881 
 -0.11409111  -0.11367864  -0.11243149  -0.11032104  -0.10730182  -0.10331461  -0.09829086  -0.09215807  -0.08484607  -0.07629402  -0.06645786  -0.05531801  -0.04288684  -0.02921585  -0.01440197   0.00140726   0.01801001   0.03514832   0.05250828   0.06972271   0.08637628   0.10201335   0.11614858   0.12828025   0.13790632   0.14454304   0.14774582   0.14713216   0.14240594   0.13338253   0.12001372   0.10241116   0.08086671   0.05586764   0.02810414  -0.00153360  -0.03197173  -0.06198430  -0.09023984  -0.11535625  -0.13594707  -0.15063713  -0.15808671  -0.15727479  -0.14823853  -0.13244661  -0.11206589  -0.08913878  -0.06535081  -0.04205823  -0.02032195 
 -0.10274498  -0.10248414  -0.10169057  -0.10033162  -0.09835483  -0.09569074  -0.09225678  -0.08796208  -0.08271322  -0.07642052  -0.06900503  -0.06040563  -0.05058638  -0.03954357  -0.02731231  -0.01397231   0.00034741   0.01546522   0.03114528   0.04709790   0.06298202   0.07841009   0.09295539   0.10616193   0.11755687   0.12666556   0.13302891   0.13622303   0.13588075   0.13171462   0.12354063   0.11130196   0.09509134   0.07517063   0.05198563   0.02617375  -0.00143822  -0.02984875  -0.05791076  -0.08437496  -0.10794122  -0.12730204  -0.14115755  -0.14823853  -0.14757291  -0.13918110  -0.12442890  -0.10534266  -0.08383739  -0.06149684  -0.03959814 
 -0.09072768  -0.09058567  -0.09014834  -0.08938232  -0.08823356  -0.08662972  -0.08448335  -0.08169601  -0.07816307  -0.07377921  -0.06844446  -0.06207061  -0.05458788  -0.04595161  -0.03614873  -0.02520375  -0.01318409  -0.00020434   0.01357072   0.02792463   0.04258957   0.05724862   0.07154025   0.08506505   0.09739489   0.10808447   0.11668532   0.12276207   0.12591086   0.12577965   0.12208992   0.11465920   0.10342365   0.08845943   0.07000160   0.04845850   0.02441945  -0.00134667  -0.02790472  -0.05418027  -0.07899994  -0.10113954  -0.11936498  -0.13244661  -0.13918110  -0.13864268  -0.13083751  -0.11703754  -0.09914019  -0.07894324  -0.05793656 
 -0.07875713  -0.07870505  -0.07853807  -0.07822434  -0.07771202  -0.07693107  -0.07579580  -0.07420807  -0.07206120  -0.06924441  -0.06564788  -0.06116818  -0.05571416  -0.04921294  -0.04161596  -0.03290493  -0.02309726  -0.01225101  -0.00046881   0.01209924   0.02525413   0.03874813   0.05228677   0.06553285   0.07811265   0.08962431   0.09964857   0.10776181   0.11355125   0.11663230   0.11666768   0.11338793   0.10661287   0.09627303   0.08243015   0.06529535   0.04524310   0.02281902  -0.00126098  -0.02612275  -0.05075877  -0.07406582  -0.09489013  -0.11206589  -0.12442890  -0.13083751  -0.13040969  -0.12313953  -0.11021317  -0.09340952  -0.07441835 
 -0.06733099  -0.06734415  -0.06737393  -0.06739146  -0.06734952  -0.06718382  -0.06681486  -0.06615032  -0.06508798  -0.06351914  -0.06133269  -0.05841946  -0.05467718  -0.05001565  -0.04436220  -0.03766720  -0.02990944  -0.02110125  -0.01129303  -0.00057706   0.01090973   0.02298433   0.03541756   0.04793581   0.06022464   0.07193435   0.08268774   0.09209006   0.09974114   0.10524966   0.10824947   0.10841759   0.10549371   0.09930050   0.08976411   0.07693375   0.06099917   0.04230426   0.02135486  -0.00118164  -0.02448707  -0.04761563  -0.06952902  -0.08913878  -0.10534266  -0.11703754  -0.12313953  -0.12280788  -0.11602649  -0.10390295  -0.08810705 
 -0.05677027  -0.05682818  -0.05699348  -0.05724110  -0.05752982  -0.05780310  -0.05799034  -0.05800850  -0.05776415  -0.05715594  -0.05607765  -0.05442156  -0.05208238  -0.04896159  -0.04497212  -0.04004325  -0.03412568  -0.02719655  -0.01926417  -0.01037240  -0.00060423   0.00991544   0.02101827   0.03249230   0.04408329   0.05549796   0.06640905   0.07646243   0.08528632   0.09250267   0.09774046   0.10065111   0.10092551   0.09831245   0.09263798   0.08382488   0.07191153   0.05706859   0.03961233   0.02001232  -0.00110845  -0.02298335  -0.04472354  -0.06535081  -0.08383739  -0.09914019  -0.11021317  -0.11602649  -0.11577846  -0.10944439  -0.09805982 
 -0.04725799  -0.04734413  -0.04759554  -0.04799122  -0.04849652  -0.04906358  -0.04963200  -0.05012992  -0.05047520  -0.05057718  -0.05033869  -0.04965857  -0.04843462  -0.04656708  -0.04396243  -0.04053765  -0.03622471  -0.03097530  -0.02476548  -0.01760021  -0.00951747  -0.00059185   0.00906279   0.01929166   0.02989868   0.04064759   0.05126476   0.06144381   0.07085214   0.07913952   0.08594864   0.09092772   0.09374490   0.09410444   0.09176415   0.08655382   0.07839382   0.06731311   0.05346535   0.03714178   0.01877891  -0.00104100  -0.02159879  -0.04205823  -0.06149684  -0.07894324  -0.09340952  -0.10390295  -0.10944439  -0.10926907  -0.10334507 
 -0.03887286  -0.03897438  -0.03927327  -0.03975262  -0.04038429  -0.04112918  -0.04193743  -0.04274895  -0.04349409  -0.04409455  -0.04446472  -0.04451334  -0.04414561  -0.04326575  -0.04178008  -0.03960045  -0.03664810  -0.03285793  -0.02818278  -0.02259792  -0.01610534  -0.00873774  -0.00056201   0.00831813   0.01776034   0.02758321   0.03756710   0.04745660   0.05696474   0.06577900   0.07356930   0.07999783   0.08473092   0.08745268   0.08788018   0.08578015   0.08098641   0.07341766   0.06309474   0.05015611   0.03487035   0.01764376  -0.00097881  -0.02032195  -0.03959814  -0.05793656  -0.07441835  -0.08810705  -0.09805982  -0.10334507  -0.10323292 
#
