# coconut-me2b/v0.99.21 
# 
# momentum space matrix elements 
# partial wave J=0, L=1/1, S=1, T=1, MT=0 
# 
# momentum grid [fm^-1]
0.000000 0.200000 0.400000 0.600000 0.800000 1.000000 1.200000 1.400000 1.600000 1.800000 2.000000 2.200000 2.400000 2.600000 2.800000 3.000000 3.200000 3.400000 3.600000 3.800000 4.000000 4.200000 4.400000 4.600000 4.800000 5.000000 5.200000 5.400000 5.600000 5.800000 6.000000 6.200000 6.400000 6.600000 6.800000 7.000000 7.200000 7.400000 7.600000 7.800000 8.000000 8.200000 8.400000 8.600000 8.800000 9.000000 9.200000 9.400000 9.600000 9.800000 10.000000 
#
# matrix elements [MeV fm^3] 
 -0.00000060  -0.00107112  -0.00158322  -0.00155392  -0.00125290  -0.00087287  -0.00050305  -0.00017802   0.00009082   0.00030176   0.00045748   0.00056305   0.00062479   0.00064974   0.00064514   0.00061800   0.00057484   0.00052142   0.00046262   0.00040237   0.00034366   0.00028863   0.00023862   0.00019437   0.00015612   0.00012370   0.00009674   0.00007468   0.00005690   0.00004276   0.00003167   0.00002307   0.00001647   0.00001147   0.00000772   0.00000494   0.00000291   0.00000145   0.00000043  -0.00000027  -0.00000072  -0.00000099  -0.00000113  -0.00000118  -0.00000116  -0.00000110  -0.00000101  -0.00000091  -0.00000080  -0.00000069  -0.00000059 
 -0.00107112  -1.93903159  -2.94508040  -2.96051984  -2.42382278  -1.70338022  -0.98622241  -0.34926266   0.18049024   0.59747671   0.90602001   1.11556944   1.23843238   1.28839735   1.27971316   1.22627142   1.14096469   1.03522214   0.91872245   0.79927174   0.68282331   0.57360848   0.47434457   0.38648690   0.31049590   0.24609570   0.19250773   0.14864899   0.11329049   0.08517602   0.06310464   0.04598217   0.03284808   0.02288398   0.01540951   0.00987037   0.00582247   0.00291467   0.00087217  -0.00051847  -0.00142224  -0.00196621  -0.00224810  -0.00234284  -0.00230778  -0.00218654  -0.00201203  -0.00180877  -0.00159464  -0.00138229  -0.00118033 
 -0.00158322  -2.94508040  -4.76186913  -5.09797998  -4.36539195  -3.15172979  -1.85120731  -0.65612465   0.35554112   1.16011011   1.75961702   2.16920451   2.41111813   2.51128305   2.49695788   2.39495950   2.23031177   2.02528088   1.79877743   1.56609272   1.33891954   1.12559510   0.93149862   0.75953808   0.61066869   0.48439675   0.37923597   0.29309553   0.22359103   0.16827813   0.12481517   0.09106536   0.06515046   0.04546840   0.03068597   0.01971603   0.01168680   0.00590837   0.00184038  -0.00093730  -0.00274969  -0.00384743  -0.00442344  -0.00462594  -0.00456846  -0.00433757  -0.00399871  -0.00360074  -0.00317940  -0.00276013  -0.00236026 
 -0.00155392  -2.96051984  -5.09797998  -5.90199792  -5.40971484  -4.09143077  -2.46513415  -0.86983307   0.52708576   1.65979038   2.51465070   3.10482746   3.45769903   3.60801485   3.59358229   3.45223509   3.21962930   2.92770260   2.60371717   2.26981527   1.94300444   1.63547615   1.35515726   1.10639793   0.89071090   0.70749461   0.55469067   0.42934546   0.32806161   0.24733867   0.18381150   0.13440109   0.09639503   0.06747535   0.04570975   0.02952015   0.01763911   0.00906218   0.00300144  -0.00115667  -0.00388759  -0.00555865  -0.00645314  -0.00678922  -0.00673445  -0.00641695  -0.00593395  -0.00535832  -0.00474365  -0.00412831  -0.00353868 
 -0.00125290  -2.42382278  -4.36539195  -5.40971484  -5.34488020  -4.30239194  -2.68807496  -0.92408298   0.71152556   2.08157902   3.13717223   3.87767064   4.32820005   4.52732674   4.51974558   4.35149856   4.06667987   3.70519532   3.30136997   2.88326456   2.47257166   2.08495782   1.73071811   1.41561677   1.14180390   0.90871985   0.71392324   0.55380184   0.42414739   0.32059161   0.23891358   0.17523616   0.12613291   0.08866753   0.06038624   0.03928044   0.02373333   0.01246086   0.00445352  -0.00107655  -0.00474135  -0.00701497  -0.00826410  -0.00877204  -0.00875720  -0.00838732  -0.00779026  -0.00706243  -0.00627523  -0.00548020  -0.00471320 
 -0.00087287  -1.70338022  -3.15172979  -4.09143077  -4.30239194  -3.69054223  -2.39239719  -0.73530593   0.94567085   2.42953016   3.61064954   4.45898726   4.98728975   5.23115353   5.23730380   5.05632706   4.73792072   4.32776536   3.86558717   3.38415610   2.90902400   2.45882483   2.04596854   1.67757451   1.35651090   1.08243305   0.85274260   0.66341735   0.50968662   0.38654762   0.28913265   0.21294680   0.15400048   0.10886202   0.07465399   0.04901361   0.03003329   0.01619351   0.00629607  -0.00059706  -0.00521693  -0.00813183  -0.00978307  -0.01051302  -0.01058693  -0.01020959  -0.00953813  -0.00869183  -0.00775980  -0.00680707  -0.00587950 
 -0.00050305  -0.98622241  -1.85120731  -2.46513415  -2.68807496  -2.39239719  -1.53106207  -0.21924572   1.28813337   2.73117970   3.94025514   4.83979270   5.41756559   5.69753609   5.72236824   5.54270037   5.21040952   4.77432028   4.27756672   3.75616847   3.23852704   2.74560721   2.29159719   1.88486591   1.52906213   1.22423189   0.96786304   0.75579770   0.58298148   0.44404154   0.33370222   0.24705827   0.17973134   0.12793699   0.08848808   0.05875670   0.03661283   0.02035311   0.00862909   0.00038078  -0.00522144  -0.00882547  -0.01093688  -0.01195005  -0.01217235  -0.01184265  -0.01114560  -0.01022260  -0.00918031  -0.00809757  -0.00703080 
 -0.00017802  -0.34926266  -0.65612465  -0.86983307  -0.92408298  -0.73530593  -0.21924572   0.65641842   1.80612949   3.03807324   4.15571383   5.03350593   5.62175508   5.92248365   5.96691027   5.80038837   5.47299327   5.03367161   4.52668247   3.98961460   3.45254015   2.93799049   2.46150300   2.03252735   1.65551647   1.33106297   1.05697869   0.82924931   0.64282701   0.49224865   0.37208617   0.27724787   0.20315628   0.14583022   0.10189796   0.06856470   0.04355356   0.02503451   0.01155143   0.00195368  -0.00466426  -0.00901365  -0.01165291  -0.01302055  -0.01346076  -0.01324317  -0.01257799  -0.01162777  -0.01051654  -0.00933720  -0.00815739 
  0.00009082   0.18049024   0.35554112   0.52708576   0.71152556   0.94567085   1.28813337   1.80612949   2.53320933   3.41438499   4.31070975   5.07719629   5.62383150   5.92079961   5.97939746   5.83347273   5.52675035   5.10491010   4.61079684   4.08169442   3.54801274   3.03296111   2.55289655   2.11810194   1.73379819   1.40123746   1.11876465   0.88277124   0.68849799   0.53066952   0.40396351   0.30333095   0.22419122   0.16252901   0.11491935   0.07850421   0.05093995   0.03033069   0.01515803   0.00421404  -0.00345845  -0.00861670  -0.01185978  -0.01366185  -0.01439825  -0.01436568  -0.01379776  -0.01287711  -0.01174482  -0.01050806  -0.00924631 
  0.00030176   0.59747671   1.16011011   1.65979038   2.08157902   2.42953016   2.73117970   3.03807324   3.41438499   3.90173232   4.47250541   5.02993116   5.46892120   5.72597528   5.78455827   5.66006965   5.38473149   4.99718686   4.53608330   4.03635122   3.52726551   3.03170444   2.56620949   2.14155682   1.76362055   1.43436062   1.15281281   0.91599764   0.71969852   0.55908688   0.42919253   0.32523174   0.24281401   0.17805222   0.12760061   0.08864330   0.05885196   0.03632746   0.01953605   0.00724719  -0.00152275  -0.00755896  -0.01148835  -0.01381190  -0.01493009  -0.01516279  -0.01476466  -0.01393713  -0.01283791  -0.01158861  -0.01028107 
  0.00045748   0.90602001   1.75961702   2.51465070   3.13717223   3.61064954   3.94025514   4.15571383   4.31070975   4.47250541   4.69191869   4.96309931   5.22087218   5.38915132   5.42244954   5.31140867   5.07111698   4.72898989   4.31642901   3.86378889   3.39760377   2.93929530   2.50484518   2.10508044   1.74631939   1.43119416   1.15951742   0.92910281   0.73648362   0.57750156   0.44775900   0.34294220   0.25903238   0.19242575   0.13998430   0.09903793   0.06735514   0.04309635   0.02475991   0.01112788   0.00121594  -0.00577049  -0.01047302  -0.01341022  -0.01500147  -0.01558569  -0.01543600  -0.01477121  -0.01376507  -0.01255365  -0.01124156 
  0.00056305   1.11556944   2.16920451   3.10482746   3.87767064   4.45898726   4.83979270   5.03350593   5.07719629   5.02993116   4.96309931   4.93446029   4.95328690   4.97628362   4.94689800   4.83047315   4.61996902   4.32705392   3.97252420   3.57973415   3.17073085   2.76423608   2.37481621   2.01279741   1.68462744   1.39347622   1.13993049   0.92268449   0.73916490   0.58605639   0.45971531   0.35647388   0.27284627   0.20565356   0.15208534   0.10971572   0.07648884   0.05068618   0.03088524   0.01591601   0.00481951  -0.00318934  -0.00875331  -0.01239909  -0.01455840  -0.01558483  -0.01576716  -0.01533998  -0.01449226  -0.01337437  -0.01210401 
  0.00062479   1.23843238   2.41111813   3.45769903   4.32820005   4.98728975   5.41756559   5.62175508   5.62383150   5.46892120   5.22087218   4.95328690   4.72702834   4.56001756   4.42263222   4.27030057   4.07378271   3.82507733   3.53077212   3.20454667   2.86204202   2.51790686   2.18432051   1.87044285   1.58242350   1.32372676   1.09560934   0.89764309   0.72821413   0.58495884   0.46511841   0.36580829   0.28420864   0.21768706   0.16386741   0.12065815   0.08625293   0.05911327   0.03794182   0.02165153   0.00933496   0.00023584  -0.00627586  -0.01072503  -0.01354884  -0.01511081  -0.01571233  -0.01560184  -0.01498252  -0.01401865  -0.01284112 
  0.00064974   1.28839735   2.51128305   3.60801485   4.52732674   5.23115353   5.69753609   5.92248365   5.92079961   5.72597528   5.38915132   4.97628362   4.56001756   4.20026815   3.91813688   3.69137243   3.48192859   3.26242488   3.02216923   2.76229037   2.48988470   2.21399346   1.94330807   1.68503778   1.44448994   1.22506544   1.02847798   0.85507436   0.70417849   0.57441309   0.46397466   0.37085207   0.29298899   0.22839580   0.17521971   0.13178233   0.09659381   0.06835095   0.04592573   0.02834863   0.01479017   0.00454261  -0.00299679  -0.00834066  -0.01192413  -0.01411555  -0.01522537  -0.01551367  -0.01519650  -0.01445142  -0.01342235 
  0.00064514   1.27971316   2.49695788   3.59358229   4.51974558   5.23730380   5.72236824   5.96691027   5.97939746   5.78455827   5.42244954   4.94689800   4.42263222   3.91813688   3.48901005   3.15552675   2.89848388   2.68288385   2.48129692   2.27988234   2.07487054   1.86795624   1.66308518   1.46460181   1.27630710   1.10106481   0.94072108   0.79619073   0.66761998   0.55457132   0.45619943   0.37140267   0.29894416   0.23754261   0.18593612   0.14292387   0.10739060   0.07831855   0.05479086   0.03598932   0.02118896   0.00975105   0.00111546  -0.00520682  -0.00964074  -0.01255360  -0.01426094  -0.01503173  -0.01509320  -0.01463519  -0.01381425 
  0.00061800   1.22627142   2.39495950   3.45223509   4.35149856   5.05632706   5.54270037   5.80038837   5.83347273   5.66006965   5.31140867   4.83047315   4.27030057   3.69137243   3.15552675   2.71180358   2.37719709   2.13301117   1.94545921   1.78641982   1.63932051   1.49659678   1.35599630   1.21793180   1.08390627   0.95565597   0.83472422   0.72228256   0.61908828   0.52551225   0.44159796   0.36713007   0.30170045   0.24476640   0.19569912   0.15382236   0.11844245   0.08887076   0.06444011   0.04451627   0.02850555   0.01585941   0.00607680  -0.00129525  -0.00666227  -0.01038384  -0.01277579  -0.01411272  -0.01463079  -0.01453076  -0.01398102 
  0.00057484   1.14096469   2.23031177   3.21962930   4.06667987   4.73792072   5.21040952   5.47299327   5.52675035   5.38473149   5.07111698   4.61996902   4.07378271   3.48192859   2.89848388   2.37719709   1.95951444   1.65806668   1.45353176   1.31268825   1.20690730   1.11777282   1.03521593   0.95446711   0.87379458   0.79309605   0.71306799   0.63472594   0.55913303   0.48725218   0.41987219   0.35757847   0.30075052   0.24957544   0.20407064   0.16411110   0.12945815   0.09978777   0.07471666   0.05382547   0.03667839   0.02283916   0.01188352   0.00340834  -0.00296195  -0.00757138  -0.01073037  -0.01271502  -0.01376764  -0.01409798  -0.01388510 
  0.00052142   1.03522214   2.02528088   2.92770260   3.70519532   4.32776536   4.77432028   5.03367161   5.10491010   4.99718686   4.72898989   4.32705392   3.82507733   3.26242488   2.68288385   2.13301117   1.65806668   1.29189843   1.04272708   0.89043958   0.80247275   0.75029707   0.71467743   0.68425552   0.65295842   0.61800051   0.57857740   0.53503827   0.48835717   0.43979068   0.39065613   0.34219077   0.29546788   0.25135343   0.21049193   0.17331264   0.14004923   0.11076738   0.08539597   0.06375868   0.04560360   0.03062944   0.01850773   0.00890058   0.00147444  -0.00408994  -0.00809064  -0.01080024  -0.01246353  -0.01329676  -0.01348795 
  0.00046262   0.91872245   1.79877743   2.60371717   3.30136997   3.86558717   4.27756672   4.52668247   4.61079684   4.53608330   4.31642901   3.97252420   3.53077212   3.02216923   2.48129692   1.94545921   1.45353176   1.04272708   0.74002015   0.54982878   0.45163538   0.41398175   0.40915496   0.41803123   0.42894761   0.43543765   0.43442267   0.42497815   0.40750906   0.38319007   0.35358000   0.32035687   0.28514043   0.24938039   0.21429422   0.18084202   0.14972799   0.12141985   0.09617910   0.07409642   0.05512821   0.03913100   0.02589222   0.01515619   0.00664512   0.00007541  -0.00483034  -0.00833493  -0.01068106  -0.01208818  -0.01275098 
  0.00040237   0.79927174   1.56609272   2.26981527   2.88326456   3.38415610   3.75616847   3.98961460   4.08169442   4.03635122   3.86378889   3.57973415   3.20454667   2.76229037   2.27988234   1.78641982   1.31268825   0.89043958   0.54982878   0.31208534   0.17873927   0.12947245   0.13445248   0.16740937   0.21004293   0.25108174   0.28426490   0.30668279   0.31760788   0.31768472   0.30836109   0.29148525   0.26902360   0.24286937   0.21472173   0.18601888   0.15791178   0.13126688   0.10668839   0.08455193   0.06504363   0.04819989   0.03394476   0.02212304   0.01252822   0.00492494  -0.00093359  -0.00529274  -0.00838736  -0.01043587  -0.01163660 
  0.00034366   0.68282331   1.33891954   1.94300444   2.47257166   2.90902400   3.23852704   3.45254015   3.54801274   3.52726551   3.39760377   3.17073085   2.86204202   2.48988470   2.07487054   1.63932051   1.20690730   0.80247275   0.45163538   0.17873927   0.00051688  -0.08342950  -0.09262490  -0.05484955   0.00550611   0.07142302   0.13244018   0.18283491   0.22009451   0.24381428   0.25491707   0.25509543   0.24641216   0.23101921   0.21096787   0.18809012   0.16393501   0.13974584   0.11646654   0.09476710   0.07507998   0.05764128   0.04253207   0.02971682   0.01907720   0.01044042   0.00360197  -0.00165687  -0.00555603  -0.00830754  -0.01010947 
  0.00028863   0.57360848   1.12559510   1.63547615   2.08495782   2.45882483   2.74560721   2.93799049   3.03296111   3.03170444   2.93929530   2.76423608   2.51790686   2.21399346   1.86795624   1.49659678   1.11777282   0.75029707   0.41398175   0.12947245  -0.08342950  -0.21131991  -0.25568493  -0.23479845  -0.17413090  -0.09596720  -0.01582009   0.05685266   0.11700025   0.16257355   0.19349638   0.21092756   0.21672885   0.21308293   0.20222514   0.18626385   0.16707017   0.14622080   0.12498037   0.10431138   0.08490203   0.06720395   0.05147394   0.03781525   0.02621565   0.01658072   0.00876156   0.00257695  -0.00216952  -0.00567691  -0.00813803 
  0.00023862   0.47434457   0.93149862   1.35515726   1.73071811   2.04596854   2.29159719   2.46150300   2.55289655   2.56620949   2.50484518   2.37481621   2.18432051   1.94330807   1.66308518   1.35599630   1.03521593   0.71467743   0.40915496   0.13445248  -0.09262490  -0.25568493  -0.34367648  -0.35853319  -0.31699951  -0.24215415  -0.15413353  -0.06689873   0.01112832   0.07557250   0.12481941   0.15906459   0.17962657   0.18844988   0.18774822   0.17975519   0.16655878   0.15000147   0.13163049   0.11268480   0.09410780   0.07657622   0.06053783   0.04625242   0.03383187   0.02327690   0.01450902   0.00739699   0.00177804  -0.00252590  -0.00569623 
  0.00019437   0.38648690   0.75953808   1.10639793   1.41561677   1.67757451   1.88486591   2.03252735   2.11810194   2.14155682   2.10508044   2.01279741   1.87044285   1.68503778   1.46460181   1.21793180   0.95446711   0.68425552   0.41803123   0.16740937  -0.05484955  -0.23479845  -0.35853319  -0.41661422  -0.41099223  -0.35677357  -0.27470770  -0.18287278  -0.09375222  -0.01479720   0.05022538   0.10006180   0.13510039   0.15673942   0.16692922   0.16784396   0.16165315   0.15037129   0.13576832   0.11932647   0.10223099   0.08538430   0.06943482   0.05481356   0.04177334   0.03042701   0.02078223   0.01277158   0.00627761   0.00115268  -0.00276568 
  0.00015612   0.31049590   0.61066869   0.89071090   1.14180390   1.35651090   1.52906213   1.65551647   1.73379819   1.76362055   1.74631939   1.68462744   1.58242350   1.44448994   1.27630710   1.08390627   0.87379458   0.65295842   0.42894761   0.21004293   0.00550611  -0.17413090  -0.31699951  -0.41099223  -0.44776228  -0.42902966  -0.36828588  -0.28411161  -0.19269736  -0.10518834  -0.02817760   0.03507983   0.08360522   0.11790288   0.13938299   0.14994316   0.15166882   0.14662525   0.13672141   0.12362973   0.10874828   0.09319411   0.07781774   0.06323097   0.04984170   0.03789081   0.02748807   0.01864467   0.01130142   0.00535207   0.00066188 
  0.00012370   0.24609570   0.48439675   0.70749461   0.90871985   1.08243305   1.22423189   1.33106297   1.40123746   1.43436062   1.43119416   1.39347622   1.32372676   1.22506544   1.10106481   0.95565597   0.79309605   0.61800051   0.43543765   0.25108174   0.07142302  -0.09596720  -0.24215415  -0.35677357  -0.42902966  -0.45133332  -0.42506348  -0.36220616  -0.27938614  -0.19111290  -0.10735748  -0.03398064   0.02617609   0.07233053   0.10504011   0.12567699   0.13604720   0.13811783   0.13382798   0.12496520   0.11309309   0.09951777   0.08528254   0.07118211   0.05778877   0.04548490   0.03449741   0.02493109   0.01679886   0.01004795   0.00458160 
  0.00009674   0.19250773   0.37923597   0.55469067   0.71392324   0.85274260   0.96786304   1.05697869   1.11876465   1.15281281   1.15951742   1.13993049   1.09560934   1.02847798   0.94072108   0.83472422   0.71306799   0.57857740   0.43442267   0.28426490   0.13244018  -0.01582009  -0.15413353  -0.27470770  -0.36828588  -0.42506348  -0.43800921  -0.40814092  -0.34609328  -0.26676439  -0.18319354  -0.10433975  -0.03545010   0.02096091   0.06424461   0.09496601   0.11442714   0.12432056   0.12648085   0.12271234   0.11467647   0.10382590   0.09137404   0.07829054   0.06531451   0.05297889   0.04164046   0.03151176   0.02269187   0.01519450   0.00897220 
  0.00007468   0.14864899   0.29309553   0.42934546   0.55380184   0.66341735   0.75579770   0.82924931   0.88277124   0.91599764   0.92910281   0.92268449   0.89764309   0.85507436   0.79619073   0.72228256   0.63472594   0.53503827   0.42497815   0.30668279   0.18283491   0.05685266  -0.06689873  -0.18287278  -0.28411161  -0.36220616  -0.40814092  -0.41533232  -0.38446807  -0.32499920  -0.25031833  -0.17219048  -0.09870861  -0.03460805   0.01785431   0.05811713   0.08672357   0.10488805   0.11418061   0.11630005   0.11291624   0.10556692   0.09559712   0.08413102   0.07206772   0.06009326   0.04870299   0.03822919   0.02887044   0.02072009   0.01379212 
  0.00005690   0.11329049   0.22359103   0.32806161   0.42414739   0.50968662   0.58298148   0.64282701   0.68849799   0.71969852   0.73648362   0.73916490   0.72821413   0.70417849   0.66761998   0.61908828   0.55913303   0.48835717   0.40750906   0.31760788   0.22009451   0.11700025   0.01112832  -0.09375222  -0.19269736  -0.27938614  -0.34609328  -0.38446807  -0.38831794  -0.35805375  -0.30210415  -0.23255603  -0.16007218  -0.09200366  -0.03265685   0.01591644   0.05321088   0.07973105   0.09659701   0.10525599   0.10727460   0.10419394   0.09743448   0.08823983   0.07765057   0.06649984   0.05542417   0.04488386   0.03518827   0.02652288   0.01897549 
  0.00004276   0.08517602   0.16827813   0.24733867   0.32059161   0.38654762   0.44404154   0.49224865   0.53066952   0.55908688   0.57750156   0.58605639   0.58495884   0.57441309   0.55457132   0.52551225   0.48725218   0.43979068   0.38319007   0.31768472   0.24381428   0.16257355   0.07557250  -0.01479720  -0.10518834  -0.19111290  -0.26676439  -0.32499920  -0.35805375  -0.36009757  -0.33132227  -0.27927845  -0.21492029  -0.14795425  -0.08509185  -0.03027561   0.01460949   0.04909423   0.07363704   0.08926385   0.09730410   0.09919974   0.09637159   0.09013110   0.08162811   0.07182594   0.06149694   0.05123204   0.04145923   0.03246674   0.02442791 
  0.00003167   0.06310464   0.12481517   0.18381150   0.23891358   0.28913265   0.33370222   0.37208617   0.40396351   0.42919253   0.44775900   0.45971531   0.46511841   0.46397466   0.45619943   0.44159796   0.41987219   0.39065613   0.35358000   0.30836109   0.25491707   0.19349638   0.12481941   0.05022538  -0.02817760  -0.10735748  -0.18319354  -0.25031833  -0.30210415  -0.33132227  -0.33248732  -0.30562394  -0.25752827  -0.19816810  -0.13641510  -0.07842435  -0.02782506   0.01363731   0.04551786   0.06822707   0.08270121   0.09015977   0.09192937   0.08932008   0.08354334   0.07566298   0.06657164   0.05698601   0.04745528   0.03837783   0.03002254 
  0.00002307   0.04598217   0.09106536   0.13440109   0.17523616   0.21294680   0.24705827   0.27724787   0.30333095   0.32523174   0.34294220   0.35647388   0.36580829   0.37085207   0.37140267   0.36713007   0.35757847   0.34219077   0.32035687   0.29148525   0.25509543   0.21092756   0.15906459   0.10006180   0.03507983  -0.03398064  -0.10433975  -0.17219048  -0.23255603  -0.27927845  -0.30562394  -0.30643840  -0.28162266  -0.23732167  -0.18263914  -0.12571267  -0.07220828  -0.02548117   0.01284312   0.04233749   0.06336620   0.07678233   0.08370441   0.08535364   0.08293896   0.07758061   0.07026401   0.06181730   0.05290644   0.04404247   0.03559676 
  0.00001647   0.03284808   0.06515046   0.09639503   0.12613291   0.15400048   0.17973134   0.20315628   0.22419122   0.24281401   0.25903238   0.27284627   0.28420864   0.29298899   0.29894416   0.30170045   0.30075052   0.29546788   0.28514043   0.26902360   0.24641216   0.21672885   0.17962657   0.13510039   0.08360522   0.02617609  -0.03545010  -0.09870861  -0.16007218  -0.21492029  -0.25752827  -0.28162266  -0.28236624  -0.25956956  -0.21881168  -0.16843438  -0.11592490  -0.06651536  -0.02331803   0.01214719   0.03946771   0.05896496   0.07141617   0.07784805   0.07938594   0.07714694   0.07216830   0.06536411   0.05750381   0.04920707   0.04095015 
  0.00001147   0.02288398   0.04546840   0.06747535   0.08866753   0.10886202   0.12793699   0.14583022   0.16252901   0.17805222   0.19242575   0.20565356   0.21768706   0.22839580   0.23754261   0.24476640   0.24957544   0.25135343   0.24938039   0.24286937   0.23101921   0.21308293   0.18844988   0.15673942   0.11790288   0.07233053   0.02096091  -0.03460805  -0.09200366  -0.14795425  -0.19816810  -0.23732167  -0.25956956  -0.26037528  -0.23948416  -0.20197994  -0.15552813  -0.10703591  -0.06134725  -0.02135670   0.01151071   0.03685535   0.05496000   0.06653332   0.07251893   0.07395532   0.07187622   0.06724350   0.06090638   0.05358079   0.04584421 
  0.00000772   0.01540951   0.03068597   0.04570975   0.06038624   0.07465399   0.08848808   0.10189796   0.11491935   0.12760061   0.13998430   0.15208534   0.16386741   0.17521971   0.18593612   0.19569912   0.20407064   0.21049193   0.21429422   0.21472173   0.21096787   0.20222514   0.18774822   0.16692922   0.13938299   0.10504011   0.06424461   0.01785431  -0.03265685  -0.08509185  -0.13641510  -0.18263914  -0.21881168  -0.23948416  -0.24040327  -0.22126759  -0.18672408  -0.14383463  -0.09898604  -0.05667282  -0.01959270   0.01091559   0.03446479   0.05130330   0.06207807   0.06765769   0.06900201   0.06706910   0.06275236   0.05684188   0.05000487 
  0.00000494   0.00987037   0.01971603   0.02952015   0.03928044   0.04901361   0.05875670   0.06856470   0.07850421   0.08864330   0.09903793   0.10971572   0.12065815   0.13178233   0.14292387   0.15382236   0.16411110   0.17331264   0.18084202   0.18601888   0.18809012   0.18626385   0.17975519   0.16784396   0.14994316   0.12567699   0.09496601   0.05811713   0.01591644  -0.03027561  -0.07842435  -0.12571267  -0.16843438  -0.20197994  -0.22126759  -0.22230892  -0.20476920  -0.17290786  -0.13324533  -0.09169940  -0.05244827  -0.01801073   0.01035373   0.03227006   0.04795627   0.05800394   0.06321389   0.06447473   0.06267584   0.05864826   0.05312824 
  0.00000291   0.00582247   0.01168680   0.01763911   0.02373333   0.03003329   0.03661283   0.04355356   0.05093995   0.05885196   0.06735514   0.07648884   0.08625293   0.09659381   0.10739060   0.11844245   0.12945815   0.14004923   0.14972799   0.15791178   0.16393501   0.16707017   0.16655878   0.16165315   0.15166882   0.13604720   0.11442714   0.08672357   0.05321088   0.01460949  -0.02782506  -0.07220828  -0.11592490  -0.15552813  -0.18672408  -0.20476920  -0.20592166  -0.18982336  -0.16038802  -0.12364839  -0.08509788  -0.04862735  -0.01659208   0.00982155   0.03025069   0.04488661   0.05427116   0.05914395   0.06032897   0.05865312   0.05489061 
  0.00000145   0.00291467   0.00590837   0.00906218   0.01246086   0.01619351   0.02035311   0.02503451   0.03033069   0.03632746   0.04309635   0.05068618   0.05911327   0.06835095   0.07831855   0.08887076   0.09978777   0.11076738   0.12141985   0.13126688   0.13974584   0.14622080   0.15000147   0.15037129   0.14662525   0.13811783   0.12432056   0.10488805   0.07973105   0.04909423   0.01363731  -0.02548117  -0.06651536  -0.10703591  -0.14383463  -0.17290786  -0.18982336  -0.19106820  -0.17626825  -0.14902748  -0.11493791  -0.07910774  -0.04516599  -0.01531808   0.00931734   0.02838961   0.04206648   0.05084515   0.05540982   0.05652578   0.05496300 
  0.00000043   0.00087217   0.00184038   0.00300144   0.00445352   0.00629607   0.00862909   0.01155143   0.01515803   0.01953605   0.02475991   0.03088524   0.03794182   0.04592573   0.05479086   0.06444011   0.07471666   0.08539597   0.09617910   0.10668839   0.11646654   0.12498037   0.13163049   0.13576832   0.13672141   0.13382798   0.12648085   0.11418061   0.09659701   0.07363704   0.04551786   0.01284312  -0.02331803  -0.06134725  -0.09898604  -0.13324533  -0.16038802  -0.17626825  -0.17758517  -0.16395423  -0.13870086  -0.10701761  -0.07366215  -0.04202419  -0.01417154   0.00884006   0.02667205   0.03947155   0.04769556   0.05197806   0.05303092 
 -0.00000027  -0.00051847  -0.00093730  -0.00115667  -0.00107655  -0.00059706   0.00038078   0.00195368   0.00421404   0.00724719   0.01112788   0.01591601   0.02165153   0.02834863   0.03598932   0.04451627   0.05382547   0.06375868   0.07409642   0.08455193   0.09476710   0.10431138   0.11268480   0.11932647   0.12362973   0.12496520   0.12271234   0.11630005   0.10525599   0.08926385   0.06822707   0.04233749   0.01214719  -0.02135670  -0.05667282  -0.09169940  -0.12364839  -0.14902748  -0.16395423  -0.16532425  -0.15274681  -0.12929613  -0.09980179  -0.06870169  -0.03916646  -0.01313722   0.00838879   0.02508497   0.03708031   0.04479557   0.04881912 
 -0.00000072  -0.00142224  -0.00274969  -0.00388759  -0.00474135  -0.00521693  -0.00522144  -0.00466426  -0.00345845  -0.00152275   0.00121594   0.00481951   0.00933496   0.01479017   0.02118896   0.02850555   0.03667839   0.04560360   0.05512821   0.06504363   0.07507998   0.08490203   0.09410780   0.10223099   0.10874828   0.11309309   0.11467647   0.11291624   0.10727460   0.09730410   0.08270121   0.06336620   0.03946771   0.01151071  -0.01959270  -0.05244827  -0.08509788  -0.11493791  -0.13870086  -0.15274681  -0.15415329  -0.14252677  -0.12071427  -0.09321481  -0.06417404  -0.03656160  -0.01220179   0.00796258   0.02361673   0.03487366   0.04212139 
 -0.00000099  -0.00196621  -0.00384743  -0.00555865  -0.00701497  -0.00813183  -0.00882547  -0.00901365  -0.00861670  -0.00755896  -0.00577049  -0.00318934   0.00023584   0.00454261   0.00975105   0.01585941   0.02283916   0.03062944   0.03913100   0.04819989   0.05764128   0.06720395   0.07657622   0.08538430   0.09319411   0.09951777   0.10382590   0.10556692   0.10419394   0.09919974   0.09015977   0.07678233   0.05896496   0.03685535   0.01091559  -0.01801073  -0.04862735  -0.07910774  -0.10701761  -0.12929613  -0.14252677  -0.14395565  -0.13318910  -0.11286816  -0.08719022  -0.06003329  -0.03418230  -0.01135372   0.00756043   0.02225687   0.03283455 
 -0.00000113  -0.00224810  -0.00442344  -0.00645314  -0.00826410  -0.00978307  -0.01093688  -0.01165291  -0.01185978  -0.01148835  -0.01047302  -0.00875331  -0.00627586  -0.00299679   0.00111546   0.00607680   0.01188352   0.01850773   0.02589222   0.03394476   0.04253207   0.05147394   0.06053783   0.06943482   0.07781774   0.08528254   0.09137404   0.09559712   0.09743448   0.09637159   0.09192937   0.08370441   0.07141617   0.05496000   0.03446479   0.01035373  -0.01659208  -0.04516599  -0.07366215  -0.09980179  -0.12071427  -0.13318910  -0.13462874  -0.12464149  -0.10568125  -0.08166964  -0.05623915  -0.03200469  -0.01058301   0.00718123   0.02099597 
 -0.00000118  -0.00234284  -0.00462594  -0.00678922  -0.00877204  -0.01051302  -0.01195005  -0.01302055  -0.01366185  -0.01381190  -0.01341022  -0.01239909  -0.01072503  -0.00834066  -0.00520682  -0.00129525   0.00340834   0.00890058   0.01515619   0.02212304   0.02971682   0.03781525   0.04625242   0.05481356   0.06323097   0.07118211   0.07829054   0.08413102   0.08823983   0.09013110   0.08932008   0.08535364   0.07784805   0.06653332   0.05130330   0.03227006   0.00982155  -0.01531808  -0.04202419  -0.06870169  -0.09321481  -0.11286816  -0.12464149  -0.12608239  -0.11680279  -0.09908623  -0.07660174  -0.05275622  -0.03000784  -0.00988099   0.00682384 
 -0.00000116  -0.00230778  -0.00456846  -0.00673445  -0.00875720  -0.01058693  -0.01217235  -0.01346076  -0.01439825  -0.01493009  -0.01500147  -0.01455840  -0.01354884  -0.01192413  -0.00964074  -0.00666227  -0.00296195   0.00147444   0.00664512   0.01252822   0.01907720   0.02621565   0.03383187   0.04177334   0.04984170   0.05778877   0.06531451   0.07206772   0.07765057   0.08162811   0.08354334   0.08293896   0.07938594   0.07251893   0.06207807   0.04795627   0.03025069   0.00931734  -0.01417154  -0.03916646  -0.06417404  -0.08719022  -0.10568125  -0.11680279  -0.11823726  -0.10960154  -0.09302379  -0.07194131  -0.04955334  -0.02817336  -0.00924014 
 -0.00000110  -0.00218654  -0.00433757  -0.00641695  -0.00838732  -0.01020959  -0.01184265  -0.01324317  -0.01436568  -0.01516279  -0.01558569  -0.01558483  -0.01511081  -0.01411555  -0.01255360  -0.01038384  -0.00757138  -0.00408994   0.00007541   0.00492494   0.01044042   0.01658072   0.02327690   0.03042701   0.03789081   0.04548490   0.05297889   0.06009326   0.06649984   0.07182594   0.07566298   0.07758061   0.07714694   0.07395532   0.06765769   0.05800394   0.04488661   0.02838961   0.00884006  -0.01313722  -0.03656160  -0.06003329  -0.08166964  -0.09908623  -0.10960154  -0.11102342  -0.10297471  -0.08744160  -0.06764842  -0.04660301  -0.02648507 
 -0.00000101  -0.00201203  -0.00399871  -0.00593395  -0.00779026  -0.00953813  -0.01114560  -0.01257799  -0.01379776  -0.01476466  -0.01543600  -0.01576716  -0.01571233  -0.01522537  -0.01426094  -0.01277579  -0.01073037  -0.00809064  -0.00483034  -0.00093359   0.00360197   0.00876156   0.01450902   0.02078223   0.02748807   0.03449741   0.04164046   0.04870299   0.05542417   0.06149694   0.06657164   0.07026401   0.07216830   0.07187622   0.06900201   0.06321389   0.05427116   0.04206648   0.02667205   0.00838879  -0.01220179  -0.03418230  -0.05623915  -0.07660174  -0.09302379  -0.10297471  -0.10437908  -0.09686654  -0.08229333  -0.06368773  -0.04388091 
 -0.00000091  -0.00180877  -0.00360074  -0.00535832  -0.00706243  -0.00869183  -0.01022260  -0.01162777  -0.01287711  -0.01393713  -0.01477121  -0.01533998  -0.01560184  -0.01551367  -0.01503173  -0.01411272  -0.01271502  -0.01080024  -0.00833493  -0.00529274  -0.00165687   0.00257695   0.00739699   0.01277158   0.01864467   0.02493109   0.03151176   0.03822919   0.04488386   0.05123204   0.05698601   0.06181730   0.06536411   0.06724350   0.06706910   0.06447473   0.05914395   0.05084515   0.03947155   0.02508497   0.00796258  -0.01135372  -0.03200469  -0.05275622  -0.07194131  -0.08744160  -0.09686654  -0.09824954  -0.09122764  -0.07753791  -0.06002790 
 -0.00000080  -0.00159464  -0.00317940  -0.00474365  -0.00627523  -0.00775980  -0.00918031  -0.01051654  -0.01174482  -0.01283791  -0.01376507  -0.01449226  -0.01498252  -0.01519650  -0.01509320  -0.01463079  -0.01376764  -0.01246353  -0.01068106  -0.00838736  -0.00555603  -0.00216952   0.00177804   0.00627761   0.01130142   0.01679886   0.02269187   0.02887044   0.03518827   0.04145923   0.04745528   0.05290644   0.05750381   0.06090638   0.06275236   0.06267584   0.06032897   0.05540982   0.04769556   0.03708031   0.02361673   0.00756043  -0.01058301  -0.03000784  -0.04955334  -0.06764842  -0.08229333  -0.09122764  -0.09258627  -0.08601411  -0.07313881 
 -0.00000069  -0.00138229  -0.00276013  -0.00412831  -0.00548020  -0.00680707  -0.00809757  -0.00933720  -0.01050806  -0.01158861  -0.01255365  -0.01337437  -0.01401865  -0.01445142  -0.01463519  -0.01453076  -0.01409798  -0.01329676  -0.01208818  -0.01043587  -0.00830754  -0.00567691  -0.00252590   0.00115268   0.00535207   0.01004795   0.01519450   0.02072009   0.02652288   0.03246674   0.03837783   0.04404247   0.04920707   0.05358079   0.05684188   0.05864826   0.05865312   0.05652578   0.05197806   0.04479557   0.03487366   0.02225687   0.00718123  -0.00988099  -0.02817336  -0.04660301  -0.06368773  -0.07753791  -0.08601411  -0.08734609  -0.08118688 
 -0.00000059  -0.00118033  -0.00236026  -0.00353868  -0.00471320  -0.00587950  -0.00703080  -0.00815739  -0.00924631  -0.01028107  -0.01124156  -0.01210401  -0.01284112  -0.01342235  -0.01381425  -0.01398102  -0.01388510  -0.01348795  -0.01275098  -0.01163660  -0.01010947  -0.00813803  -0.00569623  -0.00276568   0.00066188   0.00458160   0.00897220   0.01379212   0.01897549   0.02442791   0.03002254   0.03559676   0.04095015   0.04584421   0.05000487   0.05312824   0.05489061   0.05496300   0.05303092   0.04881912   0.04212139   0.03283455   0.02099597   0.00682384  -0.00924014  -0.02648507  -0.04388091  -0.06002790  -0.07313881  -0.08118688  -0.08249050 
#
