# coconut-me2b/v0.99.21 
# 
# momentum space matrix elements 
# partial wave J=2, L=2/2, S=0, T=1, MT=1 
# 
# momentum grid [fm^-1]
0.000000 0.200000 0.400000 0.600000 0.800000 1.000000 1.200000 1.400000 1.600000 1.800000 2.000000 2.200000 2.400000 2.600000 2.800000 3.000000 3.200000 3.400000 3.600000 3.800000 4.000000 4.200000 4.400000 4.600000 4.800000 5.000000 5.200000 5.400000 5.600000 5.800000 6.000000 6.200000 6.400000 6.600000 6.800000 7.000000 7.200000 7.400000 7.600000 7.800000 8.000000 8.200000 8.400000 8.600000 8.800000 9.000000 9.200000 9.400000 9.600000 9.800000 10.000000 
#
# matrix elements [MeV fm^3] 
  0.00000000  -0.00000002  -0.00000003  -0.00000004  -0.00000003  -0.00000002  -0.00000002  -0.00000002  -0.00000002  -0.00000001  -0.00000001  -0.00000001  -0.00000001  -0.00000001  -0.00000000  -0.00000000  -0.00000000  -0.00000000  -0.00000000  -0.00000000   0.00000000   0.00000000   0.00000000   0.00000000   0.00000000   0.00000000   0.00000000   0.00000000   0.00000000   0.00000000   0.00000000   0.00000000   0.00000000   0.00000000   0.00000000   0.00000000   0.00000000   0.00000000   0.00000000   0.00000000   0.00000000   0.00000000   0.00000000   0.00000000   0.00000000  -0.00000000  -0.00000000  -0.00000000  -0.00000000  -0.00000000  -0.00000000 
 -0.00000002   4.56400320   2.89038157  -0.82119716   0.37035146  -0.32922770   0.08242772  -0.16200132   0.00108831  -0.08689549  -0.02618842  -0.04444955  -0.03257730  -0.01749246  -0.03051287  -0.00021348  -0.02559685   0.01010907  -0.02028808   0.01533474  -0.01549100   0.01697476  -0.01140303   0.01625787  -0.00796661   0.01413021  -0.00507892   0.01128132  -0.00266266   0.00819460  -0.00067179   0.00520068   0.00092226   0.00251923   0.00214289   0.00028629   0.00301400  -0.00142881   0.00356135  -0.00261120   0.00381276  -0.00328912   0.00379904  -0.00352214   0.00355542  -0.00338952   0.00312280  -0.00297967   0.00254776  -0.00238166   0.00188112 
 -0.00000003   2.89038157   3.93801984   0.66370774  -0.33342022  -0.20552100  -0.32036116  -0.22306242  -0.24812263  -0.18815932  -0.18426127  -0.14234820  -0.12632902  -0.09626517  -0.07717909  -0.05687629  -0.03941412  -0.02722096  -0.01320336  -0.00723068   0.00313740   0.00480826   0.01202578   0.01105673   0.01579164   0.01344765   0.01629987   0.01345176   0.01489577   0.01209749   0.01250197   0.01008069   0.00974171   0.00786901   0.00703124   0.00576958   0.00463393   0.00396620   0.00269129   0.00254284   0.00124693   0.00150593   0.00027204   0.00080920  -0.00030735   0.00037897  -0.00058485   0.00013575  -0.00065379   0.00000919  -0.00059455 
 -0.00000004  -0.82119716   0.66370774   1.81848940  -0.05056147  -0.56782387  -0.53667580  -0.55359631  -0.47607856  -0.44603044  -0.37336193  -0.33055923  -0.26500966  -0.22154728  -0.16704841  -0.13031530  -0.08912956  -0.06204442  -0.03373259  -0.01602097   0.00159839   0.01176921   0.02142580   0.02623113   0.03042222   0.03174645   0.03242489   0.03167284   0.03024198   0.02838509   0.02581945   0.02351148   0.02048446   0.01816023   0.01513239   0.01306802   0.01033689   0.00868268   0.00641269   0.00521663   0.00346515   0.00269789   0.00144404   0.00102709   0.00020197   0.00003551  -0.00045050  -0.00046491  -0.00070163  -0.00064622  -0.00071134 
 -0.00000003   0.37035146  -0.33342022  -0.05056147   0.60950717  -0.56137048  -0.88315525  -0.85192558  -0.82129433  -0.72406904  -0.65219408  -0.54878202  -0.46946089  -0.37377911  -0.30210219  -0.22324497  -0.16713476  -0.10851633  -0.06964850  -0.03001955  -0.00619607   0.01806850   0.03053410   0.04354550   0.04828565   0.05361827   0.05354433   0.05392668   0.05113552   0.04852882   0.04445788   0.04025123   0.03586775   0.03104544   0.02698190   0.02222569   0.01885754   0.01460276   0.01209640   0.00857233   0.00692860   0.00420177   0.00330524   0.00132884   0.00099997  -0.00033675  -0.00029463  -0.00112499  -0.00089062  -0.00134206  -0.00105600 
 -0.00000002  -0.32922770  -0.20552100  -0.56782387  -0.56137048  -0.18456712  -0.98157204  -1.19233555  -1.13855825  -1.06787428  -0.93947074  -0.82791983  -0.69055354  -0.57710991  -0.45285415  -0.35583699  -0.25630329  -0.18346294  -0.11150080  -0.06277754  -0.01547227   0.01333749   0.04131083   0.05556233   0.06965073   0.07417580   0.07890154   0.07743273   0.07619488   0.07140535   0.06666383   0.06041290   0.05393825   0.04749835   0.04055303   0.03475390   0.02819484   0.02350659   0.01784780   0.01444424   0.00991578   0.00774331   0.00436116   0.00321719   0.00085975   0.00047045  -0.00105061  -0.00096545  -0.00185048  -0.00153337  -0.00196076 
 -0.00000002   0.08242772  -0.32036116  -0.53667580  -0.88315525  -0.98157204  -0.75897299  -1.32612499  -1.45683699  -1.37188741  -1.26307349  -1.10176426  -0.95464083  -0.78696316  -0.64510610  -0.49795211  -0.38119073  -0.26654772  -0.18141805  -0.10058808  -0.04502868   0.00674052   0.03871521   0.06821985   0.08324536   0.09695146   0.10071842   0.10385086   0.10069761   0.09718585   0.09025672   0.08299205   0.07452464   0.06561961   0.05716685   0.04812132   0.04068313   0.03247881   0.02658820   0.01976314   0.01557124   0.01030668   0.00768421   0.00390794   0.00255594   0.00004797  -0.00039972  -0.00191645  -0.00181417  -0.00260935  -0.00225059 
 -0.00000002  -0.16200132  -0.22306242  -0.55359631  -0.85192558  -1.19233555  -1.32612499  -1.18187409  -1.58915510  -1.65445259  -1.53680796  -1.39401470  -1.20415147  -1.02874928  -0.83817871  -0.67574216  -0.51305057  -0.38305967  -0.25914000  -0.16630839  -0.08063389  -0.02109150   0.03260215   0.06611744   0.09561703   0.11053481   0.12293534   0.12547662   0.12647255   0.12141021   0.11534951   0.10622432   0.09637554   0.08576451   0.07453894   0.06423811   0.05332199   0.04445776   0.03490123   0.02802602   0.02033956   0.01554807   0.00982591   0.00689436   0.00295438   0.00148344  -0.00099981  -0.00146181  -0.00285105  -0.00271998  -0.00334596 
 -0.00000002   0.00108831  -0.24812263  -0.47607856  -0.82129433  -1.13855825  -1.45683699  -1.58915510  -1.47887444  -1.76647763  -1.77763011  -1.63133143  -1.46189179  -1.25140475  -1.05680592  -0.85206632  -0.67719328  -0.50614123  -0.36889104  -0.24067448  -0.14393964  -0.05649640   0.00484768   0.05869764   0.09257432   0.12108200   0.13527053   0.14582999   0.14684066   0.14545630   0.13839254   0.12976233   0.11851458   0.10624007   0.09368410   0.08042386   0.06854845   0.05611442   0.04611841   0.03557068   0.02798047   0.01975736   0.01458267   0.00866595   0.00557831   0.00166841   0.00017244  -0.00215632  -0.00258498  -0.00376911  -0.00359241 
 -0.00000001  -0.08689549  -0.18815932  -0.44603044  -0.72406904  -1.06787428  -1.37188741  -1.65445259  -1.76647763  -1.66649753  -1.86275383  -1.83145286  -1.66414985  -1.47719010  -1.25517132  -1.05038737  -0.83958522  -0.65929607  -0.48571354  -0.34581740  -0.21693130  -0.11897988  -0.03181917   0.02986927   0.08276522   0.11622588   0.14315020   0.15620254   0.16464265   0.16395701   0.16014923   0.15111278   0.14006668   0.12688422   0.11248774   0.09828293   0.08337873   0.07027096   0.05672974   0.04593265   0.03476955   0.02674313   0.01829058   0.01294085   0.00705613   0.00394989   0.00022035  -0.00122190  -0.00330851  -0.00366697  -0.00460427 
 -0.00000001  -0.02618842  -0.18426127  -0.37336193  -0.65219408  -0.93947074  -1.26307349  -1.53680796  -1.77763011  -1.86275383  -1.76308045  -1.89094798  -1.82926901  -1.64989672  -1.45444397  -1.22918909  -1.02172853  -0.81119594  -0.63065428  -0.45858553  -0.31911404  -0.19184909  -0.09436004  -0.00871320   0.05240432   0.10367451   0.13619694   0.16117958   0.17281855   0.17901497   0.17656450   0.17042139   0.15953436   0.14634131   0.13149498   0.11536690   0.09986750   0.08375706   0.06978526   0.05555454   0.04428425   0.03285747   0.02465173   0.01623468   0.01088838   0.00521404   0.00219817  -0.00124593  -0.00257792  -0.00437210  -0.00463780 
 -0.00000001  -0.04444955  -0.14234820  -0.33055923  -0.54878202  -0.82791983  -1.10176426  -1.39401470  -1.63133143  -1.83145286  -1.89094798  -1.78976883  -1.86849600  -1.78762075  -1.60439303  -1.40789176  -1.18571885  -0.98089130  -0.77481046  -0.59725213  -0.42908444  -0.29181569  -0.16745020  -0.07141094   0.01199802   0.07192748   0.12112281   0.15230015   0.17509476   0.18510931   0.18902725   0.18481099   0.17650741   0.16395980   0.14895975   0.13277088   0.11534055   0.09892138   0.08204388   0.06756665   0.05303416   0.04158741   0.03019968   0.02203103   0.01385952   0.00865572   0.00331915   0.00047073  -0.00262457  -0.00381182  -0.00529415 
 -0.00000001  -0.03257730  -0.12632902  -0.26500966  -0.46946089  -0.69055354  -0.95464083  -1.20415147  -1.46189179  -1.66414985  -1.82926901  -1.86849600  -1.76790226  -1.81302116  -1.72202739  -1.54118400  -1.34876878  -1.13365483  -0.93457231  -0.73520241  -0.56231544  -0.39922943  -0.26509817  -0.14431910  -0.05037029   0.03029981   0.08852555   0.13527125   0.16472893   0.18513863   0.19335758   0.19502296   0.18909422   0.17886504   0.16489437   0.14846413   0.13127549   0.11297376   0.09599937   0.07876224   0.06410292   0.04960294   0.03822874   0.02712163   0.01915835   0.01138478   0.00642208   0.00150315  -0.00113008  -0.00384831  -0.00487469 
 -0.00000001  -0.01749246  -0.09626517  -0.22154728  -0.37377911  -0.57710991  -0.78696316  -1.02874928  -1.25140475  -1.47719010  -1.64989672  -1.78762075  -1.81302116  -1.71602737  -1.73915922  -1.64442104  -1.46981482  -1.28431297  -1.07816597  -0.88621431  -0.69445040  -0.52694645  -0.36944832  -0.23899390  -0.12225904  -0.03095306   0.04651680   0.10252011   0.14645175   0.17382658   0.19169146   0.19798683   0.19747988   0.18994265   0.17806510   0.16293933   0.14546543   0.12761701   0.10884826   0.09165043   0.07440807   0.05983964   0.04564162   0.03453480   0.02388642   0.01624896   0.00897218   0.00431293  -0.00014865  -0.00254284  -0.00488281 
 -0.00000000  -0.03051287  -0.07717909  -0.16704841  -0.30210219  -0.45285415  -0.64510610  -0.83817871  -1.05680592  -1.25517132  -1.45444397  -1.60439303  -1.72202739  -1.73915922  -1.64800646  -1.65704618  -1.56231210  -1.39566620  -1.21809925  -1.02138060  -0.83688324  -0.65288652  -0.49104604  -0.33941068  -0.21310109  -0.10086470  -0.01279562   0.06098223   0.11422502   0.15499185   0.17995417   0.19516736   0.19947085   0.19692773   0.18793438   0.17471328   0.15871490   0.14057168   0.12238188   0.10350481   0.08636873   0.06941151   0.05515070   0.04145711   0.03075939   0.02068895   0.01345536   0.00672868   0.00240582  -0.00159011  -0.00373900 
 -0.00000000  -0.00021348  -0.05687629  -0.13031530  -0.22324497  -0.35583699  -0.49795211  -0.67574216  -0.85206632  -1.05038737  -1.22918909  -1.40789176  -1.54118400  -1.64442104  -1.65704618  -1.57258418  -1.57232523  -1.47928292  -1.32082728  -1.15112057  -0.96354073  -0.78638193  -0.61009638  -0.45415691  -0.30869948  -0.18709097  -0.07988467   0.00429712   0.07387787   0.12384379   0.16114801   0.18344030   0.19597073   0.19828845   0.19390039   0.18364540   0.16939803   0.15280894   0.13434140   0.11609361   0.09741019   0.08056804   0.06411974   0.05032794   0.03727878   0.02708468   0.01766090   0.01087467   0.00471540   0.00073996  -0.00280471 
 -0.00000000  -0.02559685  -0.03941412  -0.08912956  -0.16713476  -0.25630329  -0.38119073  -0.51305057  -0.67719328  -0.83958522  -1.02172853  -1.18571885  -1.34876878  -1.46981482  -1.56231210  -1.57232523  -1.49413627  -1.48715801  -1.39620710  -1.24540485  -1.08305818  -0.90414714  -0.73421460  -0.56568256  -0.41602976  -0.27720167  -0.16095535  -0.05936061   0.02028572   0.08521274   0.13146869   0.16511032   0.18458047   0.19448711   0.19490395   0.18890926   0.17761779   0.16265814   0.14574599   0.12725742   0.10919209   0.09094324   0.07457390   0.05879510   0.04558390   0.03326495   0.02363006   0.01488125   0.00855964   0.00295855  -0.00067351 
 -0.00000000   0.01010907  -0.02722096  -0.06204442  -0.10851633  -0.18346294  -0.26654772  -0.38305967  -0.50614123  -0.65929607  -0.81119594  -0.98089130  -1.13365483  -1.28431297  -1.39566620  -1.47928292  -1.48715801  -1.41405711  -1.40163793  -1.31262270  -1.16877491  -1.01334342  -0.84280116  -0.68020571  -0.51968046  -0.37686969  -0.24522432  -0.13503279  -0.03959846   0.03495042   0.09488281   0.13713156   0.16703862   0.18365564   0.19108689   0.18975859   0.18242774   0.17034060   0.15496454   0.13797157   0.11971619   0.10202764   0.08439445   0.06862737   0.05362278   0.04106182   0.02951473   0.02046447   0.01238853   0.00653024   0.00146001 
 -0.00000000  -0.02028808  -0.01320336  -0.03373259  -0.06964850  -0.11150080  -0.18141805  -0.25914000  -0.36889104  -0.48571354  -0.63065428  -0.77481046  -0.93457231  -1.07816597  -1.21809925  -1.32082728  -1.39620710  -1.40163793  -1.33224307  -1.31511098  -1.22785646  -1.09048091  -0.94181795  -0.77964196  -0.62474539  -0.47265293  -0.33732398  -0.21341573  -0.10989789  -0.02105100   0.04799705   0.10275627   0.14086417   0.16709985   0.18094945   0.18612853   0.18326436   0.17488130   0.16223913   0.14671220   0.12984767   0.11202792   0.09486526   0.07797397   0.06289567   0.04872334   0.03684892   0.02608132   0.01761912   0.01019254   0.00478405 
 -0.00000000   0.01533474  -0.00723068  -0.01602097  -0.03001955  -0.06277754  -0.10058808  -0.16630839  -0.24067448  -0.34581740  -0.45858553  -0.59725213  -0.73520241  -0.88621431  -1.02138060  -1.15112057  -1.24540485  -1.31262270  -1.31511098  -1.24828616  -1.22711155  -1.14170990  -1.01068545  -0.86897803  -0.71542312  -0.56874361  -0.42556577  -0.29831806  -0.18259202  -0.08620080  -0.00418265   0.05916032   0.10874591   0.14274249   0.16549071   0.17675510   0.17995652   0.17579733   0.16664084   0.15367026   0.13821938   0.12165577   0.10442360   0.08789453   0.07182394   0.05748558   0.04416657   0.03298987   0.02298468   0.01509885   0.00828425 
  0.00000000  -0.01549100   0.00313740   0.00159839  -0.00619607  -0.01547227  -0.04502868  -0.08063389  -0.14393964  -0.21693130  -0.31911404  -0.42908444  -0.56231544  -0.69445040  -0.83688324  -0.96354073  -1.08305818  -1.16877491  -1.22785646  -1.22711155  -1.16220037  -1.13782655  -1.05470175  -0.93023293  -0.79590187  -0.65135033  -0.51342005  -0.37956405  -0.26084444  -0.15355460  -0.06452219   0.01063706   0.06827461   0.11285069   0.14290570   0.16244229   0.17137130   0.17289433   0.16769101   0.15801907   0.14492256   0.12973204   0.11360469   0.09706594   0.08124226   0.06603215   0.05245716   0.03998471   0.02949889   0.02022226   0.01289140 
  0.00000000   0.01697476   0.00480826   0.01176921   0.01806850   0.01333749   0.00674052  -0.02109150  -0.05649640  -0.11897988  -0.19184909  -0.29181569  -0.39922943  -0.52694645  -0.65288652  -0.78638193  -0.90414714  -1.01334342  -1.09048091  -1.14170990  -1.13782655  -1.07468459  -1.04815387  -0.96797737  -0.85045919  -0.72400341  -0.58881627  -0.46004985  -0.33574784  -0.22578017  -0.12695216  -0.04527818   0.02319231   0.07530352   0.11516515   0.14155264   0.15821049   0.16509108   0.16523566   0.15923103   0.14927010   0.13622008   0.12143160   0.10584112   0.09006171   0.07498561   0.06064520   0.04783620   0.03618381   0.02636975   0.01777748 
  0.00000000  -0.01140303   0.01202578   0.02142580   0.03053410   0.04131083   0.03871521   0.03260215   0.00484768  -0.03181917  -0.09436004  -0.16745020  -0.26509817  -0.36944832  -0.49104604  -0.61009638  -0.73421460  -0.84280116  -0.94181795  -1.01068545  -1.05470175  -1.04815387  -0.98704037  -0.95949937  -0.88303863  -0.77289619  -0.65474422  -0.52914240  -0.40974932  -0.29500710  -0.19377058  -0.10320729  -0.02868248   0.03343303   0.08033448   0.11586488   0.13892365   0.15305930   0.15818865   0.15723659   0.15065270   0.14059208   0.12772891   0.11344453   0.09846084   0.08347388   0.06916415   0.05567994   0.04362460   0.03275273   0.02358348 
  0.00000000   0.01625787   0.01105673   0.02623113   0.04354550   0.05556233   0.06821985   0.06611744   0.05869764   0.02986927  -0.00871320  -0.07141094  -0.14431910  -0.23899390  -0.33941068  -0.45415691  -0.56568256  -0.68020571  -0.77964196  -0.86897803  -0.93023293  -0.96797737  -0.95949937  -0.90090376  -0.87346713  -0.80143392  -0.69898903  -0.58939486  -0.47339206  -0.36334251  -0.25793664  -0.16518544  -0.08250381  -0.01475562   0.04145320   0.08355127   0.11517937   0.13527698   0.14724312   0.15090820   0.14911092   0.14214167   0.13213236   0.11956537   0.10585256   0.09151981   0.07733269   0.06379035   0.05113288   0.03980860   0.02967002 
  0.00000000  -0.00796661   0.01579164   0.03042222   0.04828565   0.06965073   0.08324536   0.09561703   0.09257432   0.08276522   0.05240432   0.01199802  -0.05037029  -0.12225904  -0.21310109  -0.30869948  -0.41602976  -0.51968046  -0.62474539  -0.71542312  -0.79590187  -0.85045919  -0.88303863  -0.87346713  -0.81793500  -0.79156446  -0.72450335  -0.62989333  -0.52888823  -0.42227653  -0.32131325  -0.22482417  -0.14013336  -0.06481705  -0.00336342   0.04745133   0.08519776   0.11336221   0.13086646   0.14099260   0.14345667   0.14102913   0.13383755   0.12399438   0.11180491   0.09870240   0.08504397   0.07164497   0.05885801   0.04698749   0.03636496 
  0.00000000   0.01413021   0.01344765   0.03174645   0.05361827   0.07417580   0.09695146   0.11053481   0.12108200   0.11622588   0.10367451   0.07192748   0.03029981  -0.03095306  -0.10086470  -0.18709097  -0.27720167  -0.37686969  -0.47265293  -0.56874361  -0.65135033  -0.72400341  -0.77289619  -0.80143392  -0.79156446  -0.73956353  -0.71499178  -0.65322358  -0.56637468  -0.47376866  -0.37614427  -0.28382494  -0.19568964  -0.11851193  -0.04996678   0.00573267   0.05168692   0.08554278   0.11066550   0.12592466   0.13450563   0.13600118   0.13312069   0.12583941   0.11624537   0.10449068   0.09201457   0.07903766   0.06640163   0.05434886   0.04321956 
  0.00000000  -0.00507892   0.01629987   0.03242489   0.05354433   0.07890154   0.10071842   0.12293534   0.13527053   0.14315020   0.13619694   0.12112281   0.08852555   0.04651680  -0.01279562  -0.07988467  -0.16095535  -0.24522432  -0.33732398  -0.42556577  -0.51342005  -0.58881627  -0.65474422  -0.69898903  -0.72450335  -0.71499178  -0.66683364  -0.64453912  -0.58815469  -0.50879876  -0.42421607  -0.33502817  -0.25078150  -0.17035102  -0.10007210  -0.03767502   0.01282672   0.05444219   0.08485213   0.10732144   0.12065262   0.12794370   0.12867013   0.12547859   0.11821249   0.10892390   0.09764142   0.08579078   0.07349036   0.06158343   0.05023741 
  0.00000000   0.01128132   0.01345176   0.03167284   0.05392668   0.07743273   0.10385086   0.12547662   0.14582999   0.15620254   0.16117958   0.15230015   0.13527125   0.10252011   0.06098223   0.00429712  -0.05936061  -0.13503279  -0.21341573  -0.29831806  -0.37956405  -0.46004985  -0.52914240  -0.58939486  -0.62989333  -0.65322358  -0.64453912  -0.60035357  -0.58057697  -0.52946692  -0.45718406  -0.38011541  -0.29872235  -0.22190446  -0.14849571  -0.08448067  -0.02761734   0.01822850   0.05599336   0.08336961   0.10353175   0.11521560   0.12143251   0.12155711   0.11816514   0.11099494   0.10204685   0.09125812   0.08001988   0.06838196   0.05716524 
  0.00000000  -0.00266266   0.01489577   0.03024198   0.05113552   0.07619488   0.10069761   0.12647255   0.14684066   0.16464265   0.17281855   0.17509476   0.16472893   0.14645175   0.11422502   0.07387787   0.02028572  -0.03959846  -0.10989789  -0.18259202  -0.26084444  -0.33574784  -0.40974932  -0.47339206  -0.52888823  -0.56637468  -0.58815469  -0.58057697  -0.54032517  -0.52311215  -0.47701522  -0.41128636  -0.34114360  -0.26686487  -0.19680757  -0.12974395  -0.07137164  -0.01946196   0.02223540   0.05659245   0.08130677   0.09946351   0.10974353   0.11506534   0.11472616   0.11121809   0.10420418   0.09561537   0.08532950   0.07468248   0.06368661 
  0.00000000   0.00819460   0.01209749   0.02838509   0.04852882   0.07140535   0.09718585   0.12141021   0.14545630   0.16395701   0.17901497   0.18510931   0.18513863   0.17382658   0.15499185   0.12384379   0.08521274   0.03495042  -0.02105100  -0.08620080  -0.15355460  -0.22578017  -0.29500710  -0.36334251  -0.42227653  -0.47376866  -0.50879876  -0.52946692  -0.52311215  -0.48662197  -0.47187643  -0.43043236  -0.37068946  -0.30685352  -0.23901130  -0.17505829  -0.11369763  -0.06038307  -0.01289569   0.02511576   0.05645801   0.07883929   0.09524970   0.10433423   0.10890790   0.10821738   0.10465629   0.09784238   0.08961966   0.07983622   0.06975434 
  0.00000000  -0.00067179   0.01250197   0.02581945   0.04445788   0.06666383   0.09025672   0.11534951   0.13839254   0.16014923   0.17656450   0.18902725   0.19335758   0.19169146   0.17995417   0.16114801   0.13146869   0.09488281   0.04799705  -0.00418265  -0.06452219  -0.12695216  -0.19377058  -0.25793664  -0.32131325  -0.37614427  -0.42421607  -0.45718406  -0.47701522  -0.47187643  -0.43888549  -0.42642151  -0.38921849  -0.33488574  -0.27674323  -0.21469143  -0.15622237  -0.09997327  -0.05117998  -0.00763836   0.02710110   0.05577247   0.07610797   0.09099250   0.09905819   0.10300362   0.10205237   0.09848470   0.09190101   0.08404282   0.07475414 
  0.00000000   0.00520068   0.01008069   0.02351148   0.04025123   0.06041290   0.08299205   0.10622432   0.12976233   0.15111278   0.17042139   0.18481099   0.19502296   0.19798683   0.19516736   0.18344030   0.16511032   0.13713156   0.10275627   0.05916032   0.01063706  -0.04527818  -0.10320729  -0.16518544  -0.22482417  -0.28382494  -0.33502817  -0.38011541  -0.41128636  -0.43043236  -0.42642151  -0.39661786  -0.38620328  -0.35281523  -0.30333837  -0.25030641  -0.19344805  -0.13989202  -0.08822114  -0.04346596  -0.00344856   0.02838480   0.05468374   0.07322241   0.08676790   0.09396364   0.09737852   0.09623890   0.09269838   0.08636439   0.07886359 
  0.00000000   0.00092226   0.00974171   0.02048446   0.03586775   0.05393825   0.07452464   0.09637554   0.11851458   0.14006668   0.15953436   0.17650741   0.18909422   0.19747988   0.19947085   0.19597073   0.18458047   0.16703862   0.14086417   0.10874591   0.06827461   0.02319231  -0.02868248  -0.08250381  -0.14013336  -0.19568964  -0.25078150  -0.29872235  -0.34114360  -0.37068946  -0.38921849  -0.38620328  -0.35925820  -0.35064693  -0.32065954  -0.27552400  -0.22706451  -0.17485980  -0.12570096  -0.07813385  -0.03698683  -0.00012376   0.02912453   0.05330914   0.07026569   0.08263059   0.08908142   0.09204562   0.09077485   0.08728576   0.08121242 
  0.00000000   0.00251923   0.00786901   0.01816023   0.03104544   0.04749835   0.06561961   0.08576451   0.10624007   0.12688422   0.14634131   0.16395980   0.17886504   0.18994265   0.19692773   0.19828845   0.19448711   0.18365564   0.16709985   0.14274249   0.11285069   0.07530352   0.03343303  -0.01475562  -0.06481705  -0.11851193  -0.17035102  -0.22190446  -0.26686487  -0.30685352  -0.33488574  -0.35281523  -0.35064693  -0.32623827  -0.31919167  -0.29221823  -0.25095815  -0.20658420  -0.15855199  -0.11332991  -0.06944787  -0.03152923   0.00250290   0.02944658   0.05174011   0.06729933   0.07861844   0.08442913   0.08700841   0.08565125   0.08223098 
  0.00000000   0.00214289   0.00703124   0.01513239   0.02698190   0.04055303   0.05716685   0.07453894   0.09368410   0.11248774   0.13149498   0.14895975   0.16489437   0.17806510   0.18793438   0.19390039   0.19490395   0.19108689   0.18094945   0.16549071   0.14290570   0.11516515   0.08033448   0.04145320  -0.00336342  -0.04996678  -0.10007210  -0.14849571  -0.19680757  -0.23901130  -0.27674323  -0.30333837  -0.32065954  -0.31919167  -0.29701835  -0.29131743  -0.26700690  -0.22920741  -0.18848422  -0.14419924  -0.10250600  -0.06194099  -0.02691665   0.00456724   0.02945087   0.05004693   0.06436773   0.07475648   0.08001469   0.08226368   0.08085468 
  0.00000000   0.00028629   0.00576958   0.01306802   0.02222569   0.03475390   0.04812132   0.06423811   0.08042386   0.09828293   0.11536690   0.13277088   0.14846413   0.16293933   0.17471328   0.18364540   0.18890926   0.18975859   0.18612853   0.17675510   0.16244229   0.14155264   0.11586488   0.08355127   0.04745133   0.00573267  -0.03767502  -0.08448067  -0.12974395  -0.17505829  -0.21469143  -0.25030641  -0.27552400  -0.29221823  -0.29131743  -0.27110690  -0.26655779  -0.24459733  -0.20989275  -0.17243530  -0.13152326  -0.09299902  -0.05542767  -0.02300426   0.00617901   0.02921576   0.04828306   0.06150211   0.07106001   0.07583899   0.07780365 
  0.00000000   0.00301400   0.00463393   0.01033689   0.01885754   0.02819484   0.04068313   0.05332199   0.06854845   0.08337873   0.09986750   0.11534055   0.13127549   0.14546543   0.15871490   0.16939803   0.17761779   0.18242774   0.18326436   0.17995652   0.17137130   0.15821049   0.13892365   0.11517937   0.08519776   0.05168692   0.01282672  -0.02761734  -0.07137164  -0.11369763  -0.15622237  -0.19344805  -0.22706451  -0.25095815  -0.26700690  -0.26655779  -0.24806856  -0.24450357  -0.22461775  -0.19268740  -0.15815636  -0.12028810  -0.08461606  -0.04975377  -0.01967381   0.00742656   0.02880234   0.04648869   0.05872364   0.06753720   0.07189811 
  0.00000000  -0.00142881   0.00396620   0.00868268   0.01460276   0.02350659   0.03247881   0.04445776   0.05611442   0.07027096   0.08375706   0.09892138   0.11297376   0.12761701   0.14057168   0.15280894   0.16265814   0.17034060   0.17488130   0.17579733   0.17289433   0.16509108   0.15305930   0.13527698   0.11336221   0.08554278   0.05444219   0.01822850  -0.01946196  -0.06038307  -0.09997327  -0.13989202  -0.17485980  -0.20658420  -0.22920741  -0.24459733  -0.24450357  -0.22752473  -0.22480074  -0.20674883  -0.17731189  -0.14540895  -0.11029460  -0.07719593  -0.04479146  -0.01682880   0.00838094   0.02825805   0.04469373   0.05604597   0.06419097 
  0.00000000   0.00356135   0.00269129   0.00641269   0.01209640   0.01784780   0.02658820   0.03490123   0.04611841   0.05672974   0.06978526   0.08204388   0.09599937   0.10884826   0.12238188   0.13434140   0.14574599   0.15496454   0.16223913   0.16664084   0.16769101   0.16523566   0.15818865   0.14724312   0.13086646   0.11066550   0.08485213   0.05599336   0.02223540  -0.01289569  -0.05117998  -0.08822114  -0.12570096  -0.15855199  -0.18848422  -0.20989275  -0.22461775  -0.22480074  -0.20914970  -0.20714545  -0.19071793  -0.16352818  -0.13399126  -0.10137475  -0.07060400  -0.04043465  -0.01439045   0.00909928   0.02761967   0.04292016   0.05347720 
  0.00000000  -0.00261120   0.00254284   0.00521663   0.00857233   0.01444424   0.01976314   0.02802602   0.03557068   0.04593265   0.05555454   0.06756665   0.07876224   0.09165043   0.10350481   0.11609361   0.12725742   0.13797157   0.14671220   0.15367026   0.15801907   0.15923103   0.15723659   0.15090820   0.14099260   0.12592466   0.10732144   0.08336961   0.05659245   0.02511576  -0.00763836  -0.04346596  -0.07813385  -0.11332991  -0.14419924  -0.17243530  -0.19268740  -0.20674883  -0.20714545  -0.19266496  -0.19127781  -0.17629274  -0.15113362  -0.12373241  -0.09338674  -0.06472754  -0.03659506  -0.01229425   0.00962761   0.02691562   0.04118383 
  0.00000000   0.00381276   0.00124693   0.00346515   0.00692860   0.00991578   0.01557124   0.02033956   0.02798047   0.03476955   0.04428425   0.05303416   0.06410292   0.07440807   0.08636873   0.09741019   0.10919209   0.11971619   0.12984767   0.13821938   0.14492256   0.14927010   0.15065270   0.14911092   0.14345667   0.13450563   0.12065262   0.10353175   0.08130677   0.05645801   0.02710110  -0.00344856  -0.03698683  -0.06944787  -0.10250600  -0.13152326  -0.15815636  -0.17731189  -0.19071793  -0.19127781  -0.17783287  -0.17697571  -0.16327520  -0.13995550  -0.11448744  -0.08621048  -0.05947185  -0.03319907  -0.01048714   0.01000304   0.02616789 
  0.00000000  -0.00328912   0.00150593   0.00269789   0.00420177   0.00774331   0.01030668   0.01554807   0.01975736   0.02674313   0.03285747   0.04158741   0.04960294   0.05983964   0.06941151   0.08056804   0.09094324   0.10202764   0.11202792   0.12165577   0.12973204   0.13622008   0.14059208   0.14214167   0.14102913   0.13600118   0.12794370   0.11521560   0.09946351   0.07883929   0.05577247   0.02838480  -0.00012376  -0.03152923  -0.06194099  -0.09299902  -0.12028810  -0.14540895  -0.16352818  -0.17629274  -0.17697571  -0.16445059  -0.16404909  -0.15149615  -0.12984625  -0.10613290  -0.07974400  -0.05475704  -0.03018499  -0.00892533   0.01025555 
  0.00000000   0.00379904   0.00027204   0.00144404   0.00330524   0.00436116   0.00768421   0.00982591   0.01458267   0.01829058   0.02465173   0.03019968   0.03822874   0.04564162   0.05515070   0.06411974   0.07457390   0.08439445   0.09486526   0.10442360   0.11360469   0.12143160   0.12772891   0.13213236   0.13383755   0.13312069   0.12867013   0.12143251   0.10974353   0.09524970   0.07610797   0.05468374   0.02912453   0.00250290  -0.02691665  -0.05542767  -0.08461606  -0.11029460  -0.13399126  -0.15113362  -0.16327520  -0.16404909  -0.15234460  -0.15233492  -0.14081056  -0.12067936  -0.09856330  -0.07390038  -0.05051539  -0.02750101  -0.00757244 
  0.00000000  -0.00352214   0.00080920   0.00102709   0.00132884   0.00321719   0.00390794   0.00689436   0.00866595   0.01294085   0.01623468   0.02203103   0.02712163   0.03453480   0.04145711   0.05032794   0.05879510   0.06862737   0.07797397   0.08789453   0.09706594   0.10584112   0.11344453   0.11956537   0.12399438   0.12583941   0.12547859   0.12155711   0.11506534   0.10433423   0.09099250   0.07322241   0.05330914   0.02944658   0.00456724  -0.02300426  -0.04975377  -0.07719593  -0.10137475  -0.12373241  -0.13995550  -0.15149615  -0.15233492  -0.14136603  -0.14169292  -0.13109371  -0.11234604  -0.09168804  -0.06860528  -0.04668920  -0.02510341 
  0.00000000   0.00355542  -0.00030735   0.00020197   0.00099997   0.00085975   0.00255594   0.00295438   0.00557831   0.00705613   0.01088838   0.01385952   0.01915835   0.02388642   0.03075939   0.03727878   0.04558390   0.05362278   0.06289567   0.07182394   0.08124226   0.09006171   0.09846084   0.10585256   0.11180491   0.11624537   0.11821249   0.11816514   0.11472616   0.10890790   0.09905819   0.08676790   0.07026569   0.05174011   0.02945087   0.00617901  -0.01967381  -0.04479146  -0.07060400  -0.09338674  -0.11448744  -0.12984625  -0.14081056  -0.14169292  -0.13138666  -0.13200201  -0.12223784  -0.10475241  -0.08542902  -0.06379485  -0.04322908 
 -0.00000000  -0.00338952   0.00037897   0.00003551  -0.00033675   0.00047045   0.00004797   0.00148344   0.00166841   0.00394989   0.00521404   0.00865572   0.01138478   0.01624896   0.02068895   0.02708468   0.03326495   0.04106182   0.04872334   0.05748558   0.06603215   0.07498561   0.08347388   0.09151981   0.09870240   0.10449068   0.10892390   0.11099494   0.11121809   0.10821738   0.10300362   0.09396364   0.08263059   0.06729933   0.05004693   0.02921576   0.00742656  -0.01682880  -0.04043465  -0.06472754  -0.08621048  -0.10613290  -0.12067936  -0.13109371  -0.13200201  -0.12229565  -0.12315730  -0.11414948  -0.09781713  -0.07971858  -0.05941411 
 -0.00000000   0.00312280  -0.00058485  -0.00045050  -0.00029463  -0.00105061  -0.00039972  -0.00099981   0.00017244   0.00022035   0.00219817   0.00331915   0.00642208   0.00897218   0.01345536   0.01766090   0.02363006   0.02951473   0.03684892   0.04416657   0.05245716   0.06064520   0.06916415   0.07733269   0.08504397   0.09201457   0.09764142   0.10204685   0.10420418   0.10465629   0.10205237   0.09737852   0.08908142   0.07861844   0.06436773   0.04828306   0.02880234   0.00838094  -0.01439045  -0.03659506  -0.05947185  -0.07974400  -0.09856330  -0.11234604  -0.12223784  -0.12315730  -0.11399674  -0.11506767  -0.10674723  -0.09146958  -0.07449786 
 -0.00000000  -0.00297967   0.00013575  -0.00046491  -0.00112499  -0.00096545  -0.00191645  -0.00146181  -0.00215632  -0.00122190  -0.00124593   0.00047073   0.00150315   0.00431293   0.00672868   0.01087467   0.01488125   0.02046447   0.02608132   0.03298987   0.03998471   0.04783620   0.05567994   0.06379035   0.07164497   0.07903766   0.08579078   0.09125812   0.09561537   0.09784238   0.09848470   0.09623890   0.09204562   0.08442913   0.07475648   0.06150211   0.04648869   0.02825805   0.00909928  -0.01229425  -0.03319907  -0.05475704  -0.07390038  -0.09168804  -0.10475241  -0.11414948  -0.11506767  -0.10640605  -0.10765366  -0.09995992  -0.08564818 
 -0.00000000   0.00254776  -0.00065379  -0.00070163  -0.00089062  -0.00185048  -0.00181417  -0.00285105  -0.00258498  -0.00330851  -0.00257792  -0.00262457  -0.00113008  -0.00014865   0.00240582   0.00471540   0.00855964   0.01238853   0.01761912   0.02298468   0.02949889   0.03618381   0.04362460   0.05113288   0.05885801   0.06640163   0.07349036   0.08001988   0.08532950   0.08961966   0.09190101   0.09269838   0.09077485   0.08700841   0.08001469   0.07106001   0.05872364   0.04469373   0.02761967   0.00962761  -0.01048714  -0.03018499  -0.05051539  -0.06860528  -0.08542902  -0.09781713  -0.10674723  -0.10765366  -0.09945019  -0.10084583  -0.09372509 
 -0.00000000  -0.00238166   0.00000919  -0.00064622  -0.00134206  -0.00153337  -0.00260935  -0.00271998  -0.00376911  -0.00366697  -0.00437210  -0.00381182  -0.00384831  -0.00254284  -0.00159011   0.00073996   0.00295855   0.00653024   0.01019254   0.01509885   0.02022226   0.02636975   0.03275273   0.03980860   0.04698749   0.05434886   0.06158343   0.06838196   0.07468248   0.07983622   0.08404282   0.08636439   0.08728576   0.08565125   0.08226368   0.07583899   0.06753720   0.05604597   0.04292016   0.02691562   0.01000304  -0.00892533  -0.02750101  -0.04668920  -0.06379485  -0.07971858  -0.09146958  -0.09995992  -0.10084583  -0.09306471  -0.09458327 
 -0.00000000   0.00188112  -0.00059455  -0.00071134  -0.00105600  -0.00196076  -0.00225059  -0.00334596  -0.00359241  -0.00460427  -0.00463780  -0.00529415  -0.00487469  -0.00488281  -0.00373900  -0.00280471  -0.00067351   0.00146001   0.00478405   0.00828425   0.01289140   0.01777748   0.02358348   0.02967002   0.03636496   0.04321956   0.05023741   0.05716524   0.06368661   0.06975434   0.07475414   0.07886359   0.08121242   0.08223098   0.08085468   0.07780365   0.07189811   0.06419097   0.05347720   0.04118383   0.02616789   0.01025555  -0.00757244  -0.02510341  -0.04322908  -0.05941411  -0.07449786  -0.08564818  -0.09372509  -0.09458327  -0.08719282 
#
