# coconut-me2b/v0.99.21 
# 
# momentum space matrix elements 
# partial wave J=1, L=1/1, S=1, T=1, MT=-1 
# 
# momentum grid [fm^-1]
0.000000 0.200000 0.400000 0.600000 0.800000 1.000000 1.200000 1.400000 1.600000 1.800000 2.000000 2.200000 2.400000 2.600000 2.800000 3.000000 3.200000 3.400000 3.600000 3.800000 4.000000 4.200000 4.400000 4.600000 4.800000 5.000000 5.200000 5.400000 5.600000 5.800000 6.000000 6.200000 6.400000 6.600000 6.800000 7.000000 7.200000 7.400000 7.600000 7.800000 8.000000 8.200000 8.400000 8.600000 8.800000 9.000000 9.200000 9.400000 9.600000 9.800000 10.000000 
#
# matrix elements [MeV fm^3] 
  0.00000052   0.00091033   0.00132451   0.00133833   0.00121110   0.00107658   0.00097178   0.00089659   0.00084127   0.00079599   0.00075338   0.00070890   0.00066043   0.00060766   0.00055149   0.00049347   0.00043541   0.00037904   0.00032584   0.00027690   0.00023290   0.00019414   0.00016061   0.00013203   0.00010797   0.00008790   0.00007128   0.00005755   0.00004624   0.00003691   0.00002921   0.00002284   0.00001757   0.00001323   0.00000966   0.00000675   0.00000440   0.00000255   0.00000111   0.00000002  -0.00000077  -0.00000130  -0.00000164  -0.00000182  -0.00000187  -0.00000184  -0.00000174  -0.00000160  -0.00000144  -0.00000127  -0.00000110 
  0.00091033   1.63684024   2.47561924   2.58007824   2.37660767   2.13120615   1.93113782   1.78404244   1.67415599   1.58340855   1.49780914   1.40859823   1.31164975   1.20635919   1.09447768   0.97907471   0.86370249   0.75178256   0.64620611   0.54912149   0.46187203   0.38504377   0.31858323   0.26195041   0.21427895   0.17452336   0.14158110   0.11438385   0.09195779   0.07345637   0.05817091   0.04552542   0.03506141   0.02641798   0.01931086   0.01351311   0.00883906   0.00513180   0.00225440   0.00008426  -0.00149012  -0.00257060  -0.00324982  -0.00361103  -0.00372780  -0.00366384  -0.00347301  -0.00319971  -0.00287945  -0.00253969  -0.00220081 
  0.00132451   2.47561924   4.08172151   4.61365653   4.47762440   4.12637851   3.78528490   3.51237682   3.29792792   3.11583994   2.94266776   2.76286898   2.56893407   2.35978575   2.13876007   1.91169948   1.68537518   1.46631290   1.26002157   1.07058062   0.90051807   0.75090196   0.62156840   0.51141828   0.41872811   0.34143569   0.27737668   0.22446101   0.18078904   0.14471386   0.11486064   0.09011519   0.06959336   0.05260127   0.03859378   0.02713650   0.01787405   0.01050569   0.00476817   0.00042480  -0.00274066  -0.00492667  -0.00631444  -0.00706749  -0.00733083  -0.00723044  -0.00687321  -0.00634752  -0.00572428  -0.00505856  -0.00439143 
  0.00133833   2.58007824   4.61365653   5.75029717   6.03632378   5.83129616   5.47353433   5.12447391   4.82052745   4.54842177   4.28509545   4.01262459   3.72185723   3.41166224   3.08673008   2.75515405   2.42630894   2.10922730   1.81151562   1.53876855   1.29439358   1.07973966   0.89442145   0.73674240   0.60413809   0.49358349   0.40192941   0.32615257   0.26351871   0.21166858   0.16864227   0.13285960   0.10307346   0.07831043   0.05780944   0.04096600   0.02728585   0.01634965   0.00778838   0.00126780  -0.00351986  -0.00685929  -0.00901236  -0.01021691  -0.01068515  -0.01060247  -0.01012704  -0.00939032  -0.00849844  -0.00753432  -0.00656027 
  0.00121110   2.37660767   4.47762440   6.03632378   6.88243191   7.07862740   6.88592917   6.54937951   6.18935941   5.83565072   5.48184029   5.11533435   4.72860955   4.32150946   3.89999259   3.47379836   3.05410981   2.65166257   2.27544678   1.93199453   1.62516485   1.35630303   1.12464309   0.92783342   0.76248766   0.62469005   0.51041145   0.41581670   0.33746258   0.27239897   0.21819297   0.17289847   0.13499248   0.10329642   0.07689603   0.05506904   0.03722571   0.02286382   0.01153777   0.00283946  -0.00361142  -0.00817079  -0.01116955  -0.01291113  -0.01366861  -0.01368248  -0.01315950  -0.01227279  -0.01116323  -0.00994187  -0.00869299 
  0.00107658   2.13120615   4.12637851   5.83129616   7.07862740   7.75339580   7.89806755   7.70085523   7.34698268   6.93503729   6.49725352   6.03844258   5.55832667   5.05987385   4.55069449   4.04170578   3.54507692   3.07234614   2.63305743   2.23399427   1.87895149   1.56892304   1.30256382   1.07679085   0.88741233   0.72970289   0.59887490   0.49042332   0.40034382   0.32523891   0.26233553   0.20944049   0.16485870   0.12729544   0.09575863   0.06947151   0.04780160   0.03020758   0.01620332   0.00533640  -0.00282216  -0.00868041  -0.01262338  -0.01500874  -0.01616212  -0.01637330  -0.01589386  -0.01493654  -0.01367618  -0.01225207  -0.01077128 
  0.00097178   1.93113782   3.78528490   5.47353433   6.88592917   7.89806755   8.42102749   8.48302670   8.22763207   7.80466712   7.30270326   6.75999511   6.19237729   5.60992485   5.02321580   4.44431648   3.88574045   3.35897627   2.87327756   2.43495466   2.04718001   1.71021194   1.42190087   1.17833942   0.97453880   0.80504401   0.66443390   0.54768209   0.45037901   0.36883191   0.30006898   0.24177700   0.19220017   0.15002373   0.11425966   0.08414603   0.05906593   0.03848779   0.02192571   0.00891670  -0.00098922  -0.00822988  -0.01322670  -0.01637784  -0.01805124  -0.01857866  -0.01825166  -0.01731970  -0.01599029  -0.01443082  -0.01277187 
  0.00089659   1.78404244   3.51237682   5.12447391   6.54937951   7.70085523   8.48302670   8.82826385   8.76096605   8.39969291   7.87374422   7.26720403   6.62387713   5.96752032   5.31453404   4.67894711   4.07342329   3.50877926   2.99324515   2.53198005   2.12698855   1.77740552   1.48004095   1.23005738   1.02166517   0.84874859   0.70536838   0.58611724   0.48632959   0.40216410   0.33058739   0.26929011   0.21656517   0.17117280   0.13221087   0.09900221   0.07100518   0.04774867   0.02878998   0.01369167   0.00201294  -0.00668908  -0.01285213  -0.01689914  -0.01922827  -0.02020447  -0.02015321  -0.01935688  -0.01805364  -0.01643843  -0.01466573 
  0.00084127   1.67415599   3.29792792   4.82052745   6.18935941   7.34698268   8.22763207   8.76096605   8.90056834   8.67397114   8.18597759   7.55284995   6.85525582   6.13961593   5.43317829   4.75409870   4.11578429   3.52821301   2.99812001   2.52898236   2.12116961   1.77234132   1.47804149   1.23239171   1.02878341   0.86048993   0.72114809   0.60508867   0.50751873   0.42457636   0.35328723   0.29145580   0.23752160   0.19040593   0.14936759   0.11387951   0.08353202   0.05796372   0.03681767   0.01971862   0.00626614  -0.00396143  -0.01139655  -0.01646943  -0.01959483  -0.02116059  -0.02151874  -0.02097972  -0.01980950  -0.01822934  -0.01641765 
  0.00079599   1.58340855   3.11583994   4.54842177   5.83565072   6.93503729   7.80466712   8.39969291   8.67397114   8.60128292   8.21478227   7.61042549   6.89393308   6.14100661   5.39679011   4.68760067   4.02938928   3.43186245   2.90023310   2.43603203   2.03768163   1.70109797   1.42037047   1.18847574   0.99795595   0.84149951   0.71238373   0.60476418   0.51381729   0.43575835   0.36776561   0.30784365   0.25465665   0.20735680   0.16542617   0.12854337   0.09648043   0.06903011   0.04596090   0.02699489   0.01180280   0.00001083  -0.00878564  -0.01500546  -0.01906496  -0.02136317  -0.02227002  -0.02211796  -0.02119691  -0.01975241  -0.01798610 
  0.00075338   1.49780914   2.94266776   4.28509545   5.48184029   6.49725352   7.30270326   7.87374422   8.18597759   8.21478227   7.95101004   7.43242350   6.74698089   5.98956699   5.22838950   4.50370014   3.83742225   3.24063355   2.71766592   2.26825006   1.88879613   1.57334936   1.31442708   1.10378177   0.93307090   0.79440039   0.68071823   0.58605245   0.50560546   0.43572911   0.37381248   0.31811545   0.26757824   0.22163163   0.18002533   0.14268526   0.10960424   0.08076592   0.05609856   0.03545336   0.01860115   0.00524191  -0.00497847  -0.01244805  -0.01756865  -0.02073759  -0.02233273  -0.02270118  -0.02215186  -0.02095151  -0.01932359 
  0.00070890   1.40859823   2.76286898   4.01262459   5.11533435   6.03844258   6.75999511   7.26720403   7.55284995   7.61042549   7.43242350   7.02201355   6.41854770   5.70081569   4.95156602   4.22924729   3.56668599   2.97938734   2.47238657   2.04434988   1.68996998   1.40150586   1.16989996   0.98565216   0.83950870   0.72297790   0.62867548   0.55050862   0.48371847   0.42480977   0.37140055   0.32202514   0.27591995   0.23281565   0.19275230   0.15592731   0.12257977   0.09291073   0.06703511   0.04495984   0.02658159   0.01169822   0.00002816  -0.00876636  -0.01505585  -0.01922197  -0.02163931  -0.02266109  -0.02260900  -0.02176681  -0.02037735 
  0.00066043   1.31164975   2.56893407   3.72185723   4.72860955   5.55832667   6.19237729   6.62387713   6.85525582   6.89393308   6.74698089   6.41854770   5.91878138   5.28504273   4.58533647   3.88919864   3.24404710   2.67416044   2.18807699   1.78494567   1.45854063   1.19972160   0.99802523   0.84275688   0.72375595   0.63191373   0.55948510   0.50022550   0.44938502   0.40359417   0.36067657   0.31942234   0.27935080   0.24048511   0.20315434   0.16783182   0.13501276   0.10512980   0.07850220   0.05531256   0.03560454   0.01929510   0.00619572  -0.00396210  -0.01150056  -0.01677097  -0.02013241  -0.02193441  -0.02250395  -0.02213646  -0.02109058 
  0.00060766   1.20635919   2.35978575   3.41166224   4.32150946   5.05987385   5.60992485   5.96752032   6.13961593   6.14100661   5.98956699   5.70081569   5.28504273   4.75447623   4.14143249   3.50206945   2.89250984   2.34909712   1.88776714   1.51073209   1.21233362   0.98284115   0.81080240   0.68452179   0.59299962   0.52650779   0.47690029   0.43772211   0.40416615   0.37292215   0.34195698   0.31026126   0.27759089   0.24422512   0.21075585   0.17791608   0.14644986   0.11702208   0.09016339   0.06624405   0.04547001   0.02789469   0.01344065   0.00192643  -0.00690516  -0.01336004  -0.01776874  -0.02046624  -0.02177609  -0.02199881  -0.02140414 
  0.00055149   1.09447768   2.13876007   3.08673008   3.89999259   4.55069449   5.02321580   5.31453404   5.43317829   5.39679011   5.22838950   4.95156602   4.58533647   4.14143249   3.63042704   3.07767635   2.52742889   2.02322001   1.59135454   1.24060847   0.96824931   0.76534237   0.62021391   0.52056370   0.45472862   0.41240692   0.38502229   0.36583843   0.34990017   0.33385899   0.31572968   0.29461576   0.27043311   0.24365341   0.21508121   0.18567225   0.15639480   0.12813231   0.10162233   0.07742572   0.05591926   0.03730522   0.02163199   0.00882095  -0.00130436  -0.00898957  -0.01452315  -0.01821382  -0.02037193  -0.02129524  -0.02125865 
  0.00049347   0.97907471   1.91169948   2.75515405   3.47379836   4.04170578   4.44431648   4.67894711   4.75409870   4.68760067   4.50370014   4.22924729   3.88919864   3.50206945   3.07767635   2.62267413   2.15483391   1.70743254   1.31307591   0.98977771   0.74085977   0.56030601   0.43747530   0.36015327   0.31635865   0.29535233   0.28813922   0.28764131   0.28865644   0.28768208   0.28266220   0.27270025   0.25777048   0.23844953   0.21568273   0.19059221   0.16432902   0.13796704   0.11243427   0.08847534   0.06663872   0.04728211   0.03059032   0.01660052   0.00523110  -0.00368906  -0.01039291  -0.01515061  -0.01824867  -0.01997320  -0.02059716 
  0.00043541   0.86370249   1.68537518   2.42630894   3.05410981   3.54507692   3.88574045   4.07342329   4.11578429   4.02938928   3.83742225   3.56668599   3.24404710   2.89250984   2.52742889   2.15483391   1.77660806   1.40341458   1.05922306   0.76783489   0.54100617   0.37840969   0.27231840   0.21171031   0.18488436   0.18094808   0.19058062   0.20634172   0.22269743   0.23587394   0.24361490   0.24489518   0.23962775   0.22838826   0.21217277   0.19219654   0.16973633   0.14601453   0.12212113   0.09896758   0.07726657   0.05753124   0.04008830   0.02510012   0.01259168   0.00247921  -0.00540174  -0.01127040  -0.01537820  -0.01798982  -0.01936814 
  0.00037904   0.75178256   1.46631290   2.10922730   2.65166257   3.07234614   3.35897627   3.50877926   3.52821301   3.43186245   3.24063355   2.97938734   2.67416044   2.34909712   2.02322001   1.70743254   1.40341458   1.10851924   0.82751011   0.57705984   0.37437490   0.22690925   0.13228303   0.08231586   0.06654857   0.07444376   0.09658230   0.12521893   0.15444519   0.18011795   0.19965628   0.21177426   0.21619503   0.21337538   0.20425880   0.19006665   0.17213093   0.15176802   0.13018987   0.10844765   0.08740206   0.06771439   0.04985307   0.03411063   0.02062720   0.00941716   0.00039643  -0.00659135  -0.01175108  -0.01531566  -0.01752881 
  0.00032584   0.64620611   1.26002157   1.81151562   2.27544678   2.63305743   2.87327756   2.99324515   2.99812001   2.90023310   2.71766592   2.47238657   2.18807699   1.88776714   1.59135454   1.31307591   1.05922306   0.82751011   0.61167639   0.41211788   0.24021205   0.10856481   0.02196610  -0.02279477  -0.03349552  -0.01948570   0.01014916   0.04754245   0.08644506   0.12229146   0.15207591   0.17413010   0.18786064   0.19348373   0.19177953   0.18387889   0.17108806   0.15475194   0.13615396   0.11644798   0.09661764   0.07745749   0.05957098   0.04338065   0.02914646   0.01698892   0.00691437  -0.00115967  -0.00738048  -0.01193851  -0.01504875 
  0.00027690   0.54912149   1.07058062   1.53876855   1.93199453   2.23399427   2.43495466   2.53198005   2.52898236   2.43603203   2.26825006   2.04434988   1.78494567   1.51073209   1.24060847   0.98977771   0.76783489   0.57705984   0.41211788   0.26432337   0.13122179   0.02063632  -0.05782253  -0.10081310  -0.11156843  -0.09698971  -0.06510248  -0.02352175   0.02131706   0.06444871   0.10238923   0.13299367   0.15523972   0.16898665   0.17473995   0.17343887   0.16627577   0.15455020   0.13955734   0.12250766   0.10447401   0.08636134   0.06889461   0.05262041   0.03791856   0.02502016   0.01402945   0.00494728  -0.00230572  -0.00786721  -0.01191353 
  0.00023290   0.46187203   0.90051807   1.29439358   1.62516485   1.87895149   2.04718001   2.12698855   2.12116961   2.03768163   1.88879613   1.68996998   1.45854063   1.21233362   0.96824931   0.74085977   0.54100617   0.37437490   0.24021205   0.13122179   0.03744876  -0.04513004  -0.11089326  -0.15206245  -0.16594684  -0.15535821  -0.12614850  -0.08503807  -0.03831783   0.00878457   0.05232760   0.08964257   0.11919456   0.14038578   0.15334308   0.15871427   0.15748684   0.15083552   0.14000038   0.12619439   0.11053776   0.09401521   0.07745247   0.06150800   0.04667618   0.03329893   0.02158273   0.01161882   0.00340460  -0.00313514  -0.00812839 
  0.00019414   0.38504377   0.75090196   1.07973966   1.35630303   1.56892304   1.71021194   1.77740552   1.77234132   1.70109797   1.57334936   1.40150586   1.19972160   0.98284115   0.76534237   0.56030601   0.37840969   0.22690925   0.10856481   0.02063632  -0.04513004  -0.09902019  -0.14567634  -0.18073419  -0.19748908  -0.19345072  -0.17083874  -0.13448319  -0.08995134  -0.04243155   0.00380583   0.04559225   0.08084242   0.10842996   0.12801564   0.13986405   0.14466896   0.14339876   0.13716684   0.12712825   0.11440145   0.10001291   0.08486127   0.06969802   0.05512109   0.04157857   0.02937957   0.01870990   0.00965048   0.00219685  -0.00372156 
  0.00016061   0.31858323   0.62156840   0.89442145   1.12464309   1.30256382   1.42190087   1.48004095   1.47804149   1.42037047   1.31442708   1.16989996   0.99802523   0.81080240   0.62021391   0.43747530   0.27231840   0.13228303   0.02196610  -0.05782253  -0.11089326  -0.14567634  -0.17213413  -0.19491368  -0.21031740  -0.21227569  -0.19829680  -0.17001065  -0.13135998  -0.08696426  -0.04114173   0.00256386   0.04154591   0.07412133   0.09942478   0.11726177   0.12795145   0.13217666   0.13085089   0.12500655   0.11570551   0.10397127   0.09074068   0.07683282   0.06293202   0.04958256   0.03719208   0.02604150   0.01629930   0.00803817   0.00125285 
  0.00013203   0.26195041   0.51141828   0.73674240   0.92783342   1.07679085   1.17833942   1.23005738   1.23239171   1.18847574   1.10378177   0.98565216   0.84275688   0.68452179   0.52056370   0.36015327   0.21171031   0.08231586  -0.02279477  -0.10081310  -0.15206245  -0.18073419  -0.19491368  -0.20385860  -0.21188511  -0.21563932  -0.20946883  -0.19083159  -0.16085894  -0.12277851  -0.08046695  -0.03757861   0.00288064   0.03870481   0.06848274   0.09151053   0.10766665   0.11727656   0.12098280   0.11962891   0.11416131   0.10555043   0.09473042   0.08255611   0.06977495   0.05701171   0.04476349   0.03340272   0.02318608   0.01426736   0.00671265 
  0.00010797   0.21427895   0.41872811   0.60413809   0.76248766   0.88741233   0.97453880   1.02166517   1.02878341   0.99795595   0.93307090   0.83950870   0.72375595   0.59299962   0.45472862   0.31635865   0.18488436   0.06654857  -0.03349552  -0.11156843  -0.16594684  -0.19748908  -0.21031740  -0.21188511  -0.21058042  -0.21025253  -0.20774506  -0.19773757  -0.17766611  -0.14828353  -0.11226845  -0.07293094  -0.03342613   0.00363616   0.03633597   0.06344673   0.08436350   0.09899621   0.10765204   0.11092129   0.10957458   0.10447540   0.09650918   0.08652889   0.07531577   0.06355368   0.05181478   0.04055476   0.03011532   0.02073211   0.01254633 
  0.00008790   0.17452336   0.34143569   0.49358349   0.62469005   0.72970289   0.80504401   0.84874859   0.86048993   0.84149951   0.79440039   0.72297790   0.63191373   0.52650779   0.41240692   0.29535233   0.18094808   0.07444376  -0.01948570  -0.09698971  -0.15535821  -0.19345072  -0.21227569  -0.21563932  -0.21025253  -0.20361558  -0.19909754  -0.19369431  -0.18239863  -0.16267933  -0.13502446  -0.10170223  -0.06559372  -0.02947689   0.00433442   0.03412944   0.05881098   0.07783651   0.09112583   0.09895766   0.10186803   0.10055807   0.09581488   0.08844712   0.07923512   0.06889473   0.05805346   0.04723702   0.03686460   0.02725086   0.01861303 
  0.00007128   0.14158110   0.27737668   0.40192941   0.51041145   0.59887490   0.66443390   0.70536838   0.72114809   0.71238373   0.68071823   0.62867548   0.55948510   0.47690029   0.38502229   0.28813922   0.19058062   0.09658230   0.01014916  -0.06510248  -0.12614850  -0.17083874  -0.19829680  -0.20946883  -0.20774506  -0.19909754  -0.19020290  -0.18399924  -0.17763632  -0.16642531  -0.14792002  -0.12243498  -0.09193325  -0.05896738  -0.02602393   0.00481167   0.03198835   0.05450503   0.07186152   0.08397780   0.09110192   0.09371855   0.09246536   0.08806080   0.08124499   0.07273364   0.06318455   0.05317520   0.04319011   0.03361610   0.02474388 
  0.00005755   0.11438385   0.22446101   0.32615257   0.41581670   0.49042332   0.54768209   0.58611724   0.60508867   0.60476418   0.58605245   0.55050862   0.50022550   0.43772211   0.36583843   0.28764131   0.20634172   0.12521893   0.04754245  -0.02352175  -0.08503807  -0.13448319  -0.17001065  -0.19083159  -0.19773757  -0.19369431  -0.18399924  -0.17460489  -0.16808909  -0.16177100  -0.15128651  -0.13431204  -0.11105404  -0.08324525  -0.05317981  -0.02311133   0.00505854   0.02990727   0.05051021   0.06639919   0.07749107   0.08400486   0.08637872   0.08519356   0.08110672   0.07479732   0.06692359   0.05809161   0.04883433   0.03959949   0.03074502 
  0.00004624   0.09195779   0.18078904   0.26351871   0.33746258   0.40034382   0.45037901   0.48632959   0.50751873   0.51381729   0.50560546   0.48371847   0.44938502   0.40416615   0.34990017   0.28865644   0.22269743   0.15444519   0.08644506   0.02131706  -0.03831783  -0.08995134  -0.13135998  -0.16085894  -0.17766611  -0.18239863  -0.17763632  -0.16808909  -0.15909013  -0.15292627  -0.14709891  -0.13756693  -0.12215013  -0.10098986  -0.07563945  -0.04818258  -0.02067947   0.00512247   0.02790929   0.04682109   0.06141658   0.07160921   0.07759204   0.07976199   0.07864958   0.07485778   0.06901141   0.06171738   0.05353554   0.04495892   0.03640230 
  0.00003691   0.07345637   0.14471386   0.21166858   0.27239897   0.32523891   0.36883191   0.40216410   0.42457636   0.43575835   0.43572911   0.42480977   0.40359417   0.37292215   0.33385899   0.28768208   0.23587394   0.18011795   0.12229146   0.06444871   0.00878457  -0.04243155  -0.08696426  -0.12277851  -0.14828353  -0.16267933  -0.16642531  -0.16177100  -0.15292627  -0.14469946  -0.13914402  -0.13394808  -0.12538229  -0.11141671  -0.09215370  -0.06900116  -0.04386526  -0.01864022   0.00506051   0.02601818   0.04343021   0.05687955   0.06627715   0.07179349   0.07378908   0.07274978   0.06923012   0.06380633   0.05703936   0.04944751   0.04148790 
  0.00002921   0.05817091   0.11486064   0.16864227   0.21819297   0.26233553   0.30006898   0.33058739   0.35328723   0.36776561   0.37381248   0.37140055   0.36067657   0.34195698   0.31572968   0.28266220   0.24361490   0.19965628   0.15207591   0.10238923   0.05232760   0.00380583  -0.04114173  -0.08046695  -0.11226845  -0.13502446  -0.14792002  -0.15128651  -0.14709891  -0.13914402  -0.13178391  -0.12688252  -0.12231082  -0.11463273  -0.10196593  -0.08438861  -0.06318620  -0.04011076  -0.01691034   0.00492071   0.02424906   0.04032425   0.05275187   0.06144152   0.06654417   0.06838825   0.06741984   0.06415015   0.05911182   0.05282439   0.04576870 
  0.00002284   0.04552542   0.09011519   0.13285960   0.17289847   0.20944049   0.24177700   0.26929011   0.29145580   0.30784365   0.31811545   0.32202514   0.31942234   0.31026126   0.29461576   0.27270025   0.24489518   0.21177426   0.17413010   0.13299367   0.08964257   0.04559225   0.00256386  -0.03757861  -0.07293094  -0.10170223  -0.12243498  -0.13431204  -0.13756693  -0.13394808  -0.12688252  -0.12034886  -0.11605331  -0.11203969  -0.10514275  -0.09361955  -0.07753209  -0.05805946  -0.03681717  -0.01542249   0.00473767   0.02260768   0.03748499   0.04899661   0.05705181   0.06178473   0.06349536   0.06259425   0.05955370   0.05486706   0.04901645 
  0.00001757   0.03506141   0.06959336   0.10307346   0.13499248   0.16485870   0.19220017   0.21656517   0.23752160   0.25465665   0.26757824   0.27591995   0.27935080   0.27759089   0.27043311   0.25777048   0.23962775   0.21619503   0.18786064   0.15523972   0.11919456   0.08084242   0.04154591   0.00288064  -0.03342613  -0.06559372  -0.09193325  -0.11105404  -0.12215013  -0.12538229  -0.12231082  -0.11605331  -0.11025451  -0.10648566  -0.10295011  -0.09672960  -0.08620991  -0.07144100  -0.05350771  -0.03390301  -0.01412599   0.00453408   0.02109266   0.03489147   0.04557779   0.05306139   0.05746175   0.05905361   0.05821561   0.05538496   0.05101948 
  0.00001323   0.02641798   0.05260127   0.07831043   0.10329642   0.12729544   0.15002373   0.17117280   0.19040593   0.20735680   0.22163163   0.23281565   0.24048511   0.24422512   0.24365341   0.23844953   0.22838826   0.21337538   0.19348373   0.16898665   0.14038578   0.10842996   0.07412133   0.03870481   0.00363616  -0.02947689  -0.05896738  -0.08324525  -0.10098986  -0.11141671  -0.11463273  -0.11203969  -0.10648566  -0.10132099  -0.09799852  -0.09486666  -0.08923095  -0.07959453  -0.06599763  -0.04944049  -0.03130530  -0.01298383   0.00432376   0.01969813   0.03252195   0.04246162   0.04942799   0.05352776   0.05501305   0.05423380   0.05159546 
  0.00000966   0.01931086   0.03859378   0.05780944   0.07689603   0.09575863   0.11425966   0.13221087   0.14936759   0.16542617   0.18002533   0.19275230   0.20315434   0.21075585   0.21508121   0.21568273   0.21217277   0.20425880   0.19177953   0.17473995   0.15334308   0.12801564   0.09942478   0.06848274   0.03633597   0.00433442  -0.02602393  -0.05317981  -0.07563945  -0.09215370  -0.10196593  -0.10514275  -0.10295011  -0.09799852  -0.09337614  -0.09042997  -0.08763931  -0.08251188  -0.07365738  -0.06110764  -0.04578649  -0.02897560  -0.01196896   0.00411471   0.01841596   0.03035530   0.03961715   0.04611383   0.04994079   0.05132989   0.05060510 
  0.00000675   0.01351311   0.02713650   0.04096600   0.05506904   0.06947151   0.08414603   0.09900221   0.11387951   0.12854337   0.14268526   0.15592731   0.16783182   0.17791608   0.18567225   0.19059221   0.19219654   0.19006665   0.18387889   0.17343887   0.15871427   0.13986405   0.11726177   0.09151053   0.06344673   0.03412944   0.00481167  -0.02311133  -0.04818258  -0.06900116  -0.08438861  -0.09361955  -0.09672960  -0.09486666  -0.09042997  -0.08627230  -0.08364502  -0.08114514  -0.07646302  -0.06830500  -0.05669553  -0.04248917  -0.02687616  -0.01106128   0.00391130   0.01723713   0.02837177   0.03701648   0.04308535   0.04666392   0.04796578 
  0.00000440   0.00883906   0.01787405   0.02728585   0.03722571   0.04780160   0.05906593   0.07100518   0.08353202   0.09648043   0.10960424   0.12257977   0.13501276   0.14644986   0.15639480   0.16432902   0.16973633   0.17213093   0.17108806   0.16627577   0.15748684   0.14466896   0.12795145   0.10766665   0.08436350   0.05881098   0.03198835   0.00505854  -0.02067947  -0.04386526  -0.06318620  -0.07753209  -0.08620991  -0.08923095  -0.08763931  -0.08364502  -0.07988853  -0.07753412  -0.07528468  -0.07099586  -0.06346173  -0.05270019  -0.03950295  -0.02497692  -0.01024539   0.00371576   0.01615270   0.02655333   0.03463472   0.04031294   0.04366469 
  0.00000255   0.00513180   0.01050569   0.01634965   0.02286382   0.03020758   0.03848779   0.04774867   0.05796372   0.06903011   0.08076592   0.09291073   0.10512980   0.11702208   0.12813231   0.13796704   0.14601453   0.15176802   0.15475194   0.15455020   0.15083552   0.14339876   0.13217666   0.11727656   0.09899621   0.07783651   0.05450503   0.02990727   0.00512247  -0.01864022  -0.04011076  -0.05805946  -0.07144100  -0.07959453  -0.08251188  -0.08114514  -0.07753412  -0.07412700  -0.07200853  -0.06997703  -0.06603800  -0.05906536  -0.04907129  -0.03679030  -0.02325332  -0.00950909   0.00352915   0.01515413   0.02488373   0.03244978   0.03777043 
  0.00000111   0.00225440   0.00476817   0.00778838   0.01153777   0.01620332   0.02192571   0.02878998   0.03681767   0.04596090   0.05609856   0.06703511   0.07850220   0.09016339   0.10162233   0.11243427   0.12212113   0.13018987   0.13615396   0.13955734   0.14000038   0.13716684   0.13085089   0.12098280   0.10765204   0.09112583   0.07186152   0.05051021   0.02790929   0.00506051  -0.01691034  -0.03681717  -0.05350771  -0.06599763  -0.07365738  -0.07646302  -0.07528468  -0.07200853  -0.06890823  -0.06699568  -0.06515546  -0.06152928  -0.05506396  -0.04576663  -0.03431977  -0.02168488  -0.00884245   0.00335182   0.01423359   0.02334845   0.03044207 
  0.00000002   0.00008426   0.00042480   0.00126780   0.00283946   0.00533640   0.00891670   0.01369167   0.01971862   0.02699489   0.03545336   0.04495984   0.05531256   0.06624405   0.07742572   0.08847534   0.09896758   0.10844765   0.11644798   0.12250766   0.12619439   0.12712825   0.12500655   0.11962891   0.11092129   0.09895766   0.08397780   0.06639919   0.04682109   0.02601818   0.00492071  -0.01542249  -0.03390301  -0.04944049  -0.06110764  -0.06830500  -0.07099586  -0.06997703  -0.06699568  -0.06416670  -0.06243524  -0.06076405  -0.05741894  -0.05141343  -0.04275028  -0.03206455  -0.02025422  -0.00823719   0.00318379   0.01338394   0.02193455 
 -0.00000077  -0.00149012  -0.00274066  -0.00351986  -0.00361142  -0.00282216  -0.00098922   0.00201294   0.00626614   0.01180280   0.01860115   0.02658159   0.03560454   0.04547001   0.05591926   0.06663872   0.07726657   0.08740206   0.09661764   0.10447401   0.11053776   0.11440145   0.11570551   0.11416131   0.10957458   0.10186803   0.09110192   0.07749107   0.06141658   0.04343021   0.02424906   0.00473767  -0.01412599  -0.03130530  -0.04578649  -0.05669553  -0.06346173  -0.06603800  -0.06515546  -0.06243524  -0.05984755  -0.05827628  -0.05675521  -0.05366353  -0.04807589  -0.03999131  -0.03000153  -0.01894640  -0.00768626   0.00302484   0.01259872 
 -0.00000130  -0.00257060  -0.00492667  -0.00685929  -0.00817079  -0.00868041  -0.00822988  -0.00668908  -0.00396143   0.00001083   0.00524191   0.01169822   0.01929510   0.02789469   0.03730522   0.04728211   0.05753124   0.06771439   0.07745749   0.08636134   0.09401521   0.10001291   0.10397127   0.10555043   0.10447540   0.10055807   0.09371855   0.08400486   0.07160921   0.05687955   0.04032425   0.02260768   0.00453408  -0.01298383  -0.02897560  -0.04248917  -0.05270019  -0.05906536  -0.06152928  -0.06076405  -0.05827628  -0.05590411  -0.05447518  -0.05308798  -0.05022546  -0.04501848  -0.03746282  -0.02811066  -0.01774844  -0.00718363   0.00287469 
 -0.00000164  -0.00324982  -0.00631444  -0.00901236  -0.01116955  -0.01262338  -0.01322670  -0.01285213  -0.01139655  -0.00878564  -0.00497847   0.00002816   0.00619572   0.01344065   0.02163199   0.03059032   0.04008830   0.04985307   0.05957098   0.06889461   0.07745247   0.08486127   0.09074068   0.09473042   0.09650918   0.09581488   0.09246536   0.08637872   0.07759204   0.06627715   0.05275187   0.03748499   0.02109266   0.00432376  -0.01196896  -0.02687616  -0.03950295  -0.04907129  -0.05506396  -0.05741894  -0.05675521  -0.05447518  -0.05229623  -0.05099422  -0.04972678  -0.04707201  -0.04221250  -0.03514131  -0.02637435  -0.01664904  -0.00672408 
 -0.00000182  -0.00361103  -0.00706749  -0.01021691  -0.01291113  -0.01500874  -0.01637784  -0.01689914  -0.01646943  -0.01500546  -0.01244805  -0.00876636  -0.00396210   0.00192643   0.00882095   0.01660052   0.02510012   0.03411063   0.04338065   0.05262041   0.06150800   0.06969802   0.07683282   0.08255611   0.08652889   0.08844712   0.08806080   0.08519356   0.07976199   0.07179349   0.06144152   0.04899661   0.03489147   0.01969813   0.00411471  -0.01106128  -0.02497692  -0.03679030  -0.04576663  -0.05141343  -0.05366353  -0.05308798  -0.05099422  -0.04898899  -0.04780050  -0.04664046  -0.04417444  -0.03963276  -0.03300610  -0.02477717  -0.01563825 
 -0.00000187  -0.00372780  -0.00733083  -0.01068515  -0.01366861  -0.01616212  -0.01805124  -0.01922827  -0.01959483  -0.01906496  -0.01756865  -0.01505585  -0.01150056  -0.00690516  -0.00130436   0.00523110   0.01259168   0.02062720   0.02914646   0.03791856   0.04667618   0.05512109   0.06293202   0.06977495   0.07531577   0.07923512   0.08124499   0.08110672   0.07864958   0.07378908   0.06654417   0.05705181   0.04557779   0.03252195   0.01841596   0.00391130  -0.01024539  -0.02325332  -0.03431977  -0.04275028  -0.04807589  -0.05022546  -0.04972678  -0.04780050  -0.04595186  -0.04486513  -0.04380167  -0.04150749  -0.03725703  -0.03103897  -0.02330551 
 -0.00000184  -0.00366384  -0.00723044  -0.01060247  -0.01368248  -0.01637330  -0.01857866  -0.02020447  -0.02116059  -0.02136317  -0.02073759  -0.01922197  -0.01677097  -0.01336004  -0.00898957  -0.00368906   0.00247921   0.00941716   0.01698892   0.02502016   0.03329893   0.04157857   0.04958256   0.05701171   0.06355368   0.06889473   0.07273364   0.07479732   0.07485778   0.07274978   0.06838825   0.06178473   0.05306139   0.04246162   0.03035530   0.01723713   0.00371576  -0.00950909  -0.02168488  -0.03206455  -0.03999131  -0.04501848  -0.04707201  -0.04664046  -0.04486513  -0.04315798  -0.04216270  -0.04118623  -0.03904881  -0.03506566  -0.02922379 
 -0.00000174  -0.00347301  -0.00687321  -0.01012704  -0.01315950  -0.01589386  -0.01825166  -0.02015321  -0.02151874  -0.02227002  -0.02233273  -0.02163931  -0.02013241  -0.01776874  -0.01452315  -0.01039291  -0.00540174   0.00039643   0.00691437   0.01402945   0.02158273   0.02937957   0.03719208   0.04476349   0.05181478   0.05805346   0.06318455   0.06692359   0.06901141   0.06923012   0.06741984   0.06349536   0.05746175   0.04942799   0.03961715   0.02837177   0.01615270   0.00352915  -0.00884245  -0.02025422  -0.03000153  -0.03746282  -0.04221250  -0.04417444  -0.04380167  -0.04216270  -0.04058367  -0.03967072  -0.03877278  -0.03677861  -0.03304123 
 -0.00000160  -0.00319971  -0.00634752  -0.00939032  -0.01227279  -0.01493654  -0.01731970  -0.01935688  -0.02097972  -0.02211796  -0.02270118  -0.02266109  -0.02193441  -0.02046624  -0.01821382  -0.01515061  -0.01127040  -0.00659135  -0.00115967   0.00494728   0.01161882   0.01870990   0.02604150   0.03340272   0.04055476   0.04723702   0.05317520   0.05809161   0.06171738   0.06380633   0.06415015   0.06259425   0.05905361   0.05352776   0.04611383   0.03701648   0.02655333   0.01515413   0.00335182  -0.00823719  -0.01894640  -0.02811066  -0.03514131  -0.03963276  -0.04150749  -0.04118623  -0.03967072  -0.03820793  -0.03736926  -0.03654233  -0.03467930 
 -0.00000144  -0.00287945  -0.00572428  -0.00849844  -0.01116323  -0.01367618  -0.01599029  -0.01805364  -0.01980950  -0.02119691  -0.02215186  -0.02260900  -0.02250395  -0.02177609  -0.02037193  -0.01824867  -0.01537820  -0.01175108  -0.00738048  -0.00230572   0.00340460   0.00965048   0.01629930   0.02318608   0.03011532   0.03686460   0.04319011   0.04883433   0.05353554   0.05703936   0.05911182   0.05955370   0.05821561   0.05501305   0.04994079   0.04308535   0.03463472   0.02488373   0.01423359   0.00318379  -0.00768626  -0.01774844  -0.02637435  -0.03300610  -0.03725703  -0.03904881  -0.03877278  -0.03736926  -0.03601213  -0.03524059  -0.03447799 
 -0.00000127  -0.00253969  -0.00505856  -0.00753432  -0.00994187  -0.01225207  -0.01443082  -0.01643843  -0.01822934  -0.01975241  -0.02095151  -0.02176681  -0.02213646  -0.02199881  -0.02129524  -0.01997320  -0.01798982  -0.01531566  -0.01193851  -0.00786721  -0.00313514   0.00219685   0.00803817   0.01426736   0.02073211   0.02725086   0.03361610   0.03959949   0.04495892   0.04944751   0.05282439   0.05486706   0.05538496   0.05423380   0.05132989   0.04666392   0.04031294   0.03244978   0.02334845   0.01338394   0.00302484  -0.00718363  -0.01664904  -0.02477717  -0.03103897  -0.03506566  -0.03677861  -0.03654233  -0.03524059  -0.03397969  -0.03326892 
 -0.00000110  -0.00220081  -0.00439143  -0.00656027  -0.00869299  -0.01077128  -0.01277187  -0.01466573  -0.01641765  -0.01798610  -0.01932359  -0.02037735  -0.02109058  -0.02140414  -0.02125865  -0.02059716  -0.01936814  -0.01752881  -0.01504875  -0.01191353  -0.00812839  -0.00372156   0.00125285   0.00671265   0.01254633   0.01861303   0.02474388   0.03074502   0.03640230   0.04148790   0.04576870   0.04901645   0.05101948   0.05159546   0.05060510   0.04796578   0.04366469   0.03777043   0.03044207   0.02193455   0.01259872   0.00287469  -0.00672408  -0.01563825  -0.02330551  -0.02922379  -0.03304123  -0.03467930  -0.03447799  -0.03326892  -0.03209582 
#
