# coconut-me2b/v0.99.21 
# 
# momentum space matrix elements 
# partial wave J=2, L=1/1, S=1, T=1, MT=-1 
# 
# momentum grid [fm^-1]
0.000000 0.200000 0.400000 0.600000 0.800000 1.000000 1.200000 1.400000 1.600000 1.800000 2.000000 2.200000 2.400000 2.600000 2.800000 3.000000 3.200000 3.400000 3.600000 3.800000 4.000000 4.200000 4.400000 4.600000 4.800000 5.000000 5.200000 5.400000 5.600000 5.800000 6.000000 6.200000 6.400000 6.600000 6.800000 7.000000 7.200000 7.400000 7.600000 7.800000 8.000000 8.200000 8.400000 8.600000 8.800000 9.000000 9.200000 9.400000 9.600000 9.800000 10.000000 
#
# matrix elements [MeV fm^3] 
 -0.00000006  -0.00012497  -0.00025977  -0.00037331  -0.00044276  -0.00046846  -0.00046037  -0.00042950  -0.00038527  -0.00033496  -0.00028382  -0.00023531  -0.00019145  -0.00015313  -0.00012049  -0.00009318  -0.00007059  -0.00005200  -0.00003675  -0.00002426  -0.00001405  -0.00000576   0.00000086   0.00000602   0.00000986   0.00001253   0.00001415   0.00001487   0.00001483   0.00001418   0.00001306   0.00001163   0.00001001   0.00000832   0.00000666   0.00000510   0.00000368   0.00000245   0.00000141   0.00000057  -0.00000008  -0.00000056  -0.00000090  -0.00000110  -0.00000121  -0.00000124  -0.00000121  -0.00000114  -0.00000104  -0.00000093  -0.00000082 
 -0.00012497  -0.25468690  -0.51481768  -0.73344953  -0.87042338  -0.92341331  -0.90994008  -0.85101317  -0.76508150  -0.66659222  -0.56600239  -0.47025414  -0.38341503  -0.30735917  -0.24241508  -0.18793201  -0.14273739  -0.10547598  -0.07483578  -0.04967583  -0.02907680  -0.01233737   0.00106210   0.01151026   0.01931605   0.02475186   0.02808382   0.02958849   0.02955739   0.02829241   0.02609559   0.02325667   0.02004094   0.01667953   0.01336295   0.01023828   0.00740977   0.00494208   0.00286556   0.00118250  -0.00012612  -0.00109420  -0.00176475  -0.00218499  -0.00240252  -0.00246246  -0.00240558  -0.00226720  -0.00207676  -0.00185786  -0.00162867 
 -0.00025977  -0.51481768  -0.99622571  -1.39305602  -1.65484404  -1.76840170  -1.75642701  -1.65470992  -1.49763333  -1.31315418  -1.12193667  -0.93795164  -0.76959435  -0.62095507  -0.49305710  -0.38495216  -0.29461227  -0.21959578  -0.15749471  -0.10619161  -0.06396579  -0.02949319  -0.00178176   0.01992199   0.03622862   0.04768601   0.05483546   0.05824177   0.05850011   0.05622568   0.05203262   0.04650898   0.04019262   0.03355196   0.02697337   0.02075574   0.01511181   0.01017481   0.00600891   0.00262191  -0.00002145  -0.00198660  -0.00335758  -0.00422731  -0.00468980  -0.00483453  -0.00474258  -0.00448441  -0.00411890  -0.00369346  -0.00324467 
 -0.00037331  -0.73344953  -1.39305602  -1.92356856  -2.28787732  -2.46933711  -2.48282762  -2.36699110  -2.16616358  -1.91935791  -1.65664375  -1.39901770  -1.15960692  -0.94531970  -0.75854648  -0.59870358  -0.46350981  -0.34995197  -0.25494282  -0.17570780  -0.10995555  -0.05589449  -0.01215489   0.02233238   0.04846223   0.06706141   0.07896163   0.08503660   0.08620714   0.08342250   0.07762743   0.06972414   0.06053658   0.05078201   0.04105271   0.03180839   0.02337844   0.01597212   0.00969436   0.00456462   0.00053691  -0.00248101  -0.00461030  -0.00598644  -0.00674757  -0.00702592  -0.00694192  -0.00660073  -0.00609071  -0.00548334  -0.00483418 
 -0.00044276  -0.87042338  -1.65484404  -2.28787732  -2.73463258  -2.98458664  -3.04642530  -2.95057880  -2.74160908  -2.46461335  -2.15709622  -1.84662921  -1.55138860  -1.28180041  -1.04248254  -0.83410001  -0.65494223  -0.50214050  -0.37251527  -0.26309002  -0.17133570  -0.09522076  -0.03314023   0.01621296   0.05398628   0.08128372   0.09924340   0.10907257   0.11204497   0.10947033   0.10264775   0.09281430   0.08109777   0.06847965   0.05577180   0.04360707   0.03244294   0.02257533   0.01415971   0.00723624   0.00175623  -0.00239240  -0.00536210  -0.00732625  -0.00846359  -0.00894662  -0.00893358  -0.00856358  -0.00795433  -0.00720175  -0.00638111 
 -0.00046846  -0.92341331  -1.76840170  -2.46933711  -2.98458664  -3.30061057  -3.42490261  -3.37926162  -3.19941345  -2.92874260  -2.60821568  -2.27052919  -1.93879116  -1.62750480  -1.34439151  -1.09234434  -0.87117624  -0.67901427  -0.51329885  -0.37141388  -0.25101164  -0.15011368  -0.06706932  -0.00044341   0.05111174   0.08896344   0.11456562   0.12948082   0.13536216   0.13390659   0.12679234   0.11561333   0.10182048   0.08667669   0.07122894   0.05629774   0.04248236   0.03017840   0.01960421   0.01083205   0.00382083  -0.00155227  -0.00546332  -0.00811735  -0.00972892  -0.01050734  -0.01064642  -0.01031804  -0.00966889  -0.00881969  -0.00786609 
 -0.00046037  -0.90994008  -1.75642701  -2.48282762  -3.04642530  -3.42490261  -3.61817475  -3.64215091  -3.52250030  -3.29354749  -2.99350837  -2.65708512  -2.31129511  -1.97482452  -1.65916817  -1.37035923  -1.11069722  -0.88020626  -0.67772571  -0.50163145  -0.35024012  -0.22197447  -0.11537269  -0.02901683   0.03856154   0.08895881   0.12393916   0.14543107   0.15548550   0.15620758   0.14967531   0.13785865   0.12254925   0.10530778   0.08743190   0.06994491   0.05360273   0.03891527   0.02617784   0.01550816   0.00688510   0.00018605  -0.00477922  -0.00823964  -0.01043942  -0.01162019  -0.01200829  -0.01180656  -0.01118998  -0.01030408  -0.00926569 
 -0.00042950  -0.85101317  -1.65470992  -2.36699110  -2.95057880  -3.37926162  -3.64215091  -3.74485470  -3.70463895  -3.54539557  -3.29667315  -2.99021868  -2.65449538  -2.31163214  -1.97709065  -1.66069492  -1.36806230  -1.10196282  -0.86340886  -0.65242186  -0.46850134  -0.31085961  -0.17849856  -0.07019992   0.01551307   0.08040345   0.12651648   0.15613787   0.17171930   0.17578265   0.17081676   0.15917959   0.14301595   0.12419707   0.10428472   0.08451909   0.06582754   0.04884943   0.03397224   0.02137395   0.01106727   0.00294247  -0.00319379  -0.00758501  -0.01049760  -0.01219982  -0.01294653  -0.01296902  -0.01246925  -0.01161735  -0.01055173 
 -0.00038527  -0.76508150  -1.49763333  -2.16616358  -2.74160908  -3.19941345  -3.52250030  -3.70463895  -3.75171735  -3.67836681  -3.50421282  -3.25326168  -2.95139781  -2.62217952  -2.28443127  -1.95193248  -1.63415573  -1.33729606  -1.06522498  -0.82022881  -0.60350826  -0.41547409  -0.25589806  -0.12398030  -0.01838481   0.06272097   0.12160297   0.16086838   0.18334961   0.19197521   0.18964103   0.17909347   0.16283414   0.14305135   0.12158009   0.09988887   0.07908976   0.05996631   0.04301366   0.02848561   0.01644381   0.00680540  -0.00061355  -0.00606036  -0.00981482  -0.01216491  -0.01338891  -0.01374318  -0.01345463  -0.01271718  -0.01169095 
 -0.00033496  -0.66659222  -1.31315418  -1.91935791  -2.46461335  -2.92874260  -3.29354749  -3.54539557  -3.67836681  -3.69588801  -3.60860425  -3.43168892  -3.18450214  -2.88866769  -2.56463390  -2.22955583  -1.89682338  -1.57643536  -1.27562707  -0.99946971  -0.75134040  -0.53325135  -0.34606806  -0.18965871  -0.06301438   0.03563129   0.10866765   0.15895429   0.18965550   0.20407226   0.20548392   0.19701019   0.18150124   0.16146010   0.13899764   0.11581772   0.09322773   0.07216856   0.05325793   0.03684122   0.02304473   0.01182746   0.00302866  -0.00359079  -0.00831389  -0.01144015  -0.01326507  -0.01406558  -0.01409076  -0.01355674  -0.01264494 
 -0.00028382  -0.56600239  -1.12193667  -1.65664375  -2.15709622  -2.60821568  -2.99350837  -3.29667315  -3.50421282  -3.60860425  -3.61025970  -3.51629640  -3.33856961  -3.09341481  -2.79998779  -2.47723129  -2.14183475  -1.80753536  -1.48515225  -1.18288862  -0.90667936  -0.66050218  -0.44663770  -0.26589222  -0.11780338  -0.00084550   0.08735738   0.14981100   0.18992951   0.21132372   0.21760955   0.21224610   0.19840913   0.17890280   0.15610832   0.13196601   0.10798507   0.08527438   0.06458773   0.04637725   0.03084972   0.01802161   0.00776996  -0.00012295  -0.00593195  -0.00995868  -0.01250839  -0.01387304  -0.01432000  -0.01408526  -0.01337037 
 -0.00023531  -0.47025414  -0.93795164  -1.39901770  -1.84662921  -2.27052919  -2.65708512  -2.99021868  -3.25326168  -3.43168892  -3.51629640  -3.50530742  -3.40367257  -3.22149978  -2.97370668  -2.67841274  -2.35410386  -2.01758485  -1.68308036  -1.36201808  -1.06311959  -0.79261220  -0.55448346  -0.35075125  -0.18174288  -0.04638213   0.05751846   0.13296638   0.18350863   0.21297243   0.22523746   0.22404705   0.21286281   0.19476339   0.17238486   0.14789782   0.12301455   0.09901894   0.07681205   0.05696667   0.03978538   0.02535779   0.01361392   0.00437147  -0.00262375  -0.00766494  -0.01105845  -0.01310452  -0.01408387  -0.01424902  -0.01381968 
 -0.00019145  -0.38341503  -0.76959435  -1.15960692  -1.55138860  -1.93879116  -2.31129511  -2.65449538  -2.95139781  -3.18450214  -3.33856961  -3.40367257  -3.37722956  -3.26352667  -3.07229839  -2.81818858  -2.51909660  -2.19345802  -1.85819818  -1.52771565  -1.21352845  -0.92426902  -0.66585909  -0.44178099  -0.25340243  -0.10032979   0.01922799   0.10810060   0.16981649   0.20829491   0.22757954   0.23162045   0.22410706   0.20835145   0.18721791   0.16309258   0.13788575   0.11305879   0.08966803   0.06841874   0.04972347   0.03376024   0.02052727   0.00989229   0.00163495  -0.00451786  -0.00886379  -0.01170350  -0.01332496  -0.01399283  -0.01394205 
 -0.00015313  -0.30735917  -0.62095507  -0.94531970  -1.28180041  -1.62750480  -1.97482452  -2.31163214  -2.62217952  -2.88866769  -3.09341481  -3.22149978  -3.26352667  -3.21741465  -3.08793102  -2.88528196  -2.62436384  -2.32305788  -1.99963048  -1.67074688  -1.35043606  -1.04970570  -0.77653179  -0.53606169  -0.33093919  -0.16169497  -0.02716422   0.07509669   0.14841616   0.19665205   0.22388622   0.23417543   0.23136017   0.21892964   0.19993747   0.17696110   0.15209643   0.12697920   0.10282496   0.08048044   0.06048046   0.04310556   0.02843710   0.01640742   0.00684382  -0.00049431  -0.00588517  -0.00962082  -0.01198930  -0.01326189  -0.01368482 
 -0.00012049  -0.24241508  -0.49305710  -0.75854648  -1.04248254  -1.34439151  -1.65916817  -1.97709065  -2.28443127  -2.56463390  -2.79998779  -2.97370668  -3.07229839  -3.08793102  -3.01988116  -2.87397540  -2.66114589  -2.39651961  -2.09771310  -1.78239781  -1.46644465  -1.16295540  -0.88192264  -0.63026814  -0.41210269  -0.22910937  -0.08098584   0.03409986   0.11907160   0.17754807   0.21350011   0.23096990   0.23385384   0.22574641   0.20983895   0.18886559   0.16508719   0.14030430   0.11589066   0.09283975   0.07181829   0.05322178   0.03722855   0.02384985   0.01297449   0.00440730  -0.00209897  -0.00681782  -0.01002907  -0.01200407  -0.01299531 
 -0.00009318  -0.18793201  -0.38495216  -0.59870358  -0.83410001  -1.09234434  -1.37035923  -1.66069492  -1.95193248  -2.22955583  -2.47723129  -2.67841274  -2.81818858  -2.88528196  -2.87397540  -2.78520197  -2.62587926  -2.40745208  -2.14490201  -1.85511406  -1.55465833  -1.25812108  -0.97725713  -0.72073463  -0.49424117  -0.30079884  -0.14118892  -0.01441892   0.08181410   0.15069487   0.19591514   0.22136282   0.23087796   0.22807333   0.21621336   0.19814333   0.17625935   0.15250990   0.12842003   0.10513068   0.08344667   0.06388839   0.04674335   0.03211504   0.01996733   0.01016345   0.00249918  -0.00326973  -0.00740571  -0.01017256  -0.01182301 
 -0.00007059  -0.14273739  -0.29461227  -0.46350981  -0.65494223  -0.87117624  -1.11069722  -1.36806230  -1.63415573  -1.89682338  -2.14183475  -2.35410386  -2.51909660  -2.62436384  -2.66114589  -2.62587926  -2.52097753  -2.35409699  -2.13672176  -1.88317991  -1.60914598  -1.32967322  -1.05773869  -0.80353773  -0.57432093  -0.37456059  -0.20630167  -0.06960110   0.03700908   0.11607798   0.17083826   0.20486956   0.22182866   0.22524566   0.21838067   0.20413333   0.18499564   0.16303892   0.13992594   0.11694034   0.09502697   0.07483777   0.05677930   0.04105905   0.02772855   0.01672216   0.00789084   0.00103075  -0.00409323  -0.00772884  -0.01012208 
 -0.00005200  -0.10547598  -0.21959578  -0.34995197  -0.50214050  -0.67901427  -0.88020626  -1.10196282  -1.33729606  -1.57643536  -1.80753536  -2.01758485  -2.19345802  -2.32305788  -2.39651961  -2.40745208  -2.35409699  -2.23987957  -2.07266735  -1.86345616  -1.62546149  -1.37279661  -1.11876408  -0.87461383  -0.64897310  -0.44776128  -0.27439494  -0.13014875  -0.01458325   0.07401954   0.13825024   0.18121792   0.20625815   0.21670531   0.21572588   0.20620581   0.19068352   0.17131928   0.14989234   0.12781800   0.10617787   0.08575806   0.06709092   0.05049747   0.03612806   0.02400002   0.01403136   0.00606996  -0.00008162  -0.00464588  -0.00785421 
 -0.00003675  -0.07483578  -0.15749471  -0.25494282  -0.37251527  -0.51329885  -0.67772571  -0.86340886  -1.06522498  -1.27562707  -1.48515225  -1.68308036  -1.85819818  -1.99963048  -2.09771310  -2.14490201  -2.13672176  -2.07266735  -1.95661105  -1.79611212  -1.60124644  -1.38381380  -1.15620385  -0.92993141  -0.71458530  -0.51737042  -0.34307562  -0.19429203  -0.07176036   0.02523284   0.09846168   0.15040198   0.18392412   0.20204467   0.20773667   0.20379373   0.19274094   0.17678420   0.15778974   0.13728628   0.11648296   0.09629770   0.07739156   0.06020562   0.04499812   0.03187983   0.02084686   0.01180989   0.00461967  -0.00091143  -0.00499164 
 -0.00002426  -0.04967583  -0.10619161  -0.17570780  -0.26309002  -0.37141388  -0.50163145  -0.65242186  -0.82022881  -0.99946971  -1.18288862  -1.36201808  -1.52771565  -1.67074688  -1.78239781  -1.85511406  -1.88317991  -1.86345616  -1.79611212  -1.68496142  -1.53686230  -1.36071014  -1.16677401  -0.96573948  -0.76745628  -0.58004450  -0.40951929  -0.25978616  -0.13285114  -0.02913768   0.05215985   0.11273066   0.15483672   0.18104989   0.19404198   0.19642603   0.19064413   0.17889485   0.16309306   0.14485472   0.12550040   0.10607186   0.08735704   0.06992001   0.05413310   0.04020903   0.02823180   0.01818521   0.00997848   0.00346868  -0.00152032 
 -0.00001405  -0.02907680  -0.06396579  -0.10995555  -0.17133570  -0.25101164  -0.35024012  -0.46850134  -0.60350826  -0.75134040  -0.90667936  -1.06311959  -1.21352845  -1.35043606  -1.46644465  -1.55465833  -1.60914598  -1.62546149  -1.60124644  -1.53686230  -1.43570494  -1.30371289  -1.14852019  -0.97891442  -0.80403135  -0.63227690  -0.47055526  -0.32394860  -0.19571926  -0.08749736   0.00044119   0.06886733   0.11930055   0.15374206   0.17445023   0.18376179   0.18395713   0.17716516   0.16530174   0.15003552   0.13277492   0.11467096   0.09663126   0.07934138   0.06329053   0.04879923   0.03604728   0.02510075   0.01593699   0.00846734   0.00255693 
 -0.00000576  -0.01233737  -0.02949319  -0.05589449  -0.09522076  -0.15011368  -0.22197447  -0.31085961  -0.41547409  -0.53325135  -0.66050218  -0.79261220  -0.92426902  -1.04970570  -1.16295540  -1.25812108  -1.32967322  -1.37279661  -1.38381380  -1.36071014  -1.30371289  -1.21561080  -1.10136840  -0.96742139  -0.82123653  -0.67062785  -0.52281580  -0.38374647  -0.25780476  -0.14781028  -0.05517552   0.01985647   0.07794869   0.12041405   0.14898589   0.16562451   0.17236264   0.17118844   0.16396218   0.15236184   0.13785200   0.12167131   0.10483372   0.08813961   0.07219370   0.05742692   0.04412040   0.03242984   0.02240928   0.01403332   0.00721733 
  0.00000086   0.00106210  -0.00178176  -0.01215489  -0.03314023  -0.06706932  -0.11537269  -0.17849856  -0.25589806  -0.34606806  -0.44663770  -0.55448346  -0.66585909  -0.77653179  -0.88192264  -0.97725713  -1.05773869  -1.11876408  -1.15620385  -1.16677401  -1.14852019  -1.10136840  -1.02745766  -0.93084588  -0.81692279  -0.69204815  -0.56296083  -0.43594414  -0.31621228  -0.20764316  -0.11276151  -0.03286705   0.03176534   0.08166059   0.11792263   0.14203531   0.15569323   0.16066562   0.15869223   0.15140831   0.14029466   0.12664825   0.11156925   0.09596047   0.08053594   0.06583575   0.05224477   0.04001349   0.02927957   0.02008887   0.01241542 
  0.00000602   0.01151026   0.01992199   0.02233238   0.01621296  -0.00044341  -0.02901683  -0.07019992  -0.12398030  -0.18965871  -0.26589222  -0.35075125  -0.44178099  -0.53606169  -0.63026814  -0.72073463  -0.80353773  -0.87461383  -0.92993141  -0.96573948  -0.97891442  -0.96742139  -0.93084588  -0.87073549  -0.79037776  -0.69430491  -0.58798884  -0.47731970  -0.36785382  -0.26425145  -0.17002158  -0.08749130  -0.01790677   0.03839859   0.08181086   0.11324348   0.13396207   0.14543422   0.14920722   0.14681368   0.13970238   0.12919148   0.11644006   0.10243460   0.08798687   0.07374033   0.06018242   0.04766073   0.03640134   0.02652793   0.01808068 
  0.00000986   0.01931605   0.03622862   0.04846223   0.05398628   0.05111174   0.03856154   0.01551307  -0.01838481  -0.06301438  -0.11780338  -0.18174288  -0.25340243  -0.33093919  -0.41210269  -0.49424117  -0.57432093  -0.64897310  -0.71458530  -0.76745628  -0.80403135  -0.82123653  -0.81692279  -0.79037776  -0.74266790  -0.67646902  -0.59564031  -0.50495948  -0.40965379  -0.31471442  -0.22437559  -0.14186857  -0.06937911  -0.00812602   0.04149674   0.07975230   0.10739161   0.12549709   0.13534723   0.13830531   0.13573237   0.12892282   0.11906002   0.10718863   0.09420061   0.08083195   0.06766729   0.05515027   0.04359759   0.03321526   0.02411579 
  0.00001253   0.02475186   0.04768601   0.06706141   0.08128372   0.08896344   0.08895881   0.08040345   0.06272097   0.03563129  -0.00084550  -0.04638213  -0.10032979  -0.16169497  -0.22910937  -0.30079884  -0.37456059  -0.44776128  -0.51737042  -0.58004450  -0.63227690  -0.67062785  -0.69204815  -0.69430491  -0.67646902  -0.63924870  -0.58485650  -0.51663576  -0.43882418  -0.35612639  -0.27308402  -0.19359069  -0.12065500  -0.05634929  -0.00187067   0.04233751   0.07643823   0.10104970   0.11710421   0.12572474   0.12812251   0.12551616   0.11907137   0.10985858   0.09882614   0.08678620   0.07441049   0.06223370   0.05066221   0.03998650   0.03039567 
  0.00001415   0.02808382   0.05483546   0.07896163   0.09924340   0.11456562   0.12393916   0.12651648   0.12160297   0.10866765   0.08735738   0.05751846   0.01922799  -0.02716422  -0.08098584  -0.14118892  -0.20630167  -0.27439494  -0.34307562  -0.40951929  -0.47055526  -0.52281580  -0.56296083  -0.58798884  -0.59564031  -0.58485650  -0.55609753  -0.51123420  -0.45321505  -0.38585132  -0.31342427  -0.24010420  -0.16949817  -0.10442296  -0.04684837   0.00205496   0.04181033   0.07250382   0.09464805   0.10905360   0.11671563   0.11871910   0.11616338   0.11010550   0.10151990   0.09127267   0.08010735   0.06864029   0.05736294   0.04664941   0.03676747 
  0.00001487   0.02958849   0.05824177   0.08503660   0.10907257   0.12948082   0.14543107   0.15613787   0.16086838   0.15895429   0.14981100   0.13296638   0.10810060   0.07509669   0.03409986  -0.01441892  -0.06960110  -0.13014875  -0.19429203  -0.25978616  -0.32394860  -0.38374647  -0.43594414  -0.47731970  -0.50495948  -0.51663576  -0.51123420  -0.48905256  -0.45170981  -0.40184603  -0.34292498  -0.27887208  -0.21353781  -0.15027629  -0.09172918  -0.03976624   0.00447671   0.04050539   0.06834942   0.08843840   0.10148414   0.10837600   0.11009293   0.10763310   0.10196046   0.09396671   0.08444649   0.07408355   0.06344572   0.05298652   0.04305166 
  0.00001483   0.02955739   0.05850011   0.08620714   0.11204497   0.13536216   0.15548550   0.17171930   0.18334961   0.18965550   0.18992951   0.18350863   0.16981649   0.14841616   0.11907160   0.08181410   0.03700908  -0.01458325  -0.07176036  -0.13285114  -0.19571926  -0.25780476  -0.31621228  -0.36785382  -0.40965379  -0.43882418  -0.45321505  -0.45170981  -0.43450349  -0.40302465  -0.35966322  -0.30758876  -0.25041655  -0.19171178  -0.13459747  -0.08154992  -0.03433859   0.00594338   0.03879734   0.06421267   0.08255372   0.09445135   0.10070628   0.10220722   0.09986517   0.09456327   0.08712085   0.07826975   0.06864092   0.05875919   0.04904436 
  0.00001418   0.02829241   0.05622568   0.08342250   0.10947033   0.13390659   0.15620758   0.17578265   0.19197521   0.20407226   0.21132372   0.21297243   0.20829491   0.19665205   0.17754807   0.15069487   0.11607798   0.07401954   0.02523284  -0.02913768  -0.08749736  -0.14781028  -0.20764316  -0.26425145  -0.31471442  -0.35612639  -0.38585132  -0.40184603  -0.40302465  -0.38951693  -0.36260056  -0.32445371  -0.27798802  -0.22654065  -0.17341638  -0.12152315  -0.07317926  -0.03005384   0.00680838   0.03691407   0.06022463   0.07705251   0.08796136   0.09367644   0.09500855   0.09279262   0.08784076   0.08090827   0.07267118   0.06371336   0.05452119 
  0.00001306   0.02609559   0.05203262   0.07762743   0.10264775   0.12679234   0.14967531   0.17081676   0.18964103   0.20548392   0.21760955   0.22523746   0.22757954   0.22388622   0.21350011   0.19591514   0.17083826   0.13825024   0.09846168   0.05215985   0.00044119  -0.05517552  -0.11276151  -0.17002158  -0.22437559  -0.27308402  -0.31342427  -0.34292498  -0.35966322  -0.36260056  -0.35182285  -0.32848161  -0.29456902  -0.25276475  -0.20615232  -0.15779601  -0.11040235  -0.06613882  -0.02657571   0.00729387   0.03498843   0.05645009   0.07194944   0.08199333   0.08724189   0.08843775   0.08634874   0.08172383   0.07526122   0.06758694   0.05924254 
  0.00001163   0.02325667   0.04650898   0.06972414   0.09281430   0.11561333   0.13785865   0.15917959   0.17909347   0.19701019   0.21224610   0.22404705   0.23162045   0.23417543   0.23096990   0.22136282   0.20486956   0.18121792   0.15040198   0.11273066   0.06886733   0.01985647  -0.03286705  -0.08749130  -0.14186857  -0.19359069  -0.24010420  -0.27887208  -0.30758876  -0.32445371  -0.32848161  -0.31972556  -0.29922673  -0.26880982  -0.23094290  -0.18847626  -0.14425142  -0.10078649  -0.06010603  -0.02368449   0.00753748   0.03309424   0.05291474   0.06723510   0.07651344   0.08135295   0.08243598   0.08047062   0.07614934   0.07011898   0.06296055 
  0.00001001   0.02004094   0.04019262   0.06053658   0.08109777   0.10182048   0.12254925   0.14301595   0.16283414   0.18150124   0.19840913   0.21286281   0.22410706   0.23136017   0.23385384   0.23087796   0.22182866   0.20625815   0.18392412   0.15483672   0.11930055   0.07794869   0.03176534  -0.01790677  -0.06937911  -0.12065500  -0.16949817  -0.21353781  -0.25041655  -0.27798802  -0.29456902  -0.29922673  -0.29198711  -0.27379198  -0.24631326  -0.21182497  -0.17296260  -0.13236153  -0.09236441  -0.05486143  -0.02123562   0.00762415   0.03127016   0.04962239   0.06288809   0.07148303   0.07596005   0.07694780   0.07510078   0.07106060   0.06542772 
  0.00000832   0.01667953   0.03355196   0.05078201   0.06847965   0.08667669   0.10530778   0.12419707   0.14305135   0.16146010   0.17890280   0.19476339   0.20835145   0.21892964   0.22574641   0.22807333   0.22524566   0.21670531   0.20204467   0.18104989   0.15374206   0.12041405   0.08166059   0.03839859  -0.00812602  -0.05634929  -0.10442296  -0.15027629  -0.19171178  -0.22654065  -0.25276475  -0.26880982  -0.27379198  -0.26771300  -0.25142418  -0.22645756  -0.19490905  -0.15921665  -0.12182559  -0.08491590  -0.05025241  -0.01913187   0.00760676   0.02953455   0.04656544   0.05888209   0.06686303   0.07101632   0.07192241   0.07018750   0.06640720 
  0.00000666   0.01336295   0.02697337   0.04105271   0.05577180   0.07122894   0.08743190   0.10428472   0.12158009   0.13899764   0.15610832   0.17238486   0.18721791   0.19993747   0.20983895   0.21621336   0.21838067   0.21572588   0.20773667   0.19404198   0.17445023   0.14898589   0.11792263   0.08181086   0.04149674  -0.00187067  -0.04684837  -0.09172918  -0.13459747  -0.17341638  -0.20615232  -0.23094290  -0.24631326  -0.25142418  -0.24625534  -0.23157538  -0.20878837  -0.17982714  -0.14694855  -0.11242298  -0.07828039  -0.04616927  -0.01730567   0.00751891   0.02789444   0.04373085   0.05518960   0.06261625   0.06647871   0.06731402   0.06568467 
  0.00000510   0.01023828   0.02075574   0.03180839   0.04360707   0.05629774   0.06994491   0.08451909   0.09988887   0.11581772   0.13196601   0.14789782   0.16309258   0.17696110   0.18886559   0.19814333   0.20413333   0.20620581   0.20379373   0.19642603   0.18376179   0.16562451   0.14203531   0.11324348   0.07975230   0.04233751   0.00205496  -0.03976624  -0.08154992  -0.12152315  -0.15779601  -0.18847626  -0.21182497  -0.22645756  -0.23157538  -0.22713811  -0.21383910  -0.19296576  -0.16630195  -0.13593884  -0.10398640  -0.07233649  -0.04253007  -0.01570808   0.00738269   0.02635076   0.04110349   0.05178394   0.05870825   0.06230823   0.06308166 
  0.00000368   0.00740977   0.01511181   0.02337844   0.03244294   0.04248236   0.05360273   0.06582754   0.07908976   0.09322773   0.10798507   0.12301455   0.13788575   0.15209643   0.16508719   0.17625935   0.18499564   0.19068352   0.19274094   0.19064413   0.18395713   0.17236264   0.15569323   0.13396207   0.10739161   0.07643823   0.04181033   0.00447671  -0.03433859  -0.07317926  -0.11040235  -0.14425142  -0.17296260  -0.19490905  -0.20878837  -0.21383910  -0.21000306  -0.19790548  -0.17872773  -0.15411792  -0.12601583  -0.09638456  -0.06698910  -0.03927121  -0.01430218   0.00721314   0.02490119   0.03866786   0.04864008   0.05510768   0.05846987 
  0.00000245   0.00494208   0.01017481   0.01597212   0.02257533   0.03017840   0.03891527   0.04884943   0.05996631   0.07216856   0.08527438   0.09901894   0.11305879   0.12697920   0.14030430   0.15250990   0.16303892   0.17131928   0.17678420   0.17889485   0.17716516   0.17118844   0.16066562   0.14543422   0.12549709   0.10104970   0.07250382   0.04050539   0.00594338  -0.03005384  -0.06613882  -0.10078649  -0.13236153  -0.15921665  -0.17982714  -0.19296576  -0.19790548  -0.19457267  -0.18353115  -0.16586615  -0.14310226  -0.11704107  -0.08951128  -0.06216137  -0.03634172  -0.01305908   0.00702089   0.02354182   0.03640895   0.04573502   0.05178622 
  0.00000141   0.00286556   0.00600891   0.00969436   0.01415971   0.01960421   0.02617784   0.03397224   0.04301366   0.05325793   0.06458773   0.07681205   0.08966803   0.10282496   0.11589066   0.12842003   0.13992594   0.14989234   0.15778974   0.16309306   0.16530174   0.16396218   0.15869223   0.14920722   0.13534723   0.11710421   0.09464805   0.06834942   0.03879734   0.00680838  -0.02657571  -0.06010603  -0.09236441  -0.12182559  -0.14694855  -0.16630195  -0.17872773  -0.18353115  -0.18062544  -0.17051934  -0.15421104  -0.13311278  -0.10890007  -0.08327851  -0.05778966  -0.03369967  -0.01195554   0.00681367   0.02226799   0.03431261   0.04304778 
  0.00000057   0.00118250   0.00262191   0.00456462   0.00723624   0.01083205   0.01550816   0.02137395   0.02848561   0.03684122   0.04637725   0.05696667   0.06841874   0.08048044   0.09283975   0.10513068   0.11694034   0.12781800   0.13728628   0.14485472   0.15003552   0.15236184   0.15140831   0.14681368   0.13830531   0.12572474   0.10905360   0.08843840   0.06421267   0.03691407   0.00729387  -0.02368449  -0.05486143  -0.08491590  -0.11242298  -0.13593884  -0.15411792  -0.16586615  -0.17051934  -0.16797984  -0.15870708  -0.14362048  -0.12403011  -0.10149630  -0.07761194  -0.05382031  -0.03130992  -0.01097242   0.00659726   0.02107474   0.03236571 
 -0.00000008  -0.00012612  -0.00002145   0.00053691   0.00175623   0.00382083   0.00688510   0.01106727   0.01644381   0.02304473   0.03084972   0.03978538   0.04972347   0.06048046   0.07181829   0.08344667   0.09502697   0.10617787   0.11648296   0.12550040   0.13277492   0.13785200   0.14029466   0.13970238   0.13573237   0.12812251   0.11671563   0.10148414   0.08255372   0.06022463   0.03498843   0.00753748  -0.02123562  -0.05025241  -0.07828039  -0.10398640  -0.12601583  -0.14310226  -0.15421104  -0.15870708  -0.15648388  -0.14795679  -0.13397398  -0.11575245  -0.09474728  -0.07244799  -0.05020749  -0.02914263  -0.01009378   0.00637598   0.01995711 
 -0.00000056  -0.00109420  -0.00198660  -0.00248101  -0.00239240  -0.00155227   0.00018605   0.00294247   0.00680540   0.01182746   0.01802161   0.02535779   0.03376024   0.04310556   0.05322178   0.06388839   0.07483777   0.08575806   0.09629770   0.10607186   0.11467096   0.12167131   0.12664825   0.12919148   0.12892282   0.12551616   0.11871910   0.10837600   0.09445135   0.07705251   0.05645009   0.03309424   0.00762415  -0.01913187  -0.04616927  -0.07233649  -0.09638456  -0.11704107  -0.13311278  -0.14362048  -0.14795679  -0.14600825  -0.13815076  -0.12516797  -0.10819207  -0.08858180  -0.06773179  -0.04691172  -0.02717225  -0.00930619   0.00615314 
 -0.00000090  -0.00176475  -0.00335758  -0.00461030  -0.00536210  -0.00546332  -0.00477922  -0.00319379  -0.00061355   0.00302866   0.00776996   0.01361392   0.02052727   0.02843710   0.03722855   0.04674335   0.05677930   0.06709092   0.07739156   0.08735704   0.09663126   0.10483372   0.11156925   0.11644006   0.11906002   0.11907137   0.11616338   0.11009293   0.10070628   0.08796136   0.07194944   0.05291474   0.03127016   0.00760676  -0.01730567  -0.04253007  -0.06698910  -0.08951128  -0.10890007  -0.12403011  -0.13397398  -0.13815076  -0.13644164  -0.12918724  -0.11711270  -0.10127280  -0.08293799  -0.06341565  -0.04389875  -0.02537674  -0.00859822 
 -0.00000110  -0.00218499  -0.00422731  -0.00598644  -0.00732625  -0.00811735  -0.00823964  -0.00758501  -0.00606036  -0.00359079  -0.00012295   0.00437147   0.00989229   0.01640742   0.02384985   0.03211504   0.04105905   0.05049747   0.06020562   0.06992001   0.07934138   0.08813961   0.09596047   0.10243460   0.10718863   0.10985858   0.11010550   0.10763310   0.10220722   0.09367644   0.08199333   0.06723510   0.04962239   0.02953455   0.00751891  -0.01570808  -0.03927121  -0.06216137  -0.08327851  -0.10149630  -0.11575245  -0.12516797  -0.12918724  -0.12768748  -0.12097769  -0.10972988  -0.09492811  -0.07776178  -0.05945796  -0.04113877  -0.02373697 
 -0.00000121  -0.00240252  -0.00468980  -0.00674757  -0.00846359  -0.00972892  -0.01043942  -0.01049760  -0.00981482  -0.00831389  -0.00593195  -0.00262375   0.00163495   0.00684382   0.01297449   0.01996733   0.02772855   0.03612806   0.04499812   0.05413310   0.06329053   0.07219370   0.08053594   0.08798687   0.09420061   0.09882614   0.10151990   0.10196046   0.09986517   0.09500855   0.08724189   0.07651344   0.06288809   0.04656544   0.02789444   0.00738269  -0.01430218  -0.03634172  -0.05778966  -0.07761194  -0.09474728  -0.10819207  -0.11711270  -0.12097769  -0.11966144  -0.11344462  -0.10295093  -0.08909967  -0.07300576  -0.05582220  -0.03860566 
 -0.00000124  -0.00246246  -0.00483453  -0.00702592  -0.00894662  -0.01050734  -0.01162019  -0.01219982  -0.01216491  -0.01144015  -0.00995868  -0.00766494  -0.00451786  -0.00049431   0.00440730   0.01016345   0.01672216   0.02400002   0.03187983   0.04020903   0.04879923   0.05742692   0.06583575   0.07374033   0.08083195   0.08678620   0.09127267   0.09396671   0.09456327   0.09279262   0.08843775   0.08135295   0.07148303   0.05888209   0.04373085   0.02635076   0.00721314  -0.01305908  -0.03369967  -0.05382031  -0.07244799  -0.08858180  -0.10127280  -0.10972988  -0.11344462  -0.11228958  -0.10651999  -0.09671553  -0.08373614  -0.06862818  -0.05247629 
 -0.00000121  -0.00240558  -0.00474258  -0.00694192  -0.00893358  -0.01064642  -0.01200829  -0.01294653  -0.01338891  -0.01326507  -0.01250839  -0.01105845  -0.00886379  -0.00588517  -0.00209897   0.00249918   0.00789084   0.01403136   0.02084686   0.02823180   0.03604728   0.04412040   0.05224477   0.06018242   0.06766729   0.07441049   0.08010735   0.08444649   0.08712085   0.08784076   0.08634874   0.08243598   0.07596005   0.06686303   0.05518960   0.04110349   0.02490119   0.00702089  -0.01195554  -0.03130992  -0.05020749  -0.06773179  -0.08293799  -0.09492811  -0.10295093  -0.10651999  -0.10550684  -0.10014382  -0.09097046  -0.07879220  -0.06459220 
 -0.00000114  -0.00226720  -0.00448441  -0.00660073  -0.00856358  -0.01031804  -0.01180656  -0.01296902  -0.01374318  -0.01406558  -0.01387304  -0.01310452  -0.01170350  -0.00962082  -0.00681782  -0.00326973   0.00103075   0.00606996   0.01180989   0.01818521   0.02510075   0.03242984   0.04001349   0.04766073   0.05515027   0.06223370   0.06864029   0.07408355   0.07826975   0.08090827   0.08172383   0.08047062   0.07694780   0.07101632   0.06261625   0.05178394   0.03866786   0.02354182   0.00681367  -0.01097242  -0.02914263  -0.04691172  -0.06341565  -0.07776178  -0.08909967  -0.09671553  -0.10014382  -0.09925577  -0.09426309  -0.08566863  -0.07422773 
 -0.00000104  -0.00207676  -0.00411890  -0.00609071  -0.00795433  -0.00966889  -0.01118998  -0.01246925  -0.01345463  -0.01409076  -0.01432000  -0.01408387  -0.01332496  -0.01198930  -0.01002907  -0.00740571  -0.00409323  -0.00008162   0.00461967   0.00997848   0.01593699   0.02240928   0.02927957   0.03640134   0.04359759   0.05066221   0.05736294   0.06344572   0.06864092   0.07267118   0.07526122   0.07614934   0.07510078   0.07192241   0.06647871   0.05870825   0.04864008   0.03640895   0.02226799   0.00659726  -0.01009378  -0.02717225  -0.04389875  -0.05945796  -0.07300576  -0.08373614  -0.09097046  -0.09426309  -0.09348550  -0.08883080  -0.08076827 
 -0.00000093  -0.00185786  -0.00369346  -0.00548334  -0.00720175  -0.00881969  -0.01030408  -0.01161735  -0.01271718  -0.01355674  -0.01408526  -0.01424902  -0.01399283  -0.01326189  -0.01200407  -0.01017256  -0.00772884  -0.00464588  -0.00091143   0.00346868   0.00846734   0.01403332   0.02008887   0.02652793   0.03321526   0.03998650   0.04664941   0.05298652   0.05875919   0.06371336   0.06758694   0.07011898   0.07106060   0.07018750   0.06731402   0.06230823   0.05510768   0.04573502   0.03431261   0.02107474   0.00637598  -0.00930619  -0.02537674  -0.04113877  -0.05582220  -0.06862818  -0.07879220  -0.08566863  -0.08883080  -0.08815090  -0.08380522 
 -0.00000082  -0.00162867  -0.00324467  -0.00483418  -0.00638111  -0.00786609  -0.00926569  -0.01055173  -0.01169095  -0.01264494  -0.01337037  -0.01381968  -0.01394205  -0.01368482  -0.01299531  -0.01182301  -0.01012208  -0.00785421  -0.00499164  -0.00152032   0.00255693   0.00721733   0.01241542   0.01808068   0.02411579   0.03039567   0.03676747   0.04305166   0.04904436   0.05452119   0.05924254   0.06296055   0.06542772   0.06640720   0.06568467   0.06308166   0.05846987   0.05178622   0.04304778   0.03236571   0.01995711   0.00615314  -0.00859822  -0.02373697  -0.03860566  -0.05247629  -0.06459220  -0.07422773  -0.08076827  -0.08380522  -0.08321182 
#
