# coconut-me2b/v0.99.21 
# 
# momentum space matrix elements 
# partial wave J=2, L=2/2, S=0, T=1, MT=-1 
# 
# momentum grid [fm^-1]
0.000000 0.200000 0.400000 0.600000 0.800000 1.000000 1.200000 1.400000 1.600000 1.800000 2.000000 2.200000 2.400000 2.600000 2.800000 3.000000 3.200000 3.400000 3.600000 3.800000 4.000000 4.200000 4.400000 4.600000 4.800000 5.000000 5.200000 5.400000 5.600000 5.800000 6.000000 6.200000 6.400000 6.600000 6.800000 7.000000 7.200000 7.400000 7.600000 7.800000 8.000000 8.200000 8.400000 8.600000 8.800000 9.000000 9.200000 9.400000 9.600000 9.800000 10.000000 
#
# matrix elements [MeV fm^3] 
  0.00000000  -0.00000002  -0.00000003  -0.00000004  -0.00000003  -0.00000002  -0.00000002  -0.00000002  -0.00000002  -0.00000001  -0.00000001  -0.00000001  -0.00000001  -0.00000001  -0.00000000  -0.00000000  -0.00000000  -0.00000000  -0.00000000  -0.00000000   0.00000000   0.00000000   0.00000000   0.00000000   0.00000000   0.00000000   0.00000000   0.00000000   0.00000000   0.00000000   0.00000000   0.00000000   0.00000000   0.00000000   0.00000000   0.00000000   0.00000000   0.00000000   0.00000000   0.00000000   0.00000000   0.00000000   0.00000000   0.00000000   0.00000000  -0.00000000  -0.00000000  -0.00000000  -0.00000000  -0.00000000  -0.00000000 
 -0.00000002  -0.04972100  -0.11717751  -0.13160881  -0.11564025  -0.09647441  -0.08167237  -0.07063126  -0.06162493  -0.05353556  -0.04588162  -0.03856131  -0.03164596  -0.02525718  -0.01950421  -0.01445787  -0.01014472  -0.00655171  -0.00363518  -0.00133111   0.00043555   0.00174318   0.00266783   0.00327958   0.00364049   0.00380394   0.00381485   0.00371045   0.00352136   0.00327262   0.00298472   0.00267443   0.00235543   0.00203878   0.00173328   0.00144572   0.00118106   0.00094260   0.00073220   0.00055040   0.00039669   0.00026969   0.00016734   0.00008716   0.00002640  -0.00001777  -0.00004815  -0.00006737  -0.00007784  -0.00008167  -0.00008069 
 -0.00000003  -0.11717751  -0.32601566  -0.42846469  -0.41554458  -0.36375067  -0.31426034  -0.27413869  -0.24028606  -0.20945230  -0.18006236  -0.15180239  -0.12498414  -0.10010777  -0.07762503  -0.05783662  -0.04086802  -0.02668635  -0.01513557  -0.00597639   0.00107666   0.00632469   0.01006184   0.01256039   0.01406253   0.01477727   0.01488114   0.01452095   0.01381776   0.01287102   0.01176234   0.01055874   0.00931505   0.00807582   0.00687661   0.00574494   0.00470107   0.00375871   0.00292566   0.00220461   0.00159390   0.00108835   0.00068016   0.00035969   0.00011621  -0.00006138  -0.00018406  -0.00026223  -0.00030538  -0.00032194  -0.00031912 
 -0.00000004  -0.13160881  -0.42846469  -0.68126058  -0.76849708  -0.73355320  -0.65962781  -0.58550760  -0.51772918  -0.45400960  -0.39235694  -0.33249169  -0.27523048  -0.22174878  -0.17311259  -0.13005851  -0.09293618  -0.06174100  -0.03618875  -0.01580223   0.00000706   0.01187109   0.02041442   0.02622021   0.02981076   0.03163975   0.03209249   0.03149132   0.03010356   0.02815002   0.02581298   0.02324289   0.02056361   0.01787626   0.01526208   0.01278445   0.01049053   0.00841274   0.00657031   0.00497083   0.00361212   0.00248399   0.00157016   0.00085012   0.00030077  -0.00010205  -0.00038234  -0.00056293  -0.00066479  -0.00070657  -0.00070433 
 -0.00000003  -0.11564025  -0.41554458  -0.76849708  -1.01764204  -1.09474084  -1.05176759  -0.96303630  -0.86455465  -0.76530838  -0.66645816  -0.56890510  -0.47447652  -0.38539186  -0.30365280  -0.23069909  -0.16730372  -0.11361853  -0.06929513  -0.03363058  -0.00570740   0.01548820   0.03097634   0.04172198   0.04859852   0.05237155   0.05369682   0.05312749   0.05112596   0.04807730   0.04430187   0.04006608   0.03559091   0.03105818   0.02661511   0.02237770   0.01843345   0.01484382   0.01164684   0.00885987   0.00648264   0.00450052   0.00288775   0.00161067   0.00063069  -0.00009305  -0.00060151  -0.00093394  -0.00112661  -0.00121193  -0.00121801 
 -0.00000002  -0.09647441  -0.36375067  -0.73355320  -1.09474084  -1.33116618  -1.39934370  -1.34749422  -1.24084539  -1.11441078  -0.98083378  -0.84532429  -0.71183169  -0.58414454  -0.46557781  -0.35859858  -0.26467821  -0.18434269  -0.11733792  -0.06283910  -0.01965778   0.01357938   0.03829173   0.05584726   0.06750258   0.07437313   0.07742544   0.07748379   0.07524460   0.07129388   0.06612403   0.06014852   0.05371344   0.04710621   0.04056185   0.03426768   0.02836715   0.02296345   0.01812329   0.01388104   0.01024331   0.00719384   0.00469851   0.00271022   0.00117349   0.00002852  -0.00078532  -0.00132669  -0.00165024  -0.00180518  -0.00183445 
 -0.00000002  -0.08167237  -0.31426034  -0.65962781  -1.05176759  -1.39934370  -1.61341899  -1.66445063  -1.59588128  -1.46603670  -1.30966863  -1.14269452  -0.97368818  -0.80894345  -0.65356601  -0.51141834  -0.38500286  -0.27551714  -0.18305285  -0.10686354  -0.04563984   0.00224606   0.03854534   0.06499165   0.08321027   0.09466855   0.10065747   0.10229363   0.10053332   0.09619155   0.08996162   0.08243238   0.07410211   0.06538902   0.05663888   0.04813077   0.04008195   0.03265250   0.02595030   0.02003674   0.01493293   0.01062649   0.00707849   0.00423037   0.00201034   0.00033925  -0.00086445  -0.00168066  -0.00218457  -0.00244448  -0.00252052 
 -0.00000002  -0.07063126  -0.27413869  -0.58550760  -0.96303630  -1.34749422  -1.66445063  -1.84516836  -1.86990417  -1.77831335  -1.62335434  -1.43927151  -1.24410832  -1.04860474  -0.86041604  -0.68522763  -0.52693622  -0.38775949  -0.26846002  -0.16865623  -0.08715669  -0.02226827   0.02794981   0.06549589   0.09229736   0.11013471   0.12060573   0.12511759   0.12489577   0.12100117   0.11434942   0.10572867   0.09581419   0.08517942   0.07430422   0.06358113   0.05332082   0.04375762   0.03505566   0.02731599   0.02058463   0.01486127   0.01010842   0.00626042   0.00323205   0.00092631  -0.00075886  -0.00192502  -0.00266893  -0.00307949  -0.00323573 
 -0.00000002  -0.06162493  -0.24028606  -0.51772918  -0.86455465  -1.24084539  -1.59588128  -1.86990417  -2.01002524  -2.00391722  -1.88811644  -1.71087613  -1.50522028  -1.29001568  -1.07696938  -0.87420819  -0.68741397  -0.52018755  -0.37432580  -0.25015913  -0.14692580  -0.06313213   0.00313836   0.05398397   0.09151370   0.11773820   0.13450978   0.14349778   0.14618650   0.14388537   0.13774393   0.12876697   0.11782736   0.10567606   0.09294950   0.08017557   0.06777900   0.05608741   0.04533824   0.03568727   0.02721834   0.01995404   0.01386712   0.00889173   0.00493435   0.00188371  -0.00038054  -0.00198049  -0.00303432  -0.00365198  -0.00393242 
 -0.00000001  -0.05353556  -0.20945230  -0.45400960  -0.76530838  -1.11441078  -1.46603670  -1.77831335  -2.00391722  -2.10233992  -2.06666512  -1.93042730  -1.73732016  -1.51838504  -1.29221223  -1.07054720  -0.86137165  -0.67003265  -0.49972136  -0.35184900  -0.22643919  -0.12251899  -0.03847058   0.02768136   0.07805464   0.11476235   0.13982216   0.15510783   0.16232930   0.16302991   0.15859196   0.15024504   0.13907402   0.12602540   0.11191231   0.09741869   0.08310394   0.06940859   0.05666188   0.04509110   0.03483291   0.02594598   0.01842440   0.01221142   0.00721260   0.00330803   0.00036323  -0.00176175  -0.00320492  -0.00409672  -0.00455618 
 -0.00000001  -0.04588162  -0.18006236  -0.39235694  -0.66645816  -0.98083378  -1.30966863  -1.62335434  -1.88811644  -2.06666512  -2.12783192  -2.06828852  -1.91840072  -1.71729904  -1.49348696  -1.26454274  -1.04168531  -0.83244288  -0.64173660  -0.47240591  -0.32561988  -0.20127465  -0.09836598  -0.01531051   0.04979952   0.09900965   0.13437669   0.15788994   0.17142649   0.17672882   0.17539517   0.16887625   0.15847440   0.14534344   0.13048879   0.11476847   0.09889552   0.08344264   0.06884951   0.05543275   0.04339829   0.03285571   0.02383365   0.01629572   0.01015604   0.00529375   0.00156614  -0.00118019  -0.00310011  -0.00434277  -0.00504645 
 -0.00000001  -0.03856131  -0.15180239  -0.33249169  -0.56890510  -0.84532429  -1.14269452  -1.43927151  -1.71087613  -1.93042730  -2.06828852  -2.10002430  -2.02436210  -1.86833181  -1.66658764  -1.44485256  -1.21934048  -1.00051476  -0.79539305  -0.60854557  -0.44260970  -0.29868806  -0.17671715  -0.07580165   0.00550304   0.06896863   0.11653024   0.15017259   0.17185444   0.18346008   0.18676851   0.18343314   0.17496781   0.16273656   0.14794630   0.13164234   0.11470725   0.09786318   0.08167809   0.06657560   0.05284797   0.04067164   0.03012437   0.02120312   0.01384182   0.00792812   0.00331876  -0.00014711  -0.00263677  -0.00431502  -0.00533753 
 -0.00000001  -0.03164596  -0.12498414  -0.27523048  -0.47447652  -0.71183169  -0.97368818  -1.24410832  -1.50522028  -1.73732016  -1.91840072  -2.02436210  -2.03542292  -1.95123809  -1.79550442  -1.59867641  -1.38375499  -1.16554820  -0.95377602  -0.75504137  -0.57371212  -0.41238545  -0.27224322  -0.15337523  -0.05507008   0.02393821   0.08527309   0.13076542   0.16234295   0.18195036   0.19149148   0.19278681   0.18754164   0.17732192   0.16353639   0.14742429   0.13004861   0.11229481   0.09487476   0.07833555   0.06307240   0.04934485   0.03729513   0.02696768   0.01832886   0.01128581   0.00570399   0.00142262  -0.00173208  -0.00393624  -0.00535991 
 -0.00000001  -0.02525718  -0.10010777  -0.22174878  -0.38539186  -0.58414454  -0.80894345  -1.04860474  -1.29001568  -1.51838504  -1.71729904  -1.86833181  -1.95123809  -1.94938446  -1.86265935  -1.71164639  -1.52305639  -1.31744456  -1.10836739  -0.90494064  -0.71350162  -0.53835920  -0.38218814  -0.24633047  -0.13107170  -0.03589357   0.04030595   0.09903026   0.14203801   0.17122849   0.18855239   0.19594234   0.19525867   0.18824746   0.17650867   0.16147334   0.14438917   0.12631371   0.10811474   0.09047687   0.07391351   0.05878288   0.04530705   0.03359259   0.02365180   0.01542348   0.00879236   0.00360666  -0.00030671  -0.00312950  -0.00504203 
 -0.00000000  -0.01950421  -0.07762503  -0.17311259  -0.30365280  -0.46557781  -0.65356601  -0.86041604  -1.07696938  -1.29221223  -1.49348696  -1.66658764  -1.79550442  -1.86265935  -1.85359524  -1.76811998  -1.62409812  -1.44505896  -1.24949606  -1.04994839  -0.85509418  -0.67113302  -0.50240433  -0.35170902  -0.22055951  -0.10941683  -0.01791612   0.05492899   0.11054892   0.15066902   0.17718666   0.19207118   0.19728354   0.19471261   0.18612608   0.17313418   0.15716506   0.13945059   0.12102143   0.10271014   0.08516095   0.06884482   0.05407821   0.04104430   0.02981524   0.02037432   0.01263710   0.00647085   0.00171165  -0.00182102  -0.00431241 
 -0.00000000  -0.01445787  -0.05783662  -0.13005851  -0.23069909  -0.35859858  -0.51141834  -0.68522763  -0.87420819  -1.07054720  -1.26454274  -1.44485256  -1.59867641  -1.71164639  -1.76811998  -1.75527372  -1.67279255  -1.53630322  -1.36673021  -1.18089672  -0.99054810  -0.80405334  -0.62754189  -0.46540380  -0.32054804  -0.19461192  -0.08817127  -0.00095004   0.06798135   0.12002713   0.15691052   0.18054185   0.19290927   0.19599038   0.19168253   0.18175034   0.16778818   0.15119638   0.13316911   0.11469236   0.09655027   0.07933797   0.06347928   0.04924760   0.03678850   0.02614286   0.01726922   0.01006480   0.00438434   0.00005653  -0.00310233 
 -0.00000000  -0.01014472  -0.04086802  -0.09293618  -0.16730372  -0.26467821  -0.38500286  -0.52693622  -0.68741397  -0.86137165  -1.04168531  -1.21934048  -1.38375499  -1.52305639  -1.62409812  -1.67279255  -1.65769965  -1.57848768  -1.44902318  -1.28813993  -1.11131993  -0.92967702  -0.75133252  -0.58234632  -0.42711960  -0.28860496  -0.16848868  -0.06738556   0.01495816   0.07946671   0.12755173   0.16095008   0.18158516   0.19145175   0.19252339   0.18668074   0.17565887   0.16101128   0.14408866   0.12602988   0.10776338   0.09001645   0.07333068   0.05808166   0.04450110   0.03270019   0.02269273   0.01441733   0.00775765   0.00256049  -0.00134878 
 -0.00000000  -0.00655171  -0.02668635  -0.06174100  -0.11361853  -0.18434269  -0.27551714  -0.38775949  -0.52018755  -0.67003265  -0.83244288  -1.00051476  -1.16554820  -1.31744456  -1.44505896  -1.53630322  -1.57848768  -1.56146411  -1.48503268  -1.36170569  -1.20863236  -1.04018876  -0.86694233  -0.69676381  -0.53559281  -0.38776625  -0.25619610  -0.14253649  -0.04737174   0.02958220   0.08927779   0.13314926   0.16294648   0.18059311   0.18806950   0.18731993   0.18018218   0.16833722   0.15327651   0.13628420   0.11843168   0.10058193   0.08340147   0.06737760   0.05283926   0.03997980   0.02888024   0.01953206   0.01185857   0.00573435   0.00100213 
 -0.00000000  -0.00363518  -0.01513557  -0.03618875  -0.06929513  -0.11733792  -0.18305285  -0.26846002  -0.37432580  -0.49972136  -0.64173660  -0.79539305  -0.95377602  -1.10836739  -1.24949606  -1.36673021  -1.44902318  -1.48503268  -1.46586415  -1.39156859  -1.27360460  -1.12772338  -0.96733695  -0.80248584  -0.64074318  -0.48785166  -0.34799893  -0.22397594  -0.11733714  -0.02858634   0.04262185   0.09728122   0.13684644   0.16306677   0.17784498   0.18312222   0.18078814   0.17261419   0.16020724   0.14498101   0.12814192   0.11068690   0.09341028   0.07691753   0.06164363   0.04787438   0.03576906   0.02538323   0.01669067   0.00960371   0.00399158 
 -0.00000000  -0.00133111  -0.00597639  -0.01580223  -0.03363058  -0.06283910  -0.10686354  -0.16865623  -0.25015913  -0.35184900  -0.47240591  -0.60854557  -0.75504137  -0.90494064  -1.04994839  -1.18089672  -1.28813993  -1.36170569  -1.39156859  -1.37003743  -1.29746944  -1.18446241  -1.04555120  -0.89325344  -0.73706127  -0.58418508  -0.44009300  -0.30874971  -0.19276417  -0.09354709  -0.01149566   0.05380632   0.10338954   0.13871444   0.16150858   0.17362980   0.17695602   0.17330041   0.16434968   0.15162255   0.13644514   0.11994042   0.10302853   0.08643559   0.07070847   0.05623360   0.04325814   0.03191206   0.02223006   0.01417242   0.00764422 
  0.00000000   0.00043555   0.00107666   0.00000706  -0.00570740  -0.01965778  -0.04563984  -0.08715669  -0.14692580  -0.22643919  -0.32561988  -0.44260970  -0.57371212  -0.71350162  -0.85509418  -0.99054810  -1.11131993  -1.20863236  -1.27360460  -1.29746944  -1.27364848  -1.20279462  -1.09474972  -0.96293823  -0.81900984  -0.67187226  -0.52831271  -0.39346373  -0.27101677  -0.16336378  -0.07175265   0.00353043   0.06296492   0.10760240   0.13888797   0.15850444   0.16824231   0.16989630   0.16518672   0.15570339   0.14286867   0.12791677   0.11188598   0.09562094   0.07978261   0.06486342   0.05120600   0.03902374   0.02842196   0.01941871   0.01196445 
  0.00000000   0.00174318   0.00632469   0.01187109   0.01548820   0.01357938   0.00224606  -0.02226827  -0.06313213  -0.12251899  -0.20127465  -0.29868806  -0.41238545  -0.53835920  -0.67113302  -0.80405334  -0.92967702  -1.04018876  -1.12772338  -1.18446241  -1.20279462  -1.17712387  -1.10833898  -1.00557241  -0.88120014  -0.74601417  -0.60830783  -0.47440393  -0.34906377  -0.23568201  -0.13642339  -0.05237494   0.01627677   0.07005661   0.11001569   0.13756173   0.15431203   0.16197188   0.16223862   0.15672956   0.14693126   0.13416696   0.11957895   0.10412307   0.08857220   0.07352677   0.05942988   0.04658541   0.03517774   0.02529180   0.01693272 
  0.00000000   0.00266783   0.01006184   0.02041442   0.03097634   0.03829173   0.03854534   0.02794981   0.00313836  -0.03847058  -0.09836598  -0.17671715  -0.27224322  -0.38218814  -0.50240433  -0.62754189  -0.75133252  -0.86694233  -0.96733695  -1.04555120  -1.09474972  -1.10833898  -1.08155034  -1.01542377  -0.91839976  -0.80185023  -0.67572278  -0.54768449  -0.42357730  -0.30778147  -0.20339495  -0.11236446  -0.03563217   0.02669472   0.07516460   0.11080672   0.13497227   0.14919715   0.15508941   0.15424087   0.14816139   0.13823303   0.12568117   0.11155944   0.09674567   0.08194619   0.06770636   0.05442524   0.04237292   0.03170915   0.02250226 
  0.00000000   0.00327958   0.01256039   0.02622021   0.04172198   0.05584726   0.06499165   0.06549589   0.05398397   0.02768136  -0.01531051  -0.07580165  -0.15337523  -0.24633047  -0.35170902  -0.46540380  -0.58234632  -0.69676381  -0.80248584  -0.89325344  -0.96293823  -1.00557241  -1.01542377  -0.98839267  -0.92558271  -0.83475304  -0.72631616  -0.60940163  -0.49105982  -0.37665870  -0.27020899  -0.17452907  -0.09136885  -0.02154884   0.03488014   0.07846887   0.11020684   0.13137441   0.14341600   0.14783614   0.14611842   0.13966544   0.12975731   0.11752573   0.10394087   0.08980832   0.07577371   0.06233294   0.04984619   0.03855431   0.02859634 
  0.00000000   0.00364049   0.01406253   0.02981076   0.04859852   0.06750258   0.08321027   0.09229736   0.09151370   0.07805464   0.04979952   0.00550304  -0.05507008  -0.13107170  -0.22055951  -0.32054804  -0.42711960  -0.53559281  -0.64074318  -0.73706127  -0.81900984  -0.88120014  -0.91839976  -0.92558271  -0.89917319  -0.84026380  -0.75594979  -0.65573730  -0.54797965  -0.43913881  -0.33413353  -0.23663077  -0.14919620  -0.07340955  -0.00999435   0.04103354   0.08020993   0.10847145   0.12701903   0.13720080   0.14041652   0.13804302   0.13137928   0.12160848   0.10977456   0.09677052   0.08333596   0.07006176   0.05739975   0.04567602   0.03510622 
  0.00000000   0.00380394   0.01477727   0.03163975   0.05237155   0.07437313   0.09466855   0.11013471   0.11773820   0.11476235   0.09900965   0.06896863   0.02393821  -0.03589357  -0.10941683  -0.19461192  -0.28860496  -0.38776625  -0.48785166  -0.58418508  -0.67187226  -0.74601417  -0.80185023  -0.83475304  -0.84026380  -0.81520927  -0.76061701  -0.68294770  -0.59086418  -0.49199773  -0.39226345  -0.29616653  -0.20706313  -0.12729674  -0.05830380  -0.00073325   0.04541647   0.08065368   0.10585432   0.12213613   0.13075075   0.13299555   0.13014508   0.12340042   0.11385433   0.10246974   0.09006910   0.07733230   0.06480110   0.05288829   0.04189009 
  0.00000000   0.00381485   0.01488114   0.03209249   0.05369682   0.07742544   0.10065747   0.12060573   0.13450978   0.13982216   0.13437669   0.11653024   0.08527309   0.04030595  -0.01791612  -0.08817127  -0.16848868  -0.25619610  -0.34799893  -0.44009300  -0.52831271  -0.60830783  -0.67572278  -0.72631616  -0.75594979  -0.76061701  -0.73745347  -0.68738914  -0.61629094  -0.53204856  -0.44163282  -0.35046028  -0.26266273  -0.18132037  -0.10858408  -0.04577109   0.00652586   0.04831301   0.08006344   0.10258906   0.11692467   0.12422833   0.12570002   0.12251819   0.11579293   0.10653366   0.09562926   0.08383818   0.07178650   0.05997209   0.04877314 
  0.00000000   0.00371045   0.01452095   0.03149132   0.05312749   0.07748379   0.10229363   0.12511759   0.14349778   0.15510783   0.15788994   0.15017259   0.13076542   0.09903026   0.05492899  -0.00095004  -0.06738556  -0.14253649  -0.22397594  -0.30874971  -0.39346373  -0.47440393  -0.54768449  -0.60940163  -0.65573730  -0.68294770  -0.68738914  -0.66643831  -0.62091343  -0.55613626  -0.47929620  -0.39676729  -0.31351727  -0.23334460  -0.15908633  -0.09272704  -0.03548464   0.01209053   0.05000103   0.07868102   0.09887850   0.11154827   0.11775990   0.11862231   0.11522494   0.10859416   0.09966326   0.08925377   0.07806626   0.06667844   0.05554897 
  0.00000000   0.00352136   0.01381776   0.03010356   0.05112596   0.07524460   0.10053332   0.12489577   0.14618650   0.16232930   0.17142649   0.17185444   0.16234295   0.14203801   0.11054892   0.06798135   0.01495816  -0.04737174  -0.11733714  -0.19276417  -0.27101677  -0.34906377  -0.42357730  -0.49105982  -0.54797965  -0.59086418  -0.61629094  -0.62091343  -0.60230276  -0.56116448  -0.50232718  -0.43235133  -0.35707577  -0.28106681  -0.20782656  -0.13997797  -0.07936127  -0.02711061   0.01625639   0.05073386   0.07671639   0.09489049   0.10613565   0.11143908   0.11182564   0.10830303   0.10182113   0.09324391   0.08333188   0.07273333   0.06198248 
  0.00000000   0.00327262   0.01287102   0.02815002   0.04807730   0.07129388   0.09619155   0.12100117   0.14388537   0.16302991   0.17672882   0.18346008   0.18195036   0.17122849   0.15066902   0.12002713   0.07946671   0.02958220  -0.02858634  -0.09354709  -0.16336378  -0.23568201  -0.30778147  -0.37665870  -0.43913881  -0.49199773  -0.53204856  -0.55613626  -0.56116448  -0.54486774  -0.50784614  -0.45448659  -0.39078743  -0.32210903  -0.25265927  -0.18567653  -0.12359424  -0.06812607  -0.02033405   0.01929045   0.05073106   0.07434412   0.09075847   0.10078385   0.10533164   0.10534967   0.10177101   0.09547588   0.08726528   0.07784443   0.06781440 
  0.00000000   0.00298472   0.01176234   0.02581298   0.04430187   0.06612403   0.08996162   0.11434942   0.13774393   0.15859196   0.17539517   0.18676851   0.19149148   0.18855239   0.17718666   0.15691052   0.12755173   0.08927779   0.04262185  -0.01149566  -0.07175265  -0.13642339  -0.20339495  -0.27020899  -0.33413353  -0.39226345  -0.44163282  -0.47929620  -0.50232718  -0.50784614  -0.49373045  -0.46048595  -0.41210613  -0.35408764  -0.29136314  -0.22781986  -0.16646040  -0.10954913  -0.05868727  -0.01487339   0.02142334   0.05017573   0.07170432   0.08658479   0.09556290   0.09948074   0.09921585   0.09563331   0.08954999   0.08170973   0.07276759 
  0.00000000   0.00267443   0.01055874   0.02324289   0.04006608   0.06014852   0.08243238   0.10572867   0.12876697   0.15024504   0.16887625   0.18343314   0.19278681   0.19594234   0.19207118   0.18054185   0.16095008   0.13314926   0.09728122   0.05380632   0.00353043  -0.05237494  -0.11236446  -0.17452907  -0.23663077  -0.29616653  -0.35046028  -0.39676729  -0.43235133  -0.45448659  -0.46048595  -0.44835541  -0.41851884  -0.37461990  -0.32170708  -0.26432980  -0.20608735  -0.14977028  -0.09749080  -0.05074892  -0.01048621   0.02284794   0.04921613   0.06890621   0.08244532   0.09052092   0.09391199   0.09343205   0.08988433   0.08402809   0.07655516 
  0.00000000   0.00235543   0.00931505   0.02056361   0.03559091   0.05371344   0.07410211   0.09581419   0.11782736   0.13907402   0.15847440   0.17496781   0.18754164   0.19525867   0.19728354   0.19290927   0.18158516   0.16294648   0.13684644   0.10338954   0.06296492   0.01627677  -0.03563217  -0.09136885  -0.14919620  -0.20706313  -0.26266273  -0.31351727  -0.35707577  -0.39078743  -0.41210613  -0.41851884  -0.40814957  -0.38135191  -0.34145812  -0.29311537  -0.24052849  -0.18703699  -0.13523951  -0.08711019  -0.04405694  -0.00696926   0.02372173   0.04796967   0.06603284   0.07839441   0.08568887   0.08863778   0.08799644   0.08451173   0.07889046 
  0.00000000   0.00203878   0.00807582   0.01787626   0.03105818   0.04710621   0.06538902   0.08517942   0.10567606   0.12602540   0.14534344   0.16273656   0.17732192   0.18824746   0.19471261   0.19599038   0.19145175   0.18059311   0.16306677   0.13871444   0.10760240   0.07005661   0.02669472  -0.02154884  -0.07340955  -0.12729674  -0.18132037  -0.23334460  -0.28106681  -0.32210903  -0.35408764  -0.37461990  -0.38135191  -0.37251697  -0.34840872  -0.31208154  -0.26782197  -0.21952385  -0.17029123  -0.12254812  -0.07814250  -0.03839779  -0.00415529   0.02417115   0.04652762   0.06314591   0.07446945   0.08108467   0.08366091   0.08290045   0.07949882 
  0.00000000   0.00173328   0.00687661   0.01526208   0.02661511   0.04056185   0.05663888   0.07430422   0.09294950   0.11191231   0.13048879   0.14794630   0.16353639   0.17650867   0.18612608   0.19168253   0.19252339   0.18806950   0.17784498   0.16150858   0.13888797   0.11001569   0.07516460   0.03488014  -0.00999435  -0.05830380  -0.10858408  -0.15908633  -0.20782656  -0.25265927  -0.29136314  -0.32170708  -0.34145812  -0.34840872  -0.34089380  -0.31915575  -0.28600014  -0.24538834  -0.20093251  -0.15552240  -0.11142238  -0.07036461  -0.03359445  -0.00190836   0.02429649   0.04495996   0.06029024   0.07069486   0.07671664   0.07897742   0.07813112 
  0.00000000   0.00144572   0.00574494   0.01278445   0.02237770   0.03426768   0.04813077   0.06358113   0.08017557   0.09741869   0.11476847   0.13164234   0.14742429   0.16147334   0.17313418   0.18175034   0.18668074   0.18731993   0.18312222   0.17362980   0.15850444   0.13756173   0.11080672   0.07846887   0.04103354  -0.00073325  -0.04577109  -0.09272704  -0.13997797  -0.18567653  -0.22781986  -0.26432980  -0.29311537  -0.31208154  -0.31915575  -0.31276742  -0.29311501  -0.26278048  -0.22543111  -0.18442305  -0.14245036  -0.10163100  -0.06359035  -0.02950145  -0.00011876   0.02417663   0.04331968   0.05749752   0.06708529   0.07258620   0.07457879 
  0.00000000   0.00118106   0.00470107   0.01049053   0.01843345   0.02836715   0.04008195   0.05332082   0.06777900   0.08310394   0.09889552   0.11470725   0.13004861   0.14438917   0.15716506   0.16778818   0.17565887   0.18018218   0.18078814   0.17695602   0.16824231   0.15431203   0.13497227   0.11020684   0.08020993   0.04541647   0.00652586  -0.03548464  -0.07936127  -0.12359424  -0.16646040  -0.20608735  -0.24052849  -0.26782197  -0.28600014  -0.29311501  -0.28768390  -0.26986741  -0.24204590  -0.20761986  -0.16971216  -0.13083773  -0.09297983  -0.05766521  -0.02599971   0.00130164   0.02387333   0.04164647   0.05478950   0.06364825   0.06868991 
  0.00000000   0.00094260   0.00375871   0.00841274   0.01484382   0.02296345   0.03265250   0.04375762   0.05608741   0.06940859   0.08344264   0.09786318   0.11229481   0.12631371   0.13945059   0.15119638   0.16101128   0.16833722   0.17261419   0.17330041   0.16989630   0.16197188   0.14919715   0.13137441   0.10847145   0.08065368   0.04831301   0.01209053  -0.02711061  -0.06812607  -0.10954913  -0.14977028  -0.18703699  -0.21952385  -0.24538834  -0.26278048  -0.26986741  -0.26524811  -0.24905045  -0.22347250  -0.19167214  -0.15655918  -0.12048422  -0.08530639  -0.05246117  -0.02299183   0.00242361   0.02343471   0.03996972   0.05218039   0.06038605 
  0.00000000   0.00073220   0.00292566   0.00657031   0.01164684   0.01812329   0.02595030   0.03505566   0.04533824   0.05666188   0.06884951   0.08167809   0.09487476   0.10811474   0.12102143   0.13316911   0.14408866   0.15327651   0.16020724   0.16434968   0.16518672   0.16223862   0.15508941   0.14341600   0.12701903   0.10585432   0.08006344   0.05000103   0.01625639  -0.02033405  -0.05868727  -0.09749080  -0.13523951  -0.17029123  -0.20093251  -0.22543111  -0.24204590  -0.24905045  -0.24511964  -0.23035297  -0.20678328  -0.17734737  -0.14476009  -0.11122099  -0.07847469  -0.04787206  -0.02039809   0.00330397   0.02289825   0.03831092   0.04967885 
  0.00000000   0.00055040   0.00220461   0.00497083   0.00885987   0.01388104   0.02003674   0.02731599   0.03568727   0.04509110   0.05543275   0.06657560   0.07833555   0.09047687   0.10271014   0.11469236   0.12602988   0.13628420   0.14498101   0.15162255   0.15570339   0.15672956   0.15424087   0.14783614   0.13720080   0.12213613   0.10258906   0.07868102   0.05073386   0.01929045  -0.01487339  -0.05074892  -0.08711019  -0.12254812  -0.15552240  -0.18442305  -0.20761986  -0.22347250  -0.23035297  -0.22700682  -0.21350885  -0.19174188  -0.16444082  -0.13414185  -0.10290554  -0.07237067  -0.04380962  -0.01815307   0.00398844   0.02229304   0.03668549 
  0.00000000   0.00039669   0.00159390   0.00361212   0.00648264   0.01024331   0.01493293   0.02058463   0.02721834   0.03483291   0.04339829   0.05284797   0.06307240   0.07391351   0.08516095   0.09655027   0.10776338   0.11843168   0.12814192   0.13644514   0.14286867   0.14693126   0.14816139   0.14611842   0.14041652   0.13075075   0.11692467   0.09887850   0.07671639   0.05073106   0.02142334  -0.01048621  -0.04405694  -0.07814250  -0.11142238  -0.14245036  -0.16971216  -0.19167214  -0.20678328  -0.21350885  -0.21066015  -0.19829059  -0.17814644  -0.15277801  -0.12455745  -0.09541725  -0.06689834  -0.04020020  -0.01620287   0.00451390   0.02164162 
  0.00000000   0.00026969   0.00108835   0.00248399   0.00450052   0.00719384   0.01062649   0.01486127   0.01995404   0.02594598   0.03285571   0.04067164   0.04934485   0.05878288   0.06884482   0.07933797   0.09001645   0.10058193   0.11068690   0.11994042   0.12791677   0.13416696   0.13823303   0.13966544   0.13804302   0.13299555   0.12422833   0.11154827   0.09489049   0.07434412   0.05017573   0.02284794  -0.00696926  -0.03839779  -0.07036461  -0.10163100  -0.13083773  -0.15655918  -0.17734737  -0.19174188  -0.19829059  -0.19586616  -0.18450344  -0.16582427  -0.14220983  -0.11588151  -0.08865369  -0.06197664  -0.03698213  -0.01450291   0.00491014 
  0.00000000   0.00016734   0.00068016   0.00157016   0.00288775   0.00469851   0.00707849   0.01010842   0.01386712   0.01842440   0.02383365   0.03012437   0.03729513   0.04530705   0.05407821   0.06347928   0.07333068   0.08340147   0.09341028   0.10302853   0.11188598   0.11957895   0.12568117   0.12975731   0.13137928   0.13014508   0.12570002   0.11775990   0.10613565   0.09075847   0.07170432   0.04921613   0.02372173  -0.00415529  -0.03359445  -0.06359035  -0.09297983  -0.12048422  -0.14476009  -0.16444082  -0.17814644  -0.18450344  -0.18244179  -0.17198027  -0.15462713  -0.13260843  -0.10800678  -0.08252746  -0.05753677  -0.03410350  -0.01301622 
  0.00000000   0.00008716   0.00035969   0.00085012   0.00161067   0.00271022   0.00423037   0.00626042   0.00889173   0.01221142   0.01629572   0.02120312   0.02696768   0.03359259   0.04104430   0.04924760   0.05808166   0.06737760   0.07691753   0.08643559   0.09562094   0.10412307   0.11155944   0.11752573   0.12160848   0.12340042   0.12251819   0.11862231   0.11143908   0.10078385   0.08658479   0.06890621   0.04796967   0.02417115  -0.00190836  -0.02950145  -0.05766521  -0.08530639  -0.11122099  -0.13414185  -0.15277801  -0.16582427  -0.17198027  -0.17022959  -0.16057715  -0.14442736  -0.12386376  -0.10084110  -0.07696376  -0.05352014  -0.03152044 
  0.00000000   0.00002640   0.00011621   0.00030077   0.00063069   0.00117349   0.00201034   0.00323205   0.00493435   0.00721260   0.01015604   0.01384182   0.01832886   0.02365180   0.02981524   0.03678850   0.04450110   0.05283926   0.06164363   0.07070847   0.07978261   0.08857220   0.09674567   0.10394087   0.10977456   0.11385433   0.11579293   0.11522494   0.11182564   0.10533164   0.09556290   0.08244532   0.06603284   0.04652762   0.02429649  -0.00011876  -0.02599971  -0.05246117  -0.07847469  -0.10290554  -0.12455745  -0.14220983  -0.15462713  -0.16057715  -0.15909366  -0.15016969  -0.13511459  -0.11588075  -0.09430496  -0.07189822  -0.04987661 
 -0.00000000  -0.00001777  -0.00006138  -0.00010205  -0.00009305   0.00002852   0.00033925   0.00092631   0.00188371   0.00330803   0.00529375   0.00792812   0.01128581   0.01542348   0.02037432   0.02614286   0.03270019   0.03997980   0.04787438   0.05623360   0.06486342   0.07352677   0.08194619   0.08980832   0.09677052   0.10246974   0.10653366   0.10859416   0.10830303   0.10534967   0.09948074   0.09052092   0.07839441   0.06314591   0.04495996   0.02417663   0.00130164  -0.02299183  -0.04787206  -0.07237067  -0.09541725  -0.11588151  -0.13260843  -0.14442736  -0.15016969  -0.14891630  -0.14065001  -0.12659302  -0.10857694  -0.08832953  -0.06727530 
 -0.00000000  -0.00004815  -0.00018406  -0.00038234  -0.00060151  -0.00078532  -0.00086445  -0.00075886  -0.00038054   0.00036323   0.00156614   0.00331876   0.00570399   0.00879236   0.01263710   0.01726922   0.02269273   0.02888024   0.03576906   0.04325814   0.05120600   0.05942988   0.06770636   0.07577371   0.08333596   0.09006910   0.09562926   0.09966326   0.10182113   0.10177101   0.09921585   0.09391199   0.08568887   0.07446945   0.06029024   0.04331968   0.02387333   0.00242361  -0.02039809  -0.04380962  -0.06689834  -0.08865369  -0.10800678  -0.12386376  -0.13511459  -0.14065001  -0.13959516  -0.13192418  -0.11877925  -0.10188052  -0.08285496 
 -0.00000000  -0.00006737  -0.00026223  -0.00056293  -0.00093394  -0.00132669  -0.00168066  -0.00192502  -0.00198049  -0.00176175  -0.00118019  -0.00014711   0.00142262   0.00360666   0.00647085   0.01006480   0.01441733   0.01953206   0.02538323   0.03191206   0.03902374   0.04658541   0.05442524   0.06233294   0.07006176   0.07733230   0.08383818   0.08925377   0.09324391   0.09547588   0.09563331   0.09343205   0.08863778   0.08108467   0.07069486   0.05749752   0.04164647   0.02343471   0.00330397  -0.01815307  -0.04020020  -0.06197664  -0.08252746  -0.10084110  -0.11588075  -0.12659302  -0.13192418  -0.13104096  -0.12391014  -0.11160034  -0.09572878 
 -0.00000000  -0.00007784  -0.00030538  -0.00066479  -0.00112661  -0.00165024  -0.00218457  -0.00266893  -0.00303432  -0.00320492  -0.00310011  -0.00263677  -0.00173208  -0.00030671   0.00171165   0.00438434   0.00775765   0.01185857   0.01669067   0.02223006   0.02842196   0.03517774   0.04237292   0.04984619   0.05739975   0.06480110   0.07178650   0.07806626   0.08333188   0.08726528   0.08954999   0.08988433   0.08799644   0.08366091   0.07671664   0.06708529   0.05478950   0.03996972   0.02289825   0.00398844  -0.01620287  -0.03698213  -0.05753677  -0.07696376  -0.09430496  -0.10857694  -0.11877925  -0.12391014  -0.12317550  -0.11653595  -0.10499235 
 -0.00000000  -0.00008167  -0.00032194  -0.00070657  -0.00121193  -0.00180518  -0.00244448  -0.00307949  -0.00365198  -0.00409672  -0.00434277  -0.00431502  -0.00393624  -0.00312950  -0.00182102   0.00005653   0.00256049   0.00573435   0.00960371   0.01417242   0.01941871   0.02529180   0.03170915   0.03855431   0.04567602   0.05288829   0.05997209   0.06667844   0.07273333   0.07784443   0.08170973   0.08402809   0.08451173   0.08290045   0.07897742   0.07258620   0.06364825   0.05218039   0.03831092   0.02229304   0.00451390  -0.01450291  -0.03410350  -0.05352014  -0.07189822  -0.08832953  -0.10188052  -0.11160034  -0.11653595  -0.11593014  -0.10973835 
 -0.00000000  -0.00008069  -0.00031912  -0.00070433  -0.00121801  -0.00183445  -0.00252052  -0.00323573  -0.00393242  -0.00455618  -0.00504645  -0.00533753  -0.00535991  -0.00504203  -0.00431241  -0.00310233  -0.00134878   0.00100213   0.00399158   0.00764422   0.01196445   0.01693272   0.02250226   0.02859634   0.03510622   0.04189009   0.04877314   0.05554897   0.06198248   0.06781440   0.07276759   0.07655516   0.07889046   0.07949882   0.07813112   0.07457879   0.06868991   0.06038605   0.04967885   0.03668549   0.02164162   0.00491014  -0.01301622  -0.03152044  -0.04987661  -0.06727530  -0.08285496  -0.09572878  -0.10499235  -0.10973835  -0.10924436 
#
