# coconut-me2b/v0.99.21 
# 
# momentum space matrix elements 
# partial wave J=0, L=1/1, S=1, T=1, MT=1 
# 
# momentum grid [fm^-1]
0.000000 0.200000 0.400000 0.600000 0.800000 1.000000 1.200000 1.400000 1.600000 1.800000 2.000000 2.200000 2.400000 2.600000 2.800000 3.000000 3.200000 3.400000 3.600000 3.800000 4.000000 4.200000 4.400000 4.600000 4.800000 5.000000 5.200000 5.400000 5.600000 5.800000 6.000000 6.200000 6.400000 6.600000 6.800000 7.000000 7.200000 7.400000 7.600000 7.800000 8.000000 8.200000 8.400000 8.600000 8.800000 9.000000 9.200000 9.400000 9.600000 9.800000 10.000000 
#
# matrix elements [MeV fm^3] 
 -0.00000070  -0.00123873  -0.00177886  -0.00169907  -0.00134573  -0.00093018  -0.00053842  -0.00020009   0.00007706   0.00029323   0.00045238   0.00056015   0.00062336   0.00064923   0.00064522   0.00061842   0.00057544   0.00052208   0.00046329   0.00040299   0.00034421   0.00028910   0.00023901   0.00019470   0.00015637   0.00012390   0.00009689   0.00007479   0.00005698   0.00004283   0.00003171   0.00002310   0.00001649   0.00001148   0.00000773   0.00000495   0.00000291   0.00000145   0.00000043  -0.00000027  -0.00000072  -0.00000099  -0.00000113  -0.00000118  -0.00000116  -0.00000110  -0.00000101  -0.00000091  -0.00000080  -0.00000069  -0.00000059 
 -0.00123873  13.15164337  -0.16342283  -3.10561947  -2.05950695  -1.91570915  -0.81189158  -0.48850695   0.29751415   0.50637852   0.99012356   1.05537048   1.29908794   1.24914476   1.32236972   1.20181446   1.16947166   1.02147371   0.93613061   0.79334646   0.69169074   0.57335779   0.47685547   0.39023451   0.30850813   0.25248716   0.18757766   0.15657016   0.10669388   0.09371210   0.05585875   0.05439835   0.02573527   0.03061511   0.00900129   0.01651215   0.00050345   0.00821271  -0.00313617   0.00331689  -0.00403765   0.00040510  -0.00350344  -0.00133988  -0.00232671  -0.00238126  -0.00098486  -0.00297813   0.00024503  -0.00327285   0.00121686 
 -0.00177886  -0.16342283   0.50959056  -3.82830789  -4.33704034  -2.99902443  -1.93265486  -0.58345330   0.30322833   1.21521811   1.73011562   2.21316990   2.39555340   2.54551747   2.48978157   2.42048166   2.22821040   2.04324634   1.79978228   1.57778794   1.34185856   1.13233539   0.93565200   0.76256542   0.61555590   0.48480868   0.38449492   0.29181074   0.22892004   0.16603156   0.12995342   0.08842147   0.06987787   0.04284259   0.03482966   0.01739757   0.01512692   0.00408163   0.00451218  -0.00217416  -0.00085806  -0.00446612  -0.00327672  -0.00465332  -0.00409254  -0.00384208  -0.00409036  -0.00267981  -0.00371649  -0.00152846  -0.00321174 
 -0.00169907  -3.10561947  -3.82830789  -3.33512172  -4.71536645  -4.05756790  -2.37876775  -0.90837971   0.57371796   1.63999458   2.55522916   3.09938364   3.49291827   3.61020735   3.62248058   3.45790250   3.24199227   2.93456311   2.62002065   2.27674987   1.95413840   1.64203007   1.36217701   1.11244944   0.89465742   0.71305116   0.55648430   0.43443541   0.32845655   0.25196815   0.18339155   0.13854893   0.09559146   0.07110515   0.04482720   0.03259621   0.01688136   0.01156255   0.00249337   0.00076751  -0.00408227  -0.00418707  -0.00631780  -0.00592390  -0.00628788  -0.00599266  -0.00522055  -0.00529628  -0.00382466  -0.00434203  -0.00248457 
 -0.00134573  -2.05950695  -4.33704034  -4.71536645  -3.85025778  -3.86981147  -2.65522406  -0.86280482   0.69750908   2.12105767   3.13653730   3.91486402   4.33681640   4.56071068   4.53209680   4.37937352   4.07950455   3.72704275   3.31309332   2.89944090   2.48264912   2.09630308   1.73915627   1.42314769   1.14884203   0.91342729   0.71984515   0.55654178   0.42919060   0.32204590   0.24324225   0.17591646   0.12984547   0.08894002   0.06353643   0.03939605   0.02635209   0.01258305   0.00656592  -0.00084944  -0.00310556  -0.00663276  -0.00706554  -0.00822001  -0.00794592  -0.00767638  -0.00730741  -0.00622129  -0.00605607  -0.00454874  -0.00469075 
 -0.00093018  -1.91570915  -2.99902443  -4.05756790  -3.86981147  -2.71199166  -2.09268199  -0.69963929   0.99807989   2.43274963   3.64944693   4.47141398   5.02451449   5.24897268   5.27070622   5.07502363   4.76575742   4.34485224   3.88741488   3.39864589   2.92528429   2.47061597   2.05755626   1.68699928   1.36445712   1.08996410   0.85801841   0.66950368   0.51310683   0.39154449   0.29132930   0.21710419   0.15543619   0.11234234   0.07565238   0.05191878   0.03081191   0.01859012   0.00699484   0.00134103  -0.00451376  -0.00660699  -0.00903099  -0.00935480  -0.00976967  -0.00936791  -0.00865921  -0.00811344  -0.00683606  -0.00643723  -0.00493588 
 -0.00053842  -0.81189158  -1.93265486  -2.37876775  -2.65522406  -2.09268199  -0.83402564   0.00723609   1.32867674   2.78140288   3.95620500   4.87995572   5.43912792   5.73558280   5.74624189   5.57636664   5.23300758   4.80212898   4.29709691   3.77789905   3.25449503   2.76184502   2.30424078   1.89657485   1.53893884   1.23245486   0.97559101   0.76148171   0.58910354   0.44796030   0.33863627   0.24979909   0.18377174   0.12992202   0.09183059   0.06027700   0.03938498   0.02160249   0.01091667   0.00148377  -0.00335510  -0.00779272  -0.00943876  -0.01094500  -0.01099315  -0.01084605  -0.01023695  -0.00923119  -0.00849421  -0.00711862  -0.00652035 
 -0.00020009  -0.48850695  -0.58345330  -0.90837971  -0.86280482  -0.69963929   0.00723609   1.18535546   1.98926297   3.08364991   4.20619716   5.05871530   5.66349444   5.95024483   6.00557393   5.82803506   5.50663269   5.05846526   4.55419978   4.01036559   3.47396787   2.95460056   2.47756179   2.04548083   1.66721812   1.34106237   1.06535844   0.83699428   0.64879569   0.49832778   0.37637196   0.28210672   0.20630309   0.14978243   0.10429216   0.07182125   0.04545952   0.02773534   0.01314490   0.00419419  -0.00326945  -0.00716365  -0.01038531  -0.01150486  -0.01227790  -0.01201248  -0.01145709  -0.01063642  -0.00944822  -0.00854216  -0.00714104 
  0.00007706   0.29751415   0.30322833   0.57371796   0.69750908   0.99807989   1.32867674   1.98926297   2.95430224   3.56995676   4.36040979   5.12843316   5.65545669   5.96359325   6.01107724   5.87222592   5.55648092   5.13811272   4.63658179   4.10863402   3.56915913   3.05389558   2.56960616   2.13385147   1.74672128   1.41283093   1.12868603   0.89121556   0.69615312   0.53682861   0.40995468   0.30788435   0.22896951   0.16597872   0.11880230   0.08120451   0.05414271   0.03252352   0.01782493   0.00606098  -0.00122831  -0.00700945  -0.00999434  -0.01222554  -0.01284093  -0.01305687  -0.01250080  -0.01166943  -0.01066585  -0.00938671  -0.00834686 
  0.00029323   0.50637852   1.21521811   1.63999458   2.12105767   2.43274963   2.78140288   3.08364991   3.56995676   4.24927727   4.60916391   5.08241932   5.52056429   5.76170741   5.82767756   5.69392090   5.42302392   5.02777345   4.56848551   4.06229591   3.55340316   3.05270280   2.58651489   2.15802367   1.77897168   1.44704653   1.16422723   0.92572327   0.72813882   0.56659213   0.43546916   0.33111194   0.24755715   0.18275035   0.13127280   0.09247137   0.06177882   0.03949810   0.02194056   0.00990409   0.00050971  -0.00531671  -0.00972732  -0.01191267  -0.01337319  -0.01355138  -0.01336699  -0.01256823  -0.01156969  -0.01042330  -0.00912284 
  0.00045238   0.99012356   1.73011562   2.55522916   3.13653730   3.64944693   3.95620500   4.20619716   4.36040979   4.60916391   4.98654041   5.08574133   5.27477938   5.44057786   5.46047742   5.35416662   5.10584556   4.76637079   4.34701110   3.89512653   3.42315646   2.96448566   2.52535328   2.12467595   1.76233810   1.44609361   1.17184765   0.94029091   0.74594933   0.58588664   0.45508412   0.34927869   0.26479263   0.19729600   0.14460642   0.10286805   0.07114007   0.04618669   0.02791366   0.01368533   0.00387845  -0.00360476  -0.00820508  -0.01153971  -0.01305857  -0.01394382  -0.01376532  -0.01331148  -0.01232424  -0.01124324  -0.00999506 
  0.00056015   1.05537048   2.21316990   3.09938364   3.91486402   4.47141398   4.87995572   5.05871530   5.12843316   5.08241932   5.08574133   5.18918488   5.06480757   5.03041335   4.99748728   4.86943594   4.66182014   4.36174176   4.00867560   3.60973695   3.20084106   2.78905069   2.39898272   2.03261391   1.70347526   1.40893364   1.15435091   0.93459823   0.75009581   0.59523219   0.46800615   0.36360728   0.27919607   0.21129344   0.15703144   0.11426803   0.08042439   0.05443764   0.03408838   0.01906360   0.00748346  -0.00051137  -0.00649483  -0.01009793  -0.01261207  -0.01359406  -0.01406671  -0.01360977  -0.01298972  -0.01186540  -0.01076398 
  0.00062336   1.29908794   2.39555340   3.49291827   4.33681640   5.02451449   5.43912792   5.66349444   5.65545669   5.52056429   5.27477938   5.06480757   4.95048370   4.66224196   4.47604361   4.31955181   4.11270476   3.86563858   3.56480008   3.23927432   2.89110480   2.54670973   2.20819734   1.89355992   1.60144314   1.34181853   1.11045304   0.91157400   0.73968750   0.59561245   0.47399575   0.37397449   0.29115014   0.22401205   0.16939139   0.12563789   0.09074234   0.06311137   0.04166755   0.02492670   0.01248360   0.00296961  -0.00357683  -0.00840517  -0.01121133  -0.01311407  -0.01367359  -0.01386216  -0.01319590  -0.01248682  -0.01127029 
  0.00064923   1.24914476   2.54551747   3.61020735   4.56071068   5.24897268   5.73558280   5.95024483   5.96359325   5.76170741   5.44057786   5.03041335   4.66224196   4.39844605   4.01231757   3.74338839   3.52949204   3.30064168   3.06120280   2.79526627   2.52309263   2.24190974   1.97078356   1.70787782   1.46656576   1.24324651   1.04582350   0.86929081   0.71761960   0.58544530   0.47433784   0.37943539   0.30100648   0.23515181   0.18148859   0.13719735   0.10157251   0.07278415   0.04995157   0.03205443   0.01810483   0.00769661  -0.00022189  -0.00561833  -0.00956683  -0.01174190  -0.01319709  -0.01342982  -0.01343142  -0.01261389  -0.01187040 
  0.00064522   1.32236972   2.48978157   3.62248058   4.53209680   5.27070622   5.74624189   6.00557393   6.01107724   5.82767756   5.46047742   4.99748728   4.47604361   4.01231757   3.66626490   3.24260450   2.94865995   2.72854900   2.51838268   2.31726439   2.10656721   1.89961883   1.68975536   1.49076913   1.29807820   1.12212785   0.95806254   0.81281002   0.68121974   0.56752818   0.46680347   0.38146700   0.30724535   0.24539240   0.19251646   0.14911120   0.11270440   0.08326810   0.05917365   0.04001502   0.02487867   0.01307961   0.00427659  -0.00241286  -0.00689554  -0.01017680  -0.01185390  -0.01298553  -0.01296926  -0.01285423  -0.01193292 
  0.00061842   1.20181446   2.42048166   3.45790250   4.37937352   5.07502363   5.57636664   5.82803506   5.87222592   5.69392090   5.35416662   4.86943594   4.31955181   3.74338839   3.24260450   2.87143131   2.45793334   2.18108895   1.98912623   1.82212378   1.67500886   1.52690244   1.38613414   1.24332768   1.10880799   0.97636874   0.85481376   0.73880828   0.63500646   0.53852006   0.45407942   0.37732668   0.31146093   0.25280116   0.20336648   0.16023819   0.12452796   0.09409083   0.06933816   0.04885314   0.03250929   0.01953498   0.00939962   0.00187261  -0.00386577  -0.00761838  -0.01039246  -0.01167694  -0.01257612  -0.01237324  -0.01219038 
  0.00057544   1.16947166   2.22821040   3.24199227   4.07950455   4.76575742   5.23300758   5.50663269   5.55648092   5.42302392   5.10584556   4.66182014   4.11270476   3.52949204   2.94865995   2.45793334   2.10409537   1.73310847   1.49939137   1.35433701   1.24110205   1.15177955   1.06409647   0.98312865   0.89793376   0.81678706   0.73275911   0.65388608   0.57488129   0.50249645   0.43232042   0.36959529   0.31056415   0.25902986   0.21185606   0.17158514   0.13572060   0.10575586   0.07984953   0.05865486   0.04097233   0.02680439   0.01554509   0.00671083   0.00021043  -0.00478424  -0.00794892  -0.01033415  -0.01130916  -0.01204103  -0.01170145 
  0.00052208   1.02147371   2.04324634   2.93456311   3.72704275   4.34485224   4.80212898   5.05846526   5.13811272   5.02777345   4.76637079   4.36174176   3.86563858   3.30064168   2.72854900   2.18108895   1.73310847   1.42350636   1.11263833   0.93405839   0.84213595   0.78293903   0.74704807   0.71172717   0.68020716   0.64092854   0.60111781   0.55375917   0.50663326   0.45480711   0.40525426   0.35411508   0.30703212   0.26080964   0.21964055   0.18086566   0.14732260   0.11688668   0.09123530   0.06880955   0.05035173   0.03488189   0.02242244   0.01254671   0.00474629  -0.00091679  -0.00532096  -0.00800832  -0.01009094  -0.01082248  -0.01143242 
  0.00046329   0.93613061   1.79978228   2.62002065   3.31309332   3.88741488   4.29709691   4.55419978   4.63658179   4.56848551   4.34701110   4.00867560   3.56480008   3.06120280   2.51838268   1.98912623   1.49939137   1.11263833   0.86035471   0.61510604   0.49305531   0.45172430   0.44025541   0.44883014   0.45505771   0.46134384   0.45620095   0.44642911   0.42531847   0.40062689   0.36791301   0.33433647   0.29657704   0.26050519   0.22341798   0.18968739   0.15706444   0.12848845   0.10216409   0.07979947   0.06010076   0.04378930   0.03010309   0.01901228   0.01027295   0.00330985  -0.00166127  -0.00558781  -0.00788503  -0.00972726  -0.01026829 
  0.00040299   0.79334646   1.57778794   2.27674987   2.89944090   3.39864589   3.77789905   4.01036559   4.10863402   4.06229591   3.89512653   3.60973695   3.23927432   2.79526627   2.31726439   1.82212378   1.35433701   0.93405839   0.61510604   0.42255970   0.23982093   0.16877573   0.17035701   0.19701403   0.23934378   0.27589555   0.30890054   0.32738044   0.33802934   0.33464374   0.32500202   0.30518311   0.28241192   0.25385324   0.22542117   0.19483355   0.16645863   0.13840088   0.11355109   0.09040981   0.07060626   0.05309630   0.03850809   0.02629094   0.01632083   0.00853057   0.00225951  -0.00213340  -0.00566553  -0.00764250  -0.00928895 
  0.00034421   0.69169074   1.34185856   1.95413840   2.48264912   2.92528429   3.25449503   3.47396787   3.56915913   3.55340316   3.42315646   3.20084106   2.89110480   2.52309263   2.10656721   1.67500886   1.24110205   0.84213595   0.49305531   0.23982093   0.10231882  -0.02615642  -0.05533286  -0.02069227   0.03368097   0.09930281   0.15603203   0.20627091   0.23978306   0.26326388   0.27108602   0.27098218   0.25952108   0.24384316   0.22153163   0.19837931   0.17246174   0.14800092   0.12341025   0.10142544   0.08081625   0.06306228   0.04735312   0.03418293   0.02319962   0.01416730   0.00718072   0.00149319  -0.00241250  -0.00561203  -0.00732563 
  0.00028910   0.57335779   1.13233539   1.64203007   2.09630308   2.47061597   2.76184502   2.95460056   3.05389558   3.05270280   2.96448566   2.78905069   2.54670973   2.24190974   1.89961883   1.52690244   1.15177955   0.78293903   0.45172430   0.16877573  -0.02615642  -0.11718364  -0.20187884  -0.19940087  -0.14162790  -0.06914543   0.01071553   0.07930011   0.13930504   0.18132352   0.21202915   0.22636403   0.23190152   0.22564602   0.21451133   0.19643724   0.17696512   0.15447823   0.13295222   0.11107493   0.09135984   0.07282254   0.05675455   0.04256052   0.03058462   0.02065437   0.01242249   0.00612368   0.00093741  -0.00255536  -0.00546866 
  0.00023901   0.47685547   0.93565200   1.36217701   1.73915627   2.05755626   2.30424078   2.47756179   2.56960616   2.58651489   2.52535328   2.39898272   2.20819734   1.97078356   1.68975536   1.38613414   1.06409647   0.74704807   0.44025541   0.17035701  -0.05533286  -0.20187884  -0.25634671  -0.30789241  -0.28337602  -0.21121366  -0.12858382  -0.04163237   0.03250832   0.09681146   0.14269821   0.17673292   0.19438428   0.20294710   0.19980486   0.19153008   0.17636835   0.15951907   0.13963475   0.12038353   0.10069940   0.08283925   0.06604126   0.05139582   0.03850002   0.02755059   0.01853009   0.01099326   0.00528750   0.00053891  -0.00260263 
  0.00019470   0.39023451   0.76256542   1.11244944   1.42314769   1.68699928   1.89657485   2.04548083   2.13385147   2.15802367   2.12467595   2.03261391   1.89355992   1.70787782   1.49076913   1.24332768   0.98312865   0.71172717   0.44883014   0.19701403  -0.02069227  -0.19940087  -0.30789241  -0.33535355  -0.36324974  -0.32480528  -0.24524096  -0.15851395  -0.06968305   0.00558935   0.07046076   0.11713244   0.15195425   0.17086756   0.18078833   0.17942958   0.17294301   0.15984041   0.14492616   0.12709124   0.10966796   0.09181041   0.07551029   0.06020321   0.04678419   0.03501607   0.02496379   0.01673604   0.00981146   0.00461974   0.00025871 
  0.00015637   0.30850813   0.61555590   0.89465742   1.14884203   1.36445712   1.53893884   1.66721812   1.74672128   1.77897168   1.76233810   1.70347526   1.60144314   1.46656576   1.29807820   1.10880799   0.89793376   0.68020716   0.45505771   0.23934378   0.03368097  -0.14162790  -0.28337602  -0.36324974  -0.37193462  -0.38394839  -0.33785857  -0.25603371  -0.16945078  -0.08224743  -0.00871494   0.05437080   0.09992566   0.13398997   0.15292609   0.16320031   0.16281493   0.15745613   0.14587042   0.13244592   0.11628510   0.10038162   0.08408338   0.06912718   0.05511812   0.04277479   0.03199572   0.02273809   0.01520531   0.00882633   0.00408185 
  0.00012390   0.25248716   0.48480868   0.71305116   0.91342729   1.08996410   1.23245486   1.34106237   1.41283093   1.44704653   1.44609361   1.40893364   1.34181853   1.24324651   1.12212785   0.97636874   0.81678706   0.64092854   0.46134384   0.27589555   0.09930281  -0.06914543  -0.21121366  -0.32480528  -0.38394839  -0.38038764  -0.38243206  -0.33321211  -0.25261625  -0.16890411  -0.08547909  -0.01537748   0.04457898   0.08795349   0.12040605   0.13867493   0.14873741   0.14885224   0.14422565   0.13381167   0.12158601   0.10683626   0.09223346   0.07729116   0.06351470   0.05064810   0.03926082   0.02935497   0.02080853   0.01388764   0.00799931 
  0.00009689   0.18757766   0.38449492   0.55648430   0.71984515   0.85801841   0.97559101   1.06535844   1.12868603   1.16422723   1.17184765   1.15435091   1.11045304   1.04582350   0.95806254   0.85481376   0.73275911   0.60111781   0.45620095   0.30890054   0.15603203   0.01071553  -0.12858382  -0.24524096  -0.33785857  -0.38243206  -0.37146629  -0.36776994  -0.31843232  -0.24122576  -0.16195319  -0.08346121  -0.01764754   0.03852939   0.07921760   0.10965450   0.12691541   0.13647771   0.13682795   0.13270208   0.12323559   0.11201390   0.09848230   0.08501798   0.07127003   0.05854382   0.04669020   0.03616108   0.02702980   0.01912491   0.01274460 
  0.00007479   0.15657016   0.29181074   0.43443541   0.55654178   0.66950368   0.76148171   0.83699428   0.89121556   0.92572327   0.94029091   0.93459823   0.91157400   0.86929081   0.81281002   0.73880828   0.65388608   0.55375917   0.44642911   0.32738044   0.20627091   0.07930011  -0.04163237  -0.15851395  -0.25603371  -0.33321211  -0.36776994  -0.35277396  -0.34618698  -0.29857911  -0.22593807  -0.15185471  -0.07877020  -0.01755268   0.03463948   0.07248271   0.10077641   0.11689811   0.12583738   0.12628126   0.12252269   0.11385185   0.10349829   0.09103597   0.07858471   0.06589781   0.05411613   0.04316526   0.03341209   0.02497031   0.01764753 
  0.00005698   0.10669388   0.22892004   0.32845655   0.42919060   0.51310683   0.58910354   0.64879569   0.69615312   0.72813882   0.74594933   0.75009581   0.73968750   0.71761960   0.68121974   0.63500646   0.57488129   0.50663326   0.42531847   0.33802934   0.23978306   0.13930504   0.03250832  -0.06968305  -0.16945078  -0.25261625  -0.31843232  -0.34618698  -0.32937804  -0.32170816  -0.27684064  -0.20926496  -0.14058268  -0.07294847  -0.01630048   0.03196698   0.06700707   0.09318814   0.10815676   0.11644371   0.11690879   0.11344089   0.10545675   0.09587173   0.08435829   0.07281904   0.06108010   0.05015412   0.04001069   0.03096290   0.02313681 
  0.00004283   0.09371210   0.16603156   0.25196815   0.32204590   0.39154449   0.44796030   0.49832778   0.53682861   0.56659213   0.58588664   0.59523219   0.59561245   0.58544530   0.56752818   0.53852006   0.50249645   0.45480711   0.40062689   0.33464374   0.26326388   0.18132352   0.09681146   0.00558935  -0.08224743  -0.16890411  -0.24122576  -0.29857911  -0.32170816  -0.30445468  -0.29677180  -0.25509488  -0.19265275  -0.12925810  -0.06686574  -0.01457492   0.02997166   0.06235499   0.08653634   0.10039807   0.10805267   0.10850365   0.10528175   0.09790102   0.08900750   0.07834198   0.06763036   0.05674172   0.04659495   0.03717597   0.02877182 
  0.00003171   0.05585875   0.12995342   0.18339155   0.24324225   0.29132930   0.33863627   0.37637196   0.40995468   0.43546916   0.45508412   0.46800615   0.47399575   0.47433784   0.46680347   0.45407942   0.43232042   0.40525426   0.36791301   0.32500202   0.27108602   0.21202915   0.14269821   0.07046076  -0.00871494  -0.08547909  -0.16195319  -0.22593807  -0.27684064  -0.29677180  -0.27985839  -0.27274041  -0.23435520  -0.17686180  -0.11846440  -0.06097591  -0.01274111   0.02835496   0.05827357   0.08060454   0.09343209   0.10049749   0.10091804   0.09791494   0.09107030   0.08280564   0.07290131   0.06294485   0.05282128   0.04338663   0.03461956 
  0.00002310   0.05439835   0.08842147   0.13854893   0.17591646   0.21710419   0.24979909   0.28210672   0.30788435   0.33111194   0.34927869   0.36360728   0.37397449   0.37943539   0.38146700   0.37732668   0.36959529   0.35411508   0.33433647   0.30518311   0.27098218   0.22636403   0.17673292   0.11713244   0.05437080  -0.01537748  -0.08346121  -0.15185471  -0.20926496  -0.25509488  -0.27274041  -0.25657347  -0.25028867  -0.21509627  -0.16223512  -0.10846410  -0.05548879  -0.01097890   0.02695762   0.05461549   0.07525567   0.08712989   0.09365786   0.09404082   0.09123862   0.08487343   0.07718457   0.06796586   0.05870094   0.04926774   0.04048543 
  0.00001649   0.02573527   0.06987787   0.09559146   0.12984547   0.15543619   0.18377174   0.20630309   0.22896951   0.24755715   0.26479263   0.27919607   0.29115014   0.30100648   0.30724535   0.31146093   0.31056415   0.30703212   0.29657704   0.28241192   0.25952108   0.23190152   0.19438428   0.15195425   0.09992566   0.04457898  -0.01764754  -0.07877020  -0.14058268  -0.19265275  -0.23435520  -0.25028867  -0.23504390  -0.22967730  -0.19747709  -0.14887690  -0.09933920  -0.05047886  -0.00936571   0.02569743   0.05129278   0.07039810   0.08139873   0.08744195   0.08778443   0.08516997   0.07923546   0.07207598   0.06347666   0.05484643   0.04603806 
  0.00001148   0.03061511   0.04284259   0.07110515   0.08894002   0.11234234   0.12992202   0.14978243   0.16597872   0.18275035   0.19729600   0.21129344   0.22401205   0.23515181   0.24539240   0.25280116   0.25902986   0.26080964   0.26050519   0.25385324   0.24384316   0.22564602   0.20294710   0.17086756   0.13398997   0.08795349   0.03852939  -0.01755268  -0.07294847  -0.12925810  -0.17686180  -0.21509627  -0.22967730  -0.21539875  -0.21093449  -0.18148457  -0.13676472  -0.09107736  -0.04595059  -0.00792544   0.02453300   0.04825021   0.06596625   0.07616786   0.08177615   0.08207722   0.07963963   0.07409332   0.06742164   0.05938353   0.05133657 
  0.00000773   0.00900129   0.03482966   0.04482720   0.06353643   0.07565238   0.09183059   0.10429216   0.11880230   0.13127280   0.14460642   0.15703144   0.16939139   0.18148859   0.19251646   0.20336648   0.21185606   0.21964055   0.22341798   0.22542117   0.22153163   0.21451133   0.19980486   0.18078833   0.15292609   0.12040605   0.07921760   0.03463948  -0.01630048  -0.06686574  -0.11846440  -0.16223512  -0.19747709  -0.21093449  -0.19759710  -0.19396926  -0.16702098  -0.12581605  -0.08362197  -0.04187564  -0.00665597   0.02344365   0.04545047   0.06190980   0.07138054   0.07659916   0.07685897   0.07458831   0.06939314   0.06317132   0.05564340 
  0.00000495   0.01651215   0.01739757   0.03259621   0.03939605   0.05191878   0.06027700   0.07182125   0.08120451   0.09247137   0.10286805   0.11426803   0.12563789   0.13719735   0.14911120   0.16023819   0.17158514   0.18086566   0.18968739   0.19483355   0.19837931   0.19643724   0.19153008   0.17942958   0.16320031   0.13867493   0.10965450   0.07248271   0.03196698  -0.01457492  -0.06097591  -0.10846410  -0.14887690  -0.18148457  -0.19396926  -0.18151601  -0.17863823  -0.15395407  -0.11592557  -0.07689967  -0.03821306  -0.00554394   0.02241871   0.04286625   0.05818792   0.06698953   0.07185861   0.07207812   0.06996468   0.06508837   0.05928141 
  0.00000291   0.00050345   0.01512692   0.01688136   0.02635209   0.03081191   0.03938498   0.04545952   0.05414271   0.06177882   0.07114007   0.08042439   0.09074234   0.10157251   0.11270440   0.12452796   0.13572060   0.14732260   0.15706444   0.16645863   0.17246174   0.17696512   0.17636835   0.17294301   0.16281493   0.14873741   0.12691541   0.10077641   0.06700707   0.02997166  -0.01274111  -0.05548879  -0.09933920  -0.13676472  -0.16702098  -0.17863823  -0.16700085  -0.16478253  -0.14214400  -0.10698465  -0.07083450  -0.03491941  -0.00457219   0.02145204   0.04047604   0.05476607   0.06295447   0.06750909   0.06768994   0.06572393   0.06113848 
  0.00000145   0.00821271   0.00408163   0.01156255   0.01258305   0.01859012   0.02160249   0.02773534   0.03252352   0.03949810   0.04618669   0.05443764   0.06311137   0.07278415   0.08326810   0.09409083   0.10575586   0.11688668   0.12848845   0.13840088   0.14800092   0.15447823   0.15951907   0.15984041   0.15745613   0.14885224   0.13647771   0.11689811   0.09318814   0.06235499   0.02835496  -0.01097890  -0.05047886  -0.09107736  -0.12581605  -0.15395407  -0.16478253  -0.15389205  -0.15224661  -0.13145658  -0.09889056  -0.06535448  -0.03195340  -0.00372334   0.02053946   0.03826190   0.05161429   0.05924033   0.06351078   0.06365535   0.06182676 
  0.00000043  -0.00313617   0.00451218   0.00249337   0.00656592   0.00699484   0.01091667   0.01314490   0.01782493   0.02194056   0.02791366   0.03408838   0.04166755   0.04995157   0.05917365   0.06933816   0.07984953   0.09123530   0.10216409   0.11355109   0.12341025   0.13295222   0.13963475   0.14492616   0.14587042   0.14422565   0.13682795   0.12583738   0.10815676   0.08653634   0.05827357   0.02695762  -0.00936571  -0.04595059  -0.08362197  -0.11592557  -0.14214400  -0.15224661  -0.14203812  -0.14088671  -0.12176888  -0.09155013  -0.06039422  -0.02927771  -0.00298125   0.01967752   0.03620840   0.04870623   0.05581638   0.05982862   0.05993994 
 -0.00000027   0.00331689  -0.00217416   0.00076751  -0.00084944   0.00134103   0.00148377   0.00419419   0.00606098   0.00990409   0.01368533   0.01906360   0.02492670   0.03205443   0.04001502   0.04885314   0.05865486   0.06880955   0.07979947   0.09040981   0.10142544   0.11107493   0.12038353   0.12709124   0.13244592   0.13381167   0.13270208   0.12628126   0.11644371   0.10039807   0.08060454   0.05461549   0.02569743  -0.00792544  -0.04187564  -0.07689967  -0.10698465  -0.13145658  -0.14088671  -0.13130106  -0.13057381  -0.11297094  -0.08488063  -0.05589553  -0.02685943  -0.00233155   0.01886309   0.03430187   0.04601854   0.05265543   0.05643160 
 -0.00000072  -0.00403765  -0.00085806  -0.00408227  -0.00310556  -0.00451376  -0.00335510  -0.00326945  -0.00122831   0.00050971   0.00387845   0.00748346   0.01248360   0.01810483   0.02487867   0.03250929   0.04097233   0.05035173   0.06010076   0.07060626   0.08081625   0.09135984   0.10069940   0.10966796   0.11628510   0.12158601   0.12323559   0.12252269   0.11690879   0.10805267   0.09343209   0.07525567   0.05129278   0.02453300  -0.00665597  -0.03821306  -0.07083450  -0.09889056  -0.12176888  -0.13057381  -0.12155772  -0.12119377  -0.10496552  -0.07880928  -0.05180713  -0.02466977  -0.00176172   0.01809317   0.03253013   0.04353043   0.04973332 
 -0.00000099   0.00040510  -0.00446612  -0.00418707  -0.00663276  -0.00660699  -0.00779272  -0.00716365  -0.00700945  -0.00531671  -0.00360476  -0.00051137   0.00296961   0.00769661   0.01307961   0.01953498   0.02680439   0.03488189   0.04378930   0.05309630   0.06306228   0.07282254   0.08283925   0.09181041   0.10038162   0.10683626   0.11201390   0.11385185   0.11344089   0.10850365   0.10049749   0.08712989   0.07039810   0.04825021   0.02344365  -0.00554394  -0.03491941  -0.06535448  -0.09155013  -0.11297094  -0.12119377  -0.11269931  -0.11264629  -0.09766704  -0.07327229  -0.04808405  -0.02268365  -0.00126093   0.01736486   0.03088215   0.04122339 
 -0.00000113  -0.00350344  -0.00327672  -0.00631780  -0.00706554  -0.00903099  -0.00943876  -0.01038531  -0.00999434  -0.00972732  -0.00820508  -0.00649483  -0.00357683  -0.00022189   0.00427659   0.00939962   0.01554509   0.02242244   0.03010309   0.03850809   0.04735312   0.05675455   0.06604126   0.07551029   0.08408338   0.09223346   0.09848230   0.10349829   0.10545675   0.10528175   0.10091804   0.09365786   0.08139873   0.06596625   0.04545047   0.02241871  -0.00457219  -0.03195340  -0.06039422  -0.08488063  -0.10496552  -0.11264629  -0.10463017  -0.10484338  -0.09100037  -0.06821374  -0.04468687  -0.02087922  -0.00081991   0.01667543   0.02934792 
 -0.00000118  -0.00133988  -0.00465332  -0.00592390  -0.00822001  -0.00935480  -0.01094500  -0.01150486  -0.01222554  -0.01191267  -0.01153971  -0.01009793  -0.00840517  -0.00561833  -0.00241286   0.00187261   0.00671083   0.01254671   0.01901228   0.02629094   0.03418293   0.04256052   0.05139582   0.06020321   0.06912718   0.07729116   0.08501798   0.09103597   0.09587173   0.09790102   0.09791494   0.09404082   0.08744195   0.07616786   0.06190980   0.04286625   0.02145204  -0.00372334  -0.02927771  -0.05589553  -0.07880928  -0.09766704  -0.10484338  -0.09726628  -0.09770782  -0.08489945  -0.06358455  -0.04158102  -0.01923733  -0.00043070   0.01602230 
 -0.00000116  -0.00232671  -0.00409254  -0.00628788  -0.00794592  -0.00976967  -0.01099315  -0.01227790  -0.01284093  -0.01337319  -0.01305857  -0.01261207  -0.01121133  -0.00956683  -0.00689554  -0.00386577   0.00021043   0.00474629   0.01027295   0.01632083   0.02319962   0.03058462   0.03850002   0.04678419   0.05511812   0.06351470   0.07127003   0.07858471   0.08435829   0.08900750   0.09107030   0.09123862   0.08778443   0.08177615   0.07138054   0.05818792   0.04047604   0.02053946  -0.00298125  -0.02685943  -0.05180713  -0.07327229  -0.09100037  -0.09770782  -0.09053382  -0.09117173  -0.07930623  -0.05934150  -0.03873622  -0.01774118  -0.00008657 
 -0.00000110  -0.00238126  -0.00384208  -0.00599266  -0.00767638  -0.00936791  -0.01084605  -0.01201248  -0.01305687  -0.01355138  -0.01394382  -0.01359406  -0.01311407  -0.01174190  -0.01017680  -0.00761838  -0.00478424  -0.00091679   0.00330985   0.00853057   0.01416730   0.02065437   0.02755059   0.03501607   0.04277479   0.05064810   0.05854382   0.06589781   0.07281904   0.07834198   0.08280564   0.08487343   0.08516997   0.08207722   0.07659916   0.06698953   0.05476607   0.03826190   0.01967752  -0.00233155  -0.02466977  -0.04808405  -0.06821374  -0.08489945  -0.09117173  -0.08436787  -0.08517524  -0.07416955  -0.05544643  -0.03612585  -0.01637595 
 -0.00000101  -0.00098486  -0.00409036  -0.00522055  -0.00730741  -0.00865921  -0.01023695  -0.01145709  -0.01250080  -0.01336699  -0.01376532  -0.01406671  -0.01367359  -0.01319709  -0.01185390  -0.01039246  -0.00794892  -0.00532096  -0.00166127   0.00225951   0.00718072   0.01242249   0.01853009   0.02496379   0.03199572   0.03926082   0.04669020   0.05411613   0.06108010   0.06763036   0.07290131   0.07718457   0.07923546   0.07963963   0.07685897   0.07185861   0.06295447   0.05161429   0.03620840   0.01886309  -0.00176172  -0.02268365  -0.04468687  -0.06358455  -0.07930623  -0.08517524  -0.07871120  -0.07966545  -0.06944430  -0.05186552  -0.03372650 
 -0.00000091  -0.00297813  -0.00267981  -0.00529628  -0.00622129  -0.00811344  -0.00923119  -0.01063642  -0.01166943  -0.01256823  -0.01331148  -0.01360977  -0.01386216  -0.01342982  -0.01298553  -0.01167694  -0.01033415  -0.00800832  -0.00558781  -0.00213340   0.00149319   0.00612368   0.01099326   0.01673604   0.02273809   0.02935497   0.03616108   0.04316526   0.05015412   0.05674172   0.06294485   0.06796586   0.07207598   0.07409332   0.07458831   0.07207812   0.06750909   0.05924033   0.04870623   0.03430187   0.01809317  -0.00126093  -0.02087922  -0.04158102  -0.05934150  -0.07416955  -0.07966545  -0.07351336  -0.07459542  -0.06509060  -0.04856872 
 -0.00000080   0.00024503  -0.00371649  -0.00382466  -0.00605607  -0.00683606  -0.00849421  -0.00944822  -0.01066585  -0.01156969  -0.01232424  -0.01298972  -0.01319590  -0.01343142  -0.01296926  -0.01257612  -0.01130916  -0.01009094  -0.00788503  -0.00566553  -0.00241250   0.00093741   0.00528750   0.00981146   0.01520531   0.02080853   0.02702980   0.03341209   0.04001069   0.04659495   0.05282128   0.05870094   0.06347666   0.06742164   0.06939314   0.06996468   0.06768994   0.06351078   0.05581638   0.04601854   0.03253013   0.01736486  -0.00081991  -0.01923733  -0.03873622  -0.05544643  -0.06944430  -0.07459542  -0.06872971  -0.06992343  -0.06107316 
 -0.00000069  -0.00327285  -0.00152846  -0.00434203  -0.00454874  -0.00643723  -0.00711862  -0.00854216  -0.00938671  -0.01042330  -0.01124324  -0.01186540  -0.01248682  -0.01261389  -0.01285423  -0.01237324  -0.01204103  -0.01082248  -0.00972726  -0.00764250  -0.00561203  -0.00255536   0.00053891   0.00461974   0.00882633   0.01388764   0.01912491   0.02497031   0.03096290   0.03717597   0.04338663   0.04926774   0.05484643   0.05938353   0.06317132   0.06508837   0.06572393   0.06365535   0.05982862   0.05265543   0.04353043   0.03088215   0.01667543  -0.00043070  -0.01774118  -0.03612585  -0.05186552  -0.06509060  -0.06992343  -0.06432076  -0.06561229 
 -0.00000059   0.00121686  -0.00321174  -0.00248457  -0.00469075  -0.00493588  -0.00652035  -0.00714104  -0.00834686  -0.00912284  -0.00999506  -0.01076398  -0.01127029  -0.01187040  -0.01193292  -0.01219038  -0.01170145  -0.01143242  -0.01026829  -0.00928895  -0.00732563  -0.00546866  -0.00260263   0.00025871   0.00408185   0.00799931   0.01274460   0.01764753   0.02313681   0.02877182   0.03461956   0.04048543   0.04603806   0.05133657   0.05564340   0.05928141   0.06113848   0.06182676   0.05993994   0.05643160   0.04973332   0.04122339   0.02934792   0.01602230  -0.00008657  -0.01637595  -0.03372650  -0.04856872  -0.06107316  -0.06561229  -0.06025146 
#
