# coconut-me2b/v0.99.21 
# 
# momentum space matrix elements 
# partial wave J=1, L=1/1, S=0, T=0, MT=0 
# 
# momentum grid [fm^-1]
0.000000 0.200000 0.400000 0.600000 0.800000 1.000000 1.200000 1.400000 1.600000 1.800000 2.000000 2.200000 2.400000 2.600000 2.800000 3.000000 3.200000 3.400000 3.600000 3.800000 4.000000 4.200000 4.400000 4.600000 4.800000 5.000000 5.200000 5.400000 5.600000 5.800000 6.000000 6.200000 6.400000 6.600000 6.800000 7.000000 7.200000 7.400000 7.600000 7.800000 8.000000 8.200000 8.400000 8.600000 8.800000 9.000000 9.200000 9.400000 9.600000 9.800000 10.000000 
#
# matrix elements [MeV fm^3] 
  0.00000080   0.00137227   0.00185767   0.00169748   0.00138306   0.00112489   0.00095367   0.00084730   0.00077899   0.00072864   0.00068354   0.00063672   0.00058527   0.00052893   0.00046901   0.00040758   0.00034692   0.00028912   0.00023584   0.00018823   0.00014692   0.00011206   0.00008340   0.00006045   0.00004253   0.00002887   0.00001871   0.00001135   0.00000615   0.00000259   0.00000023  -0.00000126  -0.00000215  -0.00000262  -0.00000280  -0.00000280  -0.00000269  -0.00000249  -0.00000226  -0.00000201  -0.00000176  -0.00000151  -0.00000128  -0.00000107  -0.00000088  -0.00000072  -0.00000057  -0.00000045  -0.00000035  -0.00000027  -0.00000020 
  0.00137227   2.41318328   3.42530733   3.25525512   2.71351134   2.23083296   1.89873451   1.68803965   1.55088927   1.44914948   1.35808564   1.26399293   1.16107219   1.04874133   0.92953129   0.80750640   0.68712884   0.57249691   0.46689260   0.37257598   0.29076486   0.22174131   0.16503233   0.11962130   0.08415671   0.05713580   0.03705058   0.02249209   0.01221479   0.00516709   0.00049578  -0.00246729  -0.00422907  -0.00516349  -0.00553974  -0.00554782  -0.00531998  -0.00494755  -0.00449356  -0.00400168  -0.00350232  -0.00301663  -0.00255905  -0.00213899  -0.00176197  -0.00143044  -0.00114443  -0.00090216  -0.00070053  -0.00053559  -0.00040295 
  0.00185767   3.42530733   5.41501405   5.71241011   5.09775290   4.33757450   3.74150169   3.33542482   3.05930445   2.85015432   2.66317842   2.47241010   2.26644495   2.04381762   1.80910562   1.56991313   1.33467199   1.11115504   0.90558792   0.72224149   0.56338613   0.42949421   0.31958810   0.23164860   0.16301857   0.11075797   0.07192575   0.04378060   0.02390426   0.01025911   0.00119525  -0.00457677  -0.00803323  -0.00989279  -0.01067188  -0.01073456  -0.01033417  -0.00964594  -0.00879132  -0.00785504  -0.00689673  -0.00595844  -0.00506944  -0.00424930  -0.00350992  -0.00285714  -0.00229192  -0.00181149  -0.00141036  -0.00108122  -0.00081575 
  0.00169748   3.25525512   5.71241011   6.85283983   6.79234429   6.14841642   5.44944756   4.89418611   4.48271983   4.15805753   3.86688223   3.57478790   3.26556223   2.93645575   2.59323924   2.24608354   1.90645865   1.58500316   1.29023709   1.02796168   0.80117996   0.61037560   0.45400285   0.32906444   0.23168362   0.15760701   0.10260295   0.06274378   0.03457749   0.01520570   0.00228991  -0.00599081  -0.01100996  -0.01377482  -0.01500683  -0.01521332  -0.01474713  -0.01385299  -0.01270164  -0.01141372  -0.01007570  -0.00874999  -0.00748132  -0.00630075  -0.00522829  -0.00427491  -0.00344424  -0.00273411  -0.00213799  -0.00164635  -0.00124784 
  0.00138306   2.71351134   5.09775290   6.79234429   7.53723991   7.43214475   6.89707020   6.29796297   5.77618647   5.33290475   4.92904948   4.53013880   4.11751798   3.68711209   3.24491341   2.80239423   2.37279988   1.96851754   1.59945516   1.27226840   0.99023909   0.75360498   0.56015677   0.40594754   0.28599621   0.19490529   0.12734846   0.07841330   0.04380655   0.01994295   0.00394571  -0.00641242  -0.01280136  -0.01643849  -0.01819080  -0.01866547  -0.01828421  -0.01734050  -0.01604129  -0.01453551  -0.01293275  -0.01131478  -0.00974254  -0.00826031  -0.00689850  -0.00567573  -0.00460071  -0.00367410  -0.00289029  -0.00223919  -0.00170778 
  0.00112489   2.23083296   4.33757450   6.14841642   7.43214475   8.00091579   7.90869629   7.44691753   6.88529160   6.33860596   5.81947770   5.30983527   4.79433654   4.26875666   3.73865659   3.21550736   2.71290095   2.24366137   1.81799938   1.44260518   1.12048196   0.85129958   0.63205857   0.45788614   0.32282689   0.22053582   0.14482212   0.09002705   0.05124465   0.02440995   0.00628754  -0.00560609  -0.01311610  -0.01757496  -0.01992312  -0.02081446  -0.02070174  -0.01990144  -0.01864001  -0.01708475  -0.01536331  -0.01357513  -0.01179785  -0.01009091  -0.00849772  -0.00704749  -0.00575699  -0.00463246  -0.00367170  -0.00286615  -0.00220286 
  0.00095367   1.89873451   3.74150169   5.44944756   6.89707020   7.90869629   8.33505806   8.20499667   7.73444106   7.13711208   6.51647356   5.89827388   5.28250707   4.66869855   4.06238410   3.47408756   2.91638862   2.40119488   1.93785844   1.53220664   1.18634223   0.89899860   0.66623065   0.48224991   0.34025495   0.23315648   0.15414140   0.09705779   0.05663116   0.02853928   0.00938178  -0.00341858  -0.01175023  -0.01695681  -0.01997259  -0.02143899  -0.02179721  -0.02135718  -0.02034528  -0.01893521  -0.01726612  -0.01545246  -0.01358854  -0.01175059  -0.00999771  -0.00837284  -0.00690401  -0.00560619  -0.00448341  -0.00353112  -0.00273851 
  0.00084730   1.68803965   3.33542482   4.89418611   6.29796297   7.44691753   8.20499667   8.45645971   8.22314736   7.67792692   7.00099344   6.29048550   5.58229314   4.88864959   4.21777909   3.57929679   2.98382091   2.44115058   1.95866940   1.54044791   1.18705000   0.89588071   0.66187018   0.47830313   0.33764243   0.23224337   0.15490151   0.09921659   0.05978382   0.03224219   0.01321790   0.00020160  -0.00860622  -0.01445526  -0.01819240  -0.02038536  -0.02141896  -0.02156478  -0.02102759  -0.01997355  -0.01854525  -0.01686820  -0.01505247  -0.01319211  -0.01136418  -0.00962830  -0.00802706  -0.00658739  -0.00532260  -0.00423486  -0.00331785 
  0.00077899   1.55088927   3.05930445   4.48271983   5.77618647   6.88529160   7.73444106   8.22314736   8.26773190   7.89302072   7.24645493   6.48578023   5.70428685   4.94278107   4.21910241   3.54401221   2.92615015   2.37245692   1.88745266   1.47265874   1.12650252   0.84467482   0.62078749   0.44716147   0.31560268   0.21806626   0.14715469   0.09643394   0.06058061   0.03539099   0.01769121   0.00518759  -0.00370842  -0.01005441  -0.01453273  -0.01757826  -0.01947513  -0.02042422  -0.02058583  -0.02010321  -0.01911266  -0.01774538  -0.01612487  -0.01436303  -0.01255639  -0.01078370  -0.00910507  -0.00756250  -0.00618165  -0.00497428  -0.00394104 
  0.00072864   1.44914948   2.85015432   4.15805753   5.33290475   6.33860596   7.13711208   7.67792692   7.89302072   7.72755310   7.21242243   6.47761946   5.66260523   4.85348325   4.09036591   3.39079603   2.76319836   2.21177378   1.73772283   1.33945179   1.01276504   0.75129649   0.54714723   0.39161221   0.27587843   0.19160780   0.13135744   0.08882534   0.05893663   0.03780236   0.02258975   0.01134277   0.00278628  -0.00386126  -0.00905028  -0.01302963  -0.01594159  -0.01788513  -0.01895297  -0.01924889  -0.01889162  -0.01801087  -0.01673974  -0.01520647  -0.01352740  -0.01180196  -0.01011011  -0.00851169  -0.00704756  -0.00574184  -0.00460473 
  0.00068354   1.35808564   2.66317842   3.86688223   4.92904948   5.81947770   6.51647356   7.00099344   7.24645493   7.21242243   6.86729365   6.24653284   5.46499548   4.64444748   3.86074075   3.14866237   2.52125385   1.98165858   1.52808389   1.15565642   0.85727538   0.62426788   0.44705665   0.31583103   0.22115404   0.15444426   0.10829849   0.07665020   0.05478222   0.03922632   0.02758844   0.01833686   0.01058464   0.00388965  -0.00191369  -0.00684467  -0.01086823  -0.01395300  -0.01610169  -0.01736143  -0.01782062  -0.01759854  -0.01683205  -0.01566250  -0.01422478  -0.01263934  -0.01100732  -0.00940848  -0.00790133  -0.00652490  -0.00530146 
  0.00063672   1.26399293   2.47241010   3.57478790   4.53013880   5.30983527   5.89827388   6.29048550   6.48578023   6.47761946   6.24653284   5.77710352   5.10557629   4.33135958   3.55795184   2.84859701   2.22987986   1.70819637   1.28044007   0.93897178   0.67384498   0.47399350   0.32805575   0.22503594   0.15483109   0.10860842   0.07902185   0.06027428   0.04804910   0.03934526   0.03225384   0.02571174   0.01926154   0.01283842   0.00659600   0.00077553  -0.00438314  -0.00869418  -0.01204972  -0.01442294  -0.01585802  -0.01645305  -0.01634075  -0.01567030  -0.01459207  -0.01324620  -0.01175515  -0.01021966  -0.00871768  -0.00730529  -0.00601910 
  0.00058527   1.16107219   2.26644495   3.26556223   4.11751798   4.79433654   5.28250707   5.58229314   5.70428685   5.66260523   5.46499548   5.10557629   4.57796104   3.91502989   3.19991481   2.51763484   1.91791081   1.41817942   1.01793939   0.70845097   0.47755004   0.31196568   0.19856513   0.12511909   0.08079626   0.05645476   0.04475851   0.04014414   0.03867031   0.03778692   0.03606176   0.03289870   0.02827405   0.02250942   0.01609067   0.00953542   0.00330590  -0.00223949  -0.00686451  -0.01045192  -0.01298702  -0.01453432  -0.01521253  -0.01517116  -0.01457090  -0.01356847  -0.01230615  -0.01090559  -0.00946498  -0.00805897  -0.00674036 
  0.00052893   1.04874133   2.04381762   2.93645575   3.68711209   4.26875666   4.66869855   4.88864959   4.94278107   4.85348325   4.64444748   4.33135958   3.91502989   3.39203161   2.78867251   2.17167852   1.60844179   1.13579081   0.76270022   0.48289470   0.28358877   0.14996231   0.06733935   0.02229122   0.00320565   0.00054288   0.00687700   0.01678037   0.02659784   0.03415350   0.03842929   0.03924803   0.03698575   0.03232933   0.02608681   0.01905120   0.01191311   0.00521429  -0.00066694  -0.00550809  -0.00922084  -0.01182258  -0.01340623  -0.01411211  -0.01410386  -0.01354962  -0.01260832  -0.01142087  -0.01010545  -0.00875591  -0.00744253 
  0.00046901   0.92953129   1.80910562   2.59323924   3.24491341   3.73865659   4.06238410   4.21777909   4.21910241   4.09036591   3.86074075   3.55795184   3.19991481   2.78867251   2.31949396   1.81045849   1.31290323   0.87857073   0.53323605   0.27915904   0.10613920  -0.00072536  -0.05704292  -0.07723848  -0.07369905  -0.05645108  -0.03314170  -0.00920797   0.01183875   0.02806700   0.03876092   0.04407071   0.04470126   0.04165346   0.03602384   0.02886203   0.02108012   0.01340539   0.00636657   0.00030357  -0.00460776  -0.00832358  -0.01089789  -0.01245030  -0.01313806  -0.01313348  -0.01260702  -0.01171566  -0.01059589  -0.00936034  -0.00809729 
  0.00040758   0.80750640   1.56991313   2.24608354   2.80239423   3.21550736   3.47408756   3.57929679   3.54401221   3.39079603   3.14866237   2.84859701   2.51763484   2.17167852   1.81045849   1.42566382   1.02706678   0.65266948   0.34132546   0.11025403  -0.04281875  -0.13003773  -0.16664571  -0.16754064  -0.14573878  -0.11179394  -0.07370544  -0.03708934  -0.00549202   0.01922883   0.03650703   0.04669090   0.05071011   0.04980009   0.04528916   0.03844663   0.03038554   0.02201101   0.01400395   0.00682996   0.00076441  -0.00407384  -0.00768594  -0.01015792  -0.01162936  -0.01226761  -0.01224762  -0.01173746  -0.01088876  -0.00983131  -0.00867093 
  0.00034692   0.68712884   1.33467199   1.90645865   2.37279988   2.71290095   2.91638862   2.98382091   2.92615015   2.76319836   2.52125385   2.22987986   1.91791081   1.60844179   1.31290323   1.02706678   0.73849229   0.44977641   0.18826139  -0.01704222  -0.15486776  -0.22993007  -0.25462777  -0.24321661  -0.20891909  -0.16273349  -0.11309535  -0.06596218  -0.02510778   0.00748917   0.03123129   0.04650673   0.05433827   0.05609177   0.05324931   0.04724524   0.03935890   0.03065478   0.02195997   0.01386869   0.00676482   0.00085457  -0.00379660  -0.00722737  -0.00954713  -0.01090736  -0.01147869  -0.01143354  -0.01093392  -0.01012376  -0.00912482 
  0.00028912   0.57249691   1.11115504   1.58500316   1.96851754   2.24366137   2.40119488   2.44115058   2.37245692   2.21177378   1.98165858   1.70819637   1.41817942   1.13579081   0.87857073   0.65266948   0.44977641   0.25397866   0.06250211  -0.10516518  -0.22698563  -0.29535646  -0.31576027  -0.29966367  -0.25955090  -0.20653220  -0.14944643  -0.09470420  -0.04648311  -0.00708022   0.02268213   0.04305572   0.05500496   0.05990218   0.05928664   0.05468667   0.04749920   0.03891811   0.02990173   0.02116932   0.01321770   0.00635016   0.00071134  -0.00367653  -0.00687926  -0.00902038  -0.01025581  -0.01075394  -0.01068081  -0.01019000  -0.00941640 
  0.00023584   0.46689260   0.90558792   1.29023709   1.59945516   1.81799938   1.93785844   1.95866940   1.88745266   1.73772283   1.52808389   1.28044007   1.01793939   0.76270022   0.53323605   0.34132546   0.18826139   0.06250211  -0.05405952  -0.16760798  -0.26397896  -0.32572772  -0.34717082  -0.33343782  -0.29441547  -0.24052447  -0.18074314  -0.12193242  -0.06879440  -0.02411785   0.01086223   0.03608065   0.05228159   0.06070637   0.06284025   0.06021997   0.05429789   0.04635558   0.03745776   0.02843730   0.01990259   0.01225963   0.00574234   0.00044638  -0.00363727  -0.00659145  -0.00854586  -0.00965508  -0.01008132  -0.00998185  -0.00950052 
  0.00018823   0.37257598   0.72224149   1.02796168   1.27226840   1.44260518   1.53220664   1.54044791   1.47265874   1.33945179   1.15565642   0.93897178   0.70845097   0.48289470   0.27915904   0.11025403  -0.01704222  -0.10516518  -0.16760798  -0.22326964  -0.28001068  -0.32697892  -0.34956751  -0.34286367  -0.31105157  -0.26224031  -0.20485626  -0.14599134  -0.09088038  -0.04291826  -0.00391097   0.02559052   0.04594917   0.05813207   0.06344962   0.06334977   0.05926614   0.05251460   0.04423098   0.03534139   0.02655723   0.01838742   0.01116151   0.00505874   0.00013895  -0.00362735  -0.00633162  -0.00810379  -0.00909311  -0.00945322  -0.00933140 
  0.00014692   0.29076486   0.56338613   0.80117996   0.99023909   1.12048196   1.18634223   1.18705000   1.12650252   1.01276504   0.85727538   0.67384498   0.47755004   0.28358877   0.10613920  -0.04281875  -0.15486776  -0.22698563  -0.26397896  -0.28001068  -0.29357946  -0.31291846  -0.32907027  -0.32912022  -0.30829884  -0.26966433  -0.21965806  -0.16499147  -0.11123724  -0.06240190  -0.02096110   0.01191114   0.03605012   0.05200897   0.06079892   0.06367427   0.06196566   0.05695913   0.04981571   0.04152474   0.03288371   0.02449793   0.01679378   0.01004064   0.00437710  -0.00016146  -0.00361635  -0.00608161  -0.00768340  -0.00856324  -0.00886505 
  0.00011206   0.22174131   0.42949421   0.61037560   0.75360498   0.85129958   0.89899860   0.89588071   0.84467482   0.75129649   0.62426788   0.47399350   0.31196568   0.14996231  -0.00072536  -0.13003773  -0.22993007  -0.29535646  -0.32572772  -0.32697892  -0.31291846  -0.30082091  -0.29846616  -0.29791599  -0.28730001  -0.26174775  -0.22327533  -0.17692963  -0.12806670  -0.08112104  -0.03923347  -0.00428058   0.02293008   0.04241291   0.05475988   0.06092414   0.06204225   0.05929704   0.05381876   0.04661995   0.03855817   0.03032069   0.02242555   0.01523392   0.00896964   0.00374236  -0.00042824  -0.00358918  -0.00583303  -0.00727981  -0.00806218 
  0.00008340   0.16503233   0.31958810   0.45400285   0.56015677   0.63205857   0.66623065   0.66187018   0.62078749   0.54714723   0.44705665   0.32805575   0.19856513   0.06733935  -0.05704292  -0.16664571  -0.25462777  -0.31576027  -0.34717082  -0.34956751  -0.32907027  -0.29846616  -0.27336791  -0.26069154  -0.25306140  -0.23935206  -0.21458284  -0.17994158  -0.13940274  -0.09731649  -0.05730987  -0.02194563   0.00726458   0.02970099   0.04543017   0.05500049   0.05926070   0.05921036   0.05588414   0.05026813   0.04324440   0.03555910   0.02780924   0.02044345   0.01377264   0.00798693   0.00317582  -0.00065050  -0.00354069  -0.00558347  -0.00689156 
  0.00006045   0.11962130   0.23164860   0.32906444   0.40594754   0.45788614   0.48224991   0.47830313   0.44716147   0.39161221   0.31583103   0.22503594   0.12511909   0.02229122  -0.07723848  -0.16754064  -0.24321661  -0.29966367  -0.33343782  -0.34286367  -0.32912022  -0.29791599  -0.26069154  -0.23127675  -0.21561428  -0.20671158  -0.19409550  -0.17277739  -0.14336142  -0.10904724  -0.07346996  -0.03970275  -0.00993483   0.01453366   0.03316432   0.04600946   0.05353935   0.05648729   0.05572092   0.05214168   0.04661137   0.03990287   0.03267124   0.02544115   0.01860676   0.01244050   0.00710756   0.00268353  -0.00082683  -0.00347133  -0.00533364 
  0.00004253   0.08415671   0.16301857   0.23168362   0.28599621   0.32282689   0.34025495   0.33764243   0.31560268   0.27587843   0.22115404   0.15483109   0.08079626   0.00320565  -0.07369905  -0.14573878  -0.20891909  -0.25955090  -0.29441547  -0.31105157  -0.30829884  -0.28730001  -0.25306140  -0.21561428  -0.18709703  -0.17255016  -0.16533734  -0.15564122  -0.13859366  -0.11443191  -0.08581872  -0.05589028  -0.02734212  -0.00212143   0.01859325   0.03429052   0.04498208   0.05105424   0.05313292   0.05197011   0.04835432   0.04304419   0.03672334   0.02997329   0.02326097   0.01693763   0.01124593   0.00633236   0.00226279  -0.00096087  -0.00338428 
  0.00002887   0.05713580   0.11075797   0.15760701   0.19490529   0.22053582   0.23315648   0.23224337   0.21806626   0.19160780   0.15444426   0.10860842   0.05645476   0.00054288  -0.05645108  -0.11179394  -0.16273349  -0.20653220  -0.24052447  -0.26224031  -0.26966433  -0.26174775  -0.23935206  -0.20671158  -0.17255016  -0.14751751  -0.13590461  -0.13146650  -0.12506980  -0.11207452  -0.09251495  -0.06868731  -0.04337572  -0.01900999   0.00262784   0.02043482   0.03390504   0.04300609   0.04804896   0.04956804   0.04821904   0.04469751   0.03967781   0.03377102   0.02749908   0.02128238   0.01543782   0.01018451   0.00565451   0.00190668  -0.00105842 
  0.00001871   0.03705058   0.07192575   0.10260295   0.12734846   0.14482212   0.15414140   0.15490151   0.14715469   0.13135744   0.10829849   0.07902185   0.04475851   0.00687700  -0.03314170  -0.07370544  -0.11309535  -0.14944643  -0.18074314  -0.20485626  -0.21965806  -0.22327533  -0.21458284  -0.19409550  -0.16533734  -0.13590461  -0.11519538  -0.10691812  -0.10526164  -0.10179231  -0.09216722  -0.07632642  -0.05631112  -0.03464548  -0.01355948   0.00528949   0.02085459   0.03263171   0.04055159   0.04486374   0.04602818   0.04462231   0.04126592   0.03656450   0.03106966   0.02525442   0.01950095   0.01409798   0.00924542   0.00506383   0.00160676 
  0.00001135   0.02249209   0.04378060   0.06274378   0.07841330   0.09002705   0.09705779   0.09921659   0.09643394   0.08882534   0.07665020   0.06027428   0.04014414   0.01678037  -0.00920797  -0.03708934  -0.06596218  -0.09470420  -0.12193242  -0.14599134  -0.16499147  -0.17692963  -0.17994158  -0.17277739  -0.15564122  -0.13146650  -0.10691812  -0.09036546  -0.08507966  -0.08570745  -0.08450579  -0.07745924  -0.06447686  -0.04741215  -0.02858373  -0.01005815   0.00661251   0.02043185   0.03090178   0.03792664   0.04170844   0.04264799   0.04125933   0.03810020   0.03371912   0.02861818   0.02322943   0.01790290   0.01290362   0.00841542   0.00454931 
  0.00000615   0.01221479   0.02390426   0.03457749   0.04380655   0.05124465   0.05663116   0.05978382   0.06058061   0.05893663   0.05478222   0.04804910   0.03867031   0.02659784   0.01183875  -0.00549202  -0.02510778  -0.04648311  -0.06879440  -0.09088038  -0.11123724  -0.12806670  -0.13940274  -0.14336142  -0.13859366  -0.12506980  -0.10526164  -0.08507966  -0.07205093  -0.06911929  -0.07138911  -0.07177530  -0.06659082  -0.05574480  -0.04094124  -0.02432439  -0.00781708   0.00712521   0.01955657   0.02899112   0.03531674   0.03869965   0.03949366   0.03816105   0.03520798   0.03113506   0.02640229   0.02140669   0.01647066   0.01183882   0.00768113 
  0.00000259   0.00516709   0.01025911   0.01520570   0.01994295   0.02440995   0.02853928   0.03224219   0.03539099   0.03780236   0.03922632   0.03934526   0.03778692   0.03415350   0.02806700   0.01922883   0.00748917  -0.00708022  -0.02411785  -0.04291826  -0.06240190  -0.08112104  -0.09731649  -0.10904724  -0.11443191  -0.11207452  -0.10179231  -0.08570745  -0.06911929  -0.05885733  -0.05761378  -0.06092990  -0.06233011  -0.05843802  -0.04917430  -0.03611447  -0.02124693  -0.00636235   0.00717597   0.01847393   0.02706320   0.03282302   0.03589285   0.03658868   0.03532980   0.03257869   0.02879485   0.02440184   0.01976615   0.01518600   0.01088805 
  0.00000023   0.00049578   0.00119525   0.00228991   0.00394571   0.00628754   0.00938178   0.01321790   0.01769121   0.02258975   0.02758844   0.03225384   0.03606176   0.03842929   0.03876092   0.03650703   0.03123129   0.02268213   0.01086223  -0.00391097  -0.02096110  -0.03923347  -0.05730987  -0.07346996  -0.08581872  -0.09251495  -0.09216722  -0.08450579  -0.07138911  -0.05761378  -0.04941978  -0.04929617  -0.05318743  -0.05517156  -0.05215587  -0.04407367  -0.03238435  -0.01893286  -0.00538601   0.00698154   0.01732812   0.02520655   0.03049296   0.03330650   0.03393215   0.03275273   0.03019303   0.02667665   0.02259512   0.01828788   0.01403167 
 -0.00000126  -0.00246729  -0.00457677  -0.00599081  -0.00641242  -0.00560609  -0.00341858   0.00020160   0.00518759   0.01134277   0.01833686   0.02571174   0.03289870   0.03924803   0.04407071   0.04669090   0.04650673   0.04305572   0.03608065   0.02559052   0.01191114  -0.00428058  -0.02194563  -0.03970275  -0.05589028  -0.06868731  -0.07632642  -0.07745924  -0.07177530  -0.06092990  -0.04929617  -0.04260430  -0.04317020  -0.04730217  -0.04957499  -0.04715005  -0.03997027  -0.02938737  -0.01711286  -0.00469720   0.00666970   0.01619791   0.02346328   0.02834233   0.03093849   0.03151064   0.03041011   0.02802860   0.02475796   0.02096111   0.01695335 
 -0.00000215  -0.00422907  -0.00803323  -0.01100996  -0.01280136  -0.01311610  -0.01175023  -0.00860622  -0.00370842   0.00278628   0.01058464   0.01926154   0.02827405   0.03698575   0.04470126   0.05071011   0.05433827   0.05500496   0.05228159   0.04594917   0.03605012   0.02293008   0.00726458  -0.00993483  -0.02734212  -0.04337572  -0.05631112  -0.06447686  -0.06659082  -0.06233011  -0.05318743  -0.04317020  -0.03755882  -0.03851479  -0.04267048  -0.04504396  -0.04302236  -0.03655424  -0.02689083  -0.01561957  -0.00418206   0.00631190   0.01512236   0.02184859   0.02636969   0.02877645   0.02930538   0.02828011   0.02606298   0.02301736   0.01948053 
 -0.00000262  -0.00516349  -0.00989279  -0.01377482  -0.01643849  -0.01757496  -0.01695681  -0.01445526  -0.01005441  -0.00386126   0.00388965   0.01283842   0.02250942   0.03232933   0.04165346   0.04980009   0.05609177   0.05990218   0.06070637   0.05813207   0.05200897   0.04241291   0.02970099   0.01453366  -0.00212143  -0.01900999  -0.03464548  -0.04741215  -0.05574480  -0.05843802  -0.05517156  -0.04730217  -0.03851479  -0.03368700  -0.03483871  -0.03888936  -0.04125218  -0.03951467  -0.03362772  -0.02474907  -0.01435122  -0.00377462   0.00594591   0.01411776   0.02036325   0.02456511   0.02680377   0.02729615   0.02634127   0.02427511   0.02143538 
 -0.00000280  -0.00553974  -0.01067188  -0.01500683  -0.01819080  -0.01992312  -0.01997259  -0.01819240  -0.01453273  -0.00905028  -0.00191369   0.00659600   0.01609067   0.02608681   0.03602384   0.04528916   0.05324931   0.05928664   0.06284025   0.06344962   0.06079892   0.05475988   0.04543017   0.03316432   0.01859325   0.00262784  -0.01355948  -0.02858373  -0.04094124  -0.04917430  -0.05215587  -0.04957499  -0.04267048  -0.03483871  -0.03059316  -0.03182212  -0.03569921  -0.03799069  -0.03646250  -0.03106564  -0.02287138  -0.01324625  -0.00343727   0.00559032   0.01318828   0.01900094   0.02291526   0.02500288   0.02546337   0.02457368   0.02264595 
 -0.00000280  -0.00554782  -0.01073456  -0.01521332  -0.01866547  -0.02081446  -0.02143899  -0.02038536  -0.01757826  -0.01302963  -0.00684467   0.00077553   0.00953542   0.01905120   0.02886203   0.03844663   0.04724524   0.05468667   0.06021997   0.06334977   0.06367427   0.06092414   0.05500049   0.04600946   0.03429052   0.02043482   0.00528949  -0.01005815  -0.02432439  -0.03611447  -0.04407367  -0.04715005  -0.04504396  -0.03888936  -0.03182212  -0.02802485  -0.02926306  -0.03293615  -0.03512684  -0.03376089  -0.02878818  -0.02120040  -0.01226685  -0.00314861   0.00525335   0.01233200   0.01775243   0.02140603   0.02335684   0.02378895   0.02295934 
 -0.00000269  -0.00531998  -0.01033417  -0.01474713  -0.01828421  -0.02070174  -0.02179721  -0.02141896  -0.01947513  -0.01594159  -0.01086823  -0.00438314   0.00330590   0.01191311   0.02108012   0.03038554   0.03935890   0.04749920   0.05429789   0.05926614   0.06196566   0.06204225   0.05926070   0.05353935   0.04498208   0.03390504   0.02085459   0.00661251  -0.00781708  -0.02124693  -0.03238435  -0.03997027  -0.04302236  -0.04125218  -0.03569921  -0.02926306  -0.02582496  -0.02703600  -0.03049698  -0.03257555  -0.03134140  -0.02674276  -0.01969852  -0.01138891  -0.00289616   0.00493790   0.01154436   0.01660774   0.02002383   0.02185007   0.02225658 
 -0.00000249  -0.00494755  -0.00964594  -0.01385299  -0.01734050  -0.01990144  -0.02135718  -0.02156478  -0.02042422  -0.01788513  -0.01395300  -0.00869418  -0.00223949   0.00521429   0.01340539   0.02201101   0.03065478   0.03891811   0.04635558   0.05251460   0.05695913   0.05929704   0.05921036   0.05648729   0.05105424   0.04300609   0.03263171   0.02043185   0.00712521  -0.00636235  -0.01893286  -0.02938737  -0.03655424  -0.03951467  -0.03799069  -0.03293615  -0.02703600  -0.02389656  -0.02506261  -0.02831551  -0.03028044  -0.02915745  -0.02489307  -0.01833969  -0.01059611  -0.00267231   0.00464426   0.01081987   0.01555713   0.01875615   0.02046852 
 -0.00000226  -0.00449356  -0.00879132  -0.01270164  -0.01604129  -0.01864001  -0.02034528  -0.02102759  -0.02058583  -0.01895297  -0.01610169  -0.01204972  -0.00686451  -0.00066694   0.00636657   0.01400395   0.02195997   0.02990173   0.03745776   0.04423098   0.04981571   0.05381876   0.05588414   0.05572092   0.05313292   0.04804896   0.04055159   0.03090178   0.01955657   0.00717597  -0.00538601  -0.01711286  -0.02689083  -0.03362772  -0.03646250  -0.03512684  -0.03049698  -0.02506261  -0.02217914  -0.02329278  -0.02634755  -0.02820226  -0.02717555  -0.02321246  -0.01710471  -0.00987666  -0.00247207   0.00437155   0.01015297   0.01459159   0.01759168 
 -0.00000201  -0.00400168  -0.00785504  -0.01141372  -0.01453551  -0.01708475  -0.01893521  -0.01997355  -0.02010321  -0.01924889  -0.01736143  -0.01442294  -0.01045192  -0.00550809   0.00030357   0.00682996   0.01386869   0.02116932   0.02843730   0.03534139   0.04152474   0.04661995   0.05026813   0.05214168   0.05197011   0.04956804   0.04486374   0.03792664   0.02899112   0.01847393   0.00698154  -0.00469720  -0.01561957  -0.02474907  -0.03106564  -0.03376089  -0.03257555  -0.02831551  -0.02329278  -0.02063357  -0.02169291  -0.02456191  -0.02631205  -0.02537020  -0.02168023  -0.01597857  -0.00922145  -0.00229192   0.00411845   0.00953839   0.01370292 
 -0.00000176  -0.00350232  -0.00689673  -0.01007570  -0.01293275  -0.01536331  -0.01726612  -0.01854525  -0.01911266  -0.01889162  -0.01782062  -0.01585802  -0.01298702  -0.00922084  -0.00460776   0.00076441   0.00676482   0.01321770   0.01990259   0.02655723   0.03288371   0.03855817   0.04324440   0.04661137   0.04835432   0.04821904   0.04602818   0.04170844   0.03531674   0.02706320   0.01732812   0.00666970  -0.00418206  -0.01435122  -0.02287138  -0.02878818  -0.03134140  -0.03028044  -0.02634755  -0.02169291  -0.01923316  -0.02023905  -0.02293520  -0.02458716  -0.02372093  -0.02027957  -0.01494899  -0.00862310  -0.00212917   0.00388350   0.00897131 
 -0.00000151  -0.00301663  -0.00595844  -0.00874999  -0.01131478  -0.01357513  -0.01545246  -0.01686820  -0.01774538  -0.01801087  -0.01759854  -0.01645305  -0.01453432  -0.01182258  -0.00832358  -0.00407384   0.00085457   0.00635016   0.01225963   0.01838742   0.02449793   0.03032069   0.03555910   0.03990287   0.04304419   0.04469751   0.04462231   0.04264799   0.03869965   0.03282302   0.02520655   0.01619791   0.00631190  -0.00377462  -0.01324625  -0.02120040  -0.02674276  -0.02915745  -0.02820226  -0.02456191  -0.02023905  -0.01795847  -0.01891301  -0.02144884  -0.02300909  -0.02221073  -0.01899631  -0.01400562  -0.00807540  -0.00198166   0.00366526 
 -0.00000128  -0.00255905  -0.00506944  -0.00748132  -0.00974254  -0.01179785  -0.01358854  -0.01505247  -0.01612487  -0.01673974  -0.01683205  -0.01634075  -0.01521253  -0.01340623  -0.01089789  -0.00768594  -0.00379660   0.00071134   0.00574234   0.01116151   0.01679378   0.02242555   0.02780924   0.03267124   0.03672334   0.03967781   0.04126592   0.04125933   0.03949366   0.03589285   0.03049296   0.02346328   0.01512236   0.00594591  -0.00343727  -0.01226685  -0.01969852  -0.02489307  -0.02717555  -0.02631205  -0.02293520  -0.01891301  -0.01679443  -0.01770023  -0.02008752  -0.02156224  -0.02082506  -0.01781830  -0.01313955  -0.00757304  -0.00184761 
 -0.00000107  -0.00213899  -0.00424930  -0.00630075  -0.00826031  -0.01009091  -0.01175059  -0.01319211  -0.01436303  -0.01520647  -0.01566250  -0.01567030  -0.01517116  -0.01411211  -0.01245030  -0.01015792  -0.00722737  -0.00367653   0.00044638   0.00505874   0.01004064   0.01523392   0.02044345   0.02544115   0.02997329   0.03377102   0.03656450   0.03810020   0.03816105   0.03658868   0.03330650   0.02834233   0.02184859   0.01411776   0.00559032  -0.00314861  -0.01138891  -0.01833969  -0.02321246  -0.02537020  -0.02458716  -0.02144884  -0.01770023  -0.01572877  -0.01658855  -0.01883817  -0.02023316  -0.01955131  -0.01673495  -0.01234300  -0.00711140 
 -0.00000088  -0.00176197  -0.00350992  -0.00522829  -0.00689850  -0.00849772  -0.00999771  -0.01136418  -0.01255639  -0.01352740  -0.01422478  -0.01459207  -0.01457090  -0.01410386  -0.01313806  -0.01162936  -0.00954713  -0.00687926  -0.00363727   0.00013895   0.00437710   0.00896964   0.01377264   0.01860676   0.02326097   0.02749908   0.03106966   0.03371912   0.03520798   0.03532980   0.03393215   0.03093849   0.02636969   0.02036325   0.01318828   0.00525335  -0.00289616  -0.01059611  -0.01710471  -0.02168023  -0.02372093  -0.02300909  -0.02008752  -0.01658855  -0.01475115  -0.01556758  -0.01768950  -0.01901013  -0.01837843  -0.01573696  -0.01160914 
 -0.00000072  -0.00143044  -0.00285714  -0.00427491  -0.00567573  -0.00704749  -0.00837284  -0.00962830  -0.01078370  -0.01180196  -0.01263934  -0.01324620  -0.01356847  -0.01354962  -0.01313348  -0.01226761  -0.01090736  -0.00902038  -0.00659145  -0.00362735  -0.00016146   0.00374236   0.00798693   0.01244050   0.01693763   0.02128238   0.02525442   0.02861818   0.03113506   0.03257869   0.03275273   0.03151064   0.02877645   0.02456511   0.01900094   0.01233200   0.00493790  -0.00267231  -0.00987666  -0.01597857  -0.02027957  -0.02221073  -0.02156224  -0.01883817  -0.01556758  -0.01385265  -0.01462828  -0.01663160  -0.01788281  -0.01729667  -0.01481613 
 -0.00000057  -0.00114443  -0.00229192  -0.00344424  -0.00460071  -0.00575699  -0.00690401  -0.00802706  -0.00910507  -0.01011011  -0.01100732  -0.01175515  -0.01230615  -0.01260832  -0.01260702  -0.01224762  -0.01147869  -0.01025581  -0.00854586  -0.00633162  -0.00361635  -0.00042824   0.00317582   0.00710756   0.01124593   0.01543782   0.01950095   0.02322943   0.02640229   0.02879485   0.03019303   0.03041011   0.02930538   0.02680377   0.02291526   0.01775243   0.01154436   0.00464426  -0.00247207  -0.00922145  -0.01494899  -0.01899631  -0.02082506  -0.02023316  -0.01768950  -0.01462828  -0.01302547  -0.01376269  -0.01565575  -0.01684210  -0.01629742 
 -0.00000045  -0.00090216  -0.00181149  -0.00273411  -0.00367410  -0.00463246  -0.00560619  -0.00658739  -0.00756250  -0.00851169  -0.00940848  -0.01021966  -0.01090559  -0.01142087  -0.01171566  -0.01173746  -0.01143354  -0.01075394  -0.00965508  -0.00810379  -0.00608161  -0.00358918  -0.00065050   0.00268353   0.00633236   0.01018451   0.01409798   0.01790290   0.02140669   0.02440184   0.02667665   0.02802860   0.02828011   0.02729615   0.02500288   0.02140603   0.01660774   0.01081987   0.00437155  -0.00229192  -0.00862310  -0.01400562  -0.01781830  -0.01955131  -0.01901013  -0.01663160  -0.01376269  -0.01226276  -0.01296382  -0.01475421  -0.01587988 
 -0.00000035  -0.00070053  -0.00141036  -0.00213799  -0.00289029  -0.00367170  -0.00448341  -0.00532260  -0.00618165  -0.00704756  -0.00790133  -0.00871768  -0.00946498  -0.01010545  -0.01059589  -0.01088876  -0.01093392  -0.01068081  -0.01008132  -0.00909311  -0.00768340  -0.00583303  -0.00354069  -0.00082683   0.00226279   0.00565451   0.00924542   0.01290362   0.01647066   0.01976615   0.02259512   0.02475796   0.02606298   0.02634127   0.02546337   0.02335684   0.02002383   0.01555713   0.01015297   0.00411845  -0.00212917  -0.00807540  -0.01313955  -0.01673495  -0.01837843  -0.01788281  -0.01565575  -0.01296382  -0.01155844  -0.01222543  -0.01392012 
 -0.00000027  -0.00053559  -0.00108122  -0.00164635  -0.00223919  -0.00286615  -0.00353112  -0.00423486  -0.00497428  -0.00574184  -0.00652490  -0.00730529  -0.00805897  -0.00875591  -0.00936034  -0.00983131  -0.01012376  -0.01019000  -0.00998185  -0.00945322  -0.00856324  -0.00727981  -0.00558347  -0.00347133  -0.00096087   0.00190668   0.00506383   0.00841542   0.01183882   0.01518600   0.01828788   0.02096111   0.02301736   0.02427511   0.02457368   0.02378895   0.02185007   0.01875615   0.01459159   0.00953839   0.00388350  -0.00198166  -0.00757304  -0.01234300  -0.01573696  -0.01729667  -0.01684210  -0.01475421  -0.01222543  -0.01090712  -0.01154199 
 -0.00000020  -0.00040295  -0.00081575  -0.00124784  -0.00170778  -0.00220286  -0.00273851  -0.00331785  -0.00394104  -0.00460473  -0.00530146  -0.00601910  -0.00674036  -0.00744253  -0.00809729  -0.00867093  -0.00912482  -0.00941640  -0.00950052  -0.00933140  -0.00886505  -0.00806218  -0.00689156  -0.00533364  -0.00338428  -0.00105842   0.00160676   0.00454931   0.00768113   0.01088805   0.01403167   0.01695335   0.01948053   0.02143538   0.02264595   0.02295934   0.02225658   0.02046852   0.01759168   0.01370292   0.00897131   0.00366526  -0.00184761  -0.00711140  -0.01160914  -0.01481613  -0.01629742  -0.01587988  -0.01392012  -0.01154199  -0.01030399 
#
