# coconut-me2b/v0.99.21 
# 
# momentum space matrix elements 
# partial wave J=0, L=1/1, S=1, T=1, MT=-1 
# 
# momentum grid [fm^-1]
0.000000 0.200000 0.400000 0.600000 0.800000 1.000000 1.200000 1.400000 1.600000 1.800000 2.000000 2.200000 2.400000 2.600000 2.800000 3.000000 3.200000 3.400000 3.600000 3.800000 4.000000 4.200000 4.400000 4.600000 4.800000 5.000000 5.200000 5.400000 5.600000 5.800000 6.000000 6.200000 6.400000 6.600000 6.800000 7.000000 7.200000 7.400000 7.600000 7.800000 8.000000 8.200000 8.400000 8.600000 8.800000 9.000000 9.200000 9.400000 9.600000 9.800000 10.000000 
#
# matrix elements [MeV fm^3] 
 -0.00000070  -0.00124009  -0.00177895  -0.00169909  -0.00134580  -0.00093021  -0.00053851  -0.00020014   0.00007699   0.00029318   0.00045232   0.00056011   0.00062331   0.00064921   0.00064520   0.00061841   0.00057543   0.00052209   0.00046329   0.00040300   0.00034422   0.00028911   0.00023902   0.00019471   0.00015638   0.00012391   0.00009690   0.00007480   0.00005699   0.00004283   0.00003172   0.00002310   0.00001649   0.00001148   0.00000773   0.00000494   0.00000291   0.00000145   0.00000043  -0.00000027  -0.00000072  -0.00000099  -0.00000113  -0.00000118  -0.00000116  -0.00000110  -0.00000101  -0.00000091  -0.00000080  -0.00000069  -0.00000059 
 -0.00124009  -2.22251650  -3.29789810  -3.23720679  -2.60629103  -1.81754564  -1.05722355  -0.39367031   0.15266384   0.58020806   0.89559751   1.10963246   1.23543356   1.28729773   1.27980421   1.22706720   1.14213365   1.03654198   0.92004905   0.80051685   0.68393824   0.57457189   0.47515333   0.38714934   0.31102683   0.24651293   0.19282970   0.14889323   0.11347276   0.08530992   0.06320151   0.04605119   0.03289651   0.02291744   0.01543224   0.00988554   0.00583238   0.00292099   0.00087607  -0.00051619  -0.00142100  -0.00196564  -0.00224793  -0.00234291  -0.00230798  -0.00218679  -0.00201231  -0.00180904  -0.00159489  -0.00138252  -0.00118053 
 -0.00177895  -3.29789810  -5.27807796  -5.56931869  -4.70708283  -3.37574237  -1.99345530  -0.74593202   0.29897875   1.12485873   1.73822430   2.15690735   2.40479007   2.50882457   2.49693721   2.39639413   2.23253032   2.02783198   1.80136696   1.56853909   1.34112093   1.12750502   0.93310765   0.76086028   0.61173165   0.48523456   0.37988436   0.29358879   0.22396021   0.16855012   0.12501252   0.09120640   0.06524973   0.04553720   0.03073287   0.01974744   0.01170741   0.00592156   0.00184855  -0.00093246  -0.00274702  -0.00384615  -0.00442302  -0.00462603  -0.00456883  -0.00433807  -0.00399926  -0.00360128  -0.00317991  -0.00276058  -0.00236065 
 -0.00169909  -3.23720679  -5.56931869  -6.42351869  -5.85240880  -4.41022222  -2.67706522  -1.00647648   0.44009776   1.60515321   2.48119499   3.08532332   3.44738102   3.60367978   3.59304511   3.45399508   3.22265864   2.93130720   2.60744132   2.27337399   1.94623403   1.63829748   1.35754836   1.10837346   0.89230721   0.70875896   0.55567385   0.43009695   0.32862671   0.24775698   0.18411646   0.13462009   0.09654995   0.06758326   0.04578371   0.02956996   0.01767200   0.00908339   0.00301470  -0.00114872  -0.00388313  -0.00555642  -0.00645232  -0.00678924  -0.00673493  -0.00641767  -0.00593477  -0.00535913  -0.00474441  -0.00412900  -0.00353928 
 -0.00134580  -2.60629103  -4.70708283  -5.85240880  -5.79590117  -4.67853083  -2.96088158  -1.10775126   0.59208572   2.00556495   3.09003362   3.84969081   4.31290145   4.52033982   4.51808623   4.35311453   4.07016151   3.70958541   3.30603402   2.88779937   2.47673888   2.08863475   1.73386100   1.41823339   1.14393332   0.91041793   0.71525241   0.55482440   0.42492128   0.32116817   0.23933663   0.17554195   0.12635066   0.08882025   0.06049167   0.03935198   0.02378096   0.01249186   0.00447313  -0.00106461  -0.00473449  -0.00701140  -0.00826261  -0.00877182  -0.00875771  -0.00838820  -0.00779131  -0.00706351  -0.00627625  -0.00548113  -0.00471403 
 -0.00093021  -1.81754564  -3.37574237  -4.41022222  -4.67853083  -4.06187599  -2.70104416  -0.96081781   0.79270418   2.32989819   3.54775769   4.42085506   4.96569191   5.22048284   5.23371667   5.05717414   4.74137598   4.33258102   3.87092735   3.38948016   2.91400241   2.46327722   2.04981750   1.68081110   1.35916911   1.08457121   0.85443024   0.66472626   0.51068518   0.38729752   0.28968728   0.21335094   0.15429061   0.10906720   0.07479685   0.04911145   0.03009908   0.01623681   0.00632383  -0.00057986  -0.00520679  -0.00812633  -0.00978052  -0.01051231  -0.01058730  -0.01021055  -0.00953937  -0.00869315  -0.00776109  -0.00680826  -0.00588056 
 -0.00053851  -1.05722355  -1.99345530  -2.67706522  -2.96088158  -2.70104416  -1.83156869  -0.46910032   1.10469504   2.60643933   3.85935404   4.78948409   5.38803303   5.68189442   5.71584780   5.54199787   5.21323835   4.77910754   4.28324708   3.76204042   3.24415000   2.75072616   2.29608681   1.88868872   1.53223743   1.22681295   0.96992074   0.75740914   0.58422253   0.44498229   0.33440452   0.24757479   0.18010564   0.12820424   0.08867600   0.05888672   0.03670123   0.02041202   0.00866742   0.00040496  -0.00520683  -0.00881720  -0.01093272  -0.01194849  -0.01217235  -0.01184354  -0.01114695  -0.01022412  -0.00918185  -0.00809901  -0.00703210 
 -0.00020014  -0.39367031  -0.74593202  -1.00647648  -1.10775126  -0.96081781  -0.46910032   0.41466552   1.60490078   2.88999610   4.05515751   4.96886119   5.58238368   5.90033662   5.95625098   5.79719825   5.47447218   5.03787955   4.53229113   3.99573413   3.45859589   2.94363339   2.46654338   2.03688555   1.65918594   1.33408301   1.05941460   0.83117835   0.64432884   0.49339921   0.37295413   0.27789291   0.20362863   0.14617105   0.10214022   0.06873421   0.04367019   0.02511326   0.01160345   0.00198710  -0.00464355  -0.00900148  -0.01164636  -0.01301761  -0.01346007  -0.01324379  -0.01257933  -0.01162943  -0.01051830  -0.00933889  -0.00815895 
  0.00007699   0.15266384   0.29897875   0.44009776   0.59208572   0.79270418   1.10469504   1.60490078   2.33890538   3.25243850   4.19148662   4.99656413   5.57261963   5.89040334   5.96319846   5.82669746   5.52602917   5.10788719   4.61584178   4.08769749   3.55423924   3.03894624   2.55836810   2.12292278   1.73792335   1.40468209   1.12158046   0.88502947   0.69027754   0.53204897   0.40501622   0.30412225   0.22477729   0.16295674   0.11522692   0.07872201   0.05109170   0.03043456   0.01522768   0.00425962  -0.00342954  -0.00859914  -0.01184980  -0.01365683  -0.01439637  -0.01436572  -0.01379890  -0.01287880  -0.01174673  -0.01050998  -0.00924812 
  0.00029318   0.58020806   1.12485873   1.60515321   2.00556495   2.32989819   2.60643933   2.88999610   3.25243850   3.74524085   4.34187309   4.93382626   5.40429789   5.68551554   5.76125218   5.64845373   5.38082928   4.99817618   4.53998752   4.04180500   3.53334518   3.03780562   2.57195754   2.14674057   1.76814278   1.43820101   1.15600037   0.91859046   0.72176930   0.56071289   0.43044901   0.32618787   0.24353081   0.17858174   0.12798605   0.08891967   0.05904703   0.03646284   0.01962824   0.00730861  -0.00148293  -0.00753405  -0.01147356  -0.01380383  -0.01492637  -0.01516180  -0.01476530  -0.01393867  -0.01283988  -0.01159071  -0.01028312 
  0.00045232   0.89559751   1.73822430   2.48119499   3.09003362   3.54775769   3.85935404   4.05515751   4.19148662   4.34187309   4.56532331   4.85722194   5.14307198   5.33718131   5.39041622   5.29356033   5.06292117   4.72712389   4.31852490   3.86818632   3.40315807   2.94523647   2.51067472   2.11049527   1.75115516   1.43538274   1.16305502   0.93202632   0.73885324   0.57938847   0.44923685   0.34408161   0.25989763   0.19307313   0.14046158   0.09938460   0.06760311   0.04327087   0.02488058   0.01120967   0.00127006  -0.00573574  -0.01045161  -0.01339783  -0.01499503  -0.01558307  -0.01543574  -0.01477234  -0.01376693  -0.01255582  -0.01124379 
  0.00056011   1.10963246   2.15690735   3.08532332   3.84969081   4.42085506   4.78948409   4.96886119   4.99656413   4.93382626   4.85722194   4.83139316   4.86688693   4.91287718   4.90483110   4.80495811   4.60625165   4.32135188   3.97204769   3.58248808   3.17531478   2.76968603   2.38048669   2.01827439   1.68966357   1.39794231   1.14377902   0.92592218   0.74183230   0.58821300   0.46142901   0.35781365   0.27387756   0.20643552   0.15266952   0.11014574   0.07680063   0.05090873   0.03104145   0.01602365   0.00489211  -0.00314162  -0.00872298  -0.01238071  -0.01454805  -0.01557976  -0.01576545  -0.01534032  -0.01449377  -0.01337647  -0.01210633 
  0.00062331   1.23543356   2.40479007   3.44738102   4.31290145   4.96569191   5.38803303   5.58238368   5.57261963   5.40429789   5.14307198   4.86688693   4.64244686   4.48892192   4.37051614   4.23595193   4.05327861   3.81445772   3.52685926   3.20498386   2.86513835   2.52247390   2.18954088   1.87577117   1.58751258   1.32837230   1.09970832   0.90116231   0.73116655   0.58738595   0.46707733   0.36736264   0.28542230   0.21862021   0.16457416   0.12118555   0.08664065   0.05939398   0.03814181   0.02179156   0.00943112   0.00030040  -0.00623372  -0.01069853  -0.01353304  -0.01510220  -0.01570840  -0.01560087  -0.01498333  -0.01402045  -0.01284340 
  0.00064921   1.28729773   2.50882457   3.60367978   4.52033982   5.22048284   5.68189442   5.90033662   5.89040334   5.68551554   5.33718131   4.91287718   4.48892192   4.13022912   3.85908988   3.64812606   3.45359989   3.24577133   3.01386586   2.75964782   2.49089824   2.21722003   1.94773182   1.68996014   1.44944592   1.22976073   1.03274161   0.85882277   0.70738834   0.57710074   0.46618079   0.37263051   0.29439874   0.22949561   0.17606463   0.13242175   0.09707054   0.06870106   0.04617887   0.02852868   0.01491595   0.00462872  -0.00293925  -0.00830335  -0.01190092  -0.01410196  -0.01521822  -0.01551069  -0.01519614  -0.01445260  -0.01342438 
  0.00064520   1.27980421   2.49693721   3.59304511   4.51808623   5.23371667   5.71584780   5.95625098   5.96319846   5.76125218   5.39041622   4.90483110   4.37051614   3.85908988   3.43045881   3.10601189   2.86224034   2.65927309   2.46761508   2.27331504   2.07312447   1.86931360   1.66630539   1.46880988   1.28090107   1.10564454   0.94503441   0.80009263   0.67104151   0.55749590   0.45864494   0.37340802   0.30055947   0.23882221   0.18693382   0.14368992   0.10796999   0.07875023   0.05510761   0.03621808   0.02135141   0.00986430   0.00119275  -0.00515540  -0.00960763  -0.01253323  -0.01424924  -0.01502581  -0.01509101  -0.01463532  -0.01381573 
  0.00061841   1.22706720   2.39639413   3.45399508   4.35311453   5.05717414   5.54199787   5.79719825   5.82669746   5.64845373   5.29356033   4.80495811   4.23595193   3.64812606   3.10601189   2.66238723   2.33527880   2.10233878   1.92557512   1.77504955   1.63406286   1.49548151   1.35754077   1.22106173   1.08786235   0.95991531   0.83893945   0.72623543   0.62265428   0.52863348   0.44426249   0.36935614   0.30352466   0.24623508   0.19686209   0.15472880   0.11913817   0.08939673   0.06483177   0.04480345   0.02871275   0.01600635   0.00617902  -0.00122569  -0.00661619  -0.01035438  -0.01275786  -0.01410263  -0.01462590  -0.01452922  -0.01398154 
  0.00057543   1.14213365   2.23253032   3.22265864   4.07016151   4.74137598   5.21323835   5.47447218   5.52602917   5.38082928   5.06292117   4.60625165   4.05327861   3.45359989   2.86224034   2.33527880   1.91742354   1.62225695   1.42733316   1.29577681   1.19735348   1.11351232   1.03454394   0.95609507   0.87678581   0.79678694   0.71700097   0.63859701   0.56275157   0.49051005   0.42272006   0.36000757   0.30277874   0.25123687   0.20540789   0.16516977   0.13028313   0.10042082   0.07519511   0.05418160   0.03693935   0.02302729   0.01201675   0.00350085  -0.00289917  -0.00752999  -0.01070407  -0.01269920  -0.01375892  -0.01409396  -0.01388409 
  0.00052209   1.03654198   2.02783198   2.93130720   3.70958541   4.33258102   4.77910754   5.03787955   5.10788719   4.99817618   4.72712389   4.32135188   3.81445772   3.24577133   2.65927309   2.10233878   1.62225695   1.25573833   1.01187801   0.86787042   0.78795814   0.74218696   0.71118448   0.68389472   0.65460265   0.62082783   0.58200411   0.53866126   0.49190847   0.44310244   0.39363353   0.34479117   0.29768469   0.25320379   0.21200738   0.17453225   0.14101469   0.11151965   0.08597317   0.06419484   0.04592814   0.03086714   0.01867894   0.00902170   0.00155839  -0.00403314  -0.00805334  -0.01077670  -0.01244952  -0.01328921  -0.01348467 
  0.00046329   0.92004905   1.80136696   2.60744132   3.30603402   3.87092735   4.28324708   4.53229113   4.61584178   4.53998752   4.31852490   3.97204769   3.52685926   3.01386586   2.46761508   1.92557512   1.42733316   1.01187801   0.70870988   0.52304899   0.43204131   0.40142090   0.40220577   0.41513597   0.42880479   0.43705551   0.43707577   0.42815005   0.41084249   0.38644731   0.35661219   0.32308016   0.28751751   0.25140619   0.21598489   0.18222661   0.15084230   0.12230198   0.09686645   0.07462379   0.05552666   0.03942742   0.02610923   0.01531239   0.00675549   0.00015178  -0.00477880  -0.00830122  -0.01065993  -0.01207575  -0.01274444 
  0.00040300   0.80051685   1.56853909   2.27337399   2.88779937   3.38948016   3.76204042   3.99573413   4.08769749   4.04180500   3.86818632   3.58248808   3.20498386   2.75964782   2.27331504   1.77504955   1.29577681   0.86787042   0.52304899   0.28478023   0.15533041   0.11234165   0.12350115   0.16140442   0.20761857   0.25109090   0.28583023   0.30916063   0.32053890   0.32075056   0.31134967   0.29426373   0.27151726   0.24504525   0.21657579   0.18756621   0.15917906   0.13228688   0.10749593   0.08518122   0.06552647   0.04856468   0.03421608   0.02232160   0.01267105   0.00502576  -0.00086394  -0.00524584  -0.00835681  -0.01041684  -0.01162554 
  0.00034422   0.68393824   1.34112093   1.94623403   2.47673888   2.91400241   3.24415000   3.45859589   3.55423924   3.53334518   3.40315807   3.17531478   2.86513835   2.49089824   2.07312447   1.63406286   1.19735348   0.78795814   0.43204131   0.15533041  -0.02344939  -0.10401999  -0.10769692  -0.06446174   0.00027746   0.06937388   0.13255438   0.18433251   0.22240166   0.24652050   0.25773732   0.25783953   0.24896092   0.23330566   0.21296257   0.18978979   0.16535361   0.14090786   0.11740197   0.09550782   0.07565727   0.05808426   0.04286674   0.02996571   0.01925928   0.01057133   0.00369429  -0.00159318  -0.00551326  -0.00827979  -0.01009230 
  0.00028911   0.57457189   1.12750502   1.63829748   2.08863475   2.46327722   2.75072616   2.94363339   3.03894624   3.03780562   2.94523647   2.76968603   2.52247390   2.21722003   1.86931360   1.49548151   1.11351232   0.74218696   0.40142090   0.11234165  -0.10401999  -0.23247841  -0.27389884  -0.24813481  -0.18261869  -0.10055118  -0.01756702   0.05703838   0.11842216   0.16471781   0.19599460   0.21352339   0.21925102   0.21542397   0.20432465   0.18809538   0.16863093   0.14752368   0.12604782   0.10517087   0.08558275   0.06773458   0.05188116   0.03812292   0.02644444   0.01674806   0.00888180   0.00266167  -0.00211116  -0.00563781  -0.00811274 
  0.00023902   0.47515333   0.93310765   1.35754836   1.73386100   2.04981750   2.29608681   2.46654338   2.55836810   2.57195754   2.51067472   2.38048669   2.18954088   1.94773182   1.66630539   1.35754077   1.03454394   0.71118448   0.40220577   0.12350115  -0.10769692  -0.27389884  -0.36245478  -0.37472735  -0.32886101  -0.24968994  -0.15817721  -0.06839977   0.01136153   0.07691552   0.12681030   0.16137142   0.18201791   0.19077083   0.18990148   0.18168602   0.16824324   0.15143714   0.13282921   0.11366716   0.09489898   0.07720299   0.06102651   0.04662750   0.03411527   0.02348764   0.01466312   0.00750767   0.00185596  -0.00247231  -0.00566040 
  0.00019471   0.38714934   0.76086028   1.10837346   1.41823339   1.68081110   1.88868872   2.03688555   2.12292278   2.14674057   2.11049527   2.01827439   1.87577117   1.68996014   1.46880988   1.22106173   0.95609507   0.68389472   0.41513597   0.16140442  -0.06446174  -0.24813481  -0.37472735  -0.43336000  -0.42545764  -0.36737276  -0.28143132  -0.18645982  -0.09505132  -0.01453374   0.05148938   0.10190956   0.13723174   0.15894468   0.16906780   0.16982740   0.16343165   0.15192305   0.13709117   0.12043129   0.10313665   0.08611392   0.07001298   0.05526444   0.04211947   0.03068856   0.02097671   0.01291377   0.00637968   0.00122448  -0.00271635 
  0.00015638   0.31102683   0.61173165   0.89230721   1.14393332   1.35916911   1.53223743   1.65918594   1.73792335   1.76814278   1.75115516   1.68966357   1.58751258   1.44944592   1.28090107   1.08786235   0.87678581   0.65460265   0.42880479   0.20761857   0.00027746  -0.18261869  -0.32886101  -0.42545764  -0.46276085  -0.44200581  -0.37779761  -0.29013754  -0.19589548  -0.10632009  -0.02789629   0.03626662   0.08532019   0.11987371   0.14141905   0.15191643   0.15349860   0.14826605   0.13815330   0.12485070   0.10976832   0.09403054   0.07849178   0.06376525   0.05025845   0.03821080   0.02772989   0.01882448   0.01143286   0.00544639   0.00072818 
  0.00012391   0.24651293   0.48523456   0.70875896   0.91041793   1.08457121   1.22681295   1.33408301   1.40468209   1.43820101   1.43538274   1.39794231   1.32837230   1.22976073   1.10564454   0.95991531   0.79678694   0.62082783   0.43705551   0.25109090   0.06937388  -0.10055118  -0.24968994  -0.36737276  -0.44200581  -0.46482082  -0.43674910  -0.37077545  -0.28480896  -0.19397746  -0.10834945  -0.03369038   0.02728869   0.07392283   0.10686426   0.12755920   0.13787052   0.13980843   0.13534415   0.12628862   0.11422191   0.10046111   0.08605633   0.07180588   0.05828335   0.04587079   0.03479376   0.02515508   0.01696541   0.01016968   0.00466893 
  0.00009690   0.19282970   0.37988436   0.55567385   0.71525241   0.85443024   0.96992074   1.05941460   1.12158046   1.15600037   1.16305502   1.14377902   1.09970832   1.03274161   0.94503441   0.83893945   0.71700097   0.58200411   0.43707577   0.28583023   0.13255438  -0.01756702  -0.15817721  -0.28143132  -0.37779761  -0.43674910  -0.45018262  -0.41870217  -0.35384137  -0.27166285  -0.18577018  -0.10521406  -0.03515723   0.02200301   0.06572386   0.09665623   0.11616941   0.12600776   0.12804522   0.12411554   0.11590161   0.10487121   0.09224789   0.07900757   0.06589272   0.05343748   0.04199837   0.03178667   0.02289969   0.01534903   0.00908513 
  0.00007480   0.14889323   0.29358879   0.43009695   0.55482440   0.66472626   0.75740914   0.83117835   0.88502947   0.91859046   0.93202632   0.92592218   0.90116231   0.85882277   0.80009263   0.72623543   0.63859701   0.53866126   0.42815005   0.30916063   0.18433251   0.05703838  -0.06839977  -0.18645982  -0.29013754  -0.37077545  -0.41870217  -0.42635714  -0.39404489  -0.33202815  -0.25475850  -0.17451713  -0.09948319  -0.03431709   0.01882992   0.05949237   0.08829148   0.10650294   0.11574411   0.11774980   0.11421690   0.10670286   0.09656664   0.08494180   0.07273322   0.06063010   0.04912890   0.03856168   0.02912589   0.02091322   0.01393574 
  0.00005699   0.11347276   0.22396021   0.32862671   0.42492128   0.51068518   0.58422253   0.64432884   0.69027754   0.72176930   0.73885324   0.74183230   0.73116655   0.70738834   0.67104151   0.62265428   0.56275157   0.49190847   0.41084249   0.32053890   0.22240166   0.11842216   0.01136153  -0.09505132  -0.19589548  -0.28480896  -0.35384137  -0.39404489  -0.39833415  -0.36676473  -0.30850045  -0.23659374  -0.16218061  -0.09269314  -0.03237095   0.01682969   0.05449052   0.08118724   0.09809586   0.10670693   0.10862013   0.10540138   0.09848932   0.08914045   0.07840399   0.06711848   0.05592337   0.04528003   0.03549763   0.02676061   0.01915525 
  0.00004283   0.08530992   0.16855012   0.24775698   0.32116817   0.38729752   0.44498229   0.49339921   0.53204897   0.56071289   0.57938847   0.58821300   0.58738595   0.57710074   0.55749590   0.52863348   0.49051005   0.44310244   0.38644731   0.32075056   0.24652050   0.16471781   0.07691552  -0.01453374  -0.10632009  -0.19397746  -0.27166285  -0.33202815  -0.36676473  -0.36922426  -0.33926852  -0.28511584  -0.21860300  -0.14987126  -0.08570830  -0.02999694   0.01546448   0.05028605   0.07499111   0.09065686   0.09865249   0.10045036   0.09749414   0.09111210   0.08246597   0.07252710   0.06207288   0.05169695   0.04182830   0.03275502   0.02464949 
  0.00003172   0.06320151   0.12501252   0.18411646   0.23933663   0.28968728   0.33440452   0.37295413   0.40501622   0.43044901   0.44923685   0.46142901   0.46707733   0.46618079   0.45864494   0.44426249   0.42272006   0.39363353   0.35661219   0.31134967   0.25773732   0.19599460   0.12681030   0.05148938  -0.02789629  -0.10834945  -0.18577018  -0.25475850  -0.30850045  -0.33926852  -0.34082642  -0.31289212  -0.26286994  -0.20153637  -0.13816342  -0.07897777  -0.02755505   0.01443803   0.04662898   0.06948774   0.08399760   0.09141460   0.09309342   0.09036522   0.08445698   0.07644359   0.06722513   0.05752298   0.04788887   0.03872215   0.03029155 
  0.00002310   0.04605119   0.09120640   0.13462009   0.17554195   0.21335094   0.24757479   0.27789291   0.30412225   0.32618787   0.34408161   0.35781365   0.36736264   0.37263051   0.37340802   0.36935614   0.36000757   0.34479117   0.32308016   0.29426373   0.25783953   0.21352339   0.16137142   0.10190956   0.03626662  -0.03369038  -0.10521406  -0.17451713  -0.23659374  -0.28511584  -0.31289212  -0.31407756  -0.28828745  -0.24222208  -0.18572786  -0.12731172  -0.07270701  -0.02522074   0.01359335   0.04337445   0.06454134   0.07799037   0.08487378   0.08643862   0.08391339   0.07843272   0.07099230   0.06242721   0.05340778   0.04444743   0.03591844 
  0.00001649   0.03289651   0.06524973   0.09654995   0.12635066   0.15429061   0.18010564   0.20362863   0.22477729   0.24353081   0.25989763   0.27387756   0.28542230   0.29439874   0.30055947   0.30352466   0.30277874   0.29768469   0.28751751   0.27151726   0.24896092   0.21925102   0.18201791   0.13723174   0.08532019   0.02728869  -0.03515723  -0.09948319  -0.16218061  -0.21860300  -0.26286994  -0.28828745  -0.28938123  -0.26569560  -0.22331798  -0.17127367  -0.11739134  -0.06696641  -0.02306769   0.01285054   0.04043647   0.06006171   0.07254335   0.07893921   0.08039859   0.07805667   0.07296411   0.06604452   0.05807383   0.04967577   0.04132887 
  0.00001148   0.02291744   0.04553720   0.06758326   0.08882025   0.10906720   0.12820424   0.14617105   0.16295674   0.17858174   0.19307313   0.20643552   0.21862021   0.22949561   0.23882221   0.24623508   0.25123687   0.25320379   0.25140619   0.24504525   0.23330566   0.21542397   0.19077083   0.15894468   0.11987371   0.07392283   0.02200301  -0.03431709  -0.09269314  -0.14987126  -0.20153637  -0.24222208  -0.26569560  -0.26683186  -0.24512766  -0.20613311  -0.15814415  -0.10838411  -0.06175654  -0.02111669   0.01217054   0.03776136   0.05598483   0.06758639   0.07353844   0.07490170   0.07272667   0.06798771   0.06154289   0.05411422   0.04628299 
  0.00000773   0.01543224   0.03073287   0.04578371   0.06049167   0.07479685   0.08867600   0.10214022   0.11522692   0.12798605   0.14046158   0.15266952   0.16457416   0.17606463   0.18693382   0.19686209   0.20540789   0.21200738   0.21598489   0.21657579   0.21296257   0.20432465   0.18990148   0.16906780   0.14141905   0.10686426   0.06572386   0.01882992  -0.03237095  -0.08570830  -0.13816342  -0.18572786  -0.22331798  -0.24512766  -0.24635878  -0.22647760  -0.19055990  -0.14625016  -0.10022846  -0.05704538  -0.01936304   0.01153503   0.03531303   0.05226206   0.06306311   0.06861147   0.06988758   0.06786517   0.06344920   0.05743809   0.05050470 
  0.00000494   0.00988554   0.01974744   0.02956996   0.03935198   0.04911145   0.05888672   0.06873421   0.07872201   0.08891967   0.09938460   0.11014574   0.12118555   0.13242175   0.14368992   0.15472880   0.16516977   0.17453225   0.18222661   0.18756621   0.18978979   0.18809538   0.18168602   0.16982740   0.15191643   0.12755920   0.09665623   0.05949237   0.01682969  -0.02999694  -0.07897777  -0.12731172  -0.17127367  -0.20613311  -0.22647760  -0.22781351  -0.20958870  -0.17645769  -0.13548032  -0.09284687  -0.05278841  -0.01779131   0.01093569   0.03306505   0.04885427   0.05892647   0.06410727   0.06530444   0.06342192   0.05930157   0.05368740 
  0.00000291   0.00583238   0.01170741   0.01767200   0.02378096   0.03009908   0.03670123   0.04367019   0.05109170   0.05904703   0.06760311   0.07680063   0.08664065   0.09707054   0.10796999   0.11913817   0.13028313   0.14101469   0.15084230   0.15917906   0.16535361   0.16863093   0.16824324   0.16343165   0.15349860   0.13787052   0.11616941   0.08829148   0.05449052   0.01546448  -0.02755505  -0.07270701  -0.11739134  -0.15814415  -0.19055990  -0.20958870  -0.21101940  -0.19429015  -0.16367945  -0.12572036  -0.08615988  -0.04893873  -0.01638266   0.01036874   0.03099656   0.04572865   0.05513617   0.05998177   0.06110728   0.05935319   0.05550383 
  0.00000145   0.00292099   0.00592156   0.00908339   0.01249186   0.01623681   0.02041202   0.02511326   0.03043456   0.03646284   0.04327087   0.05090873   0.05939398   0.06870106   0.07875023   0.08939673   0.10042082   0.11151965   0.12230198   0.13228688   0.14090786   0.14752368   0.15143714   0.15192305   0.14826605   0.13980843   0.12600776   0.10650294   0.08118724   0.05028605   0.01443803  -0.02522074  -0.06696641  -0.10838411  -0.14625016  -0.17645769  -0.19429015  -0.19579791  -0.18041567  -0.15208483  -0.11686228  -0.08009259  -0.04545180  -0.01511837   0.00983227   0.02909012   0.04285695   0.05165717   0.05619644   0.05725672   0.05562068 
  0.00000043   0.00087607   0.00184855   0.00301470   0.00447313   0.00632383   0.00866742   0.01160345   0.01522768   0.01962824   0.02488058   0.03104145   0.03814181   0.04617887   0.05510761   0.06483177   0.07519511   0.08597317   0.09686645   0.10749593   0.11740197   0.12604782   0.13282921   0.13709117   0.13815330   0.13534415   0.12804522   0.11574411   0.09809586   0.07499111   0.04662898   0.01359335  -0.02306769  -0.06175654  -0.10022846  -0.13548032  -0.16367945  -0.18041567  -0.18198117  -0.16781180  -0.14154569  -0.10880805  -0.07457716  -0.04228717  -0.01398119   0.00932501   0.02733064   0.04021441   0.04845868   0.05271745   0.05371815 
 -0.00000027  -0.00051619  -0.00093246  -0.00114872  -0.00106461  -0.00057986   0.00040496   0.00198710   0.00425962   0.00730861   0.01120967   0.01602365   0.02179156   0.02852868   0.03621808   0.04480345   0.05418160   0.06419484   0.07462379   0.08518122   0.09550782   0.10517087   0.11366716   0.12043129   0.12485070   0.12628862   0.12411554   0.11774980   0.10670693   0.09065686   0.06948774   0.04337445   0.01285054  -0.02111669  -0.05704538  -0.09284687  -0.12572036  -0.15208483  -0.16781180  -0.16941696  -0.15634072  -0.13194757  -0.10147038  -0.06955333  -0.03940899  -0.01295585   0.00884590   0.02570477   0.03777917   0.04551352   0.04951488 
 -0.00000072  -0.00142100  -0.00274702  -0.00388313  -0.00473449  -0.00520679  -0.00520683  -0.00464355  -0.00342954  -0.00148293   0.00127006   0.00489211   0.00943112   0.01491595   0.02135141   0.02871275   0.03693935   0.04592814   0.05552666   0.06552647   0.07565727   0.08558275   0.09489898   0.10313665   0.10976832   0.11422191   0.11590161   0.11421690   0.10862013   0.09865249   0.08399760   0.06454134   0.04043647   0.01217054  -0.01936304  -0.05278841  -0.08615988  -0.11686228  -0.14154569  -0.15634072  -0.15796978  -0.14588035  -0.12318935  -0.09477234  -0.06496805  -0.03678577  -0.01202902   0.00839381   0.02420061   0.03553181   0.04279756 
 -0.00000099  -0.00196564  -0.00384615  -0.00555642  -0.00701140  -0.00812633  -0.00881720  -0.00900148  -0.00859914  -0.00753405  -0.00573574  -0.00314162   0.00030040   0.00462872   0.00986430   0.01600635   0.02302729   0.03086714   0.03942742   0.04856468   0.05808426   0.06773458   0.07720299   0.08611392   0.09403054   0.10046111   0.10487121   0.10670286   0.10540138   0.10045036   0.09141460   0.07799037   0.06006171   0.03776136   0.01153503  -0.01779131  -0.04893873  -0.08009259  -0.10880805  -0.13194757  -0.14588035  -0.14752005  -0.13632315  -0.11518208  -0.08864628  -0.06077475  -0.03438994  -0.01118915   0.00796758   0.02280743   0.03345500 
 -0.00000113  -0.00224793  -0.00442302  -0.00645232  -0.00826261  -0.00978052  -0.01093272  -0.01164636  -0.01184980  -0.01147356  -0.01045161  -0.00872298  -0.00623372  -0.00293925   0.00119275   0.00617902   0.01201675   0.01867894   0.02610923   0.03421608   0.04286674   0.05188116   0.06102651   0.07001298   0.07849178   0.08605633   0.09224789   0.09656664   0.09848932   0.09749414   0.09309342   0.08487378   0.07254335   0.05598483   0.03531303   0.01093569  -0.01638266  -0.04545180  -0.07457716  -0.10147038  -0.12318935  -0.13632315  -0.13796262  -0.12757465  -0.10784763  -0.08303283  -0.05693261  -0.03219739  -0.01042624   0.00756596   0.02151562 
 -0.00000118  -0.00234291  -0.00462603  -0.00678924  -0.00877182  -0.01051231  -0.01194849  -0.01301761  -0.01365683  -0.01380383  -0.01339783  -0.01238071  -0.01069853  -0.00830335  -0.00515540  -0.00122569   0.00350085   0.00902170   0.01531239   0.02232160   0.02996571   0.03812292   0.04662750   0.05526444   0.06376525   0.07180588   0.07900757   0.08494180   0.08914045   0.09111210   0.09036522   0.08643862   0.07893921   0.06758639   0.05226206   0.03306505   0.01036874  -0.01511837  -0.04228717  -0.06955333  -0.09477234  -0.11518208  -0.12757465  -0.12920507  -0.11955175  -0.10111728  -0.07787976  -0.05340574  -0.03018701  -0.00973163   0.00718770 
 -0.00000116  -0.00230798  -0.00456883  -0.00673493  -0.00875771  -0.01058730  -0.01217235  -0.01346007  -0.01439637  -0.01492637  -0.01499503  -0.01454805  -0.01353304  -0.01190092  -0.00960763  -0.00661619  -0.00289917   0.00155839   0.00675549   0.01267105   0.01925928   0.02644444   0.03411527   0.04211947   0.05025845   0.05828335   0.06589272   0.07273322   0.07840399   0.08246597   0.08445698   0.08391339   0.08039859   0.07353844   0.06306311   0.04885427   0.03099656   0.00983227  -0.01398119  -0.03940899  -0.06496805  -0.08864628  -0.10784763  -0.11955175  -0.12116611  -0.11218133  -0.09493050  -0.07314109  -0.05016256  -0.02834025  -0.00909782 
 -0.00000110  -0.00218679  -0.00433807  -0.00641767  -0.00838820  -0.01021055  -0.01184354  -0.01324379  -0.01436572  -0.01516180  -0.01558307  -0.01557976  -0.01510220  -0.01410196  -0.01253323  -0.01035438  -0.00752999  -0.00403314   0.00015178   0.00502576   0.01057133   0.01674806   0.02348764   0.03068856   0.03821080   0.04587079   0.05343748   0.06063010   0.06711848   0.07252710   0.07644359   0.07843272   0.07805667   0.07490170   0.06861147   0.05892647   0.04572865   0.02909012   0.00932501  -0.01295585  -0.03678577  -0.06077475  -0.08303283  -0.10111728  -0.11218133  -0.11377406  -0.10539885  -0.08923387  -0.06877619  -0.04717520  -0.02664080 
 -0.00000101  -0.00201231  -0.00399926  -0.00593477  -0.00779131  -0.00953937  -0.01114695  -0.01257933  -0.01379890  -0.01476530  -0.01543574  -0.01576545  -0.01570840  -0.01521822  -0.01424924  -0.01275786  -0.01070407  -0.00805334  -0.00477880  -0.00086394   0.00369429   0.00888180   0.01466312   0.02097671   0.02772989   0.03479376   0.04199837   0.04912890   0.05592337   0.06207288   0.06722513   0.07099230   0.07296411   0.07272667   0.06988758   0.06410727   0.05513617   0.04285695   0.02733064   0.00884590  -0.01202902  -0.03438994  -0.05693261  -0.07787976  -0.09493050  -0.10539885  -0.10696561  -0.09914726  -0.08398009  -0.06474913  -0.04441902 
 -0.00000091  -0.00180904  -0.00360128  -0.00535913  -0.00706351  -0.00869315  -0.01022412  -0.01162943  -0.01287880  -0.01393867  -0.01477234  -0.01534032  -0.01560087  -0.01551069  -0.01502581  -0.01410263  -0.01269920  -0.01077670  -0.00830122  -0.00524584  -0.00159318   0.00266167   0.00750767   0.01291377   0.01882448   0.02515508   0.03178667   0.03856168   0.04528003   0.05169695   0.05752298   0.06242721   0.06604452   0.06798771   0.06786517   0.06530444   0.05998177   0.05165717   0.04021441   0.02570477   0.00839381  -0.01118915  -0.03219739  -0.05340574  -0.07314109  -0.08923387  -0.09914726  -0.10068472  -0.09337598  -0.07912725  -0.06102802 
 -0.00000080  -0.00159489  -0.00317991  -0.00474441  -0.00627625  -0.00776109  -0.00918185  -0.01051830  -0.01174673  -0.01283988  -0.01376693  -0.01449377  -0.01498333  -0.01519614  -0.01509101  -0.01462590  -0.01375892  -0.01244952  -0.01065993  -0.00835681  -0.00551326  -0.00211116   0.00185596   0.00637968   0.01143286   0.01696541   0.02289969   0.02912589   0.03549763   0.04182830   0.04788887   0.05340778   0.05807383   0.06154289   0.06344920   0.06342192   0.06110728   0.05619644   0.04845868   0.03777917   0.02420061   0.00796758  -0.01042624  -0.03018701  -0.05016256  -0.06877619  -0.08398009  -0.09337598  -0.09488163  -0.08804010  -0.07463808 
 -0.00000069  -0.00138252  -0.00276058  -0.00412900  -0.00548113  -0.00680826  -0.00809901  -0.00933889  -0.01050998  -0.01159071  -0.01255582  -0.01337647  -0.01402045  -0.01445260  -0.01463532  -0.01452922  -0.01409396  -0.01328921  -0.01207575  -0.01041684  -0.00827979  -0.00563781  -0.00247231   0.00122448   0.00544639   0.01016968   0.01534903   0.02091322   0.02676061   0.03275502   0.03872215   0.04444743   0.04967577   0.05411422   0.05743809   0.05930157   0.05935319   0.05725672   0.05271745   0.04551352   0.03553181   0.02280743   0.00756596  -0.00973163  -0.02834025  -0.04717520  -0.06474913  -0.07912725  -0.08804010  -0.08951210  -0.08309961 
 -0.00000059  -0.00118053  -0.00236065  -0.00353928  -0.00471403  -0.00588056  -0.00703210  -0.00815895  -0.00924812  -0.01028312  -0.01124379  -0.01210633  -0.01284340  -0.01342438  -0.01381573  -0.01398154  -0.01388409  -0.01348467  -0.01274444  -0.01162554  -0.01009230  -0.00811274  -0.00566040  -0.00271635   0.00072818   0.00466893   0.00908513   0.01393574   0.01915525   0.02464949   0.03029155   0.03591844   0.04132887   0.04628299   0.05050470   0.05368740   0.05550383   0.05562068   0.05371815   0.04951488   0.04279756   0.03345500   0.02151562   0.00718770  -0.00909782  -0.02664080  -0.04441902  -0.06102802  -0.07463808  -0.08309961  -0.08453668 
#
