# coconut-me2b/v0.99.21 
# 
# momentum space matrix elements 
# partial wave J=0, L=0/0, S=0, T=1, MT=0 
# 
# momentum grid [fm^-1]
0.000000 0.200000 0.400000 0.600000 0.800000 1.000000 1.200000 1.400000 1.600000 1.800000 2.000000 2.200000 2.400000 2.600000 2.800000 3.000000 3.200000 3.400000 3.600000 3.800000 4.000000 4.200000 4.400000 4.600000 4.800000 5.000000 5.200000 5.400000 5.600000 5.800000 6.000000 6.200000 6.400000 6.600000 6.800000 7.000000 7.200000 7.400000 7.600000 7.800000 8.000000 8.200000 8.400000 8.600000 8.800000 9.000000 9.200000 9.400000 9.600000 9.800000 10.000000 
#
# matrix elements [MeV fm^3] 
-48.35321502 -46.37346472 -41.41500312 -35.20038364 -28.80689188 -22.67039013 -16.96390581 -11.78586113  -7.20717955  -3.27402840  -0.00473121   2.61014047   4.60431090   6.03044793   6.95420829   7.44852449   7.58860779   7.44788973   7.09496290   6.59148039   5.99091359   5.33803432   4.66897386   4.01171135   3.38685419   2.80858975   2.28570878   1.82262313   1.42032224   1.07723261   0.78996116   0.55391658   0.36381189   0.21405810   0.09906184   0.01344138  -0.04782477  -0.08930365  -0.11505642  -0.12861992  -0.13301296  -0.13076048  -0.12393014  -0.11417683  -0.10279135  -0.09075053  -0.07876638  -0.06733278  -0.05676826  -0.04725433  -0.03886874 
-46.37346472 -44.67607718 -40.25387766 -34.45125412 -28.30016072 -22.30933484 -16.70153357 -11.59626890  -7.07275972  -3.18113942   0.05760968   2.65069839   4.62989671   6.04618079   6.96379752   7.45455253   7.59279351   7.45131770   7.09827174   6.59500958   5.99481195   5.34233595   4.67364833   4.01669476   3.39206706   2.81394658   2.29112301   1.82800982   1.42560000   1.08232553   0.79480089   0.55844438   0.36798050   0.21783307   0.10242222   0.01637965  -0.04530356  -0.08718334  -0.11331169  -0.12721847  -0.13191783  -0.12993221  -0.12332881  -0.11376367  -0.10253007  -0.09060821  -0.07871409  -0.06734579  -0.05682606  -0.04734038  -0.03897019 
-41.41500312 -40.25387766 -36.98834073 -32.23916347 -26.78680929 -21.23373013 -15.92209245 -11.03365252  -6.67405168  -2.90591713   0.24176785   2.76971118   4.70398228   6.09060816   6.98969008   7.46970159   7.60242172   7.45874874   7.10548425   6.60307146   6.00420355   5.35317828   4.68585538   4.03006937   3.40635740   2.82887772   2.30641393   1.84338340   1.44079022   1.09708412   0.80890404   0.57169916   0.38023045   0.22896216   0.11235671   0.02508759  -0.03781500  -0.08087244  -0.10810816  -0.12303020  -0.12863784  -0.12744540  -0.12151795  -0.11251447  -0.10173516  -0.09016999  -0.07854649  -0.06737512  -0.05699102  -0.04759153  -0.03926887 
-35.20038364 -34.45125412 -32.23916347 -28.72946529 -24.30233151 -19.46528733 -14.64670970 -10.11556688  -6.02430920  -2.45844502   0.53940738   2.95950611   4.81891468   6.15581619   7.02367900   7.48558608   7.60911190   7.46200655   7.10880918   6.60840381   6.01245513   5.36461318   4.70034957   4.04727865   3.42582092   2.85007917   2.32881755   1.86645660   1.46401997   1.11999099   0.83105499   0.59271910   0.39981159   0.24687026   0.12843365   0.03924994  -0.02558105  -0.07051928  -0.09953712  -0.11610328  -0.12318965  -0.12329461  -0.11847760  -0.11040070  -0.10037404  -0.08940252  -0.07823177  -0.06739193  -0.05723810  -0.04798679  -0.03974787 
-28.80689188 -28.30016072 -26.78680929 -24.30233151 -20.96647920 -17.04597981 -12.90579717  -8.86806812  -5.14412273  -1.85464126   0.93747941   3.20828357   4.96308993   6.22988636   7.05341949   7.48957015   7.60019680   7.44868908   7.09638652   6.59991406   6.00940179   5.36749734   4.70904342   4.06127671   3.44440264   2.87241188   2.35402192   1.89365019   1.49234913   1.14865631   0.85933274   0.61997896   0.42552996   0.27063851   0.14996059   0.05835875  -0.00896113  -0.05636547  -0.08774855  -0.10651807  -0.11560234  -0.11747276  -0.11417675  -0.10737698  -0.09839433  -0.08825181  -0.07771810  -0.06734901  -0.05752608  -0.04849151  -0.04037907 
-22.67039013 -22.30933484 -21.23373013 -19.46528733 -17.04597981 -14.07216988 -10.74069872  -7.32159855  -4.05873012  -1.11471957   1.41946400   3.50145818   5.12248960   6.29859694   7.06422442   7.46658226   7.56049115   7.40384077   7.05382809   6.56406657   5.98257099   5.35055236   4.70191034   4.06328495   3.45452158   2.88941009   2.37657491   1.92041563   1.52202196   1.18001107   0.89125687   0.65149825   0.45582628   0.29905964   0.17602199   0.08173784   0.01156261  -0.03873818  -0.07294809  -0.09438717  -0.10591941  -0.10997413  -0.10857655  -0.10338426  -0.09572666  -0.08664557  -0.07693549  -0.06718211  -0.05779844  -0.04905783  -0.04112336 
-16.96390581 -16.70153357 -15.92209245 -14.64670970 -12.90579717 -10.74069872  -8.22716381  -5.51129616  -2.79438578  -0.26064005   1.96715063   3.82332342   5.28250109   6.34743214   7.04120057   7.40129270   7.47442964   7.31198611   6.96609962   6.48658371   5.91868811   5.30167224   4.66810022   4.04372893   3.44784565   2.89391288   2.39039185   1.94163730   1.54878130   1.21054879   0.92397043   0.68497703   0.48887452   0.33070765   0.20552667   0.10857350   0.03540369  -0.01804052  -0.05539354  -0.07985588  -0.09420163  -0.10079834  -0.10163488  -0.09835416  -0.09228857  -0.08449646  -0.07579832  -0.06681177  -0.05798463  -0.04962541  -0.04193091 
-11.78586113 -11.59626890 -11.03365252 -10.11556688  -8.86806812  -7.32159855  -5.51129616  -3.49421792  -1.37806054   0.68714837   2.56310003   4.15898067   5.42980570   6.36361323   6.97142058   7.28035462   7.32829310   7.15926733   6.81951459   6.35425917   5.80528928   5.20932976   4.59714408   3.99325309   3.41613320   2.87875207   2.38930978   1.95207284   1.56821346   1.23659161   0.95444183   0.71794630   0.52269139   0.36401530   0.23726066   0.13794873   0.06189178   0.00525903  -0.03539123  -0.06310312  -0.08053063  -0.08995552  -0.09331181  -0.09221433  -0.08798933  -0.08170611  -0.07420850  -0.06614570  -0.05800161  -0.05012237  -0.04274163 
 -7.20717955  -7.07275972  -6.67405168  -6.02430920  -5.14412273  -4.05873012  -2.79438578  -1.37806054   0.14947815   1.71029574   3.19351571   4.49658609   5.55421577   6.33790703   6.84583509   7.09440512   7.11223214   6.93541891   6.60360002   6.15667266   5.63225976   5.06392744   4.48011803   3.90370646   3.35205462   2.83742672   2.36763330   1.94678877   1.57609085   1.25455571   0.97966719   0.74791924   0.55524694   0.39735270   0.26994102   0.16887816   0.09029345   0.03063707  -0.01329263  -0.04434284  -0.06501333  -0.07747210  -0.08357609  -0.08489480  -0.08273564  -0.07816998  -0.07205943  -0.06508174  -0.05775600  -0.05046662  -0.04348589 
 -3.27402840  -3.18113942  -2.90591713  -2.45844502  -1.85464126  -1.11471957  -0.26064005   0.68714837   1.71029574   2.78225169   3.84880862   4.82968921   5.65048470   6.26609193   6.66070472   6.83956929   6.82183039   6.63533659   6.31261492   5.88761276   5.39313038   4.85895090   4.31064793   3.76900145   3.24991406   2.76470028   2.32062144   1.92155169   1.56868188   1.26119316   0.99685591   0.77253107   0.58456753   0.42910094   0.30226642   0.20034094   0.11983168   0.05752499   0.01050821  -0.02382610  -0.04778687  -0.06339747  -0.07241223  -0.07633487  -0.07643793  -0.07378284  -0.06924038  -0.06351126  -0.05714651  -0.05056753  -0.04408542 
 -0.00473121   0.05760968   0.24176785   0.53940738   0.93747941   1.41946400   1.96715063   2.56310003   3.19351571   3.84880862   4.51508138   5.15747944   5.71993906   6.15012806   6.41847761   6.51831005   6.45902065   6.26005440   5.94654867   5.54605377   5.08599866   4.59181087   4.08565929   3.58576722   3.10620772   2.65706945   2.24487524   1.87314393   1.54300423   1.25379208   1.00358625   0.78965756   0.60882406   0.45771591   0.33296152   0.23130968   0.14970307   0.08531728   0.03557671  -0.00184357  -0.02902400  -0.04781080  -0.05982806  -0.06649061  -0.06901730  -0.06844476  -0.06564159  -0.06132316  -0.05606692  -0.05032795  -0.04445464 
  2.61014047   2.65069839   2.76971118   2.95950611   3.20828357   3.50145818   3.82332342   4.15898067   4.49658609   4.82968921   5.15747944   5.47733678   5.77019664   5.99897781   6.12821516   6.13962094   6.03227899   5.81702727   5.51149330   5.13658823   4.71398750   4.26429943   3.80581047   3.35374645   2.91997724   2.51307171   2.13859998   1.79958326   1.49700585   1.23032322   0.99792194   0.79750605   0.62640126   0.48177934   0.36081301   0.26077447   0.17909214   0.11337839   0.06143891   0.02127178  -0.00893838  -0.03082802  -0.04586231  -0.05534246  -0.06041271  -0.06206759  -0.06115966  -0.05840833  -0.05440957  -0.04964676  -0.04450230 
  4.60431090   4.62989671   4.70398228   4.81891468   4.96308993   5.12248960   5.28250109   5.42980570   5.55421577   5.65048470   5.71993906   5.77019664   5.80832579   5.82771751   5.80561298   5.71873111   5.55616914   5.31972412   5.01936551   4.66928172   4.28520805   3.88263049   3.47558331   3.07591445   2.69294112   2.33341786   2.00173162   1.70023867   1.42966763   1.18952861   0.97848679   0.79467651   0.63594623   0.50003616   0.38469699   0.28776164   0.20718290   0.14104842   0.08758257   0.04514216   0.01221040  -0.01260832  -0.03059197  -0.04290280  -0.05058820  -0.05458154  -0.05570347  -0.05466451  -0.05206919  -0.04842180  -0.04413365 
  6.03044793   6.04618079   6.09060816   6.15581619   6.22988636   6.29859694   6.34743214   6.36361323   6.33790703   6.26609193   6.15012806   5.99897781   5.82771751   5.65108006   5.47156649   5.27645594   5.05046386   4.78666593   4.48704660   4.15898539   3.81224719   3.45707795   3.10304128   2.75832841   2.42941074   2.12095517   1.83593179   1.57584566   1.34103063   1.13095440   0.94449886   0.78019411   0.63639756   0.51141892   0.40359833   0.31134800   0.23316824   0.16764809   0.11345840   0.06934320   0.03411277   0.00664012  -0.01413897  -0.02922302  -0.03953998  -0.04594192  -0.04920009  -0.05000150  -0.04894729  -0.04655332  -0.04325293 
  6.95420829   6.96379752   6.98969008   7.02367900   7.05341949   7.06422442   7.04120057   6.97142058   6.84583509   6.66070472   6.41847761   6.12821516   5.80561298   5.47156649   5.14605300   4.83738230   4.53903520   4.24016955   3.93511260   3.62421330   3.31125111   3.00126347   2.69929525   2.40973889   2.13601660   1.88048160   1.64446780   1.42843427   1.23215787   1.05493580   0.89577016   0.75351770   0.62699811   0.51506188   0.41662395   0.33067193   0.25625818   0.19248399   0.13848230   0.09340351   0.05640650   0.02665578   0.00332423  -0.01439986  -0.02730301  -0.03613553  -0.04160093  -0.04434661  -0.04495676  -0.04394780  -0.04176647 
  7.44852449   7.45455253   7.46970159   7.48558608   7.48957015   7.46658226   7.40129270   7.28035462   7.09440512   6.83956929   6.51831005   6.13962094   5.71873111   5.27645594   4.83738230   4.42415926   4.04787657   3.70501573   3.38642267   3.08576808   2.80072556   2.53117828   2.27773986   2.04101235   1.82128363   1.61844204   1.43200216   1.26118875   1.10504573   0.96254537   0.83268064   0.71453067   0.60729633   0.51030810   0.42301231   0.34494320   0.27568851   0.21485510   0.16203949   0.11680635   0.07867605   0.04712115   0.02157052   0.00141941  -0.01395678  -0.02518674  -0.03288756  -0.03765013  -0.04002687  -0.04052222  -0.03958612 
  7.58860779   7.59279351   7.60242172   7.60911190   7.60019680   7.56049115   7.47442964   7.32829310   7.11223214   6.82183039   6.45902065   6.03227899   5.55616914   5.05046386   4.53903520   4.04787657   3.59991367   3.20652041   2.86478077   2.56536597   2.30022504   2.06405280   1.85313996   1.66442371   1.49510065   1.34254177   1.20431907   1.07826062   0.96250151   0.85551752   0.75613579   0.66352129   0.57714138   0.49671346   0.42214218   0.35345338   0.29073090   0.23406149   0.18349103   0.13899372   0.10045434   0.06766234   0.04031587   0.01803333   0.00036998  -0.01316274  -0.02307725  -0.02989075  -0.03410826  -0.03620853  -0.03663315 
  7.44788973   7.45131770   7.45874874   7.46200655   7.44868908   7.40384077   7.31198611   7.15926733   6.93541891   6.63533659   6.26005440   5.81702727   5.31972412   4.78666593   4.24016955   3.70501573   3.20652041   2.76596265   2.39322127   2.08445147   1.82914900   1.61722067   1.44066153   1.29288283   1.16813020   1.06131163   0.96801449   0.88455528   0.80800273   0.73616110   0.66751722   0.60115934   0.53667697   0.47405110   0.41354294   0.35558871   0.30070610   0.24941630   0.20218372   0.15937374   0.12122742   0.08785128   0.05921930   0.03518436   0.01549601  -0.00017781  -0.01222781  -0.02108062  -0.02717793  -0.03095833  -0.03284238 
  7.09496290   7.09827174   7.10548425   7.10880918   7.09638652   7.05382809   6.96609962   6.81951459   6.60360002   6.31261492   5.94654867   5.51149330   5.01936551   4.48704660   3.93511260   3.38642267   2.86478077   2.39322127   1.99010122   1.66279384   1.40579846   1.20715462   1.05496171   0.93916471   0.85120306   0.78365541   0.73017136   0.68550843   0.64555040   0.60726923   0.56863284   0.52847411   0.48633769   0.44231917   0.39690864   0.35084694   0.30500103   0.26026152   0.21746368   0.17733147   0.14044242   0.10721077   0.07788539   0.05255907   0.03118590   0.01360361  -0.00044161  -0.01126995  -0.01924408  -0.02474760  -0.02816661 
  6.59148039   6.59500958   6.60307146   6.60840381   6.59991406   6.56406657   6.48658371   6.35425917   6.15667266   5.88761276   5.54605377   5.13658823   4.66928172   4.15898539   3.62421330   3.08576808   2.56536597   2.08445147   1.66279384   1.31523122   1.04631101   0.84878905   0.70947553   0.61522737   0.55474396   0.51840555   0.49803619   0.48686270   0.47952356   0.47203169   0.46167061   0.44683674   0.42685003   0.40175333   0.37211676   0.33885871   0.30309040   0.26598815   0.22869398   0.19224355   0.15751895   0.12522272   0.09586944   0.06979077   0.04715041   0.02796548   0.01213160  -0.00055075  -0.01035034  -0.01758114  -0.02258102 
  5.99091359   5.99481195   6.00420355   6.01245513   6.00940179   5.98257099   5.91868811   5.80528928   5.63225976   5.39313038   5.08599866   4.71398750   4.28520805   3.81224719   3.31125111   2.80072556   2.30022504   1.82914900   1.40579846   1.04631101   0.76199302   0.55476690   0.41598017   0.33172037   0.28828634   0.27391438   0.27870858   0.29444945   0.31453671   0.33395033   0.34915608   0.35794676   0.35923814   0.35284408   0.33925195   0.31941378   0.29456282   0.26606066   0.23527638   0.20349665   0.17186404   0.14133959   0.11268567   0.08646457   0.06304895   0.04264040   0.02529319   0.01094039  -0.00057946  -0.00949677  -0.01608747 
  5.33803432   5.34233595   5.35317828   5.36461318   5.36749734   5.35055236   5.30167224   5.20932976   5.06392744   4.85895090   4.59181087   4.26429943   3.88263049   3.45707795   3.00126347   2.53117828   2.06405280   1.61722067   1.20715462   0.84878905   0.55476690   0.33326406   0.18409434   0.09773954   0.06015337   0.05772005   0.07885767   0.11397760   0.15529814   0.19675415   0.23391016   0.26382016   0.28483193   0.29635743   0.29863329   0.29249115   0.27915101   0.26004538   0.23667694   0.21050963   0.18289057   0.15499906   0.12781828   0.10212519   0.07849438   0.05731190   0.03879584   0.02302079   0.00994397  -0.00056882  -0.00871848 
  4.66897386   4.67364833   4.68585538   4.70034957   4.70904342   4.70191034   4.66810022   4.59714408   4.48011803   4.31064793   4.08565929   3.80581047   3.47558331   3.10304128   2.69929525   2.27773986   1.85313996   1.44066153   1.05496171   0.70947553   0.41598017   0.18409434   0.01948855  -0.07949202  -0.12265622  -0.12365339  -0.09550780  -0.04916456   0.00646545   0.06430779   0.11900111   0.16677362   0.20527354   0.23335540   0.25084302   0.25829137   0.25676478   0.24764217   0.23245496   0.21275904   0.19003905   0.16564195   0.14073555   0.11628747   0.09306034   0.07161884   0.05234549   0.03546168   0.02105194   0.00908913  -0.00054070 
  4.01171135   4.01669476   4.03006937   4.04727865   4.06127671   4.06328495   4.04372893   3.99325309   3.90370646   3.76900145   3.58576722   3.35374645   3.07591445   2.75832841   2.40973889   2.04101235   1.66442371   1.29288283   0.93916471   0.61522737   0.33172037   0.09773954  -0.07949202  -0.19612707  -0.25467160  -0.26473279  -0.23916705  -0.19007473  -0.12749996  -0.05949237   0.00768272   0.06939745   0.12251593   0.16521202   0.19675304   0.21726873   0.22752513   0.22871795   0.22229445   0.20980752   0.19280230   0.17273304   0.15090681   0.12844965   0.10629098   0.08516213   0.06560532   0.04798983   0.03253284   0.01932261   0.00834238 
  3.38685419   3.39206706   3.40635740   3.42582092   3.44440264   3.45452158   3.44784565   3.41613320   3.35205462   3.24991406   3.10620772   2.91997724   2.69294112   2.42941074   2.13601660   1.82128363   1.49510065   1.16813020   0.85120306   0.55474396   0.28828634   0.06015337  -0.12265622  -0.25467160  -0.33324824  -0.36123640  -0.34768776  -0.30442662  -0.24246251  -0.17083408  -0.09668700  -0.02549005   0.03880673   0.09361873   0.13754484   0.17015969   0.19179692   0.20334054   0.20603687   0.20133415   0.19075260   0.17578456   0.15782218   0.13810932   0.11771345   0.09751381   0.07820190   0.06029114   0.04413282   0.02993586   0.01778875 
  2.80858975   2.81394658   2.82887772   2.85007917   2.87241188   2.88941009   2.89391288   2.87875207   2.83742672   2.76470028   2.65706945   2.51307171   2.33341786   2.12095517   1.88048160   1.61844204   1.34254177   1.06131163   0.78365541   0.51840555   0.27391438   0.05772005  -0.12365339  -0.26473279  -0.36123640  -0.41122758  -0.41753952  -0.38846126  -0.33468746  -0.26610161  -0.19074665  -0.11491260  -0.04334974   0.02057296   0.07471739   0.11800366   0.15021722   0.17181049   0.18371374   0.18716579   0.18357065   0.17438196   0.16101473   0.14478195   0.12685274   0.10822854   0.08973354   0.07201622   0.05555892   0.04069298   0.02761731 
  2.28570878   2.29112301   2.30641393   2.32881755   2.35402192   2.37657491   2.39039185   2.38930978   2.36763330   2.32062144   2.24487524   2.13859998   2.00173162   1.83593179   1.64446780   1.43200216   1.20431907   0.96801449   0.73017136   0.49803619   0.27870858   0.07885767  -0.09550780  -0.23916705  -0.34768776  -0.41753952  -0.44714289  -0.43909405  -0.40083749  -0.34194779  -0.27123633  -0.19582918  -0.12125670  -0.05165617   0.01007758   0.06215145   0.10371562   0.13468837   0.15557706   0.16730811   0.17107523   0.16821121   0.16008471   0.14802170   0.13324904   0.11685753   0.09978096   0.08278801   0.06648415   0.05132066   0.03760874 
  1.82262313   1.82800982   1.84338340   1.86645660   1.89365019   1.92041563   1.94163730   1.95207284   1.94678877   1.92155169   1.87314393   1.79958326   1.70023867   1.57584566   1.42843427   1.26118875   1.07826062   0.88455528   0.68550843   0.48686270   0.29444945   0.11397760  -0.04916456  -0.19007473  -0.30442662  -0.38846126  -0.43909405  -0.45488320  -0.43808284  -0.39530160  -0.33507169  -0.26523581  -0.19211402  -0.12058883  -0.05429224   0.00425625   0.05352227   0.09281402   0.12212520   0.14197439   0.15325256   0.15708685   0.15472533   0.14744426   0.13647730   0.12296475   0.10792024   0.09221176   0.07655456   0.06151279   0.04750794 
  1.42032224   1.42560000   1.44079022   1.46401997   1.49234913   1.52202196   1.54878130   1.56821346   1.57609085   1.56868188   1.54300423   1.49700585   1.42966763   1.34103063   1.23215787   1.10504573   0.96250151   0.80800273   0.64555040   0.47952356   0.31453671   0.15529814   0.00646545  -0.12749996  -0.24246251  -0.33468746  -0.40083749  -0.43808284  -0.44500233  -0.42348346  -0.37936278  -0.32024211  -0.25311753  -0.18362013  -0.11609242  -0.05375711   0.00115947   0.04731434   0.08412118   0.11161006   0.13028359   0.14097979   0.14474929   0.14275111   0.13616865   0.12614526   0.11373799   0.09988704   0.08539835   0.07093691   0.05702820 
  1.07723261   1.08232553   1.09708412   1.11999099   1.14865631   1.18001107   1.21054879   1.23659161   1.25455571   1.26119316   1.25379208   1.23032322   1.18952861   1.13095440   1.05493580   0.96254537   0.85551752   0.73616110   0.60726923   0.47203169   0.33395033   0.19675415   0.06430779  -0.05949237  -0.17083408  -0.26610161  -0.34194779  -0.39530160  -0.42348346  -0.42504571  -0.40153289  -0.35809915  -0.30153703  -0.23811653  -0.17288800  -0.10974756  -0.05158746  -0.00040458   0.04260025   0.07691023   0.10256735   0.12004316   0.13011500   0.13375464   0.13203341   0.12604544   0.11684863   0.10542196   0.09263723   0.07924282   0.06585715 
  0.78996116   0.79480089   0.80890404   0.83105499   0.85933274   0.89125687   0.92397043   0.95444183   0.97966719   0.99685591   1.00358625   0.99792194   0.97848679   0.94449886   0.89577016   0.83268064   0.75613579   0.66751722   0.56863284   0.46167061   0.34915608   0.23391016   0.11900111   0.00768272  -0.09668700  -0.19074665  -0.27123633  -0.33507169  -0.37936278  -0.40153289  -0.40010222  -0.37631893  -0.33474994  -0.28149334  -0.22220119  -0.16143544  -0.10272225  -0.04868461  -0.00113715   0.03882717   0.07073782   0.09463465   0.11095134   0.12040302   0.12388475   0.12238468   0.11691339   0.10844943   0.09789969   0.08607298   0.07366472 
  0.55391658   0.55844438   0.57169916   0.59271910   0.61997896   0.65149825   0.68497703   0.71794630   0.74791924   0.77253107   0.78965756   0.79750605   0.79467651   0.78019411   0.75351770   0.71453067   0.66352129   0.60115934   0.52847411   0.44683674   0.35794676   0.26382016   0.16677362   0.06939745  -0.02549005  -0.11491260  -0.19582918  -0.26523581  -0.32024211  -0.35809915  -0.37631893  -0.37340398  -0.35035874  -0.31125151  -0.26158687  -0.20649030  -0.15011068  -0.09566410  -0.04555039  -0.00143576   0.03567150   0.06533287   0.08757896   0.10280383   0.11166249   0.11497787   0.11366088   0.10864511   0.10083625   0.09107513   0.08011292 
  0.36381189   0.36798050   0.38023045   0.39981159   0.42552996   0.45582628   0.48887452   0.52269139   0.55524694   0.58456753   0.60882406   0.62640126   0.63594623   0.63639756   0.62699811   0.60729633   0.57714138   0.53667697   0.48633769   0.42685003   0.35923814   0.28483193   0.20527354   0.12251593   0.03880673  -0.04334974  -0.12125670  -0.19211402  -0.25311753  -0.30153703  -0.33474994  -0.35035874  -0.34686910  -0.32509086  -0.28867034  -0.24260327  -0.19156331  -0.13934609  -0.08890363  -0.04244688  -0.00151767   0.03294496   0.06052618   0.08124449   0.09545549   0.10375800   0.10690842   0.10574687   0.10113655   0.09391662   0.08486764 
  0.21405810   0.21783307   0.22896216   0.24687026   0.27063851   0.29905964   0.33070765   0.36401530   0.39735270   0.42910094   0.45771591   0.48177934   0.50003616   0.51141892   0.51506188   0.51030810   0.49671346   0.47405110   0.44231917   0.40175333   0.35284408   0.29635743   0.23335540   0.16521202   0.09361873   0.02057296  -0.05165617  -0.12058883  -0.18362013  -0.23811653  -0.28149334  -0.31125151  -0.32509086  -0.32153989  -0.30125517  -0.26752446  -0.22490398  -0.17767575  -0.12932921  -0.08258774  -0.03949891  -0.00149735   0.03053683   0.05620778   0.07552146   0.08879763   0.09658360   0.09957507   0.09854766   0.09430052   0.08761223 
  0.09906184   0.10242222   0.11235671   0.12843365   0.14996059   0.17602199   0.20552667   0.23726066   0.26994102   0.30226642   0.33296152   0.36081301   0.38469699   0.40359833   0.41662395   0.42301231   0.42214218   0.41354294   0.39690864   0.37211676   0.33925195   0.29863329   0.25084302   0.19675304   0.13754484   0.07471739   0.01007758  -0.05429224  -0.11609242  -0.17288800  -0.22220119  -0.26158687  -0.28867034  -0.30125517  -0.29790798  -0.27916481  -0.24800614  -0.20860493  -0.16489999  -0.12011190  -0.07676285  -0.03675647  -0.00143288   0.02837976   0.05230195   0.07032789   0.08274475   0.09005305   0.09289346   0.09198304   0.08806267 
  0.01344138   0.01637965   0.02508759   0.03924994   0.05835875   0.08173784   0.10857350   0.13794873   0.16887816   0.20034094   0.23130968   0.26077447   0.28776164   0.31134800   0.33067193   0.34494320   0.35345338   0.35558871   0.35084694   0.33885871   0.31941378   0.29249115   0.25829137   0.21726873   0.17015969   0.11800366   0.06215145   0.00425625  -0.05375711  -0.10974756  -0.16143544  -0.20649030  -0.24260327  -0.26752446  -0.27916481  -0.27613935  -0.25888859  -0.23012691  -0.19368985  -0.15321234  -0.11167609  -0.07142406  -0.03423110  -0.00135249   0.02643042   0.04875308   0.06559927   0.07722685   0.08409414   0.08679193   0.08598418 
 -0.04782477  -0.04530356  -0.03781500  -0.02558105  -0.00896113   0.01156261   0.03540369   0.06189178   0.09029345   0.11983168   0.14970307   0.17909214   0.20718290   0.23316824   0.25625818   0.27568851   0.29073090   0.30070610   0.30500103   0.30309040   0.29456282   0.27915101   0.25676478   0.22752513   0.19179692   0.15021722   0.10371562   0.05352227   0.00115947  -0.05158746  -0.10272225  -0.15011068  -0.19156331  -0.22490398  -0.24800614  -0.25888859  -0.25622074  -0.24036632  -0.21380687  -0.18007825  -0.14254396  -0.10397161  -0.06654278  -0.03191595  -0.00126926   0.02465882   0.04551785   0.06128270   0.07218502   0.07864511   0.08120867 
 -0.08930365  -0.08718334  -0.08087244  -0.07051928  -0.05636547  -0.03873818  -0.01804052   0.00525903   0.03063707   0.05752499   0.08531728   0.11337839   0.14104842   0.16764809   0.19248399   0.21485510   0.23406149   0.24941630   0.26026152   0.26598815   0.26606066   0.26004538   0.24764217   0.22871795   0.20334054   0.17181049   0.13468837   0.09281402   0.04731434  -0.00040458  -0.04868461  -0.09566410  -0.13934609  -0.17767575  -0.20860493  -0.23012691  -0.24036632  -0.23804952  -0.22347759  -0.19892642  -0.16766376  -0.13280905  -0.09693653  -0.06208150  -0.02979644  -0.00118883   0.02304258   0.04256091   0.05733349   0.06756868   0.07365254 
 -0.11505642  -0.11331169  -0.10810816  -0.09953712  -0.08774855  -0.07294809  -0.05539354  -0.03539123  -0.01329263   0.01050821   0.03557671   0.06143891   0.08758257   0.11345840   0.13848230   0.16203949   0.18349103   0.20218372   0.21746368   0.22869398   0.23527638   0.23667694   0.23245496   0.22229445   0.20603687   0.18371374   0.15557706   0.12212520   0.08412118   0.04260025  -0.00113715  -0.04555039  -0.08890363  -0.12932921  -0.16489999  -0.19368985  -0.21380687  -0.22347759  -0.22148571  -0.20808041  -0.18535453  -0.15633460  -0.12391935  -0.09050754  -0.05800116  -0.02785563  -0.00111334   0.02156395   0.03985240   0.05371319   0.06333391 
 -0.12861992  -0.12721847  -0.12303020  -0.11610328  -0.10651807  -0.09438717  -0.07985588  -0.06310312  -0.04434284  -0.02382610  -0.00184357   0.02127178   0.04514216   0.06934320   0.09340351   0.11680635   0.13899372   0.15937374   0.17733147   0.19224355   0.20349665   0.21050963   0.21275904   0.20980752   0.20133415   0.18716579   0.16730811   0.14197439   0.11161006   0.07691023   0.03882717  -0.00143576  -0.04244688  -0.08258774  -0.12011190  -0.15321234  -0.18007825  -0.19892642  -0.20808041  -0.20638022  -0.19403142  -0.17296299  -0.14598339  -0.11579101  -0.08462470  -0.05426450  -0.02607663  -0.00104334   0.02020815   0.03736665   0.05038832 
 -0.13301296  -0.13191783  -0.12863784  -0.12318965  -0.11560234  -0.10591941  -0.09420163  -0.08053063  -0.06501333  -0.04778687  -0.02902400  -0.00893838   0.01221040   0.03411277   0.05640650   0.07867605   0.10045434   0.12122742   0.14044242   0.15751895   0.17186404   0.18289057   0.19003905   0.19280230   0.19075260   0.18357065   0.17107523   0.15325256   0.13028359   0.10256735   0.07073782   0.03567150  -0.00151767  -0.03949891  -0.07676285  -0.11167609  -0.14254396  -0.16766376  -0.18535453  -0.19403142  -0.19258883  -0.18119543  -0.16163273  -0.13651139  -0.10834734  -0.07923327  -0.05083737  -0.02444369  -0.00097873   0.01896256   0.03508128 
 -0.13076048  -0.12993221  -0.12744540  -0.12329461  -0.11747276  -0.10997413  -0.10079834  -0.08995552  -0.07747210  -0.06339747  -0.04781080  -0.03082802  -0.01260832   0.00664012   0.02665578   0.04712115   0.06766234   0.08785128   0.10721077   0.12522272   0.14133959   0.15499906   0.16564195   0.17273304   0.17578456   0.17438196   0.16821121   0.15708685   0.14097979   0.12004316   0.09463465   0.06533287   0.03294496  -0.00149735  -0.03675647  -0.07142406  -0.10397161  -0.13280905  -0.15633460  -0.17296299  -0.18119543  -0.17997845  -0.16944919  -0.15125604  -0.12782970  -0.10151946  -0.07428415  -0.04768908  -0.02294251  -0.00091918   0.01781621 
 -0.12393014  -0.12332881  -0.12151795  -0.11847760  -0.11417675  -0.10857655  -0.10163488  -0.09331181  -0.08357609  -0.07241223  -0.05982806  -0.04586231  -0.03059197  -0.01413897   0.00332423   0.02157052   0.04031587   0.05921930   0.07788539   0.09586944   0.11268567   0.12781828   0.14073555   0.15090681   0.15782218   0.16101473   0.16008471   0.15472533   0.14474929   0.13011500   0.11095134   0.08757896   0.06052618   0.03053683  -0.00143288  -0.03423110  -0.06654278  -0.09693653  -0.12391935  -0.14598339  -0.16163273  -0.16944919  -0.16842899  -0.15868222  -0.14173673  -0.11985906  -0.09524604  -0.06973358  -0.04479229  -0.02156029  -0.00086427 
 -0.11417683  -0.11376367  -0.11251447  -0.11040070  -0.10737698  -0.10338426  -0.09835416  -0.09221433  -0.08489480  -0.07633487  -0.06649061  -0.05534246  -0.04290280  -0.02922302  -0.01439986   0.00141941   0.01803333   0.03518436   0.05255907   0.06979077   0.08646457   0.10212519   0.11628747   0.12844965   0.13810932   0.14478195   0.14802170   0.14744426   0.14275111   0.13375464   0.12040302   0.10280383   0.08124449   0.05620778   0.02837976  -0.00135249  -0.03191595  -0.06208150  -0.09050754  -0.11579101  -0.13651139  -0.15125604  -0.15868222  -0.15783336  -0.14879628  -0.13298936  -0.11252915  -0.08947263  -0.06554273  -0.04212266  -0.02028562 
 -0.10279135  -0.10253007  -0.10173516  -0.10037404  -0.09839433  -0.09572666  -0.09228857  -0.08798933  -0.08273564  -0.07643793  -0.06901730  -0.06041271  -0.05058820  -0.03953998  -0.02730301  -0.01395678   0.00036998   0.01549601   0.03118590   0.04715041   0.06304895   0.07849438   0.09306034   0.10629098   0.11771345   0.12685274   0.13324904   0.13647730   0.13616865   0.13203341   0.12388475   0.11166249   0.09545549   0.07552146   0.05230195   0.02643042  -0.00126926  -0.02979644  -0.05800116  -0.08462470  -0.10834734  -0.12782970  -0.14173673  -0.14879628  -0.14809651  -0.13970423  -0.12493820  -0.10577758  -0.08415095  -0.06167713  -0.03965860 
 -0.09075053  -0.09060821  -0.09016999  -0.08940252  -0.08825181  -0.08664557  -0.08449646  -0.08170611  -0.07816998  -0.07378284  -0.06844476  -0.06206759  -0.05458154  -0.04594192  -0.03613553  -0.02518674  -0.01316274  -0.00017781   0.01360361   0.02796548   0.04264040   0.05731190   0.07161884   0.08516213   0.09751381   0.10822854   0.11685753   0.12296475   0.12614526   0.12604544   0.12238468   0.11497787   0.10375800   0.08879763   0.07032789   0.04875308   0.02465882  -0.00118883  -0.02785563  -0.05426450  -0.07923327  -0.10151946  -0.11985906  -0.13298936  -0.13970423  -0.13913420  -0.13132884  -0.11751607  -0.09954902  -0.07923811  -0.05810613 
 -0.07876638  -0.07871409  -0.07854649  -0.07823177  -0.07771810  -0.07693549  -0.07579832  -0.07420850  -0.07205943  -0.06924038  -0.06564159  -0.06115966  -0.05570347  -0.04920009  -0.04160093  -0.03288756  -0.02307725  -0.01222781  -0.00044161   0.01213160   0.02529319   0.03879584   0.05234549   0.06560532   0.07820190   0.08973354   0.09978096   0.10792024   0.11373799   0.11684863   0.11691339   0.11366088   0.10690842   0.09658360   0.08274475   0.06559927   0.04551785   0.02304258  -0.00111334  -0.02607663  -0.05083737  -0.07428415  -0.09524604  -0.11252915  -0.12493820  -0.13132884  -0.13087174  -0.12360160  -0.11066334  -0.09379429  -0.07469597 
 -0.06733278  -0.06734579  -0.06737512  -0.06739193  -0.06734901  -0.06718211  -0.06681177  -0.06614570  -0.06508174  -0.06351126  -0.06132316  -0.05840833  -0.05466451  -0.05000150  -0.04434661  -0.03765013  -0.02989075  -0.02108062  -0.01126995  -0.00055075   0.01094039   0.02302079   0.03546168   0.04798983   0.06029114   0.07201622   0.08278801   0.09221176   0.09988704   0.10542196   0.10844943   0.10864511   0.10574687   0.09957507   0.09005305   0.07722685   0.06128270   0.04256091   0.02156395  -0.00104334  -0.02444369  -0.04768908  -0.06973358  -0.08947263  -0.10577758  -0.11751607  -0.12360160  -0.12324281  -0.11646160  -0.10432696  -0.08846959 
 -0.05676826  -0.05682606  -0.05699102  -0.05723810  -0.05752608  -0.05779844  -0.05798463  -0.05800161  -0.05775600  -0.05714651  -0.05606692  -0.05440957  -0.05206919  -0.04894729  -0.04495676  -0.04002687  -0.03410826  -0.02717793  -0.01924408  -0.01035034  -0.00057946   0.00994397   0.02105194   0.03253284   0.04413282   0.05555892   0.06648415   0.07655456   0.08539835   0.09263723   0.09789969   0.10083625   0.10113655   0.09854766   0.09289346   0.08409414   0.07218502   0.05733349   0.03985240   0.02020815  -0.00097873  -0.02294251  -0.04479229  -0.06554273  -0.08415095  -0.09954902  -0.11066334  -0.11646160  -0.11618840  -0.10985464  -0.09845967 
 -0.04725433  -0.04734038  -0.04759153  -0.04798679  -0.04849151  -0.04905783  -0.04962541  -0.05012237  -0.05046662  -0.05056753  -0.05032795  -0.04964676  -0.04842180  -0.04655332  -0.04394780  -0.04052222  -0.03620853  -0.03095833  -0.02474760  -0.01758114  -0.00949677  -0.00056882   0.00908913   0.01932261   0.02993586   0.04069298   0.05132066   0.06151279   0.07093691   0.07924282   0.08607298   0.09107513   0.09391662   0.09430052   0.09198304   0.08679193   0.07864511   0.06756868   0.05371319   0.03736665   0.01896256  -0.00091918  -0.02156029  -0.04212266  -0.06167713  -0.07923811  -0.09379429  -0.10432696  -0.10985464  -0.10965594  -0.10373234 
 -0.03886874  -0.03897019  -0.03926887  -0.03974787  -0.04037907  -0.04112336  -0.04193091  -0.04274163  -0.04348589  -0.04408542  -0.04445464  -0.04450230  -0.04413365  -0.04325293  -0.04176647  -0.03958612  -0.03663315  -0.03284238  -0.02816661  -0.02258102  -0.01608747  -0.00871848  -0.00054070   0.00834238   0.01778875   0.02761731   0.03760874   0.04750794   0.05702820   0.06585715   0.07366472   0.08011292   0.08486764   0.08761223   0.08806267   0.08598418   0.08120867   0.07365254   0.06333391   0.05038832   0.03508128   0.01781621  -0.00086427  -0.02028562  -0.03965860  -0.05810613  -0.07469597  -0.08846959  -0.09845967  -0.10373234  -0.10359848 
#
