# coconut-me2b/v0.99.21 
# 
# momentum space matrix elements 
# partial wave J=1, L=1/1, S=1, T=1, MT=1 
# 
# momentum grid [fm^-1]
0.000000 0.100000 0.200000 0.300000 0.400000 0.500000 0.600000 0.700000 0.800000 0.900000 1.000000 1.100000 1.200000 1.300000 1.400000 1.500000 1.600000 1.700000 1.800000 1.900000 2.000000 2.100000 2.200000 2.300000 2.400000 2.500000 2.600000 2.700000 2.800000 2.900000 3.000000 3.100000 3.200000 3.300000 3.400000 3.500000 3.600000 3.700000 3.800000 3.900000 4.000000 4.100000 4.200000 4.300000 4.400000 4.500000 4.600000 4.700000 4.800000 4.900000 5.000000 5.100000 5.200000 5.300000 5.400000 5.500000 5.600000 5.700000 5.800000 5.900000 6.000000 6.100000 6.200000 6.300000 6.400000 6.500000 6.600000 6.700000 6.800000 6.900000 7.000000 7.100000 7.200000 7.300000 7.400000 7.500000 7.600000 7.700000 7.800000 7.900000 8.000000 8.100000 8.200000 8.300000 8.400000 8.500000 8.600000 8.700000 8.800000 8.900000 9.000000 9.100000 9.200000 9.300000 9.400000 9.500000 9.600000 9.700000 9.800000 9.900000 10.000000 
#
# matrix elements [MeV fm^3] 
  0.00000052   0.00050088   0.00091169   0.00118510   0.00132459   0.00136301   0.00133832   0.00128092   0.00121113   0.00114099   0.00107655   0.00102008   0.00097181   0.00093102   0.00089658   0.00086713   0.00084131   0.00081792   0.00079600   0.00077473   0.00075342   0.00073158   0.00070892   0.00068525   0.00066047   0.00063458   0.00060769   0.00057995   0.00055153   0.00052263   0.00049349   0.00046436   0.00043544   0.00040694   0.00037906   0.00035198   0.00032586   0.00030080   0.00027691   0.00025426   0.00023290   0.00021286   0.00019414   0.00017673   0.00016061   0.00014572   0.00013202   0.00011946   0.00010796   0.00009747   0.00008790   0.00007919   0.00007127   0.00006408   0.00005755   0.00005162   0.00004623   0.00004135   0.00003691   0.00003287   0.00002920   0.00002587   0.00002284   0.00002008   0.00001757   0.00001529   0.00001323   0.00001135   0.00000965   0.00000812   0.00000675   0.00000551   0.00000440   0.00000342   0.00000255   0.00000178   0.00000110   0.00000052   0.00000002  -0.00000041  -0.00000077  -0.00000106  -0.00000130  -0.00000149  -0.00000164  -0.00000175  -0.00000182  -0.00000186  -0.00000187  -0.00000187  -0.00000184  -0.00000180  -0.00000174  -0.00000168  -0.00000160  -0.00000152  -0.00000144  -0.00000136  -0.00000127  -0.00000118  -0.00000110 
  0.00050088  10.02084011  12.72921846   8.14013667   2.38840231   0.33350465   1.34338134   2.16588886   1.57298028   0.82739996   0.92515620   1.29859204   1.18207807   0.81356808   0.76946805   0.97261723   0.98023956   0.77709538   0.69981141   0.81032916   0.84910545   0.72616334   0.63841417   0.68818192   0.72669060   0.64655499   0.55765405   0.56705124   0.59640933   0.54282065   0.45969477   0.44437497   0.46439219   0.43018130   0.35806230   0.32983307   0.34280130   0.32401369   0.26585730   0.23280203   0.24083523   0.23417542   0.19062549   0.15762315   0.16192280   0.16403617   0.13398297   0.10358403   0.10462553   0.11222744   0.09358741   0.06692284   0.06490084   0.07511899   0.06550902   0.04298676   0.03816503   0.04877907   0.04593944   0.02765213   0.02051035   0.03000788   0.03198430   0.01788054   0.00909481   0.01658929   0.02175955   0.01167960   0.00202178   0.00711093   0.01414590   0.00781082  -0.00196155   0.00066349   0.00848080   0.00548677  -0.00373854  -0.00340511   0.00432842   0.00416310  -0.00399410  -0.00562935   0.00135601   0.00343345  -0.00329006  -0.00647857  -0.00071167   0.00299184  -0.00208421  -0.00636263  -0.00209957   0.00262407  -0.00072929  -0.00562375  -0.00298057   0.00220261   0.00052665  -0.00453206  -0.00347809   0.00167522   0.00153123 
  0.00091169  12.72921846  17.01099086  12.43169478   5.61006017   2.35436929   2.71159751   3.44568803   2.92329502   2.10758620   2.03292910   2.30084670   2.17635226   1.79725278   1.68909539   1.82824761   1.81891141   1.61513614   1.50950496   1.57655448   1.59228436   1.46261678   1.35430848   1.36683127   1.37529727   1.27875938   1.16821675   1.14216839   1.13706684   1.06007104   0.95385429   0.90565639   0.89107731   0.83102878   0.73675195   0.68032787   0.66232334   0.61916449   0.54198271   0.48682893   0.46965085   0.44231282   0.38385013   0.33497750   0.32030000   0.30606876   0.26504482   0.22412773   0.21176480   0.20698139   0.18049833   0.14733679   0.13632690   0.13733529   0.12205658   0.09574358   0.08517344   0.08897095   0.08185248   0.06143589   0.05082199   0.05529480   0.05386672   0.03857842   0.02789486   0.03175134   0.03411105   0.02334782   0.01287608   0.01544679   0.02013667   0.01336092   0.00350781   0.00453803   0.01042187   0.00708058  -0.00175892  -0.00226609   0.00391671   0.00341045  -0.00410702  -0.00599031  -0.00019984   0.00149425  -0.00450511  -0.00750441  -0.00260763   0.00064960  -0.00374609  -0.00754121  -0.00385782   0.00035906  -0.00244508  -0.00668692  -0.00436834   0.00026789  -0.00103911  -0.00537862  -0.00442964   0.00016848   0.00019693 
  0.00118510   8.14013667  12.43169478  11.91666701   8.72740688   5.75571620   4.35635400   4.07678527   3.96146989   3.64112108   3.30045399   3.11091751   3.00346689   2.86734813   2.71605896   2.61090597   2.54623251   2.47514439   2.38870415   2.31290354   2.25386235   2.19071746   2.11362196   2.03496517   1.96289770   1.88865115   1.80465199   1.71698643   1.63308629   1.54997571   1.46222899   1.37252079   1.28670736   1.20446584   1.12191479   1.03969606   0.96196076   0.88946030   0.81938516   0.75116798   0.68746301   0.62935206   0.57482294   0.52267643   0.47441207   0.43113245   0.39147409   0.35401901   0.31946046   0.28881160   0.26125570   0.23542608   0.21149659   0.19035363   0.17162666   0.15414787   0.13777777   0.12325728   0.11055209   0.09874953   0.08753272   0.07748320   0.06879225   0.06080180   0.05310478   0.04611689   0.04015651   0.03479128   0.02958195   0.02478343   0.02076340   0.01727647   0.01389235   0.01072219   0.00812791   0.00601186   0.00398276   0.00203390   0.00048647  -0.00064555  -0.00169366  -0.00275232  -0.00356028  -0.00402434  -0.00440412  -0.00485165  -0.00517363  -0.00522625  -0.00519319  -0.00525685  -0.00529198  -0.00512905  -0.00487846  -0.00473032  -0.00462230  -0.00437989  -0.00404804  -0.00380695  -0.00364862  -0.00340989  -0.00308145 
  0.00132459   2.38840231   5.61006017   8.72740688   9.86930124   8.55951072   6.35451229   5.03504817   4.84745632   4.86514724   4.50285438   4.03677883   3.84583769   3.81845367   3.67462446   3.43681473   3.30197945   3.27677216   3.20604459   3.05485990   2.93445214   2.88486503   2.81907181   2.68952643   2.55968038   2.47749025   2.39649716   2.26997702   2.13164985   2.02738147   1.93585036   1.81570398   1.68112806   1.57169206   1.48180220   1.37699326   1.25850818   1.15810728   1.07989291   0.99663275   0.90130874   0.81775615   0.75577378   0.69516862   0.62414259   0.55921478   0.51314248   0.47225257   0.42256201   0.37422035   0.34101178   0.31502811   0.28198330   0.24672336   0.22267485   0.20677636   0.18573816   0.16017623   0.14218329   0.13254114   0.11978929   0.10134292   0.08731855   0.08132863   0.07421085   0.06113933   0.04989740   0.04597011   0.04268284   0.03384115   0.02478046   0.02199964   0.02128886   0.01585313   0.00866238   0.00649702   0.00742955   0.00471211  -0.00081820  -0.00269195  -0.00085225  -0.00148431  -0.00554662  -0.00732999  -0.00516771  -0.00430424  -0.00709407  -0.00889741  -0.00685366  -0.00502388  -0.00673349  -0.00858965  -0.00696334  -0.00461610  -0.00542510  -0.00730309  -0.00625998  -0.00375385  -0.00382564  -0.00564986  -0.00524182 
  0.00136301   0.33350465   2.35436929   5.75571620   8.55951072   9.24386545   8.13309680   6.68613740   5.88894161   5.64539819   5.44476546   5.11197150   4.80538849   4.62207592   4.48008806   4.30613332   4.13625456   4.01444587   3.91314315   3.79192063   3.66084705   3.54605656   3.43892323   3.31592700   3.17978750   3.04860120   2.92197204   2.78569378   2.63956775   2.49663213   2.35998698   2.22067254   2.07680459   1.93751653   1.80705715   1.67950544   1.55183069   1.42999568   1.31828582   1.21268819   1.10948731   1.01215644   0.92458286   0.84412903   0.76685562   0.69439849   0.63014149   0.57256663   0.51790886   0.46653066   0.42132298   0.38171542   0.34439591   0.30889041   0.27761740   0.25077823   0.22566218   0.20127021   0.17954932   0.16127583   0.14438288   0.12756216   0.11228036   0.09968723   0.08833394   0.07675764   0.06594528   0.05723572   0.04973666   0.04195018   0.03440637   0.02848061   0.02376052   0.01881064   0.01375179   0.00987974   0.00718028   0.00435961   0.00119651  -0.00117457  -0.00245268  -0.00373012  -0.00549143  -0.00681555  -0.00716904  -0.00740374  -0.00818528  -0.00883351  -0.00866295  -0.00826711  -0.00841341  -0.00866977  -0.00827439  -0.00756420  -0.00733640  -0.00739732  -0.00697710  -0.00617430  -0.00575424  -0.00573838  -0.00540683 
  0.00133832   1.34338134   2.71159751   4.35635400   6.35451229   8.13309680   8.83843908   8.27306848   7.17302555   6.41638661   6.18356133   6.06519409   5.77143546   5.42584845   5.22220202   5.11377290   4.95383182   4.74326279   4.58301540   4.48230534   4.35895632   4.18784867   4.02658477   3.90138017   3.76736046   3.59531694   3.41821089   3.26599301   3.11622860   2.94160221   2.75915285   2.59680887   2.44574942   2.28228278   2.11259438   1.96011037   1.82420154   1.68529249   1.54223998   1.41320454   1.30237841   1.19441079   1.08353565   0.98280378   0.89909626   0.82120381   0.74084839   0.66656213   0.60650414   0.55334444   0.49787984   0.44486202   0.40273497   0.36761040   0.33047966   0.29305394   0.26333307   0.24029734   0.21586213   0.18938649   0.16789920   0.15260519   0.13677093   0.11803166   0.10209895   0.09175371   0.08181831   0.06877559   0.05684118   0.04976916   0.04398280   0.03532629   0.02648794   0.02166916   0.01882355   0.01360517   0.00726351   0.00401264   0.00318193   0.00060861  -0.00371995  -0.00591657  -0.00549000  -0.00613005  -0.00887726  -0.01041797  -0.00935056  -0.00868866  -0.01023681  -0.01141371  -0.01017604  -0.00874267  -0.00941137  -0.01041176  -0.00932605  -0.00753724  -0.00757737  -0.00849467  -0.00774615  -0.00590490  -0.00550449 
  0.00128092   2.16588886   3.44568803   4.07678527   5.03504817   6.68613740   8.27306848   8.84253678   8.33006955   7.48856076   6.96278723   6.75846902   6.56852747   6.27983643   6.00738335   5.82269800   5.66247192   5.47022449   5.27670973   5.11829615   4.97111091   4.80117124   4.61908000   4.44913202   4.28372085   4.10190595   3.90754521   3.71874793   3.53552805   3.34450448   3.14613247   2.95387666   2.77104455   2.58863043   2.40479509   2.22901019   2.06565440   1.90838235   1.75376713   1.60791652   1.47525321   1.35127589   1.23165626   1.11985711   1.01996487   0.92897236   0.84229138   0.76145040   0.69010381   0.62655695   0.56646687   0.51002859   0.46044500   0.41715923   0.37639700   0.33747095   0.30310465   0.27365942   0.24608489   0.21912880   0.19499082   0.17469838   0.15595852   0.13717876   0.11999628   0.10585321   0.09317560   0.08020141   0.06799490   0.05819051   0.04985949   0.04121057   0.03276223   0.02616223   0.02103796   0.01568759   0.01014558   0.00593937   0.00315691   0.00028255  -0.00304722  -0.00551768  -0.00667932  -0.00779004  -0.00951249  -0.01080235  -0.01094850  -0.01090690  -0.01153788  -0.01209614  -0.01170694  -0.01100695  -0.01095774  -0.01111733  -0.01053943  -0.00954836  -0.00912048  -0.00910127  -0.00855493  -0.00752045  -0.00691599 
  0.00121113   1.57298028   2.92329502   3.96146989   4.84745632   5.88894161   7.17302555   8.33006955   8.82761434   8.53740944   7.88680879   7.39670440   7.19103051   7.04578987   6.79380401   6.50474534   6.29433243   6.13887439   5.95078676   5.72712849   5.52808989   5.36210899   5.18035444   4.96556220   4.75246280   4.55978346   4.36189517   4.14001427   3.91407688   3.70473612   3.50017152   3.28314218   3.06359010   2.86021755   2.66926508   2.47577757   2.28264696   2.10502225   1.94376368   1.78644879   1.63118366   1.48923138   1.36405793   1.24591881   1.13000233   1.02400169   0.93279029   0.84934392   0.76741998   0.69170664   0.62770719   0.57099871   0.51499959   0.46198572   0.41752049   0.37949362   0.34171241   0.30457310   0.27325399   0.24754421   0.22207484   0.19582404   0.17324983   0.15557105   0.13846592   0.11990178   0.10339734   0.09113635   0.07992485   0.06708717   0.05510017   0.04669362   0.03978680   0.03139259   0.02294764   0.01737459   0.01362551   0.00869107   0.00305154  -0.00045912  -0.00198400  -0.00431676  -0.00779243  -0.00987765  -0.00997185  -0.01047348  -0.01235807  -0.01353957  -0.01285517  -0.01218920  -0.01296880  -0.01364252  -0.01267367  -0.01137193  -0.01142868  -0.01186094  -0.01094127  -0.00939638  -0.00900785  -0.00934895  -0.00866826 
  0.00114099   0.82739996   2.10758620   3.64112108   4.86514724   5.64539819   6.41638661   7.48856076   8.53740944   8.98643542   8.72112718   8.18097483   7.80620119   7.63078160   7.45293017   7.19075889   6.92909456   6.72569673   6.53427301   6.31000818   6.07749260   5.86851399   5.66560572   5.44075945   5.20305955   4.97487805   4.75158394   4.51546186   4.26978097   4.03143651   3.80180290   3.56918961   3.33352499   3.10719220   2.89398148   2.68571489   2.47997130   2.28518298   2.10576491   1.93577775   1.77125088   1.61735653   1.47838246   1.35008897   1.22774414   1.11404305   1.01291490   0.92160848   0.83531520   0.75498039   0.68413030   0.62135790   0.56226837   0.50663341   0.45755105   0.41476548   0.37457370   0.33598377   0.30161248   0.27210099   0.24454424   0.21746755   0.19294196   0.17222520   0.15320563   0.13412760   0.11647173   0.10184695   0.08887248   0.07567212   0.06313188   0.05298808   0.04450319   0.03581770   0.02726309   0.02053008   0.01542716   0.01022881   0.00478784   0.00062513  -0.00200661  -0.00460510  -0.00769800  -0.01001670  -0.01096864  -0.01175782  -0.01318476  -0.01428105  -0.01421898  -0.01387247  -0.01420818  -0.01457718  -0.01401815  -0.01306674  -0.01275697  -0.01275490  -0.01205938  -0.01088421  -0.01024451  -0.01009712  -0.00948290 
  0.00107655   0.92515620   2.03292910   3.30045399   4.50285438   5.44476546   6.18356133   6.96278723   7.88680879   8.72112718   9.10262715   8.93770217   8.50572819   8.15122898   7.96135662   7.79659191   7.55176217   7.27320262   7.03740759   6.83113024   6.59859129   6.33784572   6.08877936   5.85872775   5.61704528   5.35250706   5.08835966   4.83858215   4.58775792   4.32369946   4.05968397   3.81052408   3.56961991   3.32562138   3.08479242   2.86005405   2.64971779   2.44372702   2.24331882   2.05852920   1.89037033   1.73035443   1.57637266   1.43554289   1.31038606   1.19422465   1.08303616   0.98141947   0.89273377   0.81223689   0.73510915   0.66393494   0.60246050   0.54782484   0.49518636   0.44557042   0.40274312   0.36550214   0.32945893   0.29444995   0.26394875   0.23808165   0.21316526   0.18815099   0.16597766   0.14773350   0.13054684   0.11275026   0.09659386   0.08377851   0.07226220   0.06000358   0.04850136   0.03976699   0.03255114   0.02466336   0.01686751   0.01124103   0.00725298   0.00276051  -0.00213139  -0.00546722  -0.00716174  -0.00915043  -0.01187332  -0.01363288  -0.01384985  -0.01413592  -0.01534255  -0.01611990  -0.01552841  -0.01478419  -0.01501134  -0.01525597  -0.01435448  -0.01309771  -0.01274891  -0.01276195  -0.01187896  -0.01047262  -0.00982474 
  0.00102008   1.29859204   2.30084670   3.11091751   4.03677883   5.11197150   6.06519409   6.75846902   7.39670440   8.18097483   8.93770217   9.28998709   9.13082558   8.74143146   8.43747521   8.25980127   8.06800688   7.79976716   7.51981679   7.27710625   7.03857388   6.76845683   6.48660480   6.22151020   5.96147110   5.68360398   5.39533676   5.11704705   4.84675918   4.56962693   4.28789916   4.01672646   3.75850305   3.50308700   3.24953537   3.00858044   2.78417557   2.56898600   2.35987343   2.16380240   1.98497612   1.81799253   1.65840500   1.51020052   1.37735604   1.25607966   1.14143983   1.03525968   0.94117844   0.85687927   0.77759559   0.70367897   0.63840816   0.58079056   0.52663996   0.47534574   0.42978038   0.39004679   0.35273785   0.31662512   0.28409801   0.25607004   0.22995787   0.20414867   0.18047444   0.16036663   0.14202323   0.12362129   0.10639593   0.09203602   0.07943928   0.06671898   0.05452300   0.04458892   0.03641872   0.02819082   0.02002132   0.01354215   0.00875937   0.00402624  -0.00098487  -0.00485383  -0.00717338  -0.00933094  -0.01199220  -0.01401547  -0.01469695  -0.01510952  -0.01614669  -0.01697977  -0.01671231  -0.01607763  -0.01609139  -0.01624609  -0.01555178  -0.01440481  -0.01384808  -0.01368145  -0.01291135  -0.01162281  -0.01080546 
  0.00097181   1.18207807   2.17635226   3.00346689   3.84583769   4.80538849   5.77143546   6.56852747   7.19103051   7.80620119   8.50572819   9.13082558   9.41777660   9.29438638   8.95855811   8.65608009   8.45087694   8.24842773   7.97901674   7.67767724   7.39909027   7.13552380   6.85015786   6.54319050   6.24330808   5.95674411   5.66357375   5.35696585   5.05366948   4.76420888   4.47881655   4.18952253   3.90568626   3.63794234   3.38219597   3.13063962   2.88732783   2.66113326   2.45100104   2.24975310   2.05768983   1.88139057   1.72146665   1.57174999   1.43015940   1.30114197   1.18629933   1.08078616   0.98128580   0.89052151   0.81070724   0.73847156   0.67010584   0.60701800   0.55174142   0.50233488   0.45523639   0.41085904   0.37177993   0.33728967   0.30426777   0.27236981   0.24396803   0.21930502   0.19583467   0.17264519   0.15171294   0.13393841   0.11738950   0.10076002   0.08551573   0.07294967   0.06173328   0.05033315   0.03966581   0.03119835   0.02416607   0.01696624   0.00998967   0.00470788   0.00085921  -0.00308949  -0.00720669  -0.01014210  -0.01173248  -0.01333061  -0.01537298  -0.01671839  -0.01686992  -0.01692244  -0.01757859  -0.01796140  -0.01733887  -0.01650417  -0.01632396  -0.01621185  -0.01529993  -0.01406686  -0.01344790  -0.01314850  -0.01225782 
  0.00093102   0.81356808   1.79725278   2.86734813   3.81845367   4.62207592   5.42584845   6.27983643   7.04578987   7.63078160   8.15122898   8.74143146   9.29438638   9.54783950   9.41204298   9.07998877   8.78782899   8.57662331   8.34507473   8.04460409   7.72623841   7.43261288   7.14060312   6.82158121   6.49176876   6.17682343   5.86949272   5.55100644   5.22715729   4.91614208   4.61782712   4.31961866   4.02256836   3.73977378   3.47410039   3.21661294   2.96540246   2.72933595   2.51219848   2.30737122   2.11105014   1.92866355   1.76403805   1.61232071   1.46875116   1.33617663   1.21819773   1.11154023   1.01128006   0.91847179   0.83643820   0.76336219   0.69471547   0.63037211   0.57333952   0.52306796   0.47573523   0.43045468   0.38984047   0.35434002   0.32094958   0.28829554   0.25850259   0.23270977   0.20872102   0.18486529   0.16270341   0.14377591   0.12662401   0.10943031   0.09316560   0.07952928   0.06770794   0.05587191   0.04442910   0.03505295   0.02747816   0.01998265   0.01248161   0.00649195   0.00219751  -0.00191664  -0.00633068  -0.00976998  -0.01170234  -0.01336265  -0.01551760  -0.01718472  -0.01758531  -0.01763145  -0.01826755  -0.01882452  -0.01837709  -0.01750131  -0.01721855  -0.01717067  -0.01637960  -0.01509803  -0.01433648  -0.01402575  -0.01321792 
  0.00089658   0.76946805   1.68909539   2.71605896   3.67462446   4.48008806   5.22220202   6.00738335   6.79380401   7.45293017   7.96135662   8.43747521   8.95855811   9.41204298   9.59808596   9.45932970   9.14448590   8.83920561   8.59260913   8.33687345   8.02420015   7.68360105   7.35664670   7.03868427   6.70474433   6.35699812   6.01733383   5.69079894   5.36388390   5.03271378   4.70990186   4.40316747   4.10576237   3.81231386   3.52957651   3.26495704   3.01537491   2.77513380   2.54682388   2.33633562   2.14255109   1.96002882   1.78853328   1.63223940   1.49118608   1.36065440   1.23874508   1.12817120   1.02975759   0.93983767   0.85575990   0.77912942   0.71132073   0.64984811   0.59192344   0.53833404   0.49077357   0.44787349   0.40706129   0.36850193   0.33396931   0.30302131   0.27346671   0.24498090   0.21920357   0.19637760   0.17475102   0.15362032   0.13433362   0.11758404   0.10206460   0.08680493   0.07277454   0.06091802   0.05035530   0.03996660   0.03032011   0.02245669   0.01589106   0.00946882   0.00338240  -0.00134671  -0.00485341  -0.00822588  -0.01159133  -0.01403076  -0.01538521  -0.01659781  -0.01804394  -0.01896366  -0.01897037  -0.01880936  -0.01902786  -0.01905918  -0.01836066  -0.01745270  -0.01698040  -0.01658477  -0.01563870  -0.01443362  -0.01364508 
  0.00086713   0.97261723   1.82824761   2.61090597   3.43681473   4.30613332   5.11377290   5.82269800   6.50474534   7.19075889   7.79659191   8.25980127   8.65608009   9.07998877   9.45932970   9.60320478   9.43886837   9.10644979   8.78891098   8.52534426   8.24086920   7.89708088   7.53520144   7.19280462   6.85400697   6.49568907   6.13106998   5.78302723   5.44739640   5.10851978   4.77054029   4.44927562   4.14561448   3.84861416   3.55807326   3.28490036   3.03196927   2.79125213   2.55993062   2.34501381   2.14990967   1.96862328   1.79684787   1.63859831   1.49726957   1.36857278   1.24764159   1.13635807   1.03795806   0.94972515   0.86693543   0.79004720   0.72208836   0.66175952   0.60491463   0.55109252   0.50303750   0.46062426   0.42048301   0.38155892   0.34620265   0.31515824   0.28586754   0.25689304   0.23008587   0.20674791   0.18508080   0.16341967   0.14305147   0.12556178   0.10982588   0.09408600   0.07905734   0.06639308   0.05554792   0.04479549   0.03432434   0.02569857   0.01885771   0.01221713   0.00552138   0.00013953  -0.00359912  -0.00704918  -0.01080728  -0.01376510  -0.01530027  -0.01647706  -0.01812485  -0.01943032  -0.01957509  -0.01930282  -0.01957152  -0.01987197  -0.01928381  -0.01822782  -0.01769721  -0.01747532  -0.01662616  -0.01526910  -0.01435345 
  0.00084131   0.98023956   1.81891141   2.54623251   3.30197945   4.13625456   4.95383182   5.66247192   6.29433243   6.92909456   7.55176217   8.06800688   8.45087694   8.78782899   9.14448590   9.43886837   9.51508790   9.32675001   8.99066642   8.65335834   8.35420742   8.04238201   7.68419722   7.30497334   6.93775269   6.57948108   6.21263492   5.84071651   5.48102994   5.13729456   4.79971203   4.46618850   4.14639971   3.84565652   3.55864976   3.28150367   3.01909163   2.77626198   2.55014898   2.33629815   2.13630177   1.95384766   1.78747430   1.63283148   1.48942860   1.35979717   1.24343293   1.13658726   1.03765859   0.94827897   0.86868412   0.79602064   0.72827192   0.66642649   0.61127132   0.56092429   0.51337469   0.46913481   0.42932533   0.39294215   0.35818851   0.32519052   0.29517798   0.26784071   0.24167414   0.21647474   0.19339063   0.17260090   0.15290953   0.13384166   0.11633327   0.10087035   0.08655932   0.07272782   0.06003395   0.04912653   0.03940083   0.03007269   0.02151006   0.01441798   0.00846102   0.00282925  -0.00237512  -0.00646754  -0.00954213  -0.01235926  -0.01503742  -0.01696661  -0.01803739  -0.01890309  -0.01984890  -0.02037601  -0.02021731  -0.01988204  -0.01976679  -0.01950587  -0.01872505  -0.01777202  -0.01710264  -0.01649323  -0.01551321 
  0.00081792   0.77709538   1.61513614   2.47514439   3.27677216   4.01444587   4.74326279   5.47022449   6.13887439   6.72569673   7.27320262   7.79976716   8.24842773   8.57662331   8.83920561   9.10644979   9.32675001   9.35641933   9.13725403   8.77579023   8.41780474   8.09959944   7.76472490   7.38239223   6.98637179   6.60976076   6.24172480   5.86325188   5.48487688   5.12661114   4.78619435   4.45021683   4.12117828   3.81241082   3.52517637   3.24971798   2.98464685   2.73871769   2.51451945   2.30474681   2.10584451   1.92312912   1.75955643   1.60972941   1.46906443   1.34038938   1.22669463   1.12428445   1.02839916   0.94017692   0.86253856   0.79334411   0.72822724   0.66722893   0.61311691   0.56509264   0.51948387   0.47562332   0.43600582   0.40088124   0.36736872   0.33433436   0.30386747   0.27694260   0.25144684   0.22594214   0.20200900   0.18104472   0.16162771   0.14214782   0.12362961   0.10764536   0.09337365   0.07915554   0.06547280   0.05388773   0.04408827   0.03448248   0.02507062   0.01727698   0.01120972   0.00544419  -0.00040952  -0.00514758  -0.00833142  -0.01114207  -0.01425513  -0.01673486  -0.01790350  -0.01865093  -0.01983344  -0.02080401  -0.02073657  -0.02021122  -0.02016785  -0.02024693  -0.01956077  -0.01838704  -0.01766460  -0.01730246  -0.01642917 
  0.00079600   0.69981141   1.50950496   2.38870415   3.20604459   3.91314315   4.58301540   5.27670973   5.95078676   6.53427301   7.03740759   7.51981679   7.97901674   8.34507473   8.59260913   8.78891098   8.99066642   9.13725403   9.10448227   8.85425039   8.48130842   8.10515583   7.75839591   7.40143301   7.00975376   6.60592181   6.21693287   5.84032339   5.46311210   5.08940672   4.73309729   4.39647178   4.07171233   3.75762967   3.46165339   3.18702471   2.92895957   2.68437814   2.45676074   2.24896304   2.05796697   1.88006264   1.71619815   1.56849150   1.43509789   1.31240695   1.19989203   1.09902421   1.00888090   0.92641603   0.85040641   0.78187034   0.72064159   0.66445997   0.61190291   0.56367477   0.52017330   0.47993889   0.44161015   0.40563425   0.37274941   0.34217893   0.31272675   0.28459280   0.25864089   0.23460663   0.21148481   0.18923433   0.16867568   0.14989015   0.13206239   0.11493718   0.09918468   0.08509651   0.07204312   0.05960610   0.04825607   0.03839552   0.02957788   0.02128670   0.01378703   0.00752230   0.00222321  -0.00265807  -0.00704157  -0.01049198  -0.01311431  -0.01542999  -0.01751017  -0.01896263  -0.01975002  -0.02032399  -0.02086829  -0.02105825  -0.02074372  -0.02027917  -0.01992282  -0.01943309  -0.01858117  -0.01761170  -0.01682221 
  0.00077473   0.81032916   1.57655448   2.31290354   3.05485990   3.79192063   4.48230534   5.11829615   5.72712849   6.31000818   6.83113024   7.27710625   7.67767724   8.04460409   8.33687345   8.52534426   8.65335834   8.77579023   8.85425039   8.77761347   8.49941963   8.10365983   7.70898421   7.34848178   6.97871674   6.57453461   6.16369433   5.77508464   5.40118470   5.02593965   4.65740205   4.31266115   3.99044870   3.67894645   3.37910322   3.10180588   2.84826457   2.60961420   2.38346025   2.17658832   1.99117697   1.82057014   1.66072279   1.51552359   1.38750100   1.27187553   1.16402902   1.06586862   0.98004908   0.90349296   0.83173164   0.76537736   0.70709251   0.65530415   0.60611186   0.55929450   0.51738846   0.48004879   0.44411870   0.40882658   0.37642693   0.34747512   0.31957538   0.29158105   0.26532421   0.24193608   0.21972056   0.19728527   0.17595013   0.15714323   0.13978100   0.12234316   0.10561228   0.09109807   0.07824112   0.06550867   0.05317887   0.04269029   0.03392352   0.02544070   0.01708941   0.01013604   0.00481870  -0.00011611  -0.00515535  -0.00926651  -0.01193754  -0.01417363  -0.01669357  -0.01873073  -0.01958412  -0.01997510  -0.02075541  -0.02143335  -0.02120273  -0.02049287  -0.02019979  -0.02009727  -0.01935225  -0.01811721  -0.01725746 
  0.00075342   0.84910545   1.59228436   2.25386235   2.93445214   3.66084705   4.35895632   4.97111091   5.52808989   6.07749260   6.59859129   7.03857388   7.39909027   7.72623841   8.02420015   8.24086920   8.35420742   8.41780474   8.48130842   8.49941963   8.37146035   8.06556648   7.66025605   7.25527770   6.87814519   6.49680190   6.09259331   5.68562615   5.29825179   4.92791978   4.56425774   4.21136611   3.88041720   3.57227369   3.28003623   3.00284100   2.74636045   2.51212823   2.29542251   2.09356188   1.90902741   1.74320102   1.59281475   1.45464715   1.32929349   1.21783008   1.11811540   1.02709420   0.94436956   0.87079770   0.80519074   0.74504566   0.68955739   0.63945668   0.59433542   0.55237887   0.51269726   0.47592097   0.44220596   0.41038663   0.37962675   0.35042544   0.32327259   0.29752279   0.27243032   0.24831934   0.22581173   0.20463361   0.18412989   0.16442709   0.14613249   0.12921561   0.11310997   0.09775467   0.08365589   0.07093215   0.05911118   0.04798231   0.03791361   0.02910844   0.02119868   0.01387578   0.00736596   0.00191435  -0.00273561  -0.00693719  -0.01059101  -0.01344069  -0.01563128  -0.01751492  -0.01909600  -0.02012983  -0.02065900  -0.02100024  -0.02123644  -0.02115247  -0.02070504  -0.02015346  -0.01963477  -0.01897645  -0.01807086 
  0.00073158   0.72616334   1.46261678   2.19071746   2.88486503   3.54605656   4.18784867   4.80117124   5.36210899   5.86851399   6.33784572   6.76845683   7.13552380   7.43261288   7.68360105   7.89708088   8.04238201   8.09959944   8.10515583   8.10365983   8.06556648   7.90277833   7.57795788   7.15912652   6.74434386   6.36321654   5.98148648   5.57808534   5.17571281   4.79923002   4.44312649   4.09343408   3.75593731   3.44486778   3.15933139   2.88866910   2.63247937   2.39939345   2.19035519   1.99725070   1.81694590   1.65454657   1.51182154   1.38276568   1.26311799   1.15564538   1.06252751   0.97963423   0.90253159   0.83246489   0.77182932   0.71816811   0.66743859   0.61991336   0.57804074   0.54077403   0.50473443   0.46955818   0.43756661   0.40879732   0.38060812   0.35219587   0.32557884   0.30153749   0.27812871   0.25423914   0.23145006   0.21097638   0.19149355   0.17168728   0.15263311   0.13573324   0.12019465   0.10461144   0.08955092   0.07642204   0.06488216   0.05354239   0.04251134   0.03308240   0.02528715   0.01785200   0.01050885   0.00435835  -0.00026908  -0.00445376  -0.00874378  -0.01227518  -0.01449576  -0.01624069  -0.01823999  -0.01988548  -0.02048121  -0.02059271  -0.02104083  -0.02147298  -0.02112529  -0.02029419  -0.01981206  -0.01956609  -0.01879407 
  0.00070892   0.63841417   1.35430848   2.11362196   2.81907181   3.43892323   4.02658477   4.61908000   5.18035444   5.66560572   6.08877936   6.48660480   6.85015786   7.14060312   7.35664670   7.53520144   7.68419722   7.76472490   7.75839591   7.70898421   7.66025605   7.57795788   7.37912026   7.03646072   6.61586258   6.20187115   5.81788410   5.43691547   5.04391741   4.65661112   4.29357901   3.95179087   3.62224472   3.30861855   3.01987297   2.75558252   2.50918289   2.27981538   2.07180904   1.88538601   1.71572206   1.56034945   1.42109098   1.29832777   1.18859601   1.08904855   1.00016159   0.92239845   0.85345524   0.79073127   0.73406790   0.68403217   0.63931167   0.59783713   0.55921838   0.52411206   0.49199006   0.46137101   0.43181688   0.40400426   0.37795090   0.35268749   0.32778231   0.30384056   0.28119673   0.25926822   0.23763018   0.21674237   0.19707200   0.17830264   0.16001055   0.14247421   0.12616898   0.11095311   0.09641031   0.08264068   0.07005815   0.05863520   0.04798121   0.03804813   0.02915929   0.02136384   0.01431918   0.00787197   0.00225074  -0.00244332  -0.00648610  -0.01009233  -0.01311998  -0.01543449  -0.01723459  -0.01875854  -0.01993763  -0.02062025  -0.02092677  -0.02109012  -0.02110073  -0.02080493  -0.02025136  -0.01964793  -0.01903067 
  0.00068525   0.68818192   1.36683127   2.03496517   2.68952643   3.31592700   3.90138017   4.44913202   4.96556220   5.44075945   5.85872775   6.22151020   6.54319050   6.82158121   7.03868427   7.19280462   7.30497334   7.38239223   7.40143301   7.34848178   7.25527770   7.15912652   7.03646072   6.81568905   6.46632668   6.04449247   5.63208404   5.25508814   4.88567993   4.50571412   4.13356104   3.79028064   3.47146903   3.16465218   2.87363194   2.60998979   2.37285335   2.15248701   1.94742824   1.76435598   1.60389407   1.45864553   1.32503987   1.20684141   1.10548226   1.01564002   0.93309354   0.85978723   0.79764308   0.74319556   0.69236334   0.64595150   0.60615655   0.57111217   0.53727940   0.50473390   0.47573533   0.44969464   0.42376303   0.39751783   0.37307029   0.35075531   0.32841269   0.30525617   0.28307007   0.26277830   0.24284033   0.22220675   0.20221867   0.18410910   0.16687159   0.14929197   0.13222353   0.11699705   0.10305980   0.08913630   0.07560984   0.06376204   0.05342183   0.04335381   0.03353288   0.02509625   0.01818649   0.01169652   0.00527856  -0.00013166  -0.00414625  -0.00767761  -0.01130227  -0.01431534  -0.01615386  -0.01749505  -0.01905286  -0.02036200  -0.02075506  -0.02065906  -0.02084325  -0.02107461  -0.02064874  -0.01974994  -0.01913317 
  0.00066047   0.72669060   1.37529727   1.96289770   2.55968038   3.17978750   3.76736046   4.28372085   4.75246280   5.20305955   5.61704528   5.96147110   6.24330808   6.49176876   6.70474433   6.85400697   6.93775269   6.98637179   7.00975376   6.97871674   6.87814519   6.74434386   6.61586258   6.46632668   6.22621257   5.87151186   5.45783046   5.05751325   4.69045980   4.33311409   3.97254481   3.62414294   3.30336453   3.00655395   2.72535541   2.46281616   2.22612510   2.01381523   1.81940563   1.64191734   1.48471027   1.34709884   1.22417027   1.11361523   1.01688556   0.93376955   0.86072736   0.79524141   0.73783804   0.68869464   0.64547752   0.60597357   0.57031313   0.53899408   0.51068852   0.48367226   0.45792930   0.43416695   0.41182091   0.38965115   0.36757744   0.34637878   0.32600399   0.30560462   0.28504050   0.26503616   0.24583488   0.22687002   0.20792886   0.18959505   0.17224332   0.15549901   0.13907722   0.12338187   0.10881468   0.09513370   0.08200070   0.06964081   0.05842584   0.04821259   0.03864032   0.02978125   0.02195234   0.01509026   0.00884477   0.00317192  -0.00167309  -0.00568649  -0.00918037  -0.01227721  -0.01478217  -0.01663644  -0.01809529  -0.01932692  -0.02019228  -0.02059095  -0.02071240  -0.02074438  -0.02059836  -0.02014692  -0.01951293 
  0.00063458   0.64655499   1.27875938   1.88865115   2.47749025   3.04860120   3.59531694   4.10190595   4.55978346   4.97487805   5.35250706   5.68360398   5.95674411   6.17682343   6.35699812   6.49568907   6.57948108   6.60976076   6.60592181   6.57453461   6.49680190   6.36321654   6.20187115   6.04449247   5.87151186   5.62326367   5.27426748   4.87139162   4.48353851   4.13309514   3.79673791   3.45842987   3.13286445   2.83762600   2.56885583   2.31522194   2.07890203   1.86915291   1.68497668   1.51746711   1.36443533   1.23097090   1.11742256   1.01712828   0.92637341   0.84791685   0.78295091   0.72686049   0.67567003   0.63076074   0.59387328   0.56218958   0.53208737   0.50410261   0.48026997   0.45925154   0.43803625   0.41660237   0.39702917   0.37909804   0.36046210   0.34069370   0.32169314   0.30400339   0.28589360   0.26662484   0.24775213   0.23026775   0.21297509   0.19490862   0.17718562   0.16100305   0.14561722   0.12992834   0.11459468   0.10084250   0.08831021   0.07586175   0.06373025   0.05305450   0.04379232   0.03486445   0.02614761   0.01862079   0.01250092   0.00684307   0.00125296  -0.00349085  -0.00697377  -0.00995136  -0.01300031  -0.01556030  -0.01708232  -0.01810212  -0.01929571  -0.02032181  -0.02055984  -0.02031858  -0.02030063  -0.02037129  -0.01989741 
  0.00060769   0.55765405   1.16821675   1.80465199   2.39649716   2.92197204   3.41821089   3.90754521   4.36189517   4.75158394   5.08835966   5.39533676   5.66357375   5.86949272   6.01733383   6.13106998   6.21263492   6.24172480   6.21693287   6.16369433   6.09259331   5.98148648   5.81788410   5.63208404   5.45783046   5.27426748   5.02215629   4.67979136   4.29418844   3.92762468   3.59697700   3.28107565   2.96818484   2.67149401   2.40388235   2.16111602   1.93512982   1.72830198   1.54645922   1.38740215   1.24469080   1.11722394   1.00772148   0.91496424   0.83405072   0.76283684   0.70262530   0.65293653   0.61028297   0.57245402   0.54012787   0.51342419   0.49008436   0.46822355   0.44826042   0.43075543   0.41443825   0.39785017   0.38128209   0.36555097   0.35010871   0.33388000   0.31704511   0.30049908   0.28416671   0.26726424   0.24984284   0.23273536   0.21613846   0.19947292   0.18265042   0.16635474   0.15091289   0.13588984   0.12107009   0.10695223   0.09390578   0.08160681   0.06974470   0.05863420   0.04863902   0.03953155   0.03094766   0.02304160   0.01614757   0.01012745   0.00460492  -0.00039363  -0.00457436  -0.00799199  -0.01100064  -0.01366823  -0.01574627  -0.01721530  -0.01838257  -0.01938017  -0.02000760  -0.02018421  -0.02015574  -0.02009323  -0.01984554 
  0.00057995   0.56705124   1.14216839   1.71698643   2.26997702   2.78569378   3.26599301   3.71874793   4.14001427   4.51546186   4.83858215   5.11704705   5.35696585   5.55100644   5.69079894   5.78302723   5.84071651   5.86325188   5.84032339   5.77508464   5.68562615   5.57808534   5.43691547   5.25508814   5.05751325   4.87139162   4.67979136   4.43174162   4.10535229   3.74009822   3.39429228   3.08690688   2.79780595   2.51254098   2.24276081   2.00299453   1.78963229   1.59231113   1.41198336   1.25597427   1.12314688   1.00540987   0.90017864   0.81132202   0.73900034   0.67731111   0.62264000   0.57703717   0.54154197   0.51224147   0.48554570   0.46247598   0.44464104   0.42981780   0.41488930   0.40024288   0.38776565   0.37656256   0.36413205   0.35041864   0.33731907   0.32489059   0.31123627   0.29595601   0.28073836   0.26625025   0.25112779   0.23469795   0.21829648   0.20292065   0.18765754   0.17163802   0.15577783   0.14119710   0.12736161   0.11329419   0.09948897   0.08704667   0.07575124   0.06460898   0.05373725   0.04412636   0.03582434   0.02790469   0.02017937   0.01347450   0.00804913   0.00311062  -0.00175259  -0.00590612  -0.00893473  -0.01145247  -0.01401305  -0.01618280  -0.01744627  -0.01821716  -0.01911713  -0.01990824  -0.02002982  -0.01969400  -0.01952722 
  0.00055153   0.59640933   1.13706684   1.63308629   2.13164985   2.63956775   3.11622860   3.53552805   3.91407688   4.26978097   4.58775792   4.84675918   5.05366948   5.22715729   5.36388390   5.44739640   5.48102994   5.48487688   5.46311210   5.40118470   5.29825179   5.17571281   5.04391741   4.88567993   4.69045980   4.48353851   4.29418844   4.10535229   3.86575141   3.55532857   3.21384399   2.89514703   2.61352975   2.34959687   2.09230308   1.85285199   1.64205003   1.45525738   1.28458659   1.13182048   1.00179566   0.89189894   0.79579930   0.71233039   0.64383948   0.58888647   0.54270243   0.50333060   0.47207400   0.44841955   0.42903689   0.41199693   0.39816950   0.38775698   0.37864496   0.36921603   0.36013806   0.35209775   0.34392399   0.33435169   0.32389782   0.31350322   0.30266574   0.29041370   0.27709608   0.26371202   0.25019123   0.23577629   0.22062603   0.20565796   0.19105361   0.17620800   0.16108989   0.14645460   0.13261344   0.11907889   0.10565557   0.09290551   0.08119458   0.07013923   0.05942349   0.04941888   0.04050252   0.03239260   0.02470253   0.01763523   0.01155442   0.00628010   0.00140231  -0.00301466  -0.00663552  -0.00954183  -0.01212778  -0.01443652  -0.01617168  -0.01732525  -0.01824700  -0.01905840  -0.01951012  -0.01951875  -0.01937131 
