# coconut-me2b/v0.99.21 
# 
# momentum space matrix elements 
# partial wave J=0, L=0/0, S=0, T=1, MT=1 
# 
# momentum grid [fm^-1]
0.000000 0.100000 0.200000 0.300000 0.400000 0.500000 0.600000 0.700000 0.800000 0.900000 1.000000 1.100000 1.200000 1.300000 1.400000 1.500000 1.600000 1.700000 1.800000 1.900000 2.000000 2.100000 2.200000 2.300000 2.400000 2.500000 2.600000 2.700000 2.800000 2.900000 3.000000 3.100000 3.200000 3.300000 3.400000 3.500000 3.600000 3.700000 3.800000 3.900000 4.000000 4.100000 4.200000 4.300000 4.400000 4.500000 4.600000 4.700000 4.800000 4.900000 5.000000 5.100000 5.200000 5.300000 5.400000 5.500000 5.600000 5.700000 5.800000 5.900000 6.000000 6.100000 6.200000 6.300000 6.400000 6.500000 6.600000 6.700000 6.800000 6.900000 7.000000 7.100000 7.200000 7.300000 7.400000 7.500000 7.600000 7.700000 7.800000 7.900000 8.000000 8.100000 8.200000 8.300000 8.400000 8.500000 8.600000 8.700000 8.800000 8.900000 9.000000 9.100000 9.200000 9.300000 9.400000 9.500000 9.600000 9.700000 9.800000 9.900000 10.000000 
#
# matrix elements [MeV fm^3] 
 55.21071112  37.83233588  -0.15197812 -31.04491230 -40.27048517 -34.96523569 -29.26186565 -28.13745355 -27.49887369 -24.17209682 -20.02553232 -17.46899133 -15.78472647 -13.26403915 -10.16519596  -7.78856579  -6.16347853  -4.32675579  -2.12440453  -0.29620744   0.92305961   2.09314478   3.48716955   4.68883152   5.41979302   5.99842979   6.71566018   7.35515372   7.65229675   7.77115470   7.97911171   8.18706929   8.16545902   7.97656844   7.84697691   7.76841053   7.55339095   7.19723991   6.87991683   6.64281737   6.34128661   5.92835763   5.53764055   5.23863525   4.92716395   4.53216129   4.14453856   3.84673885   3.57105713   3.23589371   2.89493233   2.63288043   2.41354683   2.15477170   1.87932837   1.66678051   1.50696594   1.32421322   1.11691882   0.95457936   0.84737967   0.73076079   0.58508364   0.46680959   0.40087597   0.33646155   0.24177491   0.15884533   0.12210223   0.09546910   0.04025279  -0.01608201  -0.03434011  -0.03611957  -0.06251131  -0.09975295  -0.10792923  -0.09538684  -0.10192576  -0.12587892  -0.12988374  -0.11094149  -0.10471739  -0.11952243  -0.12300570  -0.10315468  -0.08949413  -0.09790283  -0.10269148  -0.08536682  -0.06810517  -0.07184533  -0.07844429  -0.06546903  -0.04726668  -0.04740035  -0.05546912  -0.04748782  -0.03012626  -0.02734806  -0.03610270 
 37.83233588  24.51225817  -4.90036807 -29.54144689 -37.89062321 -34.54363717 -29.89294212 -28.17681429 -26.92698234 -23.87904943 -20.18973888 -17.54905785 -15.56194306 -13.07322332 -10.21394906  -7.86179330  -6.07066247  -4.20208567  -2.13463304  -0.35865197   0.95498707   2.17472029   3.49295651   4.63868786   5.42179793   6.05183777   6.72946514   7.31766071   7.64027423   7.80577887   7.99709538   8.16136770   8.14786953   7.99822706   7.86663550   7.75285211   7.53473875   7.20963579   6.89939760   6.63544589   6.32394099   5.93401469   5.55560525   5.23751609   4.91233034   4.53295249   4.16010910   3.85012032   3.55927876   3.23330049   2.90761910   2.63924500   2.40495946   2.14999768   1.88894738   1.67484734   1.50143661   1.31823484   1.12351729   0.96329533   0.84459699   0.72435711   0.58888155   0.47534176   0.40041946   0.33023851   0.24311919   0.16657358   0.12349795   0.08988029   0.03957762  -0.00957697  -0.03157703  -0.04075637  -0.06472254  -0.09470891  -0.10426459  -0.09887683  -0.10517737  -0.12237812  -0.12574444  -0.11320158  -0.10853513  -0.11752148  -0.11876705  -0.10420111  -0.09345312  -0.09726322  -0.09866888  -0.08530004  -0.07185009  -0.07236218  -0.07488780  -0.06445549  -0.05052369  -0.04882816  -0.05256042  -0.04573954  -0.03270709  -0.02942290  -0.03395455 
 -0.15197812  -4.90036807 -16.02656344 -26.89020127 -32.66138340 -33.08242943 -30.81663017 -28.18141701 -25.73880207 -23.15961796 -20.36913588 -17.63313981 -15.08848462 -12.64245952 -10.23821064  -7.95795025  -5.86861693  -3.93561528  -2.12046059  -0.45394287   1.02690943   2.34044488   3.51879851   4.55501534   5.42960673   6.15549894   6.76126559   7.25205692   7.61863211   7.87068035   8.03280689   8.11554520   8.11510606   8.03802021   7.90411389   7.72530094   7.50027758   7.23236289   6.93627162   6.62310676   6.29244667   5.94470887   5.58976166   5.23692386   4.88597967   4.53509594   4.18999415   3.85798507   3.53892140   3.22953019   2.93228930   2.65266578   2.39067930   2.14240467   1.90798772   1.69135722   1.49283609   1.30849002   1.13693175   0.98085928   0.84097397   0.71378220   0.59700142   0.49235221   0.40090289   0.31986256   0.24653108   0.18184476   0.12715609   0.08048557   0.03905738   0.00317208  -0.02565765  -0.04860305  -0.06827983  -0.08490090  -0.09692964  -0.10480627  -0.11083163  -0.11562258  -0.11774551  -0.11703128  -0.11537316  -0.11368813  -0.11074974  -0.10592318  -0.10064974  -0.09604621  -0.09116739  -0.08506203  -0.07871272  -0.07334002  -0.06832165  -0.06253231  -0.05651831  -0.05151462  -0.04723195  -0.04249802  -0.03746698  -0.03330852  -0.03004853 
-31.04491230 -29.54144689 -26.89020127 -26.30512411 -28.37683944 -30.54711129 -30.31794656 -27.80702252 -24.80730833 -22.34998398 -20.06028651 -17.42687139 -14.67222037 -12.22617978 -10.04953803  -7.86261400  -5.67378154  -3.71115200  -2.01612655  -0.42736832   1.10548160   2.45836784   3.57355073   4.54805627   5.44978612   6.21617213   6.79199749   7.23476902   7.61321197   7.90219495   8.05418054   8.10000362   8.10121802   8.05514556   7.92277619   7.71611737   7.48589501   7.24225256   6.95432378   6.62089270   6.28074727   5.95065714   5.60727332   5.24059164   4.87789917   4.53865442   4.20639171   3.86595179   3.53443372   3.23151424   2.94695022   2.66335201   2.38934930   2.14329846   1.92042553   1.70334966   1.49404527   1.30860011   1.14683340   0.99296343   0.84403725   0.71331661   0.60423616   0.50362541   0.40515649   0.31899126   0.25115644   0.19162095   0.13202523   0.07938296   0.04131152   0.01106477  -0.02062154  -0.04974296  -0.06800977  -0.07902555  -0.09204492  -0.10578153  -0.11206303  -0.11169734  -0.11322105  -0.11765960  -0.11759080  -0.11150739  -0.10671602  -0.10607119  -0.10336404  -0.09532591  -0.08770533  -0.08466522  -0.08150317  -0.07376578  -0.06548211  -0.06160060  -0.05905831  -0.05277492  -0.04504472  -0.04110787  -0.03953154  -0.03511462  -0.02852328 
-40.27048517 -37.89062321 -32.66138340 -28.37683944 -27.09955540 -27.76175829 -28.00004666 -26.64232194 -24.21031000 -21.64278351 -19.24023221 -16.82082630 -14.32006331 -11.89741828  -9.65259352  -7.52890389  -5.48144630  -3.56474098  -1.83042195  -0.25415610   1.19817337   2.50819522   3.64780941   4.63182347   5.49001680   6.22167007   6.81254025   7.27357566   7.63106501   7.89294350   8.05280549   8.11860048   8.11237092   8.04538830   7.91519014   7.72661847   7.49681918   7.23730452   6.94725574   6.62847732   6.29314663   5.95143685   5.60303218   5.24715957   4.89150057   4.54430350   4.20536101   3.87205470   3.54837804   3.24064309   2.94874876   2.66903978   2.40273905   2.15447350   1.92437997   1.70848915   1.50611514   1.32051555   1.15217837   0.99736870   0.85421073   0.72487537   0.61023461   0.50714101   0.41308244   0.32936380   0.25719111   0.19418444   0.13759912   0.08804046   0.04694121   0.01273634  -0.01726821  -0.04303546  -0.06303928  -0.07807401  -0.09059214  -0.10101203  -0.10784773  -0.11122473  -0.11323289  -0.11464093  -0.11411934  -0.11125850  -0.10771854  -0.10451725  -0.10057061  -0.09508051  -0.08925247  -0.08425542  -0.07930833  -0.07337011  -0.06719975  -0.06202468  -0.05739222  -0.05215262  -0.04665162  -0.04209067  -0.03834114  -0.03426056  -0.02983332 
-34.96523569 -34.54363717 -33.08242943 -30.54711129 -27.76175829 -25.89008462 -25.17185459 -24.63324148 -23.21948619 -20.87776535 -18.31144075 -15.99024810 -13.79269632 -11.49885802  -9.19979653  -7.10021684  -5.20095639  -3.37565379  -1.61980431  -0.04091683   1.33307956   2.57868995   3.72894703   4.72887727   5.54816140   6.23516038   6.83155503   7.31366080   7.65513269   7.88596248   8.04740211   8.13422155   8.12491047   8.03611021   7.90399102   7.73358027   7.50767017   7.23283183   6.93804849   6.63342933   6.30545123   5.95328195   5.59824125   5.25238207   4.90547006   4.55164819   4.20509663   3.87800653   3.56320992   3.25192422   2.95224091   2.67550035   2.41741565   2.16802297   1.93056541   1.71500795   1.51968860   1.33479680   1.15994704   1.00345656   0.86591783   0.73859701   0.61857318   0.51238780   0.42241652   0.34155862   0.26528777   0.19834180   0.14435203   0.09810823   0.05424495   0.01575350  -0.01301072  -0.03533746  -0.05681610  -0.07606806  -0.08850495  -0.09562918  -0.10277609  -0.10998015  -0.11283969  -0.11131222  -0.11012641  -0.11047993  -0.10848788  -0.10287120  -0.09751358  -0.09449463  -0.09067923  -0.08389026  -0.07703140  -0.07277080  -0.06885972  -0.06256292  -0.05575969  -0.05141970  -0.04822739  -0.04320795  -0.03724877  -0.03335629  -0.03111680 
-29.26186565 -29.89294212 -30.81663017 -30.31794656 -28.00004666 -25.17185459 -23.25518282 -22.31903879 -21.37431329 -19.69890644 -17.45493051 -15.15600255 -13.00105389 -10.88010718  -8.74215487  -6.69362663  -4.81125346  -3.05746400  -1.39462331   0.14050010   1.50753254   2.72474810   3.82299937   4.79234922   5.61129970   6.29201738   6.86183833   7.32406324   7.66818971   7.90328622   8.05309086   8.12700750   8.12053255   8.03987735   7.90437761   7.72529340   7.50096344   7.23462327   6.94076371   6.63011870   6.30210299   5.95717964   5.60514647   5.25510551   4.90676083   4.55837287   4.21566888   3.88581956   3.56862244   3.26090248   2.96517922   2.68682207   2.42579834   2.17826843   1.94443872   1.72817104   1.52973504   1.34526620   1.17344961   1.01694324   0.87639641   0.74836955   0.63065898   0.52496886   0.43231855   0.34995524   0.27525804   0.20916563   0.15298506   0.10475806   0.06178227   0.02437376  -0.00599690  -0.03049673  -0.05167885  -0.06973251  -0.08315965  -0.09241188  -0.09974127  -0.10573658  -0.10899813  -0.10938081  -0.10874372  -0.10797371  -0.10587199  -0.10183642  -0.09728788  -0.09331252  -0.08898503  -0.08339111  -0.07750492  -0.07251707  -0.06781638  -0.06231491  -0.05656041  -0.05175963  -0.04762556  -0.04302046  -0.03810773  -0.03403170  -0.03081243 
-28.13745355 -28.17681429 -28.18141701 -27.80702252 -26.64232194 -24.63324148 -22.31903879 -20.42129334 -19.13483079 -17.97425668 -16.37718413 -14.29970096 -12.11551291 -10.09228380  -8.17891793  -6.25865760  -4.38093917  -2.66415890  -1.11565283   0.33506922   1.69465264   2.90302643   3.94212146   4.85700113   5.67205777   6.35937832   6.90193910   7.32974858   7.67242934   7.92093263   8.06156057   8.11369758   8.10603772   8.04006702   7.90503688   7.71196906   7.48541191   7.23207810   6.94340842   6.62375386   6.29215800   5.95734688   5.61246330   5.25682079   4.90381943   4.56241357   4.22728447   3.89432649   3.57187981   3.26824111   2.97964303   2.70004910   2.43365849   2.18772737   1.96006674   1.74394755   1.54041724   1.35555188   1.18867959   1.03330410   0.88823173   0.75832085   0.64423691   0.54032918   0.44393443   0.35869995   0.28635108   0.22242553   0.16341541   0.11179519   0.07001900   0.03494531   0.00271495  -0.02529746  -0.04624857  -0.06197930  -0.07631929  -0.08888310  -0.09675104  -0.10058744  -0.10390826  -0.10717190  -0.10764583  -0.10500717  -0.10225912  -0.10053207  -0.09748278  -0.09202603  -0.08652851  -0.08260566  -0.07843991  -0.07242060  -0.06622030  -0.06174934  -0.05778808  -0.05243060  -0.04665441  -0.04248266  -0.03930730  -0.03513642  -0.03029794 
-27.49887369 -26.92698234 -25.73880207 -24.80730833 -24.21031000 -23.21948619 -21.37431329 -19.13483079 -17.29006927 -16.01522572 -14.80365795 -13.19411869 -11.24704593  -9.28725149  -7.45903739  -5.69037129  -3.93944411  -2.28078514  -0.77481661   0.60505920   1.89162585   3.06025146   4.07908333   4.96238957   5.73817769   6.40226965   6.93808715   7.35561005   7.67961828   7.91589065   8.05659808   8.10902342   8.09422724   8.02217908   7.88963770   7.70115895   7.47336740   7.21702082   6.93091640   6.61683286   6.28672937   5.95034141   5.60716898   5.25654049   4.90608709   4.56378771   4.22933026   3.90023655   3.58053367   3.27635420   2.98751452   2.71049529   2.44659587   2.20032047   1.97172698   1.75696302   1.55544398   1.37034960   1.20209085   1.04702753   0.90339983   0.77333949   0.65764548   0.55324178   0.45773758   0.37243037   0.29845806   0.23348731   0.17489028   0.12328826   0.08005055   0.04363282   0.01144464  -0.01644577  -0.03857116  -0.05573020  -0.07029088  -0.08263154  -0.09131947  -0.09650611  -0.10021862  -0.10318131  -0.10411013  -0.10263762  -0.10038277  -0.09831736  -0.09539256  -0.09086226  -0.08591028  -0.08165985  -0.07735288  -0.07200384  -0.06636649  -0.06162450  -0.05733500  -0.05240200  -0.04717930  -0.04282811  -0.03921697  -0.03525134  -0.03093382 
-24.17209682 -23.87904943 -23.15961796 -22.34998398 -21.64278351 -20.87776535 -19.69890644 -17.97425668 -16.01522572 -14.29413643 -12.95908891 -11.72261061 -10.23900549  -8.47993775  -6.67780046  -5.00351372  -3.43109155  -1.89051528  -0.41293792   0.92641866   2.12106059   3.21549526   4.21627407   5.08716936   5.81716208   6.43635664   6.96368293   7.38445659   7.68938433   7.89948894   8.03711876   8.09982630   8.08066855   7.99364210   7.85990965   7.68334257   7.45860946   7.19375261   6.90637928   6.60299434   6.27919625   5.93809505   5.59285800   5.25053388   4.90736134   4.56269994   4.22535689   3.90190284   3.58924356   3.28423902   2.99194754   2.71806823   2.46033177   2.21425631   1.98196438   1.76819774   1.57164331   1.38741933   1.21551808   1.05975095   0.91978428   0.79101275   0.67199455   0.56565949   0.47255683   0.38878046   0.31201371   0.24435101   0.18703859   0.13708453   0.09173033   0.05228427   0.02045817  -0.00576437  -0.02925460  -0.04942623  -0.06433946  -0.07507926  -0.08438423  -0.09230446  -0.09688813  -0.09840074  -0.09927223  -0.10008230  -0.09904514  -0.09575872  -0.09222776  -0.08943914  -0.08590549  -0.08072808  -0.07542165  -0.07125001  -0.06710912  -0.06177717  -0.05625870  -0.05196461  -0.04821359  -0.04362462  -0.03870908  -0.03490309  -0.03194678 
-20.02553232 -20.18973888 -20.36913588 -20.06028651 -19.24023221 -18.31144075 -17.45493051 -16.37718413 -14.80365795 -12.95908891 -11.33238333 -10.08386734  -8.91691276  -7.51667944  -5.90526142  -4.30535207  -2.82667308  -1.41891975  -0.04647343   1.23721364   2.38392534   3.41343640   4.35487395   5.19214668   5.89995531   6.48966926   6.98662730   7.39055238   7.68856711   7.88875599   8.01328855   8.06933708   8.05098324   7.96384360   7.82628490   7.64821922   7.42722140   7.16632447   6.87952976   6.57677573   6.25709173   5.92098290   5.57806089   5.23694881   4.89714813   4.55707045   4.22242461   3.90007624   3.58969146   3.28827322   2.99841117   2.72527196   2.46871367   2.22506401   1.99464864   1.78119834   1.58488120   1.40197593   1.23131584   1.07548569   0.93503925   0.80665138   0.68828083   0.58160588   0.48755669   0.40346294   0.32686633   0.25871571   0.20023471   0.14951313   0.10399844   0.06404158   0.03103484   0.00382456  -0.02001510  -0.04062358  -0.05657519  -0.06833999  -0.07807080  -0.08629867  -0.09168802  -0.09413796  -0.09543767  -0.09641296  -0.09591759  -0.09341131  -0.09027271  -0.08752644  -0.08428509  -0.07970534  -0.07474322  -0.07052952  -0.06647435  -0.06156206  -0.05634216  -0.05196539  -0.04814906  -0.04382276  -0.03916726  -0.03527687  -0.03216030 
-17.46899133 -17.54905785 -17.63313981 -17.42687139 -16.82082630 -15.99024810 -15.15600255 -14.29970096 -13.19411869 -11.72261061 -10.08386734  -8.60917601  -7.41200947  -6.30151002  -5.04336414  -3.61932935  -2.18821984  -0.86686216   0.36088002   1.54093305   2.65180886   3.64301739   4.51056671   5.28522512   5.97287513   6.55075681   7.01285881   7.38112900   7.67060046   7.87365629   7.98578796   8.02290318   8.00231004   7.92459192   7.78665373   7.59926152   7.37840025   7.12845526   6.84697758   6.54012545   6.22078674   5.89452410   5.55903197   5.21659082   4.87645057   4.54399565   4.21697046   3.89474046   3.58314525   3.28684670   3.00380976   2.73152118   2.47301789   2.23212746   2.00727636   1.79501032   1.59627193   1.41411473   1.24760142   1.09306982   0.95001748   0.82081466   0.70521360   0.59984393   0.50328584   0.41729590   0.34225486   0.27537549   0.21472339   0.16148844   0.11654194   0.07781079   0.04314537   0.01320921  -0.01080863  -0.03024779  -0.04725277  -0.06163816  -0.07207153  -0.07921214  -0.08503988  -0.08978436  -0.09212484  -0.09213730  -0.09152679  -0.09086026  -0.08895326  -0.08541961  -0.08162111  -0.07837434  -0.07472073  -0.06994252  -0.06502595  -0.06094529  -0.05702230  -0.05233641  -0.04749664  -0.04354482  -0.04010446  -0.03617078  -0.03199884 
-15.78472647 -15.56194306 -15.08848462 -14.67222037 -14.32006331 -13.79269632 -13.00105389 -12.11551291 -11.24704593 -10.23900549  -8.91691276  -7.41200947  -6.05271642  -4.97009336  -3.97347724  -2.83580120  -1.56199655  -0.31263534   0.82643164   1.89214663   2.91566413   3.85821319   4.68098570   5.39922261   6.03902620   6.59039866   7.03315059   7.37641937   7.64297721   7.83512044   7.94276978   7.97233321   7.94337349   7.86367594   7.72867007   7.54243968   7.32071561   7.07291862   6.79711927   6.49498551   6.17804369   5.85521801   5.52562154   5.18868451   4.85189498   4.52272774   4.20064649   3.88336453   3.57493149   3.28115589   3.00169700   2.73324520   2.47721586   2.23790533   2.01524081   1.80556463   1.60846225   1.42699126   1.26144499   1.10834868   0.96614184   0.83690146   0.72131815   0.61644444   0.52009792   0.43357297   0.35790636   0.29085138   0.22997969   0.17594597   0.13002401   0.09071192   0.05559541   0.02479930  -0.00029911  -0.02049855  -0.03802355  -0.05318292  -0.06462611  -0.07254136  -0.07884890  -0.08419747  -0.08737366  -0.08807439  -0.08784781  -0.08758836  -0.08630216  -0.08332455  -0.07980106  -0.07677885  -0.07353569  -0.06917435  -0.06443790  -0.06043766  -0.05674610  -0.05235346  -0.04762511  -0.04365622  -0.04031063  -0.03657123  -0.03246927 
-13.26403915 -13.07322332 -12.64245952 -12.22617978 -11.89741828 -11.49885802 -10.88010718 -10.09228380  -9.28725149  -8.47993775  -7.51667944  -6.30151002  -4.97009336  -3.76707875  -2.78132929  -1.87568333  -0.87958723   0.21940387   1.30577631   2.29595749   3.20217858   4.05691104   4.84442228   5.52955886   6.11090851   6.61135785   7.03599162   7.37012922   7.61126959   7.77647137   7.87777743   7.91141951   7.87586678   7.78376780   7.64864083   7.47226216   7.25370719   7.00155037   6.72793067   6.43684248   6.12732234   5.80418477   5.47688021   5.14975814   4.82152226   4.49384158   4.17319893   3.86345534   3.56305850   3.27137564   2.99224269   2.72879523   2.47949235   2.24228409   2.01893348   1.81189440   1.61991395   1.44029119   1.27331444   1.12087514   0.98218773   0.85446896   0.73704118   0.63133328   0.53708113   0.45178398   0.37418735   0.30531685   0.24538140   0.19235901   0.14470135   0.10306294   0.06801575   0.03809175   0.01165197  -0.01099498  -0.02904775  -0.04342419  -0.05570793  -0.06590417  -0.07311300  -0.07775440  -0.08125318  -0.08388415  -0.08476199  -0.08388903  -0.08246205  -0.08097031  -0.07863163  -0.07512506  -0.07137945  -0.06803636  -0.06447866  -0.06016066  -0.05572866  -0.05191210  -0.04829474  -0.04420118  -0.04000173  -0.03645150  -0.03334700 
-10.16519596 -10.21394906 -10.23821064 -10.04953803  -9.65259352  -9.19979653  -8.74215487  -8.17891793  -7.45903739  -6.67780046  -5.90526142  -5.04336414  -3.97347724  -2.78132929  -1.70054794  -0.83580180  -0.05566205   0.81085153   1.76728482   2.69386611   3.52214912   4.28038163   4.99626000   5.64158277   6.18494712   6.63841963   7.02544301   7.34036958   7.56702412   7.71274074   7.79780005   7.82608804   7.78962551   7.69331443   7.55415384   7.37996689   7.16709956   6.91824033   6.64659319   6.36079039   6.05916670   5.74219713   5.41912580   5.09776217   4.77721361   4.45604266   4.13986666   3.83503837   3.54097896   3.25491752   2.97951771   2.71962269   2.47491404   2.24195832   2.02125267   1.81633409   1.62722633   1.45042741   1.28499711   1.13342226   0.99612961   0.86997665   0.75317292   0.64737067   0.55338349   0.46867670   0.39104214   0.32145407   0.26102610   0.20793113   0.15984596   0.11718072   0.08122283   0.05084857   0.02382651   0.00009627  -0.01901481  -0.03399526  -0.04684594  -0.05800877  -0.06623621  -0.07148495  -0.07543637  -0.07882336  -0.08057238  -0.08022801  -0.07910244  -0.07812780  -0.07646929  -0.07338317  -0.06979530  -0.06674739  -0.06367912  -0.05967765  -0.05529230  -0.05159109  -0.04829714  -0.04443672  -0.04021406  -0.03665000  -0.03373701 
 -7.78856579  -7.86179330  -7.95795025  -7.86261400  -7.52890389  -7.10021684  -6.69362663  -6.25865760  -5.69037129  -5.00351372  -4.30535207  -3.61932935  -2.83580120  -1.87568333  -0.83580180   0.09626326   0.84936128   1.52782747   2.26269781   3.06327635   3.84178478   4.53643253   5.15802725   5.73111335   6.24368501   6.67057629   7.01256004   7.28771083   7.50031201   7.64064738   7.70859362   7.71802262   7.67855865   7.58842501   7.44785697   7.26720896   7.05699598   6.81916640   6.55391186   6.26816902   5.97109095   5.66584327   5.35212228   5.03370860   4.71746409   4.40648347   4.09987724   3.79884909   3.50788681   3.22953283   2.96252006   2.70623758   2.46316404   2.23524249   2.02114700   1.81920830   1.63040889   1.45620764   1.29549498   1.14616189   1.00817816   0.88264376   0.76882475   0.66460486   0.56932303   0.48380034   0.40771892   0.33921468   0.27727090   0.22246564   0.17485166   0.13294496   0.09556474   0.06305905   0.03576038   0.01260494  -0.00761792  -0.02478009  -0.03837378  -0.04905628  -0.05797251  -0.06519610  -0.07014248  -0.07310743  -0.07510294  -0.07637543  -0.07634633  -0.07501244  -0.07320888  -0.07131716  -0.06882822  -0.06551078  -0.06199953  -0.05876835  -0.05542142  -0.05157188  -0.04764819  -0.04417265  -0.04088735  -0.03731895  -0.03369844 
 -6.16347853  -6.07066247  -5.86861693  -5.67378154  -5.48144630  -5.20095639  -4.81125346  -4.38093917  -3.93944411  -3.43109155  -2.82667308  -2.18821984  -1.56199655  -0.87958723  -0.05566205   0.84936128   1.66210953   2.29919620   2.85642314   3.46703327   4.13897031   4.78073512   5.33707137   5.83031892   6.28532812   6.68165316   6.99379354   7.23148227   7.41571975   7.54390579   7.60300556   7.59882657   7.54921628   7.45889565   7.32142294   7.14032909   6.93012289   6.69824057   6.44161036   6.16166751   5.86924184   5.57199016   5.26835280   4.95779729   4.64751637   4.34418365   4.04686117   3.75345632   3.46798994   3.19576934   2.93619510   2.68621689   2.44738686   2.22369931   2.01489479   1.81758207   1.63158080   1.45978569   1.30233991   1.15600827   1.01951435   0.89487251   0.78264186   0.68006765   0.58526546   0.49953813   0.42380034   0.35593978   0.29381220   0.23812834   0.19004506   0.14813222   0.11022569   0.07653540   0.04832682   0.02481284   0.00397290  -0.01440092  -0.02906160  -0.04023739  -0.04969561  -0.05797728  -0.06395871  -0.06741604  -0.06979459  -0.07187998  -0.07274845  -0.07183943  -0.07024104  -0.06889441  -0.06712330  -0.06414549  -0.06068529  -0.05775419  -0.05494420  -0.05135944  -0.04737781  -0.04400404  -0.04109555  -0.03773857  -0.03400093 
 -4.32675579  -4.20208567  -3.93561528  -3.71115200  -3.56474098  -3.37565379  -3.05746400  -2.66415890  -2.28078514  -1.89051528  -1.41891975  -0.86686216  -0.31263534   0.21940387   0.81085153   1.52782747   2.29919620   2.97712766   3.50357877   3.96132414   4.45535989   4.99343733   5.50669324   5.94825436   6.32852950   6.66719206   6.95478487   7.17282329   7.32373477   7.42246210   7.47249890   7.46714555   7.40777071   7.30597768   7.16935095   6.99696604   6.78997135   6.55695650   6.30597812   6.03858227   5.75539287   5.46203801   5.16530495   4.86735611   4.56805706   4.27036594   3.97918060   3.69642948   3.42130417   3.15466309   2.89956665   2.65747505   2.42719941   2.20818523   2.00201990   1.80975083   1.63013765   1.46184741   1.30542482   1.16163395   1.02942988   0.90718765   0.79477815   0.69278240   0.60047720   0.51626454   0.43961195   0.37096485   0.30994358   0.25515591   0.20584987   0.16234499   0.12456035   0.09139060   0.06198805   0.03654159   0.01519388  -0.00285287  -0.01845578  -0.03155896  -0.04187701  -0.04991441  -0.05647530  -0.06162964  -0.06502269  -0.06689958  -0.06796691  -0.06840356  -0.06784590  -0.06632479  -0.06442024  -0.06239600  -0.05992571  -0.05687649  -0.05368677  -0.05067746  -0.04759149  -0.04418378  -0.04074862  -0.03763549  -0.03467528 
 -2.12440453  -2.13463304  -2.12046059  -2.01612655  -1.83042195  -1.61980431  -1.39462331  -1.11565283  -0.77481661  -0.41293792  -0.04647343   0.36088002   0.82643164   1.30577631   1.76728482   2.26269781   2.85642314   3.50357877   4.07129027   4.49293905   4.84171643   5.22441767   5.65126991   6.05112732   6.37899717   6.65304539   6.89564675   7.09207140   7.22152940   7.29193703   7.32197380   7.31107071   7.24860578   7.13903464   6.99782446   6.82994489   6.63003246   6.40036450   6.15306733   5.89489128   5.62309751   5.33802318   5.04832039   4.76058083   4.47325743   4.18501019   3.90124404   3.62754299   3.36292582   3.10485794   2.85604948   2.62087618   2.39875766   2.18655250   1.98496614   1.79727333   1.62330991   1.45986441   1.30629552   1.16497005   1.03616394   0.91698746   0.80598739   0.70479441   0.61408838   0.53152828   0.45524255   0.38624982   0.32553720   0.27140165   0.22182790   0.17731191   0.13901871   0.10587790   0.07591914   0.04919155   0.02690615   0.00856342  -0.00763238  -0.02200218  -0.03340347  -0.04185608  -0.04889411  -0.05512592  -0.05956509  -0.06185624  -0.06321874  -0.06446185  -0.06481412  -0.06365270  -0.06185851  -0.06035616  -0.05862088  -0.05586689  -0.05263852  -0.04989593  -0.04736897  -0.04420498  -0.04063480  -0.03758416  -0.03502520 
 -0.29620744  -0.35865197  -0.45394287  -0.42736832  -0.25415610  -0.04091683   0.14050010   0.33506922   0.60505920   0.92641866   1.23721364   1.54093305   1.89214663   2.29595749   2.69386611   3.06327635   3.46703327   3.96132414   4.49293905   4.94300509   5.26348176   5.52216641   5.80601018   6.12213089   6.41518223   6.64881570   6.83338137   6.98541056   7.09722405   7.15483201   7.16176156   7.13074565   7.06448223   6.95800066   6.81345898   6.64069292   6.44551652   6.22714463   5.98703486   5.73232542   5.46903314   5.19800469   4.91986367   4.63915829   4.36080202   4.08594532   3.81435135   3.54832729   3.29130256   3.04420443   2.80615033   2.57776276   2.36111468   2.15682919   1.96370982   1.78129715   1.61063370   1.45213120   1.30458518   1.16696944   1.03963041   0.92287554   0.81569505   0.71686481   0.62629614   0.54425267   0.47000878   0.40236946   0.34098796   0.28609681   0.23725927   0.19342961   0.15411694   0.11950925   0.08941607   0.06299284   0.03968031   0.01960345   0.00275753  -0.01148792  -0.02370587  -0.03384584  -0.04178789  -0.04795707  -0.05289833  -0.05663692  -0.05898200  -0.06017441  -0.06069982  -0.06065167  -0.05981241  -0.05826761  -0.05642256  -0.05442558  -0.05206689  -0.04931016  -0.04646889  -0.04373011  -0.04091690  -0.03790588  -0.03491605 
  0.92305961   0.95498707   1.02690943   1.10548160   1.19817337   1.33307956   1.50753254   1.69465264   1.89162585   2.12106059   2.38392534   2.65180886   2.91566413   3.20217858   3.52214912   3.84178478   4.13897031   4.45535989   4.84171643   5.26348176   5.61621305   5.84648510   6.01252053   6.20194233   6.42605500   6.62874231   6.77311291   6.87424758   6.95225063   6.99655213   6.99008143   6.93924337   6.86045963   6.75438221   6.61218745   6.43709531   6.24225958   6.03245560   5.80303445   5.55514131   5.29867205   5.03950751   4.77507387   4.50478611   4.23535834   3.97231354   3.71408280   3.45872999   3.21015928   2.97296412   2.74615281   2.52695406   2.31705158   2.12002556   1.93536097   1.75998864   1.59401080   1.44011238   1.29825291   1.16550462   1.04095030   0.92653274   0.82266145   0.72683755   0.63755764   0.55614461   0.48337730   0.41732751   0.35621471   0.30082798   0.25219348   0.20898621   0.16936255   0.13364539   0.10297376   0.07658983   0.05273554   0.03133424   0.01351500  -0.00098644  -0.01373864  -0.02514387  -0.03418115  -0.04071260  -0.04604747  -0.05083228  -0.05422374  -0.05577995  -0.05651007  -0.05722089  -0.05728892  -0.05606635  -0.05424763  -0.05271878  -0.05109408  -0.04861290  -0.04566340  -0.04313749  -0.04088469  -0.03811551  -0.03493904 
  2.09314478   2.17472029   2.34044488   2.45836784   2.50819522   2.57868995   2.72474810   2.90302643   3.06025146   3.21549526   3.41343640   3.64301739   3.85821319   4.05691104   4.28038163   4.53643253   4.78073512   4.99343733   5.22441767   5.52216641   5.84648510   6.10034809   6.24354802   6.33297034   6.44247534   6.57902329   6.69724648   6.76833959   6.80258383   6.81432987   6.79711284   6.73991417   6.64683228   6.52888360   6.38795253   6.21992562   6.02720438   5.81814103   5.59699756   5.36270055   5.11660843   4.86462360   4.61108030   4.35601844   4.09981374   3.84612388   3.59840758   3.35690252   3.12114669   2.89295106   2.67468619   2.46648314   2.26733538   2.07772898   1.89909583   1.73145705   1.57358990   1.42516322   1.28693019   1.15888653   1.03985370   0.92908398   0.82688695   0.73329796   0.64733515   0.56810265   0.49563226   0.43001646   0.37052597   0.31627323   0.26711546   0.22318452   0.18399649   0.14875278   0.11719962   0.08947738   0.06530981   0.04402399   0.02529912   0.00925642  -0.00421922  -0.01566171  -0.02542365  -0.03342064  -0.03965108  -0.04450967  -0.04835090  -0.05113460  -0.05278129  -0.05355483  -0.05378733  -0.05348262  -0.05251621  -0.05103593  -0.04933375  -0.04745265  -0.04525027  -0.04277779  -0.04027609  -0.03781994  -0.03527062 
  3.48716955   3.49295651   3.51879851   3.57355073   3.64780941   3.72894703   3.82299937   3.94212146   4.07908333   4.21627407   4.35487395   4.51056671   4.68098570   4.84442228   4.99626000   5.15802725   5.33707137   5.50669324   5.65126991   5.80601018   6.01252053   6.24354802   6.41528596   6.48470411   6.49972430   6.53363604   6.59805053   6.64810454   6.65331859   6.62636056   6.58515977   6.52207885   6.42292426   6.29276542   6.14581024   5.98329372   5.79768347   5.59106190   5.37437303   5.15188972   4.91941036   4.67709146   4.43280107   4.19147323   3.95060771   3.70889492   3.47138671   3.24260472   3.02097028   2.80416485   2.59488796   2.39687614   2.20917678   2.02896784   1.85717470   1.69672432   1.54720906   1.40576212   1.27209450   1.14842105   1.03483970   0.92877398   0.82917979   0.73766441   0.65475832   0.57836752   0.50703224   0.44182966   0.38360775   0.33082788   0.28185278   0.23728680   0.19816022   0.16348191   0.13160363   0.10271096   0.07788637   0.05663213   0.03740783   0.02004246   0.00556233  -0.00611390  -0.01633415  -0.02555303  -0.03288060  -0.03806852  -0.04221559  -0.04598019  -0.04866089  -0.04976898  -0.05012313  -0.05050499  -0.05042900  -0.04925340  -0.04750938  -0.04602643  -0.04454141  -0.04234106  -0.03968235  -0.03737656  -0.03537240 
  4.68883152   4.63868786   4.55501534   4.54805627   4.63182347   4.72887727   4.79234922   4.85700113   4.96238957   5.08716936   5.19214668   5.28522512   5.39922261   5.52955886   5.64158277   5.73111335   5.83031892   5.94825436   6.05112732   6.12213089   6.20194233   6.33297034   6.48470411   6.57702122   6.57594475   6.53004285   6.50323512   6.50249589   6.48996965   6.44226897   6.36941888   6.28409631   6.18061192   6.04982772   5.89594932   5.72853725   5.54865563   5.35247032   5.14222879   4.92498501   4.70365679   4.47666357   4.24501873   4.01357012   3.78529873   3.55946384   3.33608419   3.11810282   2.90789271   2.70494326   2.50854328   2.32014962   2.14141417   1.97188758   1.81045007   1.65753546   1.51420284   1.38008125   1.25393565   1.13558313   1.02566856   0.92394829   0.82927586   0.74114845   0.65993862   0.58554671   0.51701983   0.45372255   0.39584300   0.34340467   0.29567795   0.25200101   0.21242642   0.17706002   0.14538249   0.11676291   0.09114837   0.06868496   0.04903339   0.03162533   0.01632728   0.00329253  -0.00767158  -0.01705208  -0.02503853  -0.03149191  -0.03648939  -0.04042631  -0.04352420  -0.04567034  -0.04685439  -0.04737666  -0.04746919  -0.04705110  -0.04604997  -0.04467419  -0.04314910  -0.04142723  -0.03939724  -0.03718411  -0.03499397 
  5.41979302   5.42179793   5.42960673   5.44978612   5.49001680   5.54816140   5.61129970   5.67205777   5.73817769   5.81716208   5.89995531   5.97287513   6.03902620   6.11090851   6.18494712   6.24368501   6.28532812   6.32852950   6.37899717   6.41518223   6.42605500   6.44247534   6.49972430   6.57594475   6.60266588   6.54501964   6.44353446   6.36045164   6.30713906   6.24719049   6.15516806   6.04173458   5.92268417   5.79233876   5.63867476   5.46554062   5.28499342   5.09837457   4.89904812   4.68807099   4.47433391   4.26142716   4.04542410   3.82566535   3.60824161   3.39715419   3.18994950   2.98480482   2.78540663   2.59539302   2.41321747   2.23638170   2.06666800   1.90710473   1.75682995   1.61312628   1.47639915   1.34905690   1.23082819   1.11914046   1.01348694   0.91571503   0.82605960   0.74232743   0.66345955   0.59079911   0.52497319   0.46427993   0.40736684   0.35511468   0.30840606   0.26605219   0.22658924   0.19047369   0.15870676   0.13057934   0.10464735   0.08099013   0.06060884   0.04321225   0.02747292   0.01315395   0.00116540  -0.00844046  -0.01680414  -0.02440634  -0.03049038  -0.03473946  -0.03806076  -0.04110142  -0.04329450  -0.04413790  -0.04428230  -0.04446538  -0.04432501  -0.04325002  -0.04163288  -0.04023301  -0.03889068  -0.03695593  -0.03457974 
  5.99842979   6.05183777   6.15549894   6.21617213   6.22167007   6.23516038   6.29201738   6.35937832   6.40226965   6.43635664   6.48966926   6.55075681   6.59039866   6.61135785   6.63841963   6.67057629   6.68165316   6.66719206   6.65304539   6.64881570   6.62874231   6.57902329   6.53363604   6.53004285   6.54501964   6.51172651   6.40115978   6.25525760   6.13003392   6.03244979   5.93035930   5.80423089   5.66357900   5.51965680   5.36721290   5.19821525   5.01660772   4.83064728   4.64060610   4.44257820   4.23840152   4.03398647   3.83112552   3.62766895   3.42417244   3.22460460   3.03090552   2.84166907   2.65654606   2.47793217   2.30743821   2.14399993   1.98669175   1.83674085   1.69535598   1.56171103   1.43461204   1.31450350   1.20226995   1.09732311   0.99844014   0.90558964   0.81942641   0.73960125   0.66500936   0.59535208   0.53111655   0.47216447   0.41757463   0.36690783   0.32051260   0.27841097   0.23987781   0.20440741   0.17222195   0.14344805   0.11754350   0.09398236   0.07287067   0.05439158   0.03816439   0.02367638   0.01093236   0.00013654  -0.00895231  -0.01680722  -0.02350473  -0.02884345  -0.03294611  -0.03622592  -0.03881864  -0.04054113  -0.04141841  -0.04179060  -0.04183147  -0.04138609  -0.04040296  -0.03914310  -0.03779986  -0.03625290  -0.03439570 
  6.71566018   6.72946514   6.76126559   6.79199749   6.81254025   6.83155503   6.86183833   6.90193910   6.93808715   6.96368293   6.98662730   7.01285881   7.03315059   7.03599162   7.02544301   7.01256004   6.99379354   6.95478487   6.89564675   6.83338137   6.77311291   6.69724648   6.59805053   6.50323512   6.44353446   6.40115978   6.31920456   6.16914264   5.98593198   5.82303590   5.69116324   5.56024044   5.40874831   5.24560101   5.08449283   4.92095296   4.74455800   4.55804008   4.37141589   4.18581120   3.99520583   3.79977452   3.60656785   3.41842757   3.23161396   3.04484922   2.86273132   2.68841221   2.51950406   2.35388136   2.19416357   2.04325012   1.89968015   1.76095262   1.62819448   1.50387188   1.38725479   1.27584716   1.16973336   1.07092021   0.97928361   0.89259771   0.81027064   0.73386477   0.66373515   0.59807223   0.53587966   0.47829171   0.42599966   0.37766045   0.33206703   0.28994247   0.25216902   0.21785761   0.18573066   0.15612772   0.12999236   0.10684303   0.08543722   0.06577573   0.04876070   0.03425612   0.02113556   0.00912197  -0.00099683  -0.00907929  -0.01607631  -0.02247161  -0.02763737  -0.03122408  -0.03396905  -0.03648872  -0.03833841  -0.03902940  -0.03906839  -0.03913456  -0.03897157  -0.03801696  -0.03654936  -0.03524907  -0.03403930 
  7.35515372   7.31766071   7.25205692   7.23476902   7.27357566   7.31366080   7.32406324   7.32974858   7.35561005   7.38445659   7.39055238   7.38112900   7.37641937   7.37012922   7.34036958   7.28771083   7.23148227   7.17282329   7.09207140   6.98541056   6.87424758   6.76833959   6.64810454   6.50249589   6.36045164   6.25525760   6.16914264   6.04578054   5.86011300   5.64856793   5.46059467   5.30300526   5.14801303   4.97878837   4.80409144   4.63387707   4.46309438   4.28429451   4.10090511   3.91999984   3.74113595   3.56016396   3.37838514   3.20072299   3.02807847   2.85778303   2.68992327   2.52776350   2.37249457   2.22220978   2.07624261   1.93659410   1.80438704   1.67819914   1.55695269   1.44174506   1.33355379   1.23135151   1.13391564   1.04173966   0.95566913   0.87503337   0.79864460   0.72660948   0.65965953   0.59743444   0.53887815   0.48385019   0.43296783   0.38611701   0.34241031   0.30154566   0.26401480   0.22987946   0.19842462   0.16924299   0.14269129   0.11894346   0.09744738   0.07773451   0.06002694   0.04456071   0.03093408   0.01865612   0.00782551  -0.00129575  -0.00897195  -0.01568182  -0.02143108  -0.02595708  -0.02940073  -0.03219992  -0.03444240  -0.03588276  -0.03655509  -0.03683556  -0.03687137  -0.03644766  -0.03551099  -0.03436319  -0.03319033 
  7.65229675   7.64027423   7.61863211   7.61321197   7.63106501   7.65513269   7.66818971   7.67242934   7.67961828   7.68938433   7.68856711   7.67060046   7.64297721   7.61126959   7.56702412   7.50031201   7.41571975   7.32373477   7.22152940   7.09722405   6.95225063   6.80258383   6.65331859   6.48996965   6.30713906   6.13003392   5.98593198   5.86011300   5.70445558   5.49527921   5.26312276   5.05427999   4.87849612   4.71040679   4.53150567   4.34914692   4.17499632   4.00524120   3.83062810   3.65289933   3.48020197   3.31326502   3.14650906   2.97940244   2.81741516   2.66266578   2.51157828   2.36246406   2.21872630   2.08279381   1.95238794   1.82527258   1.70327959   1.58871999   1.48026725   1.37555752   1.27528573   1.18148573   1.09358260   1.00937619   0.92878488   0.85350855   0.78356298   0.71708529   0.65349226   0.59412408   0.53942761   0.48795241   0.43881269   0.39297568   0.35116119   0.31233810   0.27546271   0.24113158   0.21019463   0.18200794   0.15548009   0.13086046   0.10901307   0.08963090   0.07166242   0.05505472   0.04060101   0.02827385   0.01713094   0.00687794  -0.00181849  -0.00876562  -0.01474571  -0.02022566  -0.02469679  -0.02780590  -0.03014379  -0.03228086  -0.03387883  -0.03448258  -0.03447935  -0.03447962  -0.03431354  -0.03347935  -0.03216619 
