# coconut-me2b/v0.99.21 
# 
# momentum space matrix elements 
# partial wave J=1, L=1/1, S=1, T=1, MT=0 
# 
# momentum grid [fm^-1]
0.000000 0.100000 0.200000 0.300000 0.400000 0.500000 0.600000 0.700000 0.800000 0.900000 1.000000 1.100000 1.200000 1.300000 1.400000 1.500000 1.600000 1.700000 1.800000 1.900000 2.000000 2.100000 2.200000 2.300000 2.400000 2.500000 2.600000 2.700000 2.800000 2.900000 3.000000 3.100000 3.200000 3.300000 3.400000 3.500000 3.600000 3.700000 3.800000 3.900000 4.000000 4.100000 4.200000 4.300000 4.400000 4.500000 4.600000 4.700000 4.800000 4.900000 5.000000 5.100000 5.200000 5.300000 5.400000 5.500000 5.600000 5.700000 5.800000 5.900000 6.000000 6.100000 6.200000 6.300000 6.400000 6.500000 6.600000 6.700000 6.800000 6.900000 7.000000 7.100000 7.200000 7.300000 7.400000 7.500000 7.600000 7.700000 7.800000 7.900000 8.000000 8.100000 8.200000 8.300000 8.400000 8.500000 8.600000 8.700000 8.800000 8.900000 9.000000 9.100000 9.200000 9.300000 9.400000 9.500000 9.600000 9.700000 9.800000 9.900000 10.000000 
#
# matrix elements [MeV fm^3] 
  0.00000045   0.00043409   0.00080033   0.00105895   0.00120633   0.00126360   0.00125998   0.00122158   0.00116730   0.00110899   0.00105321   0.00100301   0.00095932   0.00092190   0.00088988   0.00086218   0.00083766   0.00081528   0.00079409   0.00077335   0.00075245   0.00073095   0.00070853   0.00068504   0.00066039   0.00063461   0.00060780   0.00058011   0.00055172   0.00052285   0.00049374   0.00046460   0.00043568   0.00040718   0.00037930   0.00035221   0.00032607   0.00030100   0.00027710   0.00025444   0.00023307   0.00021301   0.00019428   0.00017686   0.00016072   0.00014582   0.00013211   0.00011954   0.00010803   0.00009753   0.00008795   0.00007924   0.00007131   0.00006412   0.00005758   0.00005165   0.00004626   0.00004137   0.00003693   0.00003289   0.00002922   0.00002588   0.00002285   0.00002009   0.00001758   0.00001530   0.00001323   0.00001136   0.00000966   0.00000813   0.00000675   0.00000551   0.00000440   0.00000342   0.00000255   0.00000178   0.00000111   0.00000052   0.00000002  -0.00000041  -0.00000076  -0.00000106  -0.00000130  -0.00000149  -0.00000164  -0.00000175  -0.00000182  -0.00000186  -0.00000187  -0.00000187  -0.00000184  -0.00000180  -0.00000174  -0.00000168  -0.00000160  -0.00000153  -0.00000144  -0.00000136  -0.00000127  -0.00000119  -0.00000110 
  0.00043409   0.42246144   0.78119275   1.03778388   1.18722371   1.24835374   1.24869719   1.21357977   1.16172481   1.10510110   1.05044441   1.00097069   0.95773779   0.92058235   0.88871646   0.86108957   0.83659955   0.81421025   0.79301239   0.77225021   0.75132785   0.72980364   0.70737761   0.68387535   0.65923011   0.63346461   0.60667328   0.57900544   0.55064996   0.52182137   0.49274776   0.46366041   0.43478513   0.40633531   0.37850657   0.35147287   0.32538394   0.30036392   0.27651102   0.25389799   0.23257335   0.21256310   0.19387290   0.17649042   0.16038792   0.14552483   0.13185030   0.11930561   0.10782646   0.09734501   0.08779171   0.07909685   0.07119189   0.06401052   0.05748947   0.05156916   0.04619405   0.04131292   0.03687895   0.03284966   0.02918675   0.02585595   0.02282667   0.02007176   0.01756710   0.01529134   0.01322554   0.01135283   0.00965817   0.00812803   0.00675016   0.00551342   0.00440753   0.00342299   0.00255092   0.00178293   0.00111113   0.00052797   0.00002628  -0.00040079  -0.00075981  -0.00105704  -0.00129844  -0.00148970  -0.00163618  -0.00174298  -0.00181485  -0.00185626  -0.00187136  -0.00186399  -0.00183767  -0.00179561  -0.00174074  -0.00167569  -0.00160281  -0.00152418  -0.00144163  -0.00135675  -0.00127091  -0.00118528  -0.00110084 
  0.00080033   0.78119275   1.45620413   1.95615774   2.26472696   2.40774124   2.43070265   2.37940794   2.28998239   2.18677555   2.08420421   1.98962796   1.90590028   1.83323144   1.77042070   1.71562409   1.66681226   1.62203164   1.57954393   1.53789154   1.49591840   1.45276413   1.40784283   1.36081331   1.31154527   1.26008420   1.20661677   1.15143801   1.09492105   1.03748986   0.97959526   0.92169443   0.86423378   0.80763517   0.75228528   0.69852788   0.64665875   0.59692299   0.54951425   0.50457578   0.46220277   0.42244580   0.38531512   0.35078537   0.31880066   0.28927967   0.26212077   0.23720679   0.21440955   0.19359388   0.17462132   0.15735313   0.14165296   0.12738896   0.11443536   0.10267375   0.09199382   0.08229386   0.07348091   0.06547066   0.05818717   0.05156243   0.04553585   0.04005359   0.03506790   0.03053650   0.02642189   0.02269070   0.01931315   0.01626248   0.01351447   0.01104705   0.00883992   0.00687425   0.00513243   0.00359790   0.00225497   0.00108869   0.00008484  -0.00077022  -0.00148950  -0.00208545  -0.00256994  -0.00295426  -0.00324913  -0.00346465  -0.00361033  -0.00369506  -0.00372711  -0.00371414  -0.00366318  -0.00358065  -0.00347240  -0.00334367  -0.00319916  -0.00304303  -0.00287896  -0.00271012  -0.00253926  -0.00236871  -0.00220043 
  0.00105895   1.03778388   1.95615774   2.66975330   3.14591825   3.40163934   3.48464304   3.45132245   3.35130538   3.22108074   3.08401634   2.95317416   2.83455605   2.72977633   2.63796004   2.55698407   2.48424514   2.41711326   2.35318478   2.29041056   2.22714754   2.16216398   2.09461710   2.02401512   1.95017126   1.87315431   1.79323932   1.71086012   1.62656526   1.54097812   1.45476179   1.36858878   1.28311585   1.19896359   1.11670074   1.03683270   0.95979403   0.88594443   0.81556759   0.74887273   0.68599808   0.62701598   0.57193916   0.52072779   0.47329700   0.42952444   0.38925781   0.35232199   0.31852571   0.28766755   0.25954133   0.23394066   0.21066285   0.18951198   0.17030134   0.15285516   0.13700988   0.12261471   0.10953192   0.09763668   0.08681664   0.07697122   0.06801087   0.05985606   0.05243634   0.04568933   0.03955972   0.03399837   0.02896138   0.02440935   0.02030661   0.01662065   0.01332155   0.01038156   0.00777471   0.00547653   0.00346385   0.00171458   0.00020763  -0.00107718  -0.00215916  -0.00305679  -0.00378771  -0.00436870  -0.00481571  -0.00514380  -0.00536713  -0.00549897  -0.00555165  -0.00553662  -0.00546438  -0.00534456  -0.00518586  -0.00499618  -0.00478254  -0.00455120  -0.00430765  -0.00405668  -0.00380241  -0.00354837  -0.00329750 
  0.00120633   1.18722371   2.26472696   3.14591825   3.78413270   4.17756474   4.36074198   4.38734111   4.31284763   4.18335137   4.03159306   3.87789095   3.73307316   3.60156839   3.48389392   3.37841333   3.28248519   3.19317294   3.10766053   3.02347871   2.93861196   2.85153167   2.76118456   2.66695464   2.56861080   2.46624741   2.36022312   2.25110109   2.13959273   2.02650655   1.91270265   1.79905354   1.68641129   1.57558101   1.46730023   1.36222399   1.26091490   1.16383790   1.07135873   0.98374595   0.90117541   0.82373700   0.75144285   0.68423655   0.62200298   0.56457830   0.51175971   0.46331486   0.41899057   0.37852068   0.34163312   0.30805584   0.27752193   0.24977362   0.22456546   0.20166661   0.18086235   0.16195498   0.14476400   0.12912600   0.11489399   0.10193654   0.09013671   0.07939074   0.06960681   0.06070369   0.05260942   0.04526007   0.03859861   0.03257381   0.02713937   0.02225302   0.01787587   0.01397180   0.01050701   0.00744961   0.00476933   0.00243732   0.00042597  -0.00129116  -0.00273941  -0.00394307  -0.00492534  -0.00570832  -0.00631305  -0.00675940  -0.00706608  -0.00725065  -0.00732945  -0.00731762  -0.00722912  -0.00707671  -0.00687198  -0.00662542  -0.00634639  -0.00604323  -0.00572327  -0.00539291  -0.00505768  -0.00472227  -0.00439066 
  0.00126360   1.24835374   2.40774124   3.40163934   4.17756474   4.71526431   5.02779563   5.15383684   5.14421420   5.04866914   4.90749126   4.74882779   4.58981235   4.43924323   4.30033550   4.17293190   4.05507064   3.94401394   3.83688356   3.73102961   3.62422540   3.51475150   3.40141100   3.28350286   3.16077105   3.03334094   2.90165050   2.76638126   2.62839223   2.48865906   2.34821962   2.20812677   2.06940866   1.93303650   1.79989955   1.67078685   1.54637519   1.42722255   1.31376634   1.20632574   1.10510721   1.01021270   0.92164965   0.83934228   0.76314360   0.69284758   0.62820115   0.56891565   0.51467746   0.46515769   0.42002066   0.37893127   0.34156112   0.30759346   0.27672699   0.24867866   0.22318547   0.20000546   0.17891804   0.15972367   0.14224309   0.12631622   0.11180074   0.09857061   0.08651436   0.07553351   0.06554091   0.05645923   0.04821949   0.04075980   0.03402418   0.02796156   0.02252489   0.01767047   0.01335730   0.00954669   0.00620183   0.00328757   0.00077025  -0.00138245  -0.00320158  -0.00471690  -0.00595693  -0.00694886  -0.00771860  -0.00829067  -0.00868821  -0.00893291  -0.00904503  -0.00904336  -0.00894521  -0.00876645  -0.00852152  -0.00822348  -0.00788402  -0.00751356  -0.00712127  -0.00671517  -0.00630220  -0.00588829  -0.00547842 
  0.00125998   1.24869719   2.43070265   3.48464304   4.36074198   5.02779563   5.47864598   5.73085327   5.82082662   5.79341544   5.69156700   5.54975384   5.39191712   5.23250435   5.07878482   4.93323031   4.79544104   4.66352107   4.53498511   4.40731845   4.27829834   4.14615778   4.00964818   3.86803878   3.72107798   3.56893304   3.41211920   3.25142538   3.08784130   2.92248927   2.75656246   2.59127092   2.42779597   2.26725296   2.11066232   1.95892835   1.81282519   1.67298916   1.53991672   1.41396712   1.29536887   1.18422928   1.08054611   0.98422079   0.89507240   0.81285189   0.73725612   0.66794116   0.60453478   0.54664764   0.49388327   0.44584660   0.40215106   0.36242434   0.32631278   0.29348457   0.26363180   0.23647160   0.21174642   0.18922358   0.16869440   0.14997277   0.13289351   0.11731053   0.10309486   0.09013271   0.07832353   0.06757820   0.05781729   0.04896960   0.04097071   0.03376184   0.02728882   0.02150124   0.01635178   0.01179566   0.00779020   0.00429459   0.00126960  -0.00132249  -0.00351797  -0.00535174  -0.00685728  -0.00806662  -0.00901027  -0.00971721  -0.01021479  -0.01052873  -0.01068306  -0.01070010  -0.01060047  -0.01040308  -0.01012517  -0.00978234  -0.00938861  -0.00895645  -0.00849691  -0.00801962  -0.00753297  -0.00704411  -0.00655910 
  0.00122158   1.21357977   2.37940794   3.45132245   4.38734111   5.15383684   5.73085327   6.11661347   6.32839406   6.39815302   6.36434529   6.26359639   6.12531641   5.96997824   5.80997034   5.65154743   5.49686298   5.34563099   5.19632251   5.04695803   4.89559589   4.74060883   4.58081911   4.41554232   4.24457406   4.06814258   3.88684280   3.70156188   3.51340339   3.32361450   3.13351906   2.94445857   2.75774174   2.57460316   2.39617102   2.22344340   2.05727248   1.89835599   1.74723486   1.60429620   1.46978064   1.34379305   1.22631569   1.11722316   1.01629820   0.92324769   0.83771858   0.75931285   0.68760163   0.62213781   0.56246727   0.50813849   0.45871052   0.41375940   0.37288309   0.33570499   0.30187618   0.27107664   0.24301546   0.21743032   0.19408632   0.17277438   0.15330930   0.13552759   0.11928519   0.10445525   0.09092587   0.07859801   0.06738354   0.05720347   0.04798640   0.03966712   0.03218552   0.02548555   0.01951450   0.01422239   0.00956146   0.00548590   0.00195159  -0.00108405  -0.00366208  -0.00582207  -0.00760210  -0.00903865  -0.01016659  -0.01101907  -0.01162747  -0.01202134  -0.01222832  -0.01227418  -0.01218272  -0.01197583  -0.01167350  -0.01129384  -0.01085315  -0.01036599  -0.00984525  -0.00930223  -0.00874674  -0.00818721  -0.00763080 
  0.00116730   1.16172481   2.28998239   3.35130538   4.31284763   5.14421420   5.82082662   6.32839406   6.66686662   6.85149077   6.90952185   6.87365020   6.77513209   6.63924117   6.48374220   6.31954647   6.15233325   5.98427354   5.81545679   5.64492665   5.47136925   5.29353618   5.11048031   4.92166565   4.72699551   4.52678990   4.32173307   4.11280539   3.90120919   3.68829494   3.47549183   3.26424547   3.05596426   2.85197501   2.65348804   2.46157156   2.27713449   2.10091712   1.93348865   1.77525045   1.62644413   1.48716333   1.35736827   1.23690216   1.12550854   1.02284903   0.92852072   0.84207275   0.76302172   0.69086566   0.62509624   0.56520934   0.51071378   0.46113828   0.41603679   0.37499228   0.33761913   0.30356433   0.27250763   0.24416083   0.21826644   0.19459579   0.17294678   0.15314143   0.13502333   0.11845504   0.10331558   0.08949810   0.07690767   0.06545927   0.05507610   0.04568799   0.03723016   0.02964216   0.02286696   0.01685034   0.01154036   0.00688700   0.00284193  -0.00064160  -0.00360887  -0.00610364  -0.00816811  -0.00984286  -0.01116676  -0.01217686  -0.01290829  -0.01339424  -0.01366581  -0.01375202  -0.01367979  -0.01347388  -0.01315697  -0.01274964  -0.01227046  -0.01173605  -0.01116114  -0.01055870  -0.00994002  -0.00931482  -0.00869138 
  0.00110899   1.10510110   2.18677555   3.22108074   4.18335137   5.04866914   5.79341544   6.39815302   6.85149077   7.15359409   7.31733017   7.36575660   7.32674094   7.22718553   7.08910472   6.92822741   6.75447263   6.57328640   6.38709846   6.19654387   6.00135663   5.80096522   5.59485727   5.38277949   5.16482624   4.94145579   4.71346193   4.48191995   4.24811992   4.01349615   3.77955844   3.54782905   3.31978748   3.09682445   2.88020541   2.67104350   2.47028155   2.27868221   2.09682543   1.92511205   1.76377256   1.61287983   1.47236481   1.34203421   1.22158927   1.11064487   1.00874823   0.91539685   0.83005505   0.75216897   0.68117974   0.61653475   0.55769700   0.50415246   0.45541577   0.41103414   0.37058985   0.33370135   0.30002334   0.26924583   0.24109260   0.21531900   0.19170942   0.17007454   0.15024849   0.13208591   0.11545924   0.10025608   0.08637674   0.07373211   0.06224168   0.05183191   0.04243481   0.03398678   0.02642771   0.01970019   0.01374906   0.00852098   0.00396422   0.00002851  -0.00333498  -0.00617363  -0.00853330  -0.01045821  -0.01199086  -0.01317185  -0.01403982  -0.01463132  -0.01498073  -0.01512019  -0.01507955  -0.01488637  -0.01456595  -0.01414127  -0.01363315  -0.01306024  -0.01243913  -0.01178447  -0.01110903  -0.01042387  -0.00973843 
  0.00105321   1.05044441   2.08420421   3.08401634   4.03159306   4.90749126   5.69156700   6.36434529   6.90952185   7.31733017   7.58766491   7.73124722   7.76767479   7.72094700   7.61453621   7.46795299   7.29544416   7.10631468   6.90602353   6.69741249   6.48175061   6.25950402   6.03085016   5.79599166   5.55532579   5.30951611   5.05950059   4.80646105   4.55177088   4.29693296   4.04351550   3.79309108   3.54718215   3.30721486   3.07448212   2.85011609   2.63506974   2.43010696   2.23580001   2.05253363   1.88051433   1.71978398   1.57023654   1.43163673   1.30364004   1.18581287   1.07765248   0.97860584   0.88808722   0.80549395   0.73022035   0.66166955   0.59926328   0.54244956   0.49070856   0.44355660   0.40054864   0.36127924   0.32538253   0.29253102   0.26243375   0.23483391   0.20950591   0.18625241   0.16490109   0.14530153   0.12732218   0.11084746   0.09577514   0.08201399   0.06948165   0.05810289   0.04780802   0.03853172   0.03021201   0.02278950   0.01620683   0.01040830   0.00533962   0.00094778  -0.00281892  -0.00601087  -0.00867704  -0.01086482  -0.01261989  -0.01398608  -0.01500519  -0.01571690  -0.01615860  -0.01636538  -0.01636990  -0.01620239  -0.01589066  -0.01546005  -0.01493358  -0.01433191  -0.01367350  -0.01297466  -0.01224969  -0.01151099  -0.01076920 
  0.00100301   1.00097069   1.98962796   2.95317416   3.87789095   4.74882779   5.54975384   6.26359639   6.87365020   7.36575660   7.73124722   7.96972412   8.09020046   8.10956202   8.04879346   7.92871986   7.76696478   7.57672603   7.36697063   7.14332903   6.90913089   6.66629798   6.41600730   6.15913545   5.89652922   5.62915032   5.35813441   5.08479498   4.81059389   4.53709393   4.26590396   3.99862351   3.73679155   3.48184214   3.23506841   2.99759556   2.77036282   2.55411369   2.34939394   2.15655606   1.97576930   1.80703390   1.65019864   1.50498047   1.37098534   1.24772933   1.13465935   1.03117292   0.93663637   0.85040129   0.77181889   0.70025232   0.63508660   0.57573665   0.52165310   0.47232631   0.42728877   0.38611593   0.34842588   0.31387795   0.28217063   0.25303877   0.22625046   0.20160369   0.17892285   0.15805537   0.13886834   0.12124548   0.10508431   0.09029354   0.07679088   0.06450113   0.05335453   0.04328549   0.03423151   0.02613241   0.01892975   0.01256647   0.00698662   0.00213531  -0.00204134  -0.00559606  -0.00858031  -0.01104415  -0.01303600  -0.01460248  -0.01578825  -0.01663578  -0.01718527  -0.01747453  -0.01753885  -0.01741102  -0.01712124  -0.01669716  -0.01616392  -0.01554418  -0.01485823  -0.01412408  -0.01335756  -0.01257246  -0.01178063 
  0.00095932   0.95773779   1.90590028   2.83455605   3.73307316   4.58981235   5.39191712   6.12531641   6.77513209   7.32674094   7.76767479   8.09020046   8.29379468   8.38623318   8.38235729   8.30085187   8.16052767   7.97760289   7.76454700   7.53017310   7.28036488   7.01895007   6.74846486   6.47072627   6.18721745   5.89932258   5.60845228   5.31609452   5.02381769   4.73324526   4.44601566   4.16373678   3.88794101   3.62004503   3.36131641   3.11284838   2.87554290   2.65010179   2.43702547   2.23661803   2.04899789   1.87411282   1.71175805   1.56159670   1.42318119   1.29597516   1.17937470   1.07272870   0.97535758   0.88657005   0.80567790   0.73200838   0.66491441   0.60378252   0.54803866   0.49715216   0.45063787   0.40805682   0.36901560   0.33316475   0.30019626   0.26984054   0.24186299   0.21606032   0.19225678   0.17030054   0.15006007   0.13142089   0.11428251   0.09855572   0.08416027   0.07102274   0.05907497   0.04825257   0.03849392   0.02973931   0.02193039   0.01500976   0.00892079   0.00360753  -0.00098524  -0.00491190  -0.00822582  -0.01097913  -0.01322252  -0.01500497  -0.01637359  -0.01737337  -0.01804701  -0.01843482  -0.01857455  -0.01850136  -0.01824776  -0.01784359  -0.01731608  -0.01668984  -0.01598699  -0.01522721  -0.01442788  -0.01360419  -0.01276928 
  0.00092190   0.92058235   1.83323144   2.72977633   3.60156839   4.43924323   5.23250435   5.96997824   6.63924117   7.22718553   7.72094700   8.10956202   8.38623318   8.55053266   8.60942458   8.57625996   8.46799526   8.30191782   8.09319910   7.85380079   7.59248617   7.31540931   7.02685313   6.72988582   6.42685708   6.11973447   5.81030978   5.50031042   5.19144606   4.88541408   4.58388078   4.28845061   4.00063134   3.72180061   3.45317736   3.19579963   2.95050994   2.71794799   2.49855051   2.29255730   2.10002266   1.92083097   1.75471550   1.60127931   1.46001721   1.33033805   1.21158640   1.10306319   1.00404467   0.91379942   0.83160319   0.75675132   0.68856895   0.62641879   0.56970687   0.51788618   0.47045864   0.42697541   0.38703604   0.35028647   0.31641622   0.28515507   0.25626925   0.22955753   0.20484713   0.18198980   0.16085809   0.14134175   0.12334460   0.10678163   0.09157650   0.07765945   0.06496551   0.05343306   0.04300275   0.03361662   0.02521758   0.01774899   0.01115452   0.00537807   0.00036387  -0.00394336  -0.00759824  -0.01065438  -0.01316420  -0.01517860  -0.01674674  -0.01791576  -0.01873059  -0.01923376  -0.01946530  -0.01946256  -0.01926022  -0.01889022  -0.01838179  -0.01776146  -0.01705313  -0.01627816  -0.01545548  -0.01460173  -0.01373134 
  0.00088988   0.88871646   1.77042070   2.63796004   3.48389392   4.30033550   5.07878482   5.80997034   6.48374220   7.08910472   7.61453621   8.04879346   8.38235729   8.60942458   8.72987031   8.75019576   8.68269627   8.54303632   8.34734341   8.10999307   7.84257409   7.55383726   7.25017247   6.93623448   6.61550967   6.29074927   5.96426600   5.63811853   5.31421343   4.99435117   4.68023632   4.37346733   4.07551618   3.78770518   3.51118536   3.24691935   2.99567022   2.75799663   2.53425446   2.32460410   2.12902282   1.94732107   1.77916186   1.62408198   1.48151441   1.35081075   1.23126312   1.12212489   1.02262969   0.93200837   0.84950374   0.77438295   0.70594735   0.64354019   0.58655194   0.53442378   0.48664909   0.44277355   0.40239383   0.36515529   0.33074884   0.29890721   0.26940090   0.24203389   0.21663936   0.19307545   0.17122131   0.15097336   0.13224193   0.11494825   0.09902187   0.08439841   0.07101774   0.05882252   0.04775707   0.03776650   0.02879616   0.02079128   0.01369682   0.00745747   0.00201773  -0.00267781  -0.00668430  -0.01005626  -0.01284727  -0.01510966  -0.01689420  -0.01824982  -0.01922335  -0.01985929  -0.02019966  -0.02028387  -0.02014862  -0.01982781  -0.01935258  -0.01875133  -0.01804970  -0.01727072  -0.01643488  -0.01556024  -0.01466259 
  0.00086218   0.86108957   1.71562409   2.55698407   3.37841333   4.17293190   4.93323031   5.65154743   6.31954647   6.92822741   7.46795299   7.92871986   8.30085187   8.57625996   8.75019576   8.82299934   8.80097097   8.69567135   8.52178937   8.29454610   8.02768099   7.73247408   7.41764820   7.08975561   6.75371172   6.41328808   6.07149425   5.73084302   5.39351863   5.06147352   4.73647619   4.42012832   4.11386408   3.81894098   3.53642832   3.26719717   3.01191420   2.77104050   2.54483560   2.33336663   2.13652185   1.95402779   1.78546918   1.63031056   1.48791882   1.35758574   1.23854991   1.13001726   1.03118000   0.94123333   0.85938991   0.78489192   0.71702063   0.65510369   0.59852014   0.54670337   0.49914236   0.45538128   0.41501782   0.37770050   0.34312513   0.31103081   0.28119546   0.25343127   0.22758015   0.20350926   0.18110679   0.16027810   0.14094215   0.12302841   0.10647412   0.09122200   0.07721839   0.06441172   0.05275134   0.04218670   0.03266681   0.02413986   0.01655312   0.00985300   0.00398516  -0.00110520  -0.00547304  -0.00917313  -0.01225964  -0.01478582  -0.01680361  -0.01836331  -0.01951330  -0.02029977  -0.02076651  -0.02095474  -0.02090299  -0.02064703  -0.02021982  -0.01965150  -0.01896946  -0.01819834  -0.01736018  -0.01647451  -0.01555846 
  0.00083766   0.83659955   1.66681226   2.48424514   3.28248519   4.05507064   4.79544104   5.49686298   6.15233325   6.75447263   7.29544416   7.76696478   8.16052767   8.46799526   8.68269627   8.80097097   8.82372904   8.75724656   8.61256922   8.40362371   8.14488651   7.84954681   7.52858469   7.19064045   6.84232912   6.48869961   6.13366762   5.78035633   5.43133733   5.08878748   4.75458360   4.43035445   4.11750576   3.81722971   3.53050692   3.25810604   3.00058460   2.75829267   2.53138042   2.31980962   2.12336878   1.94169145   1.77427667   1.62051101   1.47969120   1.35104659   1.23376091   1.12699259   1.02989326   0.94162413   0.86137004   0.78835104   0.72183151   0.66112694   0.60560848   0.55470542   0.50790597   0.46475635   0.42485877   0.38786824   0.35348872   0.32146868   0.29159634   0.26369485   0.23761739   0.21324251   0.19046974   0.16921544   0.14940923   0.13099062   0.11390631   0.09810777   0.08354929   0.07018652   0.05797519   0.04687036   0.03682584   0.02779389   0.01972510   0.01256854   0.00627188   0.00078175  -0.00395590  -0.00799543  -0.01139101  -0.01419627  -0.01646384  -0.01824498  -0.01958925  -0.02054419  -0.02115510  -0.02146479  -0.02151346  -0.02133856  -0.02097474  -0.02045385  -0.01980490  -0.01905415  -0.01822517  -0.01733893  -0.01641393 
  0.00081528   0.81421025   1.62203164   2.41711326   3.19317294   3.94401394   4.66352107   5.34563099   5.98427354   6.57328640   7.10631468   7.57672603   7.97760289   8.30191782   8.54303632   8.69567135   8.75724656   8.72928646   8.61814271   8.43447921   8.19158920   7.90329293   7.58225799   7.23913283   6.88239464   6.51860747   6.15282139   5.78895715   5.43011431   5.07879368   4.73704694   4.40657149   4.08876798   3.78477375   3.49548233   3.22155592   2.96343535   2.72135035   2.49533175   2.28522624   2.09071367   1.91132670   1.74647218   1.59545352   1.45749340   1.33175623   1.21736949   1.11344369   1.01909042   0.93343816   0.85564577   0.78491347   0.72049139   0.66168577   0.60786288   0.55845103   0.51294075   0.47088343   0.43188876   0.39562118   0.36179555   0.33017238   0.30055274   0.27277308   0.24670013   0.22222599   0.19926350   0.17774197   0.15760340   0.13879912   0.12128685   0.10502831   0.08998723   0.07612777   0.06341338   0.05180589   0.04126507   0.03174830   0.02321052   0.01560435   0.00888037   0.00298743  -0.00212690  -0.00651586  -0.01023303  -0.01333185  -0.01586514  -0.01788468  -0.01944084  -0.02058218  -0.02135518  -0.02180401  -0.02197032  -0.02189308  -0.02160852  -0.02115005  -0.02054828  -0.01983099  -0.01902327  -0.01814752  -0.01722362 
  0.00079409   0.79301239   1.57954393   2.35318478   3.10766053   3.83688356   4.53498511   5.19632251   5.81545679   6.38709846   6.90602353   7.36697063   7.76454700   8.09319910   8.34734341   8.52178937   8.61256922   8.61814271   8.54063992   8.38652240   8.16613522   7.89220024   7.57791397   7.23540979   6.87494628   6.50474321   6.13119626   5.75922860   5.39263708   5.03437484   4.68676020   4.35162168   4.03039492   3.72418618   3.43381410   3.15983856   2.90258262   2.66215140   2.43845039   2.23120443   2.03997800   1.86419670   1.70316975   1.55611296   1.42217160   1.30044269   1.18999601   1.08989361   0.99920718   0.91703329   0.84250614   0.77480790   0.71317648   0.65691114   0.60537572   0.55800005   0.51427949   0.47377309   0.43610052   0.40093801   0.36801364   0.33710216   0.30801959   0.28061771   0.25477873   0.23041009   0.20743967   0.18581141   0.16548129   0.14641390   0.12857946   0.11195133   0.09650395   0.08221130   0.06904568   0.05697690   0.04597173   0.03599372   0.02700309   0.01895699   0.01180970   0.00551312   0.00001720  -0.00472953  -0.00877942  -0.01218516  -0.01499925  -0.01727353  -0.01905875  -0.02040413  -0.02135705  -0.02196274  -0.02226409  -0.02230140  -0.02211232  -0.02173171  -0.02119166  -0.02052144  -0.01974760  -0.01889396  -0.01798178 
  0.00077335   0.77225021   1.53789154   2.29041056   3.02347871   3.73102961   4.40731845   5.04695803   5.64492665   6.19654387   6.69741249   7.14332903   7.53017310   7.85380079   8.10999307   8.29454610   8.40362371   8.43447921   8.38652240   8.26243360   8.06876643   7.81555596   7.51496518   7.17955993   6.82089996   6.44878173   6.07107009   5.69388050   5.32189303   4.95866816   4.60690954   4.26866287   3.94545849   3.63841109   3.34828914   3.07556434   2.82044878   2.58292480   2.36277129   2.15958824   1.97282081   1.80178342   1.64568376   1.50364660   1.37473700   1.25798250   1.15239379   1.05698370   0.97078391   0.89285946   0.82232071   0.75833290   0.70012321   0.64698553   0.59828304   0.55344890   0.51198523   0.47346062   0.43750656   0.40381291   0.37212273   0.34222674   0.31395755   0.28718388   0.26180490   0.23774491   0.21494827   0.19337486   0.17299600   0.15379084   0.13574334   0.11883969   0.10306623   0.08840789   0.07484692   0.06236215   0.05092840   0.04051633   0.03109241   0.02261916   0.01505544   0.00835697   0.00247679  -0.00263409  -0.00702615  -0.01075076  -0.01385956  -0.01640400  -0.01843476  -0.02000134  -0.02115169  -0.02193184  -0.02238563  -0.02255450  -0.02247734  -0.02219033  -0.02172694  -0.02111785  -0.02039100  -0.01957160  -0.01868227 
  0.00075245   0.75132785   1.49591840   2.22714754   2.93861196   3.62422540   4.27829834   4.89559589   5.47136925   6.00135663   6.48175061   6.90913089   7.28036488   7.59248617   7.84257409   8.02768099   8.14488651   8.19158920   8.16613522   8.06876643   7.90262262   7.67429300   7.39347297   7.07174534   6.72101340   6.35221000   5.97459383   5.59558314   5.22091389   4.85492447   4.50084738   4.16105657   3.83725881   3.53063508   3.24194318   2.97159259   2.71970052   2.48613577   2.27055514   2.07243516   1.89110119   1.72575491   1.57550041   1.43936931   1.31634450   1.20538241   1.10543345   1.01546041   0.93445458   0.86144944   0.79553184   0.73585069   0.68162321   0.63213888   0.58676130   0.54492815   0.50614948   0.47000466   0.43613824   0.40425492   0.37411394   0.34552318   0.31833299   0.29243015   0.26773193   0.24418056   0.22173794   0.20038100   0.18009740   0.16088194   0.14273331   0.12565156   0.10963596   0.09468336   0.08078697   0.06793557   0.05611297   0.04529787   0.03546385   0.02657966   0.01860953   0.01151377   0.00524927  -0.00022984  -0.00497153  -0.00902523  -0.01244124  -0.01527005  -0.01756188  -0.01936611  -0.02073090  -0.02170274  -0.02232620  -0.02264361  -0.02269492  -0.02251747  -0.02214597  -0.02161242  -0.02094607  -0.02017350  -0.01931864 
  0.00073095   0.72980364   1.45276413   2.16216398   2.85153167   3.51475150   4.14615778   4.74060883   5.29353618   5.80096522   6.25950402   6.66629798   7.01895007   7.31540931   7.55383726   7.73247408   7.84954681   7.90329293   7.89220024   7.81555596   7.67429300   7.47189562   7.21490673   6.91262793   6.57602070   6.21628164   5.84366011   5.46680689   5.09261442   4.72635775   4.37195632   4.03224644   3.70921628   3.40419151   3.11797584   2.85095624   2.60318218   2.37442686   2.16423630   1.97197033   1.79683812   1.63793011   1.49424707   1.36472699   1.24826976   1.14375974   1.05008616   0.96616106   0.89093477   0.82340887   0.76264654   0.70778039   0.65801783   0.61264426   0.57102408   0.53259992   0.49689029   0.46348588   0.43204487   0.40228739   0.37398950   0.34697681   0.32111807   0.29631875   0.27251492   0.24966737   0.22775631   0.20677638   0.18673241   0.16763554   0.14950005   0.13234064   0.11617034   0.10099875   0.08683088   0.07366632   0.06149871   0.05031562   0.04009856   0.03082328   0.02246020   0.01497493   0.00832891   0.00248010  -0.00261636  -0.00700739  -0.01074133  -0.01386728  -0.01643451  -0.01849187  -0.02008735  -0.02126759  -0.02207759  -0.02256034  -0.02275661  -0.02270474  -0.02244054  -0.02199720  -0.02140523  -0.02069247  -0.01988415 
  0.00070853   0.70737761   1.40784283   2.09461710   2.76118456   3.40141100   4.00964818   4.58081911   5.11048031   5.59485727   6.03085016   6.41600730   6.74846486   7.02685313   7.25017247   7.41764820   7.52858469   7.58225799   7.57791397   7.51496518   7.39347297   7.21490673   6.98296695   6.70405502   6.38701264   6.04213064   5.67985291   5.30969397   4.93963849   4.57599124   4.22350600   3.88562913   3.56475656   3.26245856   2.97966039   2.71678208   2.47384528   2.25055571   2.04636804   1.86053839   1.69216822   1.54024200   1.40366024   1.28126884   1.17188525   1.07432179   0.98740613   0.90999901   0.84100922   0.77940584   0.72422782   0.67459098   0.62969252   0.58881339   0.55131848   0.51665517   0.48435021   0.45400549   0.42529273   0.39794742   0.37176242   0.34658116   0.32229086   0.29881583   0.27611111   0.25415637   0.23295038   0.21250593   0.19284539   0.17399679   0.15599049   0.13885647   0.12262211   0.10731046   0.09293902   0.07951890   0.06705431   0.05554243   0.04497343   0.03533083   0.02659193   0.01872837   0.01170682   0.00548970   0.00003593  -0.00469832  -0.00875893  -0.01219305  -0.01504855  -0.01737331  -0.01921476  -0.02061937  -0.02163224  -0.02229675  -0.02265427  -0.02274394  -0.02260252  -0.02226424  -0.02176076  -0.02112113  -0.02037179 
  0.00068504   0.68387535   1.36081331   2.02401512   2.66695464   3.28350286   3.86803878   4.41554232   4.92166565   5.38277949   5.79599166   6.15913545   6.47072627   6.72988582   6.93623448   7.08975561   7.19064045   7.23913283   7.23540979   7.17955993   7.07174534   6.91262793   6.70405502   6.44981190   6.15606036   5.83111440   5.48454631   5.12600723   4.76423704   4.40651244   4.05850877   3.72442048   3.40719015   3.10875230   2.83024932   2.57220745   2.33467513   2.11733054   1.91956576   1.74055366   1.57930221   1.43469960   1.30555247   1.19061868   1.08863562   0.99834477   0.91851261   0.84794846   0.78551905   0.73016024   0.68088593   0.63679418   0.59707105   0.56099205   0.52792165   0.49731104   0.46869439   0.44168394   0.41596418   0.39128532   0.36745638   0.34433805   0.32183557   0.29989177   0.27848035   0.25759969   0.23726705   0.21751337   0.19837866   0.17990803   0.16214820   0.14514477   0.12893991   0.11357058   0.09906731   0.08545333   0.07274401   0.06094678   0.05006116   0.04007909   0.03098541   0.02275847   0.01537081   0.00878996   0.00297922  -0.00210160  -0.00649530  -0.01024663  -0.01340153  -0.01600650  -0.01810802  -0.01975200  -0.02098333  -0.02184547  -0.02238017  -0.02262714  -0.02262391  -0.02240560  -0.02200489  -0.02145194  -0.02077435 
  0.00066039   0.65923011   1.31154527   1.95017126   2.56861080   3.16077105   3.72107798   4.24457406   4.72699551   5.16482624   5.55532579   5.89652922   6.18721745   6.42685708   6.61550967   6.75371172   6.84232912   6.88239464   6.87494628   6.82089996   6.72101340   6.57602070   6.38701264   6.15606036   5.88690800   5.58538540   5.25921754   4.91721866   4.56821897   4.22015931   3.87958534   3.55152224   3.23958918   2.94621621   2.67287656   2.42029427   2.18861534   1.97754388   1.78644904   1.61444948   1.46048066   1.32334944   1.20177898   1.09444616   1.00001288   0.91715251   0.84457181   0.78102913   0.72534892   0.67643315   0.63326957   0.59493728   0.56060974   0.52955556   0.50113724   0.47480824   0.45010863   0.42665956   0.40415689   0.38236423   0.36110554   0.34025767   0.31974291   0.29952167   0.27958563   0.25995123   0.24065372   0.22174185   0.20327306   0.18530936   0.16791388   0.15114792   0.13506863   0.11972719   0.10516751   0.09142535   0.07852776   0.06649295   0.05533032   0.04504086   0.03561754   0.02704602   0.01930536   0.01236878   0.00620453   0.00077669  -0.00395399  -0.00802928  -0.01149275  -0.01438906  -0.01676332  -0.01866048  -0.02012489  -0.02119983  -0.02192710  -0.02234678  -0.02249694  -0.02241344  -0.02212984  -0.02167729  -0.02108445 
  0.00063461   0.63346461   1.26008420   1.87315431   2.46624741   3.03334094   3.56893304   4.06814258   4.52678990   4.94145579   5.30951611   5.62915032   5.89932258   6.11973447   6.29074927   6.41328808   6.48869961   6.51860747   6.50474321   6.44878173   6.35221000   6.21628164   6.04213064   5.83111440   5.58538540   5.30853306   5.00597513   4.68479854   4.35303335   4.01867582   3.68886086   3.36939942   3.06466613   2.77770942   2.51045769   2.26394104   2.03849078   1.83390528   1.64958287   1.48462699   1.33792948   1.20823694   1.09420424   0.99443790   0.90753162   0.83209537   0.76677897   0.71029115   0.66141439   0.61901624   0.58205727   0.54959611   0.52079189   0.49490436   0.47129201   0.44940847   0.42879760   0.40908740   0.38998310   0.37125978   0.35275460   0.33435889   0.31601042   0.29768588   0.27939367   0.26116725   0.24305899   0.22513468   0.20746860   0.19013930   0.17322597   0.15680548   0.14094992   0.12572478   0.11118754   0.09738675   0.08436148   0.07214114   0.06074550   0.05018504   0.04046145   0.03156827   0.02349158   0.01621091   0.00970001   0.00392777  -0.00114094  -0.00554444  -0.00932343  -0.01252026  -0.01517824  -0.01734101  -0.01905200  -0.02035395  -0.02128849  -0.02189576  -0.02221418  -0.02228015  -0.02212795  -0.02178957  -0.02129465 
  0.00060780   0.60667328   1.20661677   1.79323932   2.36022312   2.90165050   3.41211920   3.88684280   4.32173307   4.71346193   5.05950059   5.35813441   5.60845228   5.81030978   5.96426600   6.07149425   6.13366762   6.15282139   6.13119626   6.07107009   5.97459383   5.84366011   5.67985291   5.48454631   5.25921754   5.00597513   4.72815756   4.43070709   4.12003960   3.80339078   3.48792672   3.17998732   2.88466357   2.60569775   2.34558982   2.10579385   1.88692950   1.68897333   1.51141858   1.35340390   1.21381550   1.09136804   0.98466883   0.89226904   0.81270468   0.74452944   0.68634073   0.63680021   0.59464947   0.55872155   0.52794892   0.50136824   0.47812232   0.45745978   0.43873261   0.42139207   0.40498316   0.38913811   0.37356900   0.35805994   0.34245889   0.32666952   0.31064309   0.29437066   0.27787570   0.26120723   0.24443344   0.22763605   0.21090528   0.19433546   0.17802129   0.16205477   0.14652270   0.13150472   0.11707189   0.10328566   0.09019732   0.07784773   0.06626741   0.05547676   0.04548662   0.03629888   0.02790721   0.02029792   0.01345083   0.00734016   0.00193539  -0.00279781  -0.00689680  -0.01040116  -0.01335196  -0.01579114  -0.01776084  -0.01930293  -0.02045852  -0.02126759  -0.02176864  -0.02199841  -0.02199171  -0.02178124  -0.02139747 
  0.00058011   0.57900544   1.15143801   1.71086012   2.25110109   2.76638126   3.25142538   3.70156188   4.11280539   4.48191995   4.80646105   5.08479498   5.31609452   5.50031042   5.63811853   5.73084302   5.78035633   5.78895715   5.75922860   5.69388050   5.59558314   5.46680689   5.30969397   5.12600723   4.91721866   4.68479854   4.43070709   4.15795612   3.87096816   3.57547279   3.27791815   2.98466054   2.70127234   2.43215586   2.18045490   1.94815780   1.73628435   1.54508721   1.37423458   1.22296328   1.09020237   0.97467119   0.87495687   0.78957531   0.71701927   0.65579626   0.60445800   0.56162320   0.52599465   0.49637155   0.47165772   0.45086643   0.43312217   0.41765997   0.40382254   0.39105579   0.37890283   0.36699704   0.35505431   0.34286483   0.33028457   0.31722684   0.30365389   0.28956887   0.27500824   0.26003466   0.24473048   0.22919192   0.21352387   0.19783536   0.18223578   0.16683159   0.15172379   0.13700583   0.12276213   0.10906699   0.09598396   0.08356553   0.07185316   0.06087751   0.05065892   0.04120805   0.03252661   0.02460819   0.01743915   0.01099953   0.00526395   0.00020255  -0.00421822  -0.00803471  -0.01128534  -0.01400989  -0.01624886  -0.01804289  -0.01943226  -0.02045648  -0.02115387  -0.02156130  -0.02171391  -0.02164493  -0.02138552 
  0.00055172   0.55064996   1.09492105   1.62656526   2.13959273   2.62839223   3.08784130   3.51340339   3.90120919   4.24811992   4.55177088   4.81059389   5.02381769   5.19144606   5.31421343   5.39351863   5.43133733   5.43011431   5.39263708   5.32189303   5.22091389   5.09261442   4.93963849   4.76423704   4.56821897   4.35303335   4.12003960   3.87096816   3.60845031   3.33636454   3.05975678   2.78431065   2.51560830   2.25849662   2.01673399   1.79291213   1.58855539   1.40429836   1.24007706   1.09530255   0.96900670   0.85995984   0.76676390   0.68792566   0.62191376   0.56720319   0.52230939   0.48581427   0.45638538   0.43278966   0.41390240   0.39871243   0.38632404   0.37595615   0.36693928   0.35871075   0.35080843   0.34286339   0.33459190   0.32578683   0.31630894   0.30607805   0.29506451   0.28328085   0.27077400   0.25761802   0.24390738   0.22975098   0.21526681   0.20057730   0.18580534   0.17107095   0.15648857   0.14216492   0.12819739   0.11467287   0.10166707   0.08924410   0.07745648   0.06634533   0.05594077   0.04626257   0.03732085   0.02911690   0.02164408   0.01488872   0.00883104   0.00344610  -0.00129533  -0.00542595  -0.00898106  -0.01199790  -0.01451492  -0.01657117  -0.01820578  -0.01945746  -0.02036411  -0.02096244  -0.02128772  -0.02137351  -0.02125152 
