# coconut-me2b/v0.99.21 
# 
# momentum space matrix elements 
# partial wave J=2, L=2/2, S=0, T=1, MT=0 
# 
# momentum grid [fm^-1]
0.000000 0.100000 0.200000 0.300000 0.400000 0.500000 0.600000 0.700000 0.800000 0.900000 1.000000 1.100000 1.200000 1.300000 1.400000 1.500000 1.600000 1.700000 1.800000 1.900000 2.000000 2.100000 2.200000 2.300000 2.400000 2.500000 2.600000 2.700000 2.800000 2.900000 3.000000 3.100000 3.200000 3.300000 3.400000 3.500000 3.600000 3.700000 3.800000 3.900000 4.000000 4.100000 4.200000 4.300000 4.400000 4.500000 4.600000 4.700000 4.800000 4.900000 5.000000 5.100000 5.200000 5.300000 5.400000 5.500000 5.600000 5.700000 5.800000 5.900000 6.000000 6.100000 6.200000 6.300000 6.400000 6.500000 6.600000 6.700000 6.800000 6.900000 7.000000 7.100000 7.200000 7.300000 7.400000 7.500000 7.600000 7.700000 7.800000 7.900000 8.000000 8.100000 8.200000 8.300000 8.400000 8.500000 8.600000 8.700000 8.800000 8.900000 9.000000 9.100000 9.200000 9.300000 9.400000 9.500000 9.600000 9.700000 9.800000 9.900000 10.000000 
#
# matrix elements [MeV fm^3] 
  0.00000000  -0.00000000  -0.00000001  -0.00000002  -0.00000003  -0.00000003  -0.00000003  -0.00000003  -0.00000003  -0.00000003  -0.00000002  -0.00000002  -0.00000002  -0.00000002  -0.00000002  -0.00000002  -0.00000002  -0.00000001  -0.00000001  -0.00000001  -0.00000001  -0.00000001  -0.00000001  -0.00000001  -0.00000001  -0.00000001  -0.00000001  -0.00000001  -0.00000000  -0.00000000  -0.00000000  -0.00000000  -0.00000000  -0.00000000  -0.00000000  -0.00000000  -0.00000000  -0.00000000  -0.00000000  -0.00000000   0.00000000   0.00000000   0.00000000   0.00000000   0.00000000   0.00000000   0.00000000   0.00000000   0.00000000   0.00000000   0.00000000   0.00000000   0.00000000   0.00000000   0.00000000   0.00000000   0.00000000   0.00000000   0.00000000   0.00000000   0.00000000   0.00000000   0.00000000   0.00000000   0.00000000   0.00000000   0.00000000   0.00000000   0.00000000   0.00000000   0.00000000   0.00000000   0.00000000   0.00000000   0.00000000   0.00000000   0.00000000   0.00000000   0.00000000   0.00000000   0.00000000   0.00000000   0.00000000   0.00000000   0.00000000   0.00000000   0.00000000   0.00000000   0.00000000   0.00000000  -0.00000000  -0.00000000  -0.00000000  -0.00000000  -0.00000000  -0.00000000  -0.00000000  -0.00000000  -0.00000000  -0.00000000  -0.00000000 
 -0.00000000  -0.00330150  -0.01143495  -0.02056026  -0.02749836  -0.03110139  -0.03183118  -0.03074174  -0.02878731  -0.02659288  -0.02448270  -0.02258232  -0.02090976  -0.01943555  -0.01811598  -0.01690914  -0.01578113  -0.01470735  -0.01367168  -0.01266480  -0.01168249  -0.01072408  -0.00979124  -0.00888695  -0.00801479  -0.00717848  -0.00638143  -0.00562660  -0.00491630  -0.00425218  -0.00363519  -0.00306562  -0.00254314  -0.00206689  -0.00163556  -0.00124743  -0.00090048  -0.00059248  -0.00032102  -0.00008361   0.00012227   0.00029916   0.00044954   0.00057579   0.00068021   0.00076499   0.00083214   0.00088359   0.00092107   0.00094623   0.00096052   0.00096532   0.00096184   0.00095119   0.00093440   0.00091236   0.00088590   0.00085576   0.00082263   0.00078709   0.00074971   0.00071097   0.00067133   0.00063119   0.00059091   0.00055081   0.00051119   0.00047230   0.00043437   0.00039759   0.00036213   0.00032812   0.00029569   0.00026492   0.00023587   0.00020859   0.00018312   0.00015944   0.00013756   0.00011745   0.00009906   0.00008236   0.00006727   0.00005373   0.00004167   0.00003099   0.00002162   0.00001346   0.00000644   0.00000045  -0.00000459  -0.00000877  -0.00001217  -0.00001487  -0.00001695  -0.00001849  -0.00001955  -0.00002020  -0.00002049  -0.00002048  -0.00002023 
 -0.00000001  -0.01143495  -0.04018377  -0.07373372  -0.10081824  -0.11640110  -0.12120451  -0.11862813  -0.11217142  -0.10432453  -0.09648509  -0.08926392  -0.08281628  -0.07707938  -0.07191242  -0.06716777  -0.06272125  -0.05848096  -0.05438590  -0.05040077  -0.04650975  -0.04271079  -0.03901085  -0.03542207  -0.03195902  -0.02863661  -0.02546871  -0.02246723  -0.01964162  -0.01699861  -0.01454215  -0.01227357  -0.01019174  -0.00829336  -0.00657330  -0.00502485  -0.00364010  -0.00241022  -0.00132572  -0.00037676   0.00044671   0.00115468   0.00175698   0.00226311   0.00268220   0.00302287   0.00329323   0.00350085   0.00365271   0.00375526   0.00381439   0.00383550   0.00382347   0.00378275   0.00371736   0.00363092   0.00352673   0.00340775   0.00327668   0.00313594   0.00298772   0.00283400   0.00267658   0.00251707   0.00235693   0.00219745   0.00203979   0.00188499   0.00173395   0.00158744   0.00144614   0.00131061   0.00118131   0.00105860   0.00094275   0.00083394   0.00073227   0.00063779   0.00055044   0.00047013   0.00039671   0.00032998   0.00026969   0.00021558   0.00016734   0.00012465   0.00008717   0.00005454   0.00002641   0.00000243  -0.00001776  -0.00003450  -0.00004814  -0.00005899  -0.00006736  -0.00007355  -0.00007782  -0.00008045  -0.00008166  -0.00008167  -0.00008068 
 -0.00000002  -0.02056026  -0.07373372  -0.13930280  -0.19682730  -0.23456832  -0.25103932  -0.25112123  -0.24134225  -0.22705522  -0.21164529  -0.19682878  -0.18324146  -0.17094137  -0.15973801  -0.14937493  -0.13961664  -0.13028117  -0.12124512  -0.11243663  -0.10382426  -0.09540569  -0.08719786  -0.07922895  -0.07153235  -0.06414213  -0.05709002  -0.05040337  -0.04410397  -0.03820753  -0.03272356  -0.02765560  -0.02300172  -0.01875511  -0.01490473  -0.01143608  -0.00833185  -0.00557266  -0.00313763  -0.00100499   0.00084744   0.00244182   0.00379992   0.00494289   0.00589097   0.00666335   0.00727810   0.00775205   0.00810081   0.00833875   0.00847905   0.00853373   0.00851373   0.00842900   0.00828852   0.00810045   0.00787216   0.00761031   0.00732093   0.00700947   0.00668087   0.00633959   0.00598966   0.00563472   0.00527804   0.00492257   0.00457093   0.00422543   0.00388813   0.00356079   0.00324493   0.00294183   0.00265253   0.00237787   0.00211845   0.00187471   0.00164690   0.00143509   0.00123921   0.00105905   0.00089428   0.00074447   0.00060908   0.00048750   0.00037907   0.00028306   0.00019872   0.00012527   0.00006192   0.00000786  -0.00003768  -0.00007549  -0.00010631  -0.00013086  -0.00014985  -0.00016393  -0.00017370  -0.00017976  -0.00018262  -0.00018277  -0.00018067 
 -0.00000003  -0.02749836  -0.10081824  -0.19682730  -0.28903198  -0.35817086  -0.39713759  -0.40909998  -0.40216120  -0.38462257  -0.36263638  -0.33985687  -0.31802241  -0.29769720  -0.27884926  -0.26121245  -0.24448037  -0.22839389  -0.21276978  -0.19750026  -0.18254036  -0.16789198  -0.15358865  -0.13968263  -0.12623475  -0.11330691  -0.10095677  -0.08923421  -0.07817934  -0.06782145  -0.05817887  -0.04925936  -0.04106095  -0.03357291  -0.02677705  -0.02064888  -0.01515893  -0.01027392  -0.00595785  -0.00217306   0.00111894   0.00395668   0.00637812   0.00842012   0.01011805   0.01150552   0.01261414   0.01347345   0.01411083   0.01455154   0.01481875   0.01493364   0.01491548   0.01478179   0.01454849   0.01422995   0.01383923   0.01338812   0.01288731   0.01234648   0.01177439   0.01117897   0.01056741   0.00994618   0.00932113   0.00869749   0.00807996   0.00747269   0.00687933   0.00630308   0.00574666   0.00521238   0.00470212   0.00421739   0.00375931   0.00332869   0.00292599   0.00255139   0.00220478   0.00188583   0.00159397   0.00132847   0.00108839   0.00087268   0.00068018   0.00050964   0.00035971   0.00022905   0.00011625   0.00001992  -0.00006133  -0.00012887  -0.00018401  -0.00022804  -0.00026217  -0.00028757  -0.00030532  -0.00031644  -0.00032188  -0.00032249  -0.00031906 
 -0.00000003  -0.03110139  -0.11640110  -0.23456832  -0.35817086  -0.46281267  -0.53419671  -0.56996109  -0.57640461  -0.56318621  -0.53918109  -0.51066498  -0.48126563  -0.45267210  -0.42541759  -0.39946533  -0.37456800  -0.35045640  -0.32692150  -0.30383798  -0.28115928  -0.25890141  -0.23712408  -0.21591337  -0.19536746  -0.17558562  -0.15666032  -0.13867200  -0.12168589  -0.10575044  -0.09089709  -0.07714080  -0.06448130  -0.05290467  -0.04238516  -0.03288719  -0.02436719  -0.01677553  -0.01005819  -0.00415835   0.00098223   0.00542206   0.00921890   0.01242894   0.01510625   0.01730223   0.01906535   0.02044094   0.02147108   0.02219463   0.02264730   0.02286176   0.02286780   0.02269252   0.02236054   0.02189418   0.02131369   0.02063743   0.01988201   0.01906254   0.01819268   0.01728483   0.01635021   0.01539899   0.01444032   0.01348243   0.01253270   0.01159768   0.01068312   0.00979408   0.00893487   0.00810916   0.00731995   0.00656967   0.00586015   0.00519268   0.00456807   0.00398665   0.00344834   0.00295265   0.00249876   0.00208557   0.00171170   0.00137553   0.00107531   0.00080910   0.00057488   0.00037055   0.00019397   0.00004299  -0.00008453  -0.00019069  -0.00027755  -0.00034707  -0.00040116  -0.00044160  -0.00047008  -0.00048818  -0.00049737  -0.00049899  -0.00049426 
 -0.00000003  -0.03183118  -0.12120451  -0.25103932  -0.39713759  -0.53419671  -0.64243471  -0.71215825  -0.74414601  -0.74618299  -0.72830974  -0.69931316  -0.66530338  -0.62981415  -0.59452958  -0.56004144  -0.52640715  -0.49348946  -0.46113316  -0.42924028  -0.39778957  -0.36682927  -0.33645941  -0.30681229  -0.27803481  -0.25027431  -0.22366804  -0.19833594  -0.17437626  -0.15186331  -0.13084706  -0.11135385  -0.09338814  -0.07693467  -0.06196107  -0.04842061  -0.03625490  -0.02539656  -0.01577162  -0.00730182   0.00009345   0.00649546   0.01198469   0.01663966   0.02053608   0.02374607   0.02633779   0.02837505   0.02991726   0.03101932   0.03173177   0.03210091   0.03216906   0.03197474   0.03155303   0.03093577   0.03015188   0.02922763   0.02818685   0.02705120   0.02584033   0.02457209   0.02326267   0.02192673   0.02057752   0.01922698   0.01788577   0.01656344   0.01526839   0.01400795   0.01278848   0.01161534   0.01049300   0.00942503   0.00841418   0.00746245   0.00657110   0.00574070   0.00497124   0.00426214   0.00361231   0.00302026   0.00248408   0.00200156   0.00157022   0.00118738   0.00085018   0.00055568   0.00030085   0.00008265  -0.00010195  -0.00025594  -0.00038222  -0.00048361  -0.00056280  -0.00062234  -0.00066465  -0.00069199  -0.00070643  -0.00070992  -0.00070420 
 -0.00000003  -0.03074174  -0.11862813  -0.25112123  -0.40909998  -0.56996109  -0.71215825  -0.82009116  -0.88728898  -0.91623314  -0.91513990  -0.89382309  -0.86070863  -0.82166961  -0.78017690  -0.73798358  -0.69582465  -0.65393104  -0.61234285  -0.57107218  -0.53017201  -0.48975331  -0.44997741  -0.41103889  -0.37314700  -0.33650929  -0.30131885  -0.26774518  -0.23592852  -0.20597695  -0.17796565  -0.15193792  -0.12790728  -0.10586044  -0.08576067  -0.06755146  -0.05116012  -0.03650138  -0.02348061  -0.01199689  -0.00194566   0.00677897   0.01428228   0.02066734   0.02603375   0.03047670   0.03408631   0.03694718   0.03913817   0.04073236   0.04179713   0.04239434   0.04258059   0.04240757   0.04192236   0.04116783   0.04018299   0.03900330   0.03766101   0.03618549   0.03460342   0.03293909   0.03121455   0.02944983   0.02766303   0.02587052   0.02408695   0.02232542   0.02059753   0.01891343   0.01728192   0.01571047   0.01420533   0.01277154   0.01141303   0.01013267   0.00893236   0.00781306   0.00677490   0.00581727   0.00493885   0.00413774   0.00341151   0.00275727   0.00217180   0.00165154   0.00119276   0.00079151   0.00044381   0.00014558  -0.00010721  -0.00031855  -0.00049234  -0.00063236  -0.00074221  -0.00082534  -0.00088500  -0.00092421  -0.00094581  -0.00095240  -0.00094637 
 -0.00000003  -0.02878731  -0.11217142  -0.24134225  -0.40216120  -0.57640461  -0.74414601  -0.88728898  -0.99337852  -1.05800838  -1.08446006  -1.08084034  -1.05648996  -1.01940626  -0.97524548  -0.92747010  -0.87796477  -0.82766609  -0.77702780  -0.72630587  -0.67570775  -0.62545590  -0.57580408  -0.52703085  -0.47942450  -0.43326679  -0.38881899  -0.34631132  -0.30593616  -0.26784441  -0.23214451  -0.19890360  -0.16815015  -0.13987758  -0.11404859  -0.09059972  -0.06944599  -0.05048546  -0.03360345  -0.01867641  -0.00557539   0.00583092   0.01567372   0.02408193   0.03118059   0.03708955   0.04192260   0.04578683   0.04878230   0.05100198   0.05253175   0.05345064   0.05383113   0.05373955   0.05323646   0.05237709   0.05121183   0.04978656   0.04814315   0.04631972   0.04435105   0.04226882   0.04010187   0.03787642   0.03561626   0.03334288   0.03107563   0.02883180   0.02662676   0.02447398   0.02238521   0.02037045   0.01843810   0.01659501   0.01484657   0.01319679   0.01164838   0.01020286   0.00886067   0.00762122   0.00648303   0.00544385   0.00450071   0.00365006   0.00288786   0.00220968   0.00161078   0.00108619   0.00063083   0.00023952  -0.00009288  -0.00037149  -0.00060131  -0.00078717  -0.00093372  -0.00104539  -0.00112637  -0.00118059  -0.00121169  -0.00122306  -0.00121778 
 -0.00000003  -0.02659288  -0.10432453  -0.22705522  -0.38462257  -0.56318621  -0.74618299  -0.91623314  -1.05800838  -1.16133553  -1.22312644  -1.24697921  -1.24066356  -1.21298812  -1.17154254  -1.12181154  -1.06729481  -1.01004633  -0.95123312  -0.89155200  -0.83148747  -0.77144828  -0.71182690  -0.65301599  -0.59540413  -0.53936382  -0.48523840  -0.43333118  -0.38389787  -0.33714240  -0.29321577  -0.25221726  -0.21419755  -0.17916313  -0.14708142  -0.11788643  -0.09148443  -0.06775955  -0.04657905  -0.02779813  -0.01126431   0.00317883   0.01568842   0.02641963   0.03552355   0.04314555   0.04942409   0.05448986   0.05846536   0.06146466   0.06359347   0.06494929   0.06562178   0.06569317   0.06523873   0.06432732   0.06302184   0.06137979   0.05945368   0.05729150   0.05493707   0.05243044   0.04980813   0.04710343   0.04434658   0.04156500   0.03878340   0.03602394   0.03330634   0.03064800   0.02806409   0.02556761   0.02316954   0.02087891   0.01870288   0.01664689   0.01471473   0.01290869   0.01122963   0.00967717   0.00824976   0.00694486   0.00575902   0.00468804   0.00372707   0.00287076   0.00211336   0.00144880   0.00087086   0.00037317  -0.00005062  -0.00040683  -0.00070163  -0.00094104  -0.00113083  -0.00127653  -0.00138335  -0.00145621  -0.00149967  -0.00151797  -0.00151499 
 -0.00000002  -0.02448270  -0.09648509  -0.21164529  -0.36263638  -0.53918109  -0.72830974  -0.91513990  -1.08446006  -1.22312644  -1.32266192  -1.38086135  -1.40140878  -1.39167194  -1.35995107  -1.31347687  -1.25760439  -1.19589680  -1.13059023  -1.06308529  -0.99431855  -0.92499528  -0.85571472  -0.78702630  -0.71944713  -0.65346069  -0.58950840  -0.52798029  -0.46920766  -0.41345878  -0.36093756  -0.31178499  -0.26608271  -0.22385801  -0.18508996  -0.14971601  -0.11763876  -0.08873271  -0.06285056  -0.03982907  -0.01949436  -0.00166653   0.01383641   0.02719518   0.03858664   0.04818168   0.05614365   0.06262736   0.06777834   0.07173256   0.07461638   0.07654672   0.07763141   0.07796961   0.07765236   0.07676316   0.07537852   0.07356852   0.07139738   0.06892389   0.06620194   0.06328082   0.06020565   0.05701762   0.05375425   0.05044962   0.04713455   0.04383675   0.04058095   0.03738902   0.03428012   0.03127076   0.02837495   0.02560430   0.02296813   0.02047363   0.01812595   0.01592838   0.01388246   0.01198816   0.01024402   0.00864731   0.00719420   0.00587987   0.00469872   0.00364449   0.00271040   0.00188928   0.00117370   0.00055607   0.00002878  -0.00041576  -0.00078500  -0.00108619  -0.00132633  -0.00151211  -0.00164986  -0.00174557  -0.00180480  -0.00183272  -0.00183408 
 -0.00000002  -0.02258232  -0.08926392  -0.19682878  -0.33985687  -0.51066498  -0.69931316  -0.89382309  -1.08084034  -1.24697921  -1.38086135  -1.47533104  -1.52882167  -1.54500679  -1.53086097  -1.49422771  -1.44202779  -1.37951460  -1.31032178  -1.23685976  -1.16074648  -1.08313781  -1.00493768  -0.92691332  -0.84974910  -0.77406550  -0.70042104  -0.62930784  -0.56114616  -0.49628075  -0.43497985  -0.37743684  -0.32377421  -0.27404926  -0.22826104  -0.18635795  -0.14824561  -0.11379469  -0.08284833  -0.05522911  -0.03074530  -0.00919639   0.00962214   0.02591484   0.03988300   0.05172213   0.06161996   0.06975512   0.07629620   0.08140130   0.08521782   0.08788265   0.08952241   0.09025395   0.09018488   0.08941420   0.08803290   0.08612458   0.08376604   0.08102784   0.07797478   0.07466633   0.07115704   0.06749684   0.06373135   0.05990210   0.05604675   0.05219924   0.04838998   0.04464595   0.04099085   0.03744525   0.03402669   0.03074979   0.02762647   0.02466602   0.02187530   0.01925887   0.01681921   0.01455687   0.01247066   0.01055781   0.00881422   0.00723459   0.00581262   0.00454117   0.00341249   0.00241827   0.00154991   0.00079857   0.00015531  -0.00038874  -0.00084237  -0.00121413  -0.00151230  -0.00174481  -0.00191919  -0.00204256  -0.00212157  -0.00216238  -0.00217069 
 -0.00000002  -0.02090976  -0.08281628  -0.18324146  -0.31802241  -0.48126563  -0.66530338  -0.86070863  -1.05648996  -1.24066356  -1.40140878  -1.52882167  -1.61682599  -1.66435457  -1.67503789  -1.65549256  -1.61315877  -1.55468576  -1.48523814  -1.40851100  -1.32706630  -1.24270981  -1.15678512  -1.07036367  -0.98435138  -0.89954054  -0.81663063  -0.73623363  -0.65887348  -0.58498452  -0.51491150  -0.44891173  -0.38715953  -0.32975256  -0.27671952  -0.22802869  -0.18359683  -0.14329809  -0.10697257  -0.07443435  -0.04547877  -0.01988891   0.00255877   0.02208971   0.03892731   0.05328985   0.06538804   0.07542335   0.08358677   0.09005814   0.09500583   0.09858677   0.10094667   0.10222048   0.10253293   0.10199916   0.10072533   0.09880934   0.09634137   0.09340456   0.09007546   0.08642456   0.08251666   0.07841127   0.07416288   0.06982127   0.06543166   0.06103497   0.05666793   0.05236329   0.04814994   0.04405302   0.04009415   0.03629148   0.03265994   0.02921134   0.02595462   0.02289598   0.02003912   0.01738541   0.01493417   0.01268281   0.01062712   0.00876143   0.00707885   0.00557150   0.00423065   0.00304697   0.00201065   0.00111161   0.00033963  -0.00031554  -0.00086400  -0.00131567  -0.00168016  -0.00196668  -0.00218403  -0.00234052  -0.00244393  -0.00250152  -0.00251998 
 -0.00000002  -0.01943555  -0.07707938  -0.17094137  -0.29769720  -0.45267210  -0.62981415  -0.82166961  -1.01940626  -1.21298812  -1.39167194  -1.54500679  -1.66435457  -1.74455338  -1.78495005  -1.78912502  -1.76337538  -1.71478228  -1.64974855  -1.57334973  -1.48932182  -1.40034595  -1.30837841  -1.21491291  -1.12115285  -1.02811047  -0.93665743  -0.84754734  -0.76142450  -0.67882702  -0.60018903  -0.52584399  -0.45602981  -0.39089581  -0.33051109  -0.27487398  -0.22392182  -0.17754094  -0.13557630  -0.09784055  -0.06412241  -0.03419404  -0.00781762   0.01524912   0.03524829   0.05241811   0.06699005   0.07918658   0.08921977   0.09729021   0.10358659   0.10828550   0.11155165   0.11353816   0.11438713   0.11423021   0.11318927   0.11137707   0.10889788   0.10584809   0.10231678   0.09838620   0.09413222   0.08962469   0.08492778   0.08010023   0.07519562   0.07026253   0.06534475   0.06048144   0.05570729   0.05105266   0.04654377   0.04220283   0.03804828   0.03409493   0.03035417   0.02683422   0.02354035   0.02047507   0.01763847   0.01502839   0.01264070   0.01046955   0.00850763   0.00674639   0.00517628   0.00378696   0.00256753   0.00150668   0.00059292  -0.00018534  -0.00083957  -0.00138105  -0.00182074  -0.00216919  -0.00243650  -0.00263223  -0.00276534  -0.00284424  -0.00287666 
 -0.00000002  -0.01811598  -0.07191242  -0.15973801  -0.27884926  -0.42541759  -0.59452958  -0.78017690  -0.97524548  -1.17154254  -1.35995107  -1.53086097  -1.67503789  -1.78495005  -1.85622664  -1.88856813  -1.88550428  -1.85304429  -1.79794226  -1.72636752  -1.64329638  -1.55247809  -1.45667552  -1.35795494  -1.25792049  -1.15787114  -1.05889332  -0.96191033  -0.86770676  -0.77694019  -0.69014784  -0.60775204  -0.53006657  -0.45730434  -0.38958648  -0.32695248  -0.26937084  -0.21674999  -0.16894890  -0.12578720  -0.08705450  -0.05251882  -0.02193403   0.00495379   0.02840101   0.04866203   0.06598586   0.08061344   0.09277580   0.10269268   0.11057185   0.11660875   0.12098648   0.12387606   0.12543689   0.12581729   0.12515508   0.12357830   0.12120579   0.11814781   0.11450661   0.11037690   0.10584633   0.10099583   0.09589999   0.09062728   0.08524033   0.07979615   0.07434625   0.06893691   0.06360925   0.05839947   0.05333900   0.04845466   0.04376892   0.03930004   0.03506238   0.03106656   0.02731979   0.02382612   0.02058668   0.01760001   0.01486235   0.01236787   0.01010902   0.00807677   0.00626086   0.00465007   0.00323249   0.00199565   0.00092682   0.00001312  -0.00075826  -0.00139998  -0.00192435  -0.00234329  -0.00266821  -0.00290996  -0.00307875  -0.00318414  -0.00323499 
 -0.00000002  -0.01690914  -0.06716777  -0.14937493  -0.26121245  -0.39946533  -0.56004144  -0.73798358  -0.92747010  -1.12181154  -1.31347687  -1.49422771  -1.65549256  -1.78912502  -1.88856813  -1.95014109  -1.97384782  -1.96316453  -1.92383426  -1.86230442  -1.78451409  -1.69532391  -1.59846526  -1.49674411  -1.39229624  -1.28679775  -1.18160865  -1.07785975  -0.97650117  -0.87832832  -0.78399636  -0.69402978  -0.60883084  -0.52868837  -0.45378764  -0.38422112  -0.31999991  -0.26106542  -0.20730091  -0.15854248  -0.11458939  -0.07521344  -0.04016726  -0.00919155   0.01797879   0.04160961   0.06196340   0.07929617   0.09385509   0.10587677   0.11558628   0.12319648   0.12890788   0.13290873   0.13537529   0.13647237   0.13635380   0.13516308   0.13303395   0.13009099   0.12645013   0.12221913   0.11749808   0.11237966   0.10694957   0.10128673   0.09546355   0.08954614   0.08359447   0.07766258   0.07179872   0.06604555   0.06044031   0.05501502   0.04979673   0.04480770   0.04006568   0.03558421   0.03137285   0.02743753   0.02378082   0.02040228   0.01729878   0.01446481   0.01189279   0.00957339   0.00749584   0.00564819   0.00401761   0.00259060   0.00135326   0.00029149  -0.00060884  -0.00136172  -0.00198082  -0.00247942  -0.00287027  -0.00316551  -0.00337662  -0.00351438  -0.00358879 
 -0.00000002  -0.01578113  -0.06272125  -0.13961664  -0.24448037  -0.37456800  -0.52640715  -0.69582465  -0.87796477  -1.06729481  -1.25760439  -1.44202779  -1.61315877  -1.76337538  -1.88550428  -1.97384782  -2.02532597  -2.04019910  -2.02188196  -1.97586375  -1.90829606  -1.82488452  -1.73035451  -1.62838819  -1.52179753  -1.41275013  -1.30295897  -1.19381428  -1.08646542  -0.98186845  -0.88081346  -0.78394123  -0.69175542  -0.60463325  -0.52283644  -0.44652267  -0.37575760  -0.31052726  -0.25075026  -0.19628967  -0.14696415  -0.10255821  -0.06283139  -0.02752634   0.00362434   0.03089221   0.05454838   0.07485968   0.09208586   0.10647746   0.11827442   0.12770511   0.13498598   0.14032136   0.14390363   0.14591359   0.14652083   0.14588427   0.14415269   0.14146522   0.13795189   0.13373399   0.12892456   0.12362867   0.11794374   0.11195982   0.10575977   0.09941949   0.09300808   0.08658803   0.08021536   0.07393985   0.06780518   0.06184917   0.05610401   0.05059650   0.04534834   0.04037643   0.03569316   0.03130675   0.02722161   0.02343869   0.01995581   0.01676806   0.01386811   0.01124659   0.00889240   0.00679305   0.00493495   0.00330371   0.00188436   0.00066165  -0.00037978  -0.00125521  -0.00197964  -0.00256767  -0.00303338  -0.00339025  -0.00365101  -0.00382768  -0.00393146 
 -0.00000001  -0.01470735  -0.05848096  -0.13028117  -0.22839389  -0.35045640  -0.49348946  -0.65393104  -0.82766609  -1.01004633  -1.19589680  -1.37951460  -1.55468576  -1.71478228  -1.85304429  -1.96316453  -2.04019910  -2.08158634  -2.08779685  -2.06217117  -2.00994939  -1.93699176  -1.84876355  -1.74983501  -1.64380978  -1.53347251  -1.42098943  -1.30808017  -1.19613934  -1.08631378  -0.97954927  -0.87661867  -0.77814047  -0.68459288  -0.59632636  -0.51357604  -0.43647437  -0.36506398  -0.29931053  -0.23911523  -0.18432670  -0.13475200  -0.09016663  -0.05032337  -0.01495998   0.01619432   0.04341343   0.06697003   0.08713216   0.10416067   0.11830731   0.12981355   0.13890973   0.14581474   0.15073593   0.15386924   0.15539946   0.15550064   0.15433650   0.15206082   0.14881793   0.14474299   0.13996242   0.13459417   0.12874797   0.12252557   0.11602091   0.10932035   0.10250275   0.09563972   0.08879572   0.08202826   0.07538810   0.06891947   0.06266030   0.05664250   0.05089224   0.04543030   0.04027237   0.03542946   0.03090822   0.02671137   0.02283808   0.01928434   0.01604339   0.01310609   0.01046126   0.00809607   0.00599639   0.00414707   0.00253223   0.00113558  -0.00005937  -0.00106912  -0.00190994  -0.00259773  -0.00314788  -0.00357514  -0.00389355  -0.00411636  -0.00425598 
 -0.00000001  -0.01367168  -0.05438590  -0.12124512  -0.21276978  -0.32692150  -0.46113316  -0.61234285  -0.77702780  -0.95123312  -1.13059023  -1.31032178  -1.48523814  -1.64974855  -1.79794226  -1.92383426  -2.02188196  -2.08779685  -2.11945830  -2.11750168  -2.08517710  -2.02747544  -1.94996622  -1.85786652  -1.75557330  -1.64658634  -1.53363468  -1.41885563  -1.30395098  -1.19029930  -1.07902909  -0.97106422  -0.86715278  -0.76788673  -0.67371747  -0.58496966  -0.50185461  -0.42448367  -0.35288147  -0.28699896  -0.22672585  -0.17190225  -0.12232941  -0.07777929  -0.03800296  -0.00273782   0.02828629   0.05534214   0.07870106   0.09862990   0.11538864   0.12922875   0.14039202   0.14910989   0.15560306   0.16008144   0.16274416   0.16377980   0.16336668   0.16167311   0.15885772   0.15506974   0.15044927   0.14512750   0.13922695   0.13286158   0.12613699   0.11915057   0.11199158   0.10474136   0.09747343   0.09025369   0.08314060   0.07618539   0.06943233   0.06291903   0.05667668   0.05073049   0.04509996   0.03979935   0.03483801   0.03022087   0.02594882   0.02201915   0.01842601   0.01516076   0.01221244   0.00956816   0.00721342   0.00513252   0.00330886   0.00172525   0.00036416  -0.00079200  -0.00176070  -0.00255908  -0.00320377  -0.00371082  -0.00409552  -0.00437236  -0.00455496 
 -0.00000001  -0.01266480  -0.05040077  -0.11243663  -0.19750026  -0.30383798  -0.42924028  -0.57107218  -0.72630587  -0.89155200  -1.06308529  -1.23685976  -1.40851100  -1.57334973  -1.72636752  -1.86230442  -1.97586375  -2.06217117  -2.11750168  -2.14010347  -2.13073275  -2.09253165  -2.03023923  -1.94913366  -1.85417701  -1.74957814  -1.63871260  -1.52423144  -1.40822162  -1.29234849  -1.17795982  -1.06615487  -0.95782860  -0.85370049  -0.75433505  -0.66015823  -0.57147193  -0.48846806  -0.41124208  -0.33980642  -0.27410327  -0.21401676  -0.15938424  -0.11000646  -0.06565667  -0.02608856   0.00895708   0.03974662   0.06654904   0.08963227   0.10926025   0.12569089   0.13917439   0.14995227   0.15825661   0.16430968   0.16832373   0.17050101   0.17103380   0.17010456   0.16788607   0.16454160   0.16022508   0.15508121   0.14924560   0.14284488   0.13599677   0.12881022   0.12138545   0.11381412   0.10617941   0.09855619   0.09101124   0.08360341   0.07638390   0.06939659   0.06267827   0.05625911   0.05016296   0.04440783   0.03900627   0.03396584   0.02928961   0.02497655   0.02102206   0.01741840   0.01415511   0.01121948   0.00859696   0.00627150   0.00422597   0.00244245   0.00090254  -0.00041235  -0.00152076  -0.00244097  -0.00319085  -0.00378764  -0.00424787  -0.00458727  -0.00482065 
 -0.00000001  -0.01168249  -0.04650975  -0.10382426  -0.18254036  -0.28115928  -0.39778957  -0.53017201  -0.67570775  -0.83148747  -0.99431855  -1.16074648  -1.32706630  -1.48932182  -1.64329638  -1.78451409  -1.90829606  -2.00994939  -2.08517710  -2.13073275  -2.14516665  -2.12931502  -2.08619497  -2.02029086  -1.93658956  -1.83979375  -1.73391376  -1.62218610  -1.50716752  -1.39087934  -1.27493769  -1.16064993  -1.04907988  -0.94109039  -0.83737185  -0.73846302  -0.64476767  -0.55656957  -0.47404652  -0.39728392  -0.32628787  -0.26099763  -0.20129728  -0.14702646  -0.09799001  -0.05396649  -0.01471556   0.02001572   0.05048768   0.07696376   0.09970711   0.11897788   0.13503120   0.14811571   0.15847241   0.16633395   0.17192416   0.17545771   0.17713994   0.17716682   0.17572487   0.17299122   0.16913356   0.16431019   0.15867005   0.15235271   0.14548841   0.13819810   0.13059345   0.12277695   0.11484200   0.10687303   0.09894569   0.09112704   0.08347582   0.07604271   0.06887071   0.06199549   0.05544579   0.04924389   0.04340602   0.03794289   0.03286015   0.02815890   0.02383619   0.01988551   0.01629728   0.01305929   0.01015718   0.00757484   0.00529481   0.00329865   0.00156727   0.00008124  -0.00117894  -0.00223261  -0.00309874  -0.00379574  -0.00434132  -0.00475240  -0.00504497 
 -0.00000001  -0.01072408  -0.04271079  -0.09540569  -0.16789198  -0.25890141  -0.36682927  -0.48975331  -0.62545590  -0.77144828  -0.92499528  -1.08313781  -1.24270981  -1.40034595  -1.55247809  -1.69532391  -1.82488452  -1.93699176  -2.02747544  -2.09253165  -2.12931502  -2.13661794  -2.11532001  -2.06829847  -1.99978155  -1.91446682  -1.81679669  -1.71057728  -1.59889690  -1.48420761  -1.36845553  -1.25320000  -1.13970308  -1.02899078  -0.92189388  -0.81907575  -0.72105290  -0.62821165  -0.54082296  -0.45905622  -0.38299253  -0.31263725  -0.24793193  -0.18876536  -0.13498369  -0.08639943  -0.04279945  -0.00395183   0.03038827   0.06047374   0.08656153   0.10890940   0.12777339   0.14340579   0.15605367   0.16595768   0.17335123   0.17845987   0.18150080   0.18268256   0.18220478   0.18025796   0.17702335   0.17267276   0.16736850   0.16126328   0.15450010   0.14721225   0.13952324   0.13154687   0.12338723   0.11513884   0.10688676   0.09870682   0.09066582   0.08282187   0.07522470   0.06791604   0.06093006   0.05429384   0.04802780   0.04214628   0.03665801   0.03156663   0.02687128   0.02256709   0.01864568   0.01509571   0.01190332   0.00905259   0.00652603   0.00430487   0.00236955   0.00069997  -0.00072419  -0.00192319  -0.00291700  -0.00372511  -0.00436635  -0.00485878  -0.00521955 
 -0.00000001  -0.00979124  -0.03901085  -0.08719786  -0.15358865  -0.23712408  -0.33645941  -0.44997741  -0.57580408  -0.71182690  -0.85571472  -1.00493768  -1.15678512  -1.30837841  -1.45667552  -1.59846526  -1.73035451  -1.84876355  -1.94996622  -2.03023923  -2.08619497  -2.11532001  -2.11659603  -2.09091467  -2.04100188  -1.97083079  -1.88481465  -1.78713855  -1.68140349  -1.57054573  -1.45690767  -1.34235570  -1.22838937  -1.11622426  -1.00684936  -0.90106586  -0.79951386  -0.70269236  -0.61097551  -0.52462700  -0.44381337  -0.36861666  -0.29904637  -0.23505070  -0.17652692  -0.12333081  -0.07528512  -0.03218698   0.00618567   0.04006861   0.06970674   0.09535028   0.11725162   0.13566287   0.15083379   0.16301023   0.17243286   0.17933617   0.18394766   0.18648725   0.18716671   0.18618929   0.18374926   0.18003171   0.17521219   0.16945655   0.16292068   0.15575044   0.14808149   0.14003928   0.13173903   0.12328578   0.11477451   0.10629031   0.09790860   0.08969543   0.08170781   0.07399408   0.06659439   0.05954113   0.05285944   0.04656778   0.04067842   0.03519806   0.03012832   0.02546639   0.02120551   0.01733553   0.01384345   0.01071386   0.00792948   0.00547151   0.00332011   0.00145470  -0.00014566  -0.00150200  -0.00263519  -0.00356567  -0.00431333  -0.00489729  -0.00533579 
 -0.00000001  -0.00888695  -0.03542207  -0.07922895  -0.13968263  -0.21591337  -0.30681229  -0.41103889  -0.52703085  -0.65301599  -0.78702630  -0.92691332  -1.07036367  -1.21491291  -1.35795494  -1.49674411  -1.62838819  -1.74983501  -1.85786652  -1.94913366  -2.02029086  -2.06829847  -2.09091467  -2.08726544  -2.05822908  -2.00637287  -1.93541916  -1.84950502  -1.75256502  -1.64799862  -1.53859086  -1.42657415  -1.31373482  -1.20151318  -1.09108013  -0.98339069  -0.87922046  -0.77919107  -0.68378922  -0.59338222  -0.50823171  -0.42850625  -0.35429331  -0.28561041  -0.22241568  -0.16461750  -0.11208337  -0.06464774  -0.02211895   0.01571468   0.04907973   0.07821323   0.10335900   0.12476459   0.14267872   0.15734919   0.16902119   0.17793585   0.18432911   0.18843070   0.19046333   0.19064200   0.18917337   0.18625526   0.18207618   0.17681492   0.17064027   0.16371073   0.15617428   0.14816830   0.13981945   0.13124368   0.12254631   0.11382216   0.10515575   0.09662156   0.08828441   0.08019978   0.07241430   0.06496620   0.05788588   0.05119640   0.04491409   0.03904913   0.03360613   0.02858474   0.02398022   0.01978402   0.01598434   0.01256662   0.00951408   0.00680817   0.00442902   0.00235581   0.00056716  -0.00095858  -0.00224299  -0.00330738  -0.00417255  -0.00485862  -0.00538489 
 -0.00000001  -0.00801479  -0.03195902  -0.07153235  -0.12623475  -0.19536746  -0.27803481  -0.37314700  -0.47942450  -0.59540413  -0.71944713  -0.84974910  -0.98435138  -1.12115285  -1.25792049  -1.39229624  -1.52179753  -1.64380978  -1.75557330  -1.85417701  -1.93658956  -1.99978155  -2.04100188  -2.05822908  -2.05069643  -2.01924960  -1.96629432  -1.89530973  -1.81016815  -1.71456387  -1.61170220  -1.50422178  -1.39424833  -1.28349104  -1.17333423  -1.06490795  -0.95913764  -0.85677822  -0.75843792  -0.66459623  -0.57561851  -0.49176883  -0.41322180  -0.34007366  -0.27235272  -0.21002916  -0.15302405  -0.10121754  -0.05445625  -0.01255983   0.02467331   0.05746103   0.08603319   0.11062803   0.13148902   0.14886228   0.16299440   0.17413049   0.18251263   0.18837853   0.19196030   0.19348347   0.19316611   0.19121804   0.18784019   0.18322398   0.17755087   0.17099193   0.16370753   0.15584710   0.14754896   0.13894028   0.13013705   0.12124421   0.11235581   0.10355525   0.09491561   0.08650000   0.07836205   0.07054635   0.06308904   0.05601829   0.04935498   0.04311326   0.03730117   0.03192130   0.02697133   0.02244472   0.01833123   0.01461750   0.01128760   0.00832352   0.00570562   0.00341308   0.00142430  -0.00028277  -0.00173029  -0.00294027  -0.00393432  -0.00473346  -0.00535792 
 -0.00000001  -0.00717848  -0.02863661  -0.06414213  -0.11330691  -0.17558562  -0.25027431  -0.33650929  -0.43326679  -0.53936382  -0.65346069  -0.77406550  -0.89954054  -1.02811047  -1.15787114  -1.28679775  -1.41275013  -1.53347251  -1.64658634  -1.74957814  -1.83979375  -1.91446682  -1.97083079  -2.00637287  -2.01924960  -2.00877234  -1.97574089  -1.92240069  -1.85199857  -1.76815623  -1.67434093  -1.57357423  -1.46835617  -1.36071178  -1.25227839  -1.14438927  -1.03813861  -0.93442735  -0.83399475  -0.73744051  -0.64524144  -0.55776500  -0.47528119  -0.39797351  -0.32594922  -0.25924903  -0.19785618  -0.14170484  -0.09068785  -0.04466362  -0.00346245   0.03310806   0.06525806   0.09321132   0.11720150   0.13746902   0.15425831   0.16781543   0.17838601   0.18621350   0.19153756   0.19459274   0.19560727   0.19480199   0.19238949   0.18857326   0.18354703   0.17749423   0.17058748   0.16298830   0.15484677   0.14630144   0.13747925   0.12849559   0.11945437   0.11044833   0.10155922   0.09285828   0.08440659   0.07625560   0.06844764   0.06101653   0.05398816   0.04738114   0.04120741   0.03547292   0.03017825   0.02531925   0.02088765   0.01687167   0.01325655   0.01002512   0.00715830   0.00463553   0.00243521   0.00053512  -0.00108731  -0.00245460  -0.00358906  -0.00451245  -0.00524589 
 -0.00000001  -0.00638143  -0.02546871  -0.05709002  -0.10095677  -0.15666032  -0.22366804  -0.30131885  -0.38881899  -0.48523840  -0.58950840  -0.70042104  -0.81663063  -0.93665743  -1.05889332  -1.18160865  -1.30295897  -1.42098943  -1.53363468  -1.63871260  -1.73391376  -1.81679669  -1.88481465  -1.93541916  -1.96629432  -1.97574089  -1.96312633  -1.92919684  -1.87604279  -1.80669219  -1.72453260  -1.63281956  -1.53440350  -1.43165568  -1.32650831  -1.22053339  -1.11501906  -1.01102904  -0.90944487  -0.81099480  -0.71627418  -0.62576078  -0.53982714  -0.45875157  -0.38272815  -0.31187622  -0.24624937  -0.18584385  -0.13060650  -0.08044200  -0.03521954   0.00522123   0.04106478   0.07251491   0.09979057   0.12312204   0.14274771   0.15891116   0.17185862   0.18183670   0.18909046   0.19386160   0.19638699   0.19689727   0.19561564   0.19275688   0.18852644   0.18311965   0.17672115   0.16950436   0.16163111   0.15325143   0.14450333   0.13551287   0.12639414   0.11724950   0.10816983   0.09923484   0.09051351   0.08206460   0.07393714   0.06617104   0.05879768   0.05184059   0.04531610   0.03923396   0.03359809   0.02840716   0.02365528   0.01933260   0.01542592   0.01191926   0.00879438   0.00603126   0.00360860   0.00150419  -0.00030469  -0.00184095  -0.00312736  -0.00418636  -0.00503979 
 -0.00000001  -0.00562660  -0.02246723  -0.05040337  -0.08923421  -0.13867200  -0.19833594  -0.26774518  -0.34631132  -0.43333118  -0.52798029  -0.62930784  -0.73623363  -0.84754734  -0.96191033  -1.07785975  -1.19381428  -1.30808017  -1.41885563  -1.52423144  -1.62218610  -1.71057728  -1.78713855  -1.84950502  -1.89530973  -1.92240069  -1.92919684  -1.91510631  -1.88081876  -1.82827789  -1.76030851  -1.68008197  -1.59065883  -1.49473222  -1.39455565  -1.29197724  -1.18851083  -1.08540542  -0.98369961  -0.88426004  -0.78780785  -0.69493732  -0.60612966  -0.52176438  -0.44212926  -0.36742950  -0.29779652  -0.23329626  -0.17393711  -0.11967733  -0.07043206  -0.02607963   0.01353249   0.04858245   0.07926919   0.10580817   0.12842749   0.14736446   0.16286257   0.17516873   0.18453083   0.19119562   0.19540675   0.19740311   0.19741732   0.19567439   0.19239065   0.18777276   0.18201688   0.17530806   0.16781972   0.15971325   0.15113784   0.14223029   0.13311509   0.12390450   0.11469879   0.10558652   0.09664498   0.08794064   0.07952964   0.07145845   0.06376440   0.05647642   0.04961564   0.04319611   0.03722550   0.03170574   0.02663372   0.02200194   0.01779912   0.01401081   0.01061995   0.00760736   0.00495230   0.00263285   0.00062634  -0.00109028  -0.00254014  -0.00374614  -0.00473073 
 -0.00000000  -0.00491630  -0.01964162  -0.04410397  -0.07817934  -0.12168589  -0.17437626  -0.23592852  -0.30593616  -0.38389787  -0.46920766  -0.56114616  -0.65887348  -0.76142450  -0.86770676  -0.97650117  -1.08646542  -1.19613934  -1.30395098  -1.40822162  -1.50716752  -1.59889690  -1.68140349  -1.75256502  -1.81016815  -1.85199857  -1.87604279  -1.88081876  -1.86576544  -1.83151696  -1.77988116  -1.71349656  -1.63533705  -1.54828545  -1.45489195  -1.35730363  -1.25729343  -1.15632404  -1.05561109  -0.95617259  -0.85886401  -0.76440233  -0.67338279  -0.58629149  -0.50351560  -0.42535239  -0.35201776  -0.28365422  -0.22033878  -0.16209035  -0.10887687  -0.06062205  -0.01721156   0.02150115   0.05568959   0.08554931   0.11129359   0.13314937   0.15135374   0.16615064   0.17778799   0.18651508   0.19258025   0.19622879   0.19770119   0.19723145   0.19504575   0.19136120   0.18638488   0.18031299   0.17333017   0.16560902   0.15730976   0.14858000   0.13955470   0.13035619   0.12109436   0.11186694   0.10275982   0.09384756   0.08519384   0.07685206   0.06886597   0.06127031   0.05409147   0.04734825   0.04105250   0.03520984   0.02982038   0.02487933   0.02037774   0.01630305   0.01263969   0.00936969   0.00647313   0.00392866   0.00171391  -0.00019412  -0.00181868  -0.00318299  -0.00430996 
