# coconut-me2b/v0.99.21 
# 
# momentum space matrix elements 
# partial wave J=1, L=0/0, S=1, T=0, MT=0 
# 
# momentum grid [fm^-1]
0.000000 0.100000 0.200000 0.300000 0.400000 0.500000 0.600000 0.700000 0.800000 0.900000 1.000000 1.100000 1.200000 1.300000 1.400000 1.500000 1.600000 1.700000 1.800000 1.900000 2.000000 2.100000 2.200000 2.300000 2.400000 2.500000 2.600000 2.700000 2.800000 2.900000 3.000000 3.100000 3.200000 3.300000 3.400000 3.500000 3.600000 3.700000 3.800000 3.900000 4.000000 4.100000 4.200000 4.300000 4.400000 4.500000 4.600000 4.700000 4.800000 4.900000 5.000000 5.100000 5.200000 5.300000 5.400000 5.500000 5.600000 5.700000 5.800000 5.900000 6.000000 6.100000 6.200000 6.300000 6.400000 6.500000 6.600000 6.700000 6.800000 6.900000 7.000000 7.100000 7.200000 7.300000 7.400000 7.500000 7.600000 7.700000 7.800000 7.900000 8.000000 8.100000 8.200000 8.300000 8.400000 8.500000 8.600000 8.700000 8.800000 8.900000 9.000000 9.100000 9.200000 9.300000 9.400000 9.500000 9.600000 9.700000 9.800000 9.900000 10.000000 
#
# matrix elements [MeV fm^3] 
-36.30660160 -35.82945831 -34.48740673 -32.50340851 -30.13741471 -27.60767849 -25.06115828 -22.58073520 -20.20567749 -17.95063650 -15.81855024 -13.80793329 -11.91638326 -10.14192702  -8.48328531  -6.93967630  -5.51048072  -4.19491955  -2.99180343  -1.89936810  -0.91518910  -0.03616177   0.74146962   1.42204809   2.01041815   2.51182792   2.93182708   3.27616627   3.55070216   3.76131088   3.91381138   4.01389971   4.06709418   4.07869127   4.05373149   3.99697444   3.91288202   3.80560875   3.67899809   3.53658385   3.38159556   3.21696709   3.04534767   2.86911463   2.69038734   2.51104180   2.33272567   2.15687319   1.98472004   1.81731780   1.65554795   1.50013540   1.35166140   1.21057594   1.07720956   0.95178462   0.83442603   0.72517146   0.62398104   0.53074665   0.44530064   0.36742413   0.29685489   0.23329469   0.17641619   0.12586942   0.08128774   0.04229332   0.00850214  -0.02047145  -0.04501068  -0.06549282  -0.08228602  -0.09574663  -0.10621700  -0.11402365  -0.11947580  -0.12286430  -0.12446095  -0.12451801  -0.12326806  -0.12092412  -0.11767995  -0.11371055  -0.10917280  -0.10420627  -0.09893409  -0.09346393  -0.08788899  -0.08228911  -0.07673175  -0.07127317  -0.06595938  -0.06082724  -0.05590542  -0.05121533  -0.04677204  -0.04258512  -0.03865937  -0.03499562  -0.03159131 
-35.82945831 -35.37737383 -34.09962726 -32.19534611 -29.90363292 -27.43279127 -24.92889684 -22.47809334 -20.12357222 -17.88313822 -15.76187813 -13.75965004 -11.87485365 -10.10598535  -8.45204224  -6.91241087  -5.48658214  -4.17385658  -2.97310884  -1.88263068  -0.90004934  -0.02230888   0.75430028   1.43407779   2.02182791   2.52276201   2.94239679   3.28645385   3.56076483   3.77118476   3.92351528   4.02343867   4.07646273   4.08787636   4.06271503   4.00573551   3.92139870   3.81385959   3.68696327   3.54424600   3.38894034   3.22398356   3.05202840   2.87545569   2.69638813   2.51670483   2.33805618   2.16187884   1.98941049   1.82170432   1.65964303   1.50395241   1.35521424   1.21387877   1.08027655   0.95462971   0.83706281   0.72761299   0.62623981   0.53283449   0.44722869   0.36920284   0.29849402   0.23480333   0.17780283   0.12714195   0.08245353   0.04335924   0.00947463  -0.01958633  -0.04420724  -0.06476567  -0.08163003  -0.09515695  -0.10568900  -0.11355289  -0.11905804  -0.12249549  -0.12413721  -0.12423563  -0.12302351  -0.12071403  -0.11750112  -0.11355994  -0.10904755  -0.10410369  -0.09885166  -0.09339930  -0.08783998  -0.08225369  -0.07670808  -0.07125954  -0.06595427  -0.06082924  -0.05591328  -0.05122794  -0.04678841  -0.04260437  -0.03868076  -0.03501848  -0.03161507 
-34.48740673 -34.09962726 -32.98964358 -31.29926301 -29.21345422 -26.91093385 -24.53190548 -22.16937869 -19.87668341 -17.68040724 -15.59187884 -13.61496350 -11.75049449  -9.99840848  -8.35855517  -6.83084139  -5.41509689  -4.11086525  -2.91721477  -1.83260551  -0.85481918   0.01905483   0.79258869   1.46995296   2.05583206   2.55532792   2.97385891   3.31706009   3.59068835   3.80053569   3.95235199   4.05177830   4.10429092   4.11515588   4.08939349   4.03175186   3.94668871   3.83836025   3.71061622   3.56700008   3.41075330   3.24482311   3.07187261   2.89429296   2.71421672   2.53353214   2.35389778   2.17675738   2.00335455   1.83474726   1.67182184   1.51530663   1.36578504   1.22370804   1.08940619   0.96310101   0.84491592   0.73488661   0.63297086   0.53905794   0.45297749   0.37450790   0.30338420   0.23930555   0.18194216   0.13094175   0.08593558   0.04654390   0.01238098  -0.01694039  -0.04180480  -0.06259075  -0.07966746  -0.09339229  -0.10410847  -0.11214333  -0.11780684  -0.12139059  -0.12316706  -0.12338918  -0.12229022  -0.12008385  -0.11696450  -0.11310784  -0.10867141  -0.10379547  -0.09860382  -0.09320481  -0.08769231  -0.08214681  -0.07663644  -0.07121807  -0.06593834  -0.06083469  -0.05593636  -0.05126530  -0.04683708  -0.04266174  -0.03874455  -0.03508671  -0.03168606 
-32.50340851 -32.19534611 -31.29926301 -29.89533225 -28.10198372 -26.05270980 -23.87086178 -21.65274946 -19.46342180 -17.34171671 -15.30855002 -13.37431430 -11.54395942  -9.81991763  -8.20353627  -6.69563951  -5.29665106  -4.00653450  -2.82468708  -1.74985052  -0.78006239   0.08734860   0.85572891   1.52903720   2.11176124   2.60882308   3.02547947   3.36722284   3.63968685   3.84855936   3.99950449   4.09809487   4.14975424   4.15971043   4.13295803   4.07423030   3.98797904   3.87836190   3.74923570   3.60415521   3.44637613   3.27886160   3.10429143   2.92507343   2.74335611   2.56104247   2.37980433   2.20109690   2.02617341   1.85609954   1.69176754   1.53390989   1.38311259   1.23982781   1.10438608   0.97700793   0.85781496   0.74684043   0.64403926   0.54929758   0.46244172   0.38324673   0.31144437   0.24673064   0.18877278   0.13721575   0.09168825   0.05180825   0.01718796  -0.01256167  -0.03782688  -0.05898760  -0.07641437  -0.09046569  -0.10148585  -0.10980314  -0.11572844  -0.11955421  -0.12155372  -0.12198074  -0.12106932  -0.11903394  -0.11606982  -0.11235345  -0.10804320  -0.10328014  -0.09818891  -0.09287867  -0.08744413  -0.08196658  -0.07651497  -0.07114692  -0.06590986  -0.06084194  -0.05597310  -0.05132597  -0.04691673  -0.04275603  -0.03884967  -0.03519937  -0.03180344 
-30.13741471 -29.90363292 -29.21345422 -28.10198372 -26.63027744 -24.88188933 -22.95109524 -20.92704655 -18.88170709 -16.86586343 -14.91173588 -13.03828037 -11.25621926  -9.57163548  -7.98812239  -6.50789361  -5.13226821  -3.86183177  -2.69645708  -1.63528397  -0.67670583   0.18161896   0.94272746   1.61028834   2.18852019   2.68209866   3.09605868   3.43569658   3.70647618   3.91394141   4.06363757   4.16104200   4.21150495   4.22020032   4.19208605   4.13187354   4.04400521   3.93263937   3.80164143   3.65458061   3.49473111   3.32507709   3.14832050   2.96689128   2.78295927   2.59844721   2.41504465   2.23422218   2.05724595   1.88519199   1.71896044   1.55928938   1.40676825   1.26185080   1.12486751   0.99603753   0.87548000   0.76322491   0.65922331   0.56335709   0.47544814   0.39526703   0.32254114   0.25696225   0.19819361   0.14587651   0.09963630   0.05908790   0.02384079  -0.00649647  -0.03231229  -0.05398848  -0.07189728  -0.08639869  -0.09783837  -0.10654586  -0.11283321  -0.11699399  -0.11930256  -0.12001375  -0.11936266  -0.11756484  -0.11481659  -0.11129548  -0.10716099  -0.10255531  -0.09760419  -0.09241794  -0.08709237  -0.08170990  -0.07634057  -0.07104310  -0.06586594  -0.06084825  -0.05602095  -0.05140757  -0.04702518  -0.04288524  -0.03899432  -0.03535486  -0.03196579 
-27.60767849 -27.43279127 -26.91093385 -26.05270980 -24.88188933 -23.44036909 -21.78799468 -19.99500609 -18.13026248 -16.25144093 -14.40101345 -12.60738045 -10.88839159  -9.25496430  -7.71379529  -6.26905835  -4.92333690  -3.67808018  -2.53380290  -1.49016663  -0.54602050   0.30056100   1.05222741   1.71228536   2.28461752   2.77359175   3.18396531   3.52078848   3.78931125   3.99489579   4.14293661   4.23878962   4.28771067   4.29480373   4.26497842   4.20291646   4.11304621   3.99952469   3.86622609   3.71673586   3.55434973   3.38207665   3.20264495   3.01851115   2.83187070   2.64467020   2.45862062   2.27521123   2.09572379   1.92124689   1.75269025   1.59079868   1.43616576   1.28924712   1.15037316   1.01976128   0.89752761   0.78369809   0.67821905   0.58096720   0.49175905   0.41035973   0.33649130   0.26984044   0.21006564   0.15680378   0.10967619   0.06829417   0.03226400   0.00119138  -0.02531459  -0.04763795  -0.06615287  -0.08122111  -0.09318990  -0.10239022  -0.10913548  -0.11372054  -0.11642103  -0.11749302  -0.11717286  -0.11567739  -0.11320420  -0.10993217  -0.10602214  -0.10161766  -0.09684588  -0.09181851  -0.08663276  -0.08137245  -0.07610898  -0.07090243  -0.06580255  -0.06084981  -0.05607631  -0.05150678  -0.04715938  -0.04304661  -0.03917602  -0.03555093  -0.03217114 
-25.06115828 -24.92889684 -24.53190548 -23.87086178 -22.95109524 -21.78799468 -20.41170221 -18.86764834 -17.21106824 -15.49774007 -13.77580111 -12.08190433 -10.44153092  -8.87141585  -7.38226267  -5.98087641  -4.67155944  -3.45692296  -2.33832146  -1.31607609  -0.38959497   0.44254757   1.18254108   1.83326490   2.39820588   2.88136892   3.28718314   3.62040718   3.88603664   4.08921649   4.23516015   4.32907667   4.37610685   4.38126839   4.34941016   4.28517524   4.19297197   4.07695264   3.94099873   3.78871215   3.62341154   3.44813284   3.26563353   3.07839974   2.88865563   2.69837463   2.50929192   2.32291783   2.14055178   1.96329658   1.79207275   1.62763269   1.47057463   1.32135625   1.18030774   1.04764448   0.92347905   0.80783276   0.70064654   0.60179116   0.51107700   0.42826302   0.35306527   0.28516471   0.22421448   0.16984653   0.12167777   0.07931552   0.04236255   0.01042146  -0.01690133  -0.03999222  -0.05922747  -0.07497065  -0.08757066  -0.09735999  -0.10465349  -0.10974738  -0.11291865  -0.11442472  -0.11450332  -0.11337270  -0.11123190  -0.10826131  -0.10462330  -0.10046302  -0.09590922  -0.09107522  -0.08605992  -0.08094874  -0.07581473  -0.07071958  -0.06571459  -0.06084175  -0.05613463  -0.05161935  -0.04731542  -0.04323657  -0.03939153  -0.03578472  -0.03241692 
-22.58073520 -22.47809334 -22.16937869 -21.65274946 -20.92704655 -19.99500609 -18.86764834 -17.56820496 -16.13286279 -14.60664783 -13.03600762 -11.46193803  -9.91644597  -8.42241031  -6.99529918  -5.64526710  -4.37887673  -3.20027116  -2.11188861  -1.11487190  -0.20930089   0.60566607   1.33169058   1.97116613   2.52713117   3.00317948   3.40336778   3.73212259   3.99414864   4.19434123   4.33770431   4.42927583   4.47406119   4.47697516   4.44279267   4.37610796   4.28130190   4.16251686   4.02363837   3.86828310   3.69979208   3.52122868   3.33538057   3.14476490   2.95163620   2.75799641   2.56560652   2.37599936   2.19049330   2.01020632   1.83607048   1.66884625   1.50913674   1.35740171   1.21397102   1.07905769   0.95277041   0.83512538   0.72605759   0.62543139   0.53305051   0.44866729   0.37199134   0.30269752   0.24043332   0.18482554   0.13548647   0.09201933   0.05402332   0.02109795  -0.00715308  -0.03111848  -0.05117649  -0.06769248  -0.08101691  -0.09148375  -0.09940920  -0.10509083  -0.10880696  -0.11081637  -0.11135822  -0.11065220  -0.10889892  -0.10628036  -0.10296057  -0.09908643  -0.09478849  -0.09018189  -0.08536736  -0.08043219  -0.07545129  -0.07048814  -0.06559586  -0.06081819  -0.05619038  -0.05174015  -0.04748856  -0.04345080  -0.03963695  -0.03605271  -0.03270004 
-20.20567749 -20.12357222 -19.87668341 -19.46342180 -18.88170709 -18.13026248 -17.21106824 -16.13286279 -14.91444075 -13.58550539 -12.18355031 -10.74785467  -9.31368452  -7.90909827  -6.55456032  -5.26417978  -4.04736360  -2.91022995  -1.85660411  -0.88864988  -0.00725014   0.78776250   1.49745527   2.12368268   2.66898925   3.13651677   3.52991198   3.85323461   4.11086662   4.30742463   4.44767720   4.53646830   4.57864808   4.57901161   4.54224581   4.47288472   4.37527263   4.25353497   4.11155612   3.95296370   3.78111859   3.59910999   3.40975488   3.21560107   3.01893349   2.82178282   2.62593618   2.43294929   2.24415975   2.06070100   1.88351678   1.71337566   1.55088562   1.39650831   1.25057307   1.11329031   0.98476449   0.86500641   0.75394481   0.65143738   0.55728094   0.47122102   0.39296066   0.32216857   0.25848657   0.20153638   0.15092574   0.10625396   0.06711682   0.03311095   0.00383762  -0.02109394  -0.04206376  -0.05943870  -0.07357057  -0.08479458  -0.09342810  -0.09976989  -0.10409945  -0.10667684  -0.10774255  -0.10751771  -0.10620448  -0.10398647  -0.10102949  -0.09748224  -0.09347716  -0.08913138  -0.08454761  -0.07981518  -0.07501102  -0.07020065  -0.06543918  -0.06077227  -0.05623708  -0.05186314  -0.04767323  -0.04368420  -0.03990766  -0.03635076  -0.03301680 
-17.95063650 -17.88313822 -17.68040724 -17.34171671 -16.86586343 -16.25144093 -15.49774007 -14.60664783 -13.58550539 -12.44993298 -11.22474292  -9.94156150  -8.63391827  -7.33232483  -6.06141405  -4.83942211  -3.67909238  -2.58899833  -1.57471733  -0.63968282   0.21425770   0.98649290   1.67742544   2.28832033   2.82118837   3.27868531   3.66401723   3.98084844   4.23321132   4.42541877   4.56198077   4.64752613   4.68673077   4.68425317   4.64467759   4.57246519   4.47191304   4.34712069   4.20196404   4.04007573   3.86483175   3.67934338   3.48645395   3.28873973   3.08851425   2.88783560   2.68851598   2.49213318   2.30004336   2.11339485   1.93314258   1.76006281   1.59476798   1.43772132   1.28925132   1.14956552   1.01876396   0.89685189   0.78375172   0.67931442   0.58332998   0.49553721   0.41563280   0.34327953   0.27811387   0.21975278   0.16779991   0.12185104   0.08149904   0.04633811   0.01596756  -0.01000496  -0.03196076  -0.05026779  -0.06527880  -0.07732981  -0.08673907  -0.09380616  -0.09881155  -0.10201633  -0.10366215  -0.10397148  -0.10314789  -0.10137662  -0.09882520  -0.09564417  -0.09196796  -0.08791571  -0.08359227  -0.07908911  -0.07448535  -0.06984868  -0.06523636  -0.06069618  -0.05626736  -0.05198143  -0.04786307  -0.04393094  -0.04019837  -0.03667412  -0.03336296 
-15.81855024 -15.76187813 -15.59187884 -15.30855002 -14.91173588 -14.40101345 -13.77580111 -13.03600762 -12.18355031 -11.22474292 -10.17275136  -9.04852846  -7.87898625  -6.69293792  -5.51689271  -4.37250119  -3.27597288  -2.23874011  -1.26852917  -0.37034416   0.45279970   1.19938279   1.86906173   2.46245924   2.98101556   3.42687192   3.80276929   4.11195410   4.35808763   4.54515828   4.67739740   4.75919957   4.79504851   4.78944949   4.74686888   4.67168128   4.56812426   4.44026076   4.29194872   4.12681770   3.94825179   3.75937837   3.56306213   3.36190346   3.15824096   2.95415710   2.75148669   2.55182746   2.35655243   2.16682337   1.98360524   1.80768105   1.63966691   1.48002711   1.32908883   1.18705653   1.05402568   0.92999596   0.81488361   0.70853307   0.61072785   0.52120049   0.43964176   0.36570914   0.29903434   0.23923027   0.18589716   0.13862801   0.09701351   0.06064620   0.02912414   0.00205410  -0.02094582  -0.04024401  -0.05619353  -0.06913071  -0.07937410  -0.08722371  -0.09296055  -0.09684639  -0.09912379  -0.10001626  -0.09972866  -0.09844769  -0.09634250  -0.09356547  -0.09025295  -0.08652616  -0.08249212  -0.07824453  -0.07386478  -0.06942286  -0.06497833  -0.06058124  -0.05627302  -0.05208733  -0.04805094  -0.04418447  -0.04050312  -0.03701739  -0.03373371 
-13.80793329 -13.75965004 -13.61496350 -13.37431430 -13.03828037 -12.60738045 -12.08190433 -11.46193803 -10.74785467  -9.94156150  -9.04852846  -8.07994338  -7.05363825  -5.99267205  -4.92194252  -3.86456714  -2.83960160  -1.86143291  -0.94026819  -0.08301080   0.70590830   1.42389613   2.06976062   2.64342001   3.14570561   3.57821857   3.94321533   4.24350750   4.48236898   4.66344731   4.79067862   4.86820656   4.90030612   4.89131320   4.84556082   4.76732239   4.66076238   4.52989454   4.37854747   4.21033731   4.02864703   3.83661197   3.63711094   3.43276222   3.22592400   3.01869845   2.81293897   2.61025987   2.41204816   2.21947673   2.03351867   1.85496224   1.68442611   1.52237475   1.36913354   1.22490353   1.08977558   0.96374394   0.84671898   0.73853911   0.63898194   0.54777443   0.46460232   0.38911859   0.32095121   0.25970999   0.20499274   0.15639075   0.11349351   0.07589291   0.04318676   0.01498191  -0.00910326  -0.02943671  -0.04637103  -0.06024210  -0.07136814  -0.08004896  -0.08656556  -0.09117995  -0.09413515  -0.09565542  -0.09594659  -0.09519659  -0.09357605  -0.09123901  -0.08832371  -0.08495339  -0.08123723  -0.07727120  -0.07313900  -0.06891302  -0.06465519  -0.06041793  -0.05624500  -0.05217236  -0.04822896  -0.04443752  -0.04081527  -0.03737459  -0.03412367 
-11.91638326 -11.87485365 -11.75049449 -11.54395942 -11.25621926 -10.88839159 -10.44153092  -9.91644597  -9.31368452  -8.63391827  -7.87898625  -7.05363825  -6.16743782  -5.23565924  -4.27817837  -3.31661546  -2.37119882  -1.45872405  -0.59194698   0.22005668   0.97116787   1.65751600   2.27692670   2.82853320   3.31251142   3.72989555   4.08244061   4.37251071   4.60298083   4.77714564   4.89863306   4.97132177   4.99926318   4.98660855   4.93754211   4.85622083   4.74672130   4.61299400   4.45882491   4.28780439   4.10330299   3.90845369   3.70614013   3.49899021   3.28937440   3.07940823   2.87095815   2.66565037   2.46488193   2.26983358   2.08148392   1.90062434   1.72787453   1.56369806   1.40841778   1.26223100   1.12522395   0.99738571   0.87862125   0.76876366   0.66758551   0.57480919   0.49011647   0.41315708   0.34355645   0.28092260   0.22485225   0.17493625   0.13076422   0.09192864   0.05802832   0.02867133   0.00347747  -0.01791973  -0.03587141  -0.05071212  -0.06275888  -0.07231056  -0.07964750  -0.08503131  -0.08870498  -0.09089302  -0.09180189  -0.09162041  -0.09052042  -0.08865746  -0.08617145  -0.08318757  -0.07981710  -0.07615823  -0.07229702  -0.06830824  -0.06425627  -0.06019597  -0.05617354  -0.05222730  -0.04838853  -0.04468217  -0.04112757  -0.03773912  -0.03452691 
-10.14192702 -10.10598535  -9.99840848  -9.81991763  -9.57163548  -9.25496430  -8.87141585  -8.42241031  -7.90909827  -7.33232483  -6.69293792  -5.99267205  -5.23565924  -4.43011669  -3.58920178  -2.73013585  -1.87177276  -1.03186287  -0.22522398   0.53685109   1.24633038   1.89783963   2.48805382   3.01521314   3.47877532   3.87917337   4.21764263   4.49608913   4.71698082   4.88325138   4.99821103   5.06546230   5.08882020   5.07223722   5.01973375   4.93533483   4.82301356   4.68664175   4.52994789   4.35648244   4.16959020   3.97238951   3.76775759   3.55832181   3.34645584   3.13428054   2.92366845   2.71625169   2.51343229   2.31639466   2.12611948   1.94339867   1.76885092   1.60293744   1.44597774   1.29816493   1.15958061   1.03020903   0.90995041   0.79863338   0.69602655   0.60184901   0.51577994   0.43746728   0.36653545   0.30259225   0.24523490   0.19405538   0.14864498   0.10859830   0.07351658   0.04301053   0.01670268  -0.00577071  -0.02475818  -0.04059184  -0.05358655  -0.06403935  -0.07222906  -0.07841622  -0.08284311  -0.08573396  -0.08729534  -0.08771656  -0.08717035  -0.08581340  -0.08378715  -0.08121853  -0.07822077  -0.07489422  -0.07132722  -0.06759695  -0.06377022  -0.05990441  -0.05604816  -0.05224227  -0.04852040  -0.04490983  -0.04143213  -0.03810381  -0.03493697 
 -8.48328531  -8.45204224  -8.35855517  -8.20353627  -7.98812239  -7.71379529  -7.38226267  -6.99529918  -6.55456032  -6.06141405  -5.51689271  -4.92194252  -4.27817837  -3.58920178  -2.86210316  -2.10826834  -1.34268050  -0.58183386   0.15866710   0.86575054   1.52944564   2.14268912   2.70081702   3.20103723   3.64200163   4.02349295   4.34620175   4.61156375   4.82163331   4.97897773   5.08658317   5.14776763   5.16609913   5.14531871   5.08926873   5.00182688   4.88684668   4.74810500   4.58925668   4.41379657   4.22502879   4.02604292   3.81969679   3.60860525   3.39513451   3.18140116   2.96927552   2.76038836   2.55614058   2.35771514   2.16609070   1.98205641   1.80622751   1.63906116   1.48087238   1.33184960   1.19206974   1.06151261   0.94007440   0.82758034   0.72379636   0.62843970   0.54118857   0.46169081   0.38957164   0.32444044   0.26589676   0.21353552   0.16695148   0.12574306   0.08951562   0.05788410   0.03047526   0.00692950  -0.01309776  -0.02993498  -0.04389375  -0.05526818  -0.06433471  -0.07135190  -0.07656060  -0.08018408  -0.08242842  -0.08348297  -0.08352083  -0.08269956  -0.08116178  -0.07903592  -0.07643698  -0.07346735  -0.07021755  -0.06676706  -0.06318516  -0.05953167  -0.05585777  -0.05220674  -0.04861470  -0.04511133  -0.04172049  -0.03846093  -0.03534682 
 -6.93967630  -6.91241087  -6.83084139  -6.69563951  -6.50789361  -6.26905835  -5.98087641  -5.64526710  -5.26417978  -4.83942211  -4.37250119  -3.86456714  -3.31661546  -2.73013585  -2.10826834  -1.45714536  -0.78664771  -0.10984472   0.55880874   1.20558984   1.81898603   2.39023381   2.91317686   3.38383290   3.79993187   4.16053437   4.46574732   4.71651729   4.91447667   5.06182197   5.16121107   5.21567153   5.22851601   5.20326328   5.14356449   5.05313513   4.93569309   4.79490346   4.63433041   4.45739634   4.26734831   4.06723161   3.85987005   3.64785259   3.43352570   3.21899081   3.00610633   2.79649332   2.59154443   2.39243519   2.20013737   2.01543353   1.83893253   1.67108540   1.51220136   1.36246349   1.22194393   1.09061843   0.96837997   0.85505153   0.75039776   0.65413569   0.56594435   0.48547342   0.41235087   0.34618972   0.28659386   0.23316317   0.18549786   0.14320211   0.10588722   0.07317413   0.04469552   0.02009751  -0.00095908  -0.01879766  -0.03372526  -0.04603196  -0.05599070  -0.06385715  -0.06986984  -0.07425032  -0.07720352  -0.07891819  -0.07956736  -0.07930895  -0.07828641  -0.07662937  -0.07445438  -0.07186560  -0.06895560  -0.06580610  -0.06248871  -0.05906570  -0.05559075  -0.05210964  -0.04866098  -0.04527689  -0.04198362  -0.03880219  -0.03574894 
 -5.51048072  -5.48658214  -5.41509689  -5.29665106  -5.13226821  -4.92333690  -4.67155944  -4.37887673  -4.04736360  -3.67909238  -3.27597288  -2.83960160  -2.37119882  -1.87177276  -1.34268050  -0.78664771  -0.20897230   0.38176903   0.97417163   1.55557051   2.11391605   2.63910625   3.12349216   3.56177340   3.95062429   4.28828532   4.57421983   4.80885362   4.99338229   5.12962515   5.21990809   5.26696401   5.27384387   5.24383511   5.18038606   5.08703605   4.96735168   4.82486944   4.66304534   4.48521172   4.29454126   4.09401824   3.88641663   3.67428478   3.45993593   3.24544422   3.03264536   2.82314129   2.61830833   2.41930784   2.22709913   2.04245376   1.86597083   1.69809284   1.53912161   1.38923401   1.24849722   1.11688329   0.99428280   0.88051766   0.77535278   0.67850669   0.58966120   0.50846988   0.43456561   0.36756720   0.30708511   0.25272636   0.20409871   0.16081421   0.12249208   0.08876118   0.05926192   0.03364785   0.01158682  -0.00723810  -0.02312796  -0.03636753  -0.04722511  -0.05595240  -0.06278467  -0.06794089  -0.07162407  -0.07402168  -0.07530609  -0.07563507  -0.07515247  -0.07398872  -0.07226160  -0.07007682  -0.06752879  -0.06470129  -0.06166815  -0.05849402  -0.05523501  -0.05193940  -0.04864830  -0.04539627  -0.04221198  -0.03911879  -0.03613528 
 -4.19491955  -4.17385658  -4.11086525  -4.00653450  -3.86183177  -3.67808018  -3.45692296  -3.20027116  -2.91022995  -2.58899833  -2.23874011  -1.86143291  -1.45872405  -1.03186287  -0.58183386  -0.10984472   0.38176903   0.88845964   1.40280702   1.91488196   2.41361574   2.88846740   3.33062567   3.73347941   4.09253931   4.40511109   4.66993035   4.88685095   5.05660483   5.18062154   5.26088917   5.29984195   5.30026412   5.26520449   5.19789846   5.10169664   4.97999950   4.83619854   4.67362422   4.49550089   4.30490897   4.10475426   3.89774422   3.68637085   3.47289971   3.25936449   3.04756645   2.83907816   2.63525068   2.43722373   2.24593797   2.06214901   1.88644238   1.71924925   1.56086218   1.41145079   1.27107694   1.13970924   1.01723667   0.90348124   0.79820965   0.70114378   0.61197020   0.53034850   0.45591873   0.38830780   0.32713503   0.27201687   0.22257091   0.17841921   0.13919106   0.10452524   0.07407183   0.04749359   0.02446711   0.00468357  -0.01215066  -0.02631368  -0.03806787  -0.04765985  -0.05532054  -0.06126543  -0.06569476  -0.06879397  -0.07073407  -0.07167215  -0.07175190  -0.07110416  -0.06984754  -0.06808900  -0.06592452  -0.06343973  -0.06071055  -0.05780386  -0.05477813  -0.05168407  -0.04856525  -0.04545871  -0.04239554  -0.03940145  -0.03649733 
 -2.99180343  -2.97310884  -2.91721477  -2.82468708  -2.69645708  -2.53380290  -2.33832146  -2.11188861  -1.85660411  -1.57471733  -1.26852917  -0.94026819  -0.59194698  -0.22522398   0.15866710   0.55880874   0.97417163   1.40280702   1.84086468   2.28197517   2.71754113   3.13793837   3.53400220   3.89811239   4.22462813   4.50982768   4.75161896   4.94921013   5.10282453   5.21347800   5.28280919   5.31294752   5.30640561   5.26598743   5.19470699   5.09571499   4.97223227   4.82748986   4.66467577   4.48688872   4.29709887   4.09811577   3.89256313   3.68286034   3.47121008   3.25959170   3.04975957   2.84324580   2.64136670   2.44523219   2.25575755   2.07367697   1.89955820   1.73381790   1.57673723   1.42847725   1.28909399   1.15855273   1.03674152   0.92348364   0.81854906   0.72166482   0.63252423   0.55079512   0.47612697   0.40815715   0.34651619   0.29083233   0.24073529   0.19585942   0.15584625   0.12034657   0.08902209   0.06154673   0.03760754   0.01690550  -0.00084407  -0.01591114  -0.02855086  -0.03900353  -0.04749467  -0.05423521  -0.05942174  -0.06323684  -0.06584946  -0.06741532  -0.06807740  -0.06796646  -0.06720149  -0.06589036  -0.06413030  -0.06200854  -0.05960287  -0.05698226  -0.05420740  -0.05133135  -0.04840009  -0.04545308  -0.04252384  -0.03964045  -0.03682611 
 -1.89936810  -1.88263068  -1.83260551  -1.74985052  -1.63528397  -1.49016663  -1.31607609  -1.11487190  -0.88864988  -0.63968282  -0.37034416  -0.08301080   0.22005668   0.53685109   0.86575054   1.20558984   1.55557051   1.91488196   2.28197517   2.65366814   3.02456597   3.38729209   3.73354445   4.05542353   4.34641236   4.60177621   4.81851425   4.99510028   5.13118304   5.22732399   5.28479007   5.30539433   5.29137080   5.24527251   5.16988466   5.06814843   4.94309301   4.79777479   4.63522352   4.45839525   4.27013239   4.07313057   3.86991251   3.66280840   3.45394252   3.24522556   3.03835198   2.83480193   2.63584687   2.44255828   2.25581886   2.07633549   1.90465347   1.74117147   1.58615676   1.43976030   1.30203153   1.17293236   1.05235041   0.94011123   0.83598950   0.73971909   0.65100208   0.56951664   0.49492395   0.42687415   0.36501135   0.30897795   0.25841814   0.21298080   0.17232191   0.13610640   0.10400965   0.07571861   0.05093267   0.02936427   0.01073931  -0.00520258  -0.01870796  -0.03000952  -0.03932619  -0.04686332  -0.05281284  -0.05735363  -0.06065175  -0.06286087  -0.06412266  -0.06456718  -0.06431339  -0.06346960  -0.06213397  -0.06039501  -0.05833216  -0.05601622  -0.05351000  -0.05086875  -0.04814078  -0.04536791  -0.04258605  -0.03982565  -0.03711222 
 -0.91518910  -0.90004934  -0.85481918  -0.78006239  -0.67670583  -0.54602050  -0.38959497  -0.20930089  -0.00725014   0.21425770   0.45279970   0.70590830   0.97116787   1.24633038   1.52944564   1.81898603   2.11391605   2.41361574   2.71754113   3.02456597   3.33216189   3.63585156   3.92938899   4.20569017   4.45802192   4.68088751   4.87039235   5.02420355   5.14131518   5.22177413   5.26643792   5.27678179   5.25474924   5.20263445   5.12298657   5.01852880   4.89208821   4.74653401   4.58472326   4.40945361   4.22342300   4.02919619   3.82917800   3.62559305   3.42047167   3.21564140   3.01272361   2.81313463   2.61809062   2.42861565   2.24555220   2.06957360   1.90119771   1.74080136   1.58863514   1.44483809   1.30945201   1.18243516   1.06367505   0.95300033   0.85019162   0.75499124   0.66711184   0.58624397   0.51206268   0.44423314   0.38241534   0.32626813   0.27545244   0.22963397   0.18848530   0.15168761   0.11893197   0.08992028   0.06436609   0.04199504   0.02254520   0.00576731  -0.00857516  -0.02070599  -0.03083634  -0.03916484  -0.04587778  -0.05114938  -0.05514200  -0.05800649  -0.05988252  -0.06089890  -0.06117398  -0.06081608  -0.05992385  -0.05858679  -0.05688562  -0.05489283  -0.05267305  -0.05028364  -0.04777506  -0.04519146  -0.04257103  -0.03994657  -0.03734589 
 -0.03616177  -0.02230888   0.01905483   0.08734860   0.18161896   0.30056100   0.44254757   0.60566607   0.78776250   0.98649290   1.19938279   1.42389613   1.65751600   1.89783963   2.14268912   2.39023381   2.63910625   2.88846740   3.13793837   3.38729209   3.63585156   3.88173371   4.12133145   4.34945023   4.56012931   4.74770793   4.90762617   5.03675858   5.13337886   5.19694593   5.22785212   5.22719925   5.19661935   5.13813533   5.05405152   4.94686500   4.81919159   4.67370244   4.51306925   4.33991711   4.15678420   3.96608850   3.77010086   3.57092457   3.37048081   3.17049972   2.97251640   2.77787144   2.58771513   2.40301490   2.22456515   2.05299913   1.88880191   1.73232436   1.58379727   1.44334562   1.31100230   1.18672131   1.07039013   0.96184110   0.86086179   0.76720433   0.68059360   0.60073441   0.52731768   0.46002571   0.39853655   0.34252770   0.29167901   0.24567515   0.20420742   0.16697530   0.13368749   0.10406277   0.07783063   0.05473158   0.03451752   0.01695182   0.00180936  -0.01112342  -0.02204864  -0.03115710  -0.03862839  -0.04463111  -0.04932306  -0.05285147  -0.05535329  -0.05695542  -0.05777506  -0.05791999  -0.05748896  -0.05657201  -0.05525087  -0.05359938  -0.05168381  -0.04956338  -0.04729062  -0.04491180  -0.04246739  -0.03999243  -0.03751701 
  0.74146962   0.75430028   0.79258869   0.85572891   0.94272746   1.05222741   1.18254108   1.33169058   1.49745527   1.67742544   1.86906173   2.06976062   2.27692670   2.48805382   2.70081702   2.91317686   3.12349216   3.33062567   3.53400220   3.73354445   3.92938899   4.12133145   4.30812482   4.48698667   4.65369812   4.80332956   4.93119842   5.03359434   5.10808315   5.15347518   5.16962950   5.15722232   5.11754026   5.05231442   4.96359156   4.85363339   4.72483584   4.57966259   4.42058922   4.25005590   4.07042758   3.88396106   3.69277845   3.49884692   3.30396410   3.10974898   2.91763760   2.72888306   2.54455927   2.36556772   2.19264677   2.02638280   1.86722257   1.71548653   1.57138234   1.43501842   1.30641713   1.18552736   1.07223630   0.96638025   0.86775451   0.77612210   0.69122154   0.61277350   0.54048657   0.47406210   0.41319819   0.35759298   0.30694731   0.26096682   0.21936355   0.18185718   0.14817595   0.11805733   0.09124846   0.06750643   0.04659849   0.02830213   0.01240508  -0.00129469  -0.01298906  -0.02285982  -0.03107881  -0.03780804  -0.04319982  -0.04739696  -0.05053291  -0.05273201  -0.05410967  -0.05477261  -0.05481916  -0.05433951  -0.05341603  -0.05212355  -0.05052975  -0.04869547  -0.04667511  -0.04451695  -0.04226357  -0.03995221  -0.03761517 
  1.42204809   1.43407779   1.46995296   1.52903720   1.61028834   1.71228536   1.83326490   1.97116613   2.12368268   2.28832033   2.46245924   2.64342001   2.82853320   3.01521314   3.20103723   3.38383290   3.56177340   3.73347941   3.89811239   4.05542353   4.20569017   4.34945023   4.48698667   4.61767253   4.73950048   4.84914942   4.94262671   5.01613049   5.06670730   5.09252937   5.09286599   5.06790423   5.01853620   4.94616881   4.85257128   4.73975719   4.60989321   4.46522696   4.30802869   4.14054340   3.96495130   3.78333553   3.59765638   3.40973151   3.22122173   3.03362206   2.84825729   2.66628177   2.48868275   2.31628668   2.14976788   1.98965899   1.83636279   1.69016464   1.55124537   1.41969412   1.29552079   1.17866793   1.06902183   0.96642274   0.87067406   0.78155049   0.69880527   0.62217627   0.55139126   0.48617227   0.42623917   0.37131259   0.32111618   0.27537836   0.23383373   0.19622400   0.16229868   0.13181562   0.10454126   0.08025085   0.05872851   0.03976728   0.02316909   0.00874474  -0.00368618  -0.01429533  -0.02324573  -0.03069179  -0.03677944  -0.04164618  -0.04542123  -0.04822563  -0.05017234  -0.05136648  -0.05190542  -0.05187904  -0.05136991  -0.05045356  -0.04919872  -0.04766764  -0.04591632  -0.04399490  -0.04194794  -0.03981475  -0.03762975 
  2.01041815   2.02182791   2.05583206   2.11176124   2.18852019   2.28461752   2.39820588   2.52713117   2.66898925   2.82118837   2.98101556   3.14570561   3.31251142   3.47877532   3.64200163   3.79993187   3.95062429   4.09253931   4.22462813   4.34641236   4.45802192   4.56012931   4.65369812   4.73950048   4.81750276   4.88641529   4.94373147   4.98629724   5.01108932   5.01581323   4.99915695   4.96076541   4.90107675   4.82112754   4.72237873   4.60657663   4.47564637   4.33161046   4.17652568   4.01243337   3.84131966   3.66508373   3.48551291   3.30426375   3.12284851   2.94262659   2.76480033   2.59041479   2.42036083   2.25538103   2.09607781   1.94292334   1.79627054   1.65636490   1.52335653   1.39731224   1.27822718   1.16603599   1.06062314   0.96183235   0.86947516   0.78333838   0.70319066   0.62878805   0.55987866   0.49620655   0.43751482   0.38354807   0.33405433   0.28878645   0.24750318   0.20996983   0.17595881   0.14524988   0.11763031   0.09289495   0.07084622   0.05129407   0.03405595   0.01895671   0.00582861  -0.00548878  -0.01514858  -0.02329664  -0.03007156  -0.03560469  -0.04002022  -0.04343512  -0.04595931  -0.04769562  -0.04873995  -0.04918136  -0.04910221  -0.04857830  -0.04767912  -0.04646797  -0.04500227  -0.04333378  -0.04150887  -0.03956878  -0.03754997 
  2.51182792   2.52276201   2.55532792   2.60882308   2.68209866   2.77359175   2.88136892   3.00317948   3.13651677   3.27868531   3.42687192   3.57821857   3.72989555   3.87917337   4.02349295   4.16053437   4.28828532   4.40511109   4.50982768   4.60177621   4.68088751   4.74770793   4.80332956   4.84914942   4.88641529   4.91564730   4.93620639   4.94631052   4.94354094   4.92554677   4.89059074   4.83778234   4.76705602   4.67902243   4.57479105   4.45581215   4.32375131   4.18039449   4.02757679   3.86712864   3.70083466   3.53040198   3.35743611   3.18342294   3.00971622   2.83752965   2.66793322   2.50185312   2.34007482   2.18324872   2.03189787   1.88642730   1.74713432   1.61421960   1.48779848   1.36791210   1.25453829   1.14760187   1.04698408   0.95253133   0.86406289   0.78137765   0.70426001   0.63248473   0.56582109   0.50403611   0.44689722   0.39417420   0.34564073   0.30107542   0.26026250   0.22299231   0.18906148   0.15827307   0.13043655   0.10536768   0.08288848   0.06282707   0.04501764   0.02930027   0.01552101   0.00353175  -0.00680971  -0.01563968  -0.02308852  -0.02928057  -0.03433416  -0.03836150  -0.04146871  -0.04375576  -0.04531646  -0.04623855  -0.04660369  -0.04648756  -0.04595999  -0.04508508  -0.04392135  -0.04252194  -0.04093484  -0.03920306  -0.03736496 
  2.93182708   2.94239679   2.97385891   3.02547947   3.09605868   3.18396531   3.28718314   3.40336778   3.52991198   3.66401723   3.80276929   3.94321533   4.08244061   4.21764263   4.34620175   4.46574732   4.57421983   4.66993035   4.75161896   4.81851425   4.87039235   4.90762617   4.93119842   4.94262671   4.94373147   4.93620639   4.92107255   4.89826486   4.86662964   4.82437636   4.76971803   4.70137123   4.61877212   4.52205895   4.41193806   4.28952349   4.15619469   4.01348463   3.86299653   3.70634282   3.54510061   3.38077893   3.21479482   3.04845625   2.88295056   2.71933753   2.55854638   2.40137611   2.24849879   2.10046509   1.95771168   1.82057009   1.68927639   1.56398154   1.44476183   1.33162924   1.22454142   1.12341101   1.02811435   0.93849924   0.85439184   0.77560268   0.70193175   0.63317268   0.56911625   0.50955302   0.45427542   0.40307928   0.35576485   0.31213748   0.27200800   0.23519283   0.20151401   0.17079904   0.14288071   0.11759691   0.09479037   0.07430856   0.05600347   0.03973155   0.02535367   0.01273507   0.00174544  -0.00774103  -0.01584555  -0.02268462  -0.02836991  -0.03300810  -0.03670082  -0.03954451  -0.04163032  -0.04304411  -0.04386634  -0.04417213  -0.04403127  -0.04350826  -0.04266244  -0.04154808  -0.04021454  -0.03870644  -0.03706385 
  3.27616627   3.28645385   3.31706009   3.36722284   3.43569658   3.52078848   3.62040718   3.73212259   3.85323461   3.98084844   4.11195410   4.24350750   4.37251071   4.49608913   4.61156375   4.71651729   4.80885362   4.88685095   4.94921013   4.99510028   5.02420355   5.03675858   5.03359434   5.01613049   4.98629724   4.94631052   4.89826486   4.84361748   4.78279244   4.71516374   4.63946029   4.55435060   4.45890325   4.35278868   4.23626695   4.11006812   3.97524859   3.83306417   3.68487158   3.53205661   3.37598321   3.21795772   3.05920421   2.90084767   2.74390341   2.58927104   2.43773238   2.28995245   2.14648310   2.00776860   1.87415296   1.74588829   1.62314406   1.50601665   1.39453907   1.28869045   1.18840505   1.09358079   1.00408692   0.91977095   0.84046465   0.76598926   0.69615974   0.63078826   0.56968700   0.51267015   0.45955546   0.41016520   0.36432677   0.32187292   0.28264179   0.24647674   0.21322604   0.18274257   0.15488340   0.12950948   0.10648527   0.08567853   0.06696008   0.05020371   0.03528608   0.02208673   0.01048819   0.00037602  -0.00836097  -0.01583059  -0.02213706  -0.02738080  -0.03165823  -0.03506160  -0.03767879  -0.03959319  -0.04088358  -0.04162402  -0.04188384  -0.04172759  -0.04121507  -0.04040138  -0.03933701  -0.03806796  -0.03663585 
  3.55070216   3.56076483   3.59068835   3.63968685   3.70647618   3.78931125   3.88603664   3.99414864   4.11086662   4.23321132   4.35808763   4.48236898   4.60298083   4.71698082   4.82163331   4.91447667   4.99338229   5.05660483   5.10282453   5.13118304   5.14131518   5.13337886   5.10808315   5.06670730   5.01108932   4.94354094   4.86662964   4.78279244   4.69384826   4.60061993   4.50290657   4.39984888   4.29046559   4.17407992   4.05050991   3.92006202   3.78342584   3.64154646   3.49551251   3.34647061   3.19556461   3.04389412   2.89248723   2.74228299   2.59412122   2.44873729   2.30676096   2.16871815   2.03503505   1.90604408   1.78199105   1.66304343   1.54929907   1.44079514   1.33751715   1.23940753   1.14637387   1.05829639   0.97503476   0.89643409   0.82233004   0.75255312   0.68693216   0.62529707   0.56748083   0.51332091   0.46266021   0.41534745   0.37123730   0.33019020   0.29207201   0.25675348   0.22410974   0.19401963   0.16636524   0.14103131   0.11790485   0.09687471   0.07783142   0.06066691   0.04527453   0.03154900   0.01938651   0.00868486  -0.00065631  -0.00873531  -0.01564815  -0.02148822  -0.02634606  -0.03030904  -0.03346116  -0.03588278  -0.03765043  -0.03883663  -0.03950981  -0.03973414  -0.03956954  -0.03907162  -0.03829172  -0.03727698  -0.03607037 
