# coconut-me2b/v0.99.21 
# 
# momentum space matrix elements 
# partial wave J=2, L=2/2, S=0, T=1, MT=1 
# 
# momentum grid [fm^-1]
0.000000 0.100000 0.200000 0.300000 0.400000 0.500000 0.600000 0.700000 0.800000 0.900000 1.000000 1.100000 1.200000 1.300000 1.400000 1.500000 1.600000 1.700000 1.800000 1.900000 2.000000 2.100000 2.200000 2.300000 2.400000 2.500000 2.600000 2.700000 2.800000 2.900000 3.000000 3.100000 3.200000 3.300000 3.400000 3.500000 3.600000 3.700000 3.800000 3.900000 4.000000 4.100000 4.200000 4.300000 4.400000 4.500000 4.600000 4.700000 4.800000 4.900000 5.000000 5.100000 5.200000 5.300000 5.400000 5.500000 5.600000 5.700000 5.800000 5.900000 6.000000 6.100000 6.200000 6.300000 6.400000 6.500000 6.600000 6.700000 6.800000 6.900000 7.000000 7.100000 7.200000 7.300000 7.400000 7.500000 7.600000 7.700000 7.800000 7.900000 8.000000 8.100000 8.200000 8.300000 8.400000 8.500000 8.600000 8.700000 8.800000 8.900000 9.000000 9.100000 9.200000 9.300000 9.400000 9.500000 9.600000 9.700000 9.800000 9.900000 10.000000 
#
# matrix elements [MeV fm^3] 
  0.00000000  -0.00000000  -0.00000002  -0.00000003  -0.00000003  -0.00000004  -0.00000004  -0.00000003  -0.00000003  -0.00000003  -0.00000002  -0.00000002  -0.00000002  -0.00000002  -0.00000002  -0.00000002  -0.00000002  -0.00000001  -0.00000001  -0.00000001  -0.00000001  -0.00000001  -0.00000001  -0.00000001  -0.00000001  -0.00000001  -0.00000001  -0.00000001  -0.00000000  -0.00000000  -0.00000000  -0.00000000  -0.00000000  -0.00000000  -0.00000000  -0.00000000  -0.00000000  -0.00000000  -0.00000000  -0.00000000   0.00000000   0.00000000   0.00000000   0.00000000   0.00000000   0.00000000   0.00000000   0.00000000   0.00000000   0.00000000   0.00000000   0.00000000   0.00000000   0.00000000   0.00000000   0.00000000   0.00000000   0.00000000   0.00000000   0.00000000   0.00000000   0.00000000   0.00000000   0.00000000   0.00000000   0.00000000   0.00000000   0.00000000   0.00000000   0.00000000   0.00000000   0.00000000   0.00000000   0.00000000   0.00000000   0.00000000   0.00000000   0.00000000   0.00000000   0.00000000   0.00000000   0.00000000   0.00000000   0.00000000   0.00000000   0.00000000   0.00000000   0.00000000   0.00000000   0.00000000  -0.00000000  -0.00000000  -0.00000000  -0.00000000  -0.00000000  -0.00000000  -0.00000000  -0.00000000  -0.00000000  -0.00000000  -0.00000000 
 -0.00000000   0.60261269   1.64811305   1.83141890   0.92296225  -0.08928604  -0.34257369  -0.02515590   0.16894058   0.02339813  -0.12987071  -0.06590823   0.05024804   0.02675099  -0.05984675  -0.05520293   0.01245628   0.02085233  -0.02940593  -0.04222474  -0.00224986   0.01556753  -0.01320199  -0.03071981  -0.00776158   0.01171235  -0.00362505  -0.02115102  -0.00922110   0.00879941   0.00209806  -0.01354290  -0.00891246   0.00639696   0.00526702  -0.00773788  -0.00789058   0.00430133   0.00667592  -0.00347902  -0.00662659   0.00246721   0.00689591  -0.00048084  -0.00531922   0.00091719   0.00635705   0.00152197  -0.00405198  -0.00031791   0.00537856   0.00275275  -0.00286668  -0.00122562   0.00419052   0.00339135  -0.00179182  -0.00181670   0.00295458   0.00358225  -0.00084984  -0.00212025   0.00178189   0.00344399  -0.00005695  -0.00217698   0.00074628   0.00307612   0.00057779  -0.00203390  -0.00010707   0.00256269   0.00105241  -0.00174080  -0.00075602   0.00197377   0.00137118  -0.00134770  -0.00119726   0.00136609   0.00154362  -0.00090255  -0.00144252   0.00078381   0.00158371  -0.00044899  -0.00151457   0.00025960   0.00150934  -0.00002423  -0.00144345  -0.00018400   0.00134171   0.00034256  -0.00126287  -0.00053331   0.00110441   0.00063115  -0.00100732  -0.00078223   0.00082236 
 -0.00000002   1.64811305   4.56400320   5.22576490   2.89038157   0.08584351  -0.82119716  -0.14300396   0.37035146   0.05702888  -0.32922770  -0.20088124   0.08242772   0.04322555  -0.16200132  -0.15962676   0.00108831   0.02894799  -0.08689549  -0.12021887  -0.02618842   0.02027943  -0.04444955  -0.08641568  -0.03257730   0.01595029  -0.01749246  -0.05844995  -0.03051287   0.01347914  -0.00021348  -0.03638606  -0.02559685   0.01127915   0.01010907  -0.01982498  -0.02028808   0.00876429   0.01533474  -0.00798191  -0.01549100   0.00596476   0.01697476   0.00007311  -0.01140303   0.00315466   0.01625787   0.00521884  -0.00796661   0.00061976   0.01413021   0.00818778  -0.00507892  -0.00144180   0.01128132   0.00955305  -0.00266266  -0.00293453   0.00819460   0.00975654  -0.00067179  -0.00384402   0.00520068   0.00914497   0.00092226  -0.00420966   0.00251923   0.00799702   0.00214289  -0.00410415   0.00028629   0.00653844   0.00301400  -0.00362066  -0.00142881   0.00494922   0.00356135  -0.00286421  -0.00261120   0.00336776   0.00381276  -0.00194403  -0.00328912   0.00189513   0.00379904  -0.00096564  -0.00352214   0.00060054   0.00355542  -0.00002324  -0.00338952  -0.00047301   0.00312280   0.00080652  -0.00297967  -0.00130328   0.00254776   0.00146841  -0.00238166  -0.00188460   0.00188112 
 -0.00000003   1.83141890   5.22576490   6.40496411   4.24130453   1.06443464  -0.50990088  -0.30451648   0.15858358   0.00387686  -0.32775953  -0.28809489  -0.06370484  -0.05424890  -0.20253755  -0.21769572  -0.09672617  -0.05692640  -0.13326037  -0.16208714  -0.09193031  -0.04631551  -0.08476631  -0.11474876  -0.07399029  -0.03093899  -0.04768650  -0.07506599  -0.05330061  -0.01625735  -0.02028508  -0.04388866  -0.03496314  -0.00508689  -0.00169270  -0.02112844  -0.02081770   0.00192352   0.00949426  -0.00568587  -0.01086076   0.00537130   0.01504504   0.00400252  -0.00429909   0.00630142   0.01668854   0.00948276  -0.00019305   0.00572207   0.01585703   0.01203576   0.00224812   0.00440610   0.01361670   0.01262512   0.00359566   0.00287090   0.01071299   0.01194689   0.00423546   0.00143290   0.00765188   0.01050418   0.00442612   0.00027051   0.00477062   0.00866622   0.00434371  -0.00053092   0.00228363   0.00670335   0.00410683  -0.00095287   0.00030918   0.00480553   0.00378948  -0.00102738  -0.00111263   0.00309459   0.00343040  -0.00082283  -0.00200299   0.00163670   0.00304334  -0.00042875  -0.00242619   0.00045633   0.00262838   0.00005975  -0.00247135  -0.00044969   0.00218249   0.00055546  -0.00223643  -0.00110034   0.00170693   0.00098848  -0.00181619  -0.00152195   0.00121089 
 -0.00000003   0.92296225   2.89038157   4.24130453   3.93801984   2.34415383   0.66370774  -0.22244366  -0.33342022  -0.20586223  -0.20552100  -0.29735052  -0.32036116  -0.26267789  -0.22306242  -0.23663552  -0.24812263  -0.22148325  -0.18815932  -0.18123120  -0.18426127  -0.16888305  -0.14234820  -0.12852849  -0.12632902  -0.11641145  -0.09626517  -0.08152638  -0.07717909  -0.07105091  -0.05687629  -0.04400175  -0.03941412  -0.03622705  -0.02722096  -0.01718762  -0.01320336  -0.01215438  -0.00723068  -0.00004651   0.00313740   0.00283622   0.00480826   0.00955569   0.01202578   0.01104065   0.01105673   0.01388422   0.01579164   0.01460385   0.01344765   0.01483160   0.01629987   0.01520763   0.01345176   0.01378680   0.01489577   0.01405371   0.01209749   0.01170182   0.01250197   0.01196805   0.01008069   0.00921227   0.00974171   0.00951457   0.00786901   0.00673734   0.00703124   0.00707424   0.00576958   0.00454106   0.00463393   0.00488946   0.00396620   0.00276648   0.00269129   0.00309036   0.00254284   0.00145950   0.00124693   0.00171726   0.00150593   0.00059312   0.00027204   0.00074561   0.00080920   0.00009383  -0.00030735   0.00011212   0.00037897  -0.00013264  -0.00058485  -0.00026165   0.00013575  -0.00018048  -0.00065379  -0.00045182   0.00000919  -0.00013004  -0.00059455 
 -0.00000004  -0.08928604   0.08584351   1.06443464   2.34415383   2.72000327   1.74605180   0.29945364  -0.49490591  -0.47186578  -0.27253460  -0.33324418  -0.48632978  -0.46524162  -0.34109695  -0.31495418  -0.37449351  -0.37253250  -0.29539289  -0.25394924  -0.27622436  -0.27893317  -0.22734875  -0.18425782  -0.18768123  -0.19134436  -0.15695800  -0.11823640  -0.11272788  -0.11711726  -0.09588549  -0.06423457  -0.05525718  -0.06036319  -0.04927729  -0.02527368  -0.01555736  -0.02097468  -0.01731348  -0.00033478   0.00892762   0.00381362   0.00246801   0.01354918   0.02190769   0.01765102   0.01328942   0.01968361   0.02698127   0.02392670   0.01806766   0.02087402   0.02704466   0.02530554   0.01903608   0.01919028   0.02419878   0.02370644   0.01776398   0.01605024   0.01989201   0.02046366   0.01531913   0.01239544   0.01510651   0.01650190   0.01242481   0.00884000   0.01049867   0.01245782   0.00956205   0.00576273   0.00648213   0.00874823   0.00702566   0.00335885   0.00327567   0.00561026   0.00495943   0.00167675   0.00094095   0.00313597   0.00338964   0.00065547  -0.00057722   0.00131067   0.00226265   0.00016583  -0.00140759   0.00005352   0.00148322   0.00005042  -0.00171181  -0.00074571   0.00094710   0.00015606  -0.00165221  -0.00119910   0.00056350   0.00035503  -0.00137107 
 -0.00000004  -0.34257369  -0.82119716  -0.50990088   0.66370774   1.74605180   1.81848940   0.94606137  -0.05056147  -0.54043602  -0.56782387  -0.50601933  -0.53667580  -0.58021059  -0.55359631  -0.49855195  -0.47607856  -0.47189456  -0.44603044  -0.40358975  -0.37336193  -0.35580760  -0.33055923  -0.29517206  -0.26500966  -0.24414684  -0.22154728  -0.19301827  -0.16704841  -0.14819689  -0.13031530  -0.10908963  -0.08912956  -0.07456853  -0.06204442  -0.04766150  -0.03373259  -0.02374263  -0.01602097  -0.00726615   0.00159839   0.00774171   0.01176921   0.01635766   0.02142580   0.02474003   0.02623113   0.02798525   0.03042222   0.03183696   0.03174645   0.03170850   0.03242489   0.03265147   0.03167284   0.03059023   0.03024198   0.02978020   0.02838509   0.02677301   0.02581945   0.02501042   0.02351148   0.02172162   0.02048446   0.01955982   0.01816023   0.01642963   0.01513239   0.01424509   0.01306802   0.01154711   0.01033689   0.00957774   0.00868268   0.00745180   0.00641269   0.00582139   0.00521663   0.00429971   0.00346515   0.00304197   0.00269789   0.00207725   0.00144404   0.00116318   0.00102709   0.00065911   0.00020197   0.00002519   0.00003551  -0.00013494  -0.00045050  -0.00056250  -0.00046491  -0.00049333  -0.00070163  -0.00078167  -0.00064622  -0.00058146  -0.00071134 
 -0.00000003  -0.02515590  -0.14300396  -0.30451648  -0.22244366   0.29945364   0.94606137   1.09802970   0.53557856  -0.28101925  -0.74795407  -0.75713566  -0.64668317  -0.66692875  -0.73875013  -0.71248319  -0.62130615  -0.58108580  -0.59177442  -0.56909253  -0.50008399  -0.44884127  -0.43647490  -0.41551969  -0.36205482  -0.31193285  -0.29090522  -0.27324914  -0.23377229  -0.19092698  -0.16922849  -0.15654065  -0.12997236  -0.09682777  -0.07819616  -0.07065337  -0.05501375  -0.03145428  -0.01693094  -0.01355170  -0.00626828   0.00912497   0.01984703   0.02046568   0.02196188   0.03099007   0.03866139   0.03780824   0.03569042   0.04003187   0.04538614   0.04400458   0.03992173   0.04095195   0.04455630   0.04323023   0.03834948   0.03714141   0.03940405   0.03844043   0.03355244   0.03093826   0.03216171   0.03168473   0.02730356   0.02393275   0.02435722   0.02437738   0.02081091   0.01718519   0.01700934   0.01746475   0.01485968   0.01135067   0.01073747   0.01151884   0.00989327   0.00675471   0.00583367   0.00680399   0.00607759   0.00346029   0.00233223   0.00334635   0.00337165   0.00134274   0.00008788   0.00101151   0.00160477   0.00016908  -0.00114429  -0.00041882   0.00054957  -0.00033048  -0.00163951  -0.00118326  -0.00002082  -0.00040903  -0.00165356  -0.00149769  -0.00029688 
 -0.00000003   0.16894058   0.37035146   0.15858358  -0.33342022  -0.49490591  -0.05056147   0.53557856   0.60950717   0.08133535  -0.56137048  -0.87837285  -0.88315525  -0.83414993  -0.85192558  -0.86701305  -0.82129433  -0.75789150  -0.72406904  -0.69981604  -0.65219408  -0.59306692  -0.54878202  -0.51419618  -0.46946089  -0.41713787  -0.37377911  -0.33971287  -0.30210219  -0.25968694  -0.22324497  -0.19526280  -0.16713476  -0.13588102  -0.10851633  -0.08835695  -0.06964850  -0.04872587  -0.03001955  -0.01707110  -0.00619607   0.00638323   0.01806850   0.02540975   0.03053410   0.03700402   0.04354550   0.04698909   0.04828565   0.05059922   0.05361827   0.05457334   0.05354433   0.05320275   0.05392668   0.05341722   0.05113552   0.04922256   0.04852882   0.04725670   0.04445788   0.04174145   0.04025123   0.03868848   0.03586775   0.03289067   0.03104544   0.02950331   0.02698190   0.02411915   0.02222569   0.02089429   0.01885754   0.01634808   0.01460276   0.01357428   0.01209640   0.01006520   0.00857233   0.00786096   0.00692860   0.00540949   0.00420177   0.00376638   0.00330524   0.00226690   0.00132884   0.00109757   0.00099997   0.00037242  -0.00033675  -0.00044392  -0.00029463  -0.00059710  -0.00112499  -0.00117931  -0.00089062  -0.00095302  -0.00134206  -0.00139627  -0.00105600 
 -0.00000003   0.02339813   0.05702888   0.00387686  -0.20586223  -0.47186578  -0.54043602  -0.28101925   0.08133535   0.14430798  -0.22919537  -0.75352675  -1.05524752  -1.06410490  -0.98670105  -0.98161560  -1.00517809  -0.96518598  -0.88048700  -0.82453301  -0.80048723  -0.75601048  -0.68112009  -0.61631781  -0.57731779  -0.53491614  -0.47243224  -0.41212317  -0.37203776  -0.33676070  -0.28904178  -0.23976768  -0.20565652  -0.17992994  -0.14707977  -0.11071484  -0.08491627  -0.06843617  -0.04843514  -0.02393723  -0.00602836   0.00305744   0.01321705   0.02815782   0.03973368   0.04366998   0.04699978   0.05486153   0.06179959   0.06254725   0.06154923   0.06445901   0.06816493   0.06717245   0.06371656   0.06332692   0.06484097   0.06307781   0.05848456   0.05603546   0.05610385   0.05418317   0.04935911   0.04577941   0.04494499   0.04323681   0.03878572   0.03476941   0.03343206   0.03213675   0.02843037   0.02447923   0.02292542   0.02211592   0.01933823   0.01578643   0.01420496   0.01385605   0.01203932   0.00907629   0.00757417   0.00759144   0.00665415   0.00435284   0.00297642   0.00322763   0.00301501   0.00136452   0.00012325   0.00046888   0.00079168  -0.00027096  -0.00138311  -0.00106528  -0.00039889  -0.00096244  -0.00195184  -0.00175119  -0.00091341  -0.00107412  -0.00194002 
 -0.00000002  -0.12987071  -0.32922770  -0.32775953  -0.20552100  -0.27253460  -0.56782387  -0.74795407  -0.56137048  -0.22919537  -0.18456712  -0.53754944  -0.98157204  -1.20100578  -1.19233555  -1.14142014  -1.13855825  -1.12913978  -1.06787428  -0.99149992  -0.93947074  -0.89424575  -0.82791983  -0.75208707  -0.69055354  -0.63827101  -0.57710991  -0.51003810  -0.45285415  -0.40561090  -0.35583699  -0.30250546  -0.25630329  -0.21954050  -0.18346294  -0.14506831  -0.11150080  -0.08608268  -0.06277754  -0.03771031  -0.01547227   0.00023361   0.01333749   0.02793237   0.04131083   0.04976354   0.05556233   0.06262434   0.06965073   0.07317373   0.07417580   0.07616741   0.07890154   0.07931959   0.07743273   0.07621768   0.07619488   0.07481915   0.07140535   0.06833692   0.06666383   0.06440471   0.06041290   0.05646541   0.05393825   0.05141950   0.04749835   0.04336650   0.04055303   0.03818616   0.03475390   0.03091033   0.02819484   0.02622086   0.02350659   0.02023653   0.01784780   0.01636707   0.01444424   0.01187645   0.00991578   0.00891976   0.00774331   0.00588636   0.00436116   0.00376925   0.00321719   0.00199965   0.00085975   0.00055666   0.00047045  -0.00022099  -0.00105061  -0.00118327  -0.00096545  -0.00125551  -0.00185048  -0.00191261  -0.00153337  -0.00153811  -0.00196076 
 -0.00000002  -0.06590823  -0.20088124  -0.28809489  -0.29735052  -0.33324418  -0.50601933  -0.75713566  -0.87837285  -0.75352675  -0.53754944  -0.51538837  -0.78341363  -1.14571426  -1.34890442  -1.34637291  -1.27791148  -1.25140992  -1.23973733  -1.18254219  -1.09280658  -1.02042309  -0.96890235  -0.90391139  -0.81851066  -0.74002527  -0.68005065  -0.61959506  -0.54702201  -0.47704284  -0.42248552  -0.37352840  -0.31811283  -0.26305454  -0.21998125  -0.18482322  -0.14676613  -0.10761010  -0.07696978  -0.05446160  -0.03120466  -0.00590327   0.01401731   0.02663137   0.03868319   0.05324617   0.06499686   0.07068471   0.07498542   0.08183724   0.08781297   0.08906245   0.08841125   0.09003086   0.09212625   0.09077739   0.08725265   0.08552492   0.08513749   0.08247142   0.07755723   0.07388451   0.07203056   0.06891740   0.06365441   0.05907614   0.05649590   0.05350997   0.04860351   0.04387410   0.04109382   0.03858226   0.03446724   0.03009929   0.02746414   0.02558908   0.02247494   0.01877109   0.01647137   0.01524746   0.01316265   0.01025215   0.00835566   0.00769278   0.00653538   0.00441865   0.00290977   0.00265924   0.00224993   0.00084548  -0.00033556  -0.00033840  -0.00020860  -0.00102246  -0.00194731  -0.00185057  -0.00138400  -0.00173814  -0.00246922  -0.00238522  -0.00175491 
 -0.00000002   0.05024804   0.08242772  -0.06370484  -0.32036116  -0.48632978  -0.53667580  -0.64668317  -0.88315525  -1.05524752  -0.98157204  -0.78341363  -0.75897299  -1.00807791  -1.32612499  -1.47941086  -1.45683699  -1.39703455  -1.37188741  -1.33951374  -1.26307349  -1.17252723  -1.10176426  -1.03707652  -0.95464083  -0.86417821  -0.78696316  -0.71931676  -0.64510610  -0.56652369  -0.49795211  -0.43998085  -0.38119073  -0.32011781  -0.26654772  -0.22302507  -0.18141805  -0.13843437  -0.10058808  -0.07132201  -0.04502868  -0.01763570   0.00674052   0.02432763   0.03871521   0.05412128   0.06821985   0.07726858   0.08324536   0.09013202   0.09695146   0.10023952   0.10071842   0.10191182   0.10385086   0.10351855   0.10069761   0.09833340   0.09718585   0.09478709   0.09025672   0.08590844   0.08299205   0.07963304   0.07452464   0.06934238   0.06561961   0.06207250   0.05716685   0.05196911   0.04812132   0.04489189   0.04068313   0.03600941   0.03247881   0.02984844   0.02658820   0.02273835   0.01976314   0.01782828   0.01557124   0.01264995   0.01030668   0.00902645   0.00768421   0.00565420   0.00390794   0.00315716   0.00255594   0.00129337   0.00004797  -0.00033265  -0.00039972  -0.00105633  -0.00191645  -0.00208118  -0.00181417  -0.00202788  -0.00260935  -0.00268296  -0.00225059 
 -0.00000002   0.02675099   0.04322555  -0.05424890  -0.26267789  -0.46524162  -0.58021059  -0.66692875  -0.83414993  -1.06410490  -1.20100578  -1.14571426  -1.00807791  -1.00142558  -1.19886352  -1.45705380  -1.59253581  -1.57370744  -1.50245814  -1.45630800  -1.41666865  -1.34224157  -1.24349570  -1.15620007  -1.08325052  -1.00112724  -0.90545464  -0.81566917  -0.74020579  -0.66609045  -0.58526957  -0.50800880  -0.44343470  -0.38487901  -0.32382467  -0.26480756  -0.21596630  -0.17460233  -0.13303750  -0.09221346  -0.05876067  -0.03253885  -0.00726486   0.01828764   0.03907933   0.05364647   0.06670958   0.08069531   0.09206875   0.09845797   0.10307319   0.10888378   0.11369953   0.11475945   0.11393451   0.11429057   0.11478471   0.11264594   0.10863143   0.10560394   0.10344976   0.09964933   0.09408728   0.08922976   0.08566711   0.08129508   0.07536108   0.06982243   0.06575457   0.06155411   0.05604918   0.05064086   0.04668860   0.04311490   0.03852251   0.03376084   0.03029858   0.02756390   0.02409980   0.02024852   0.01744464   0.01556913   0.01323953   0.01036393   0.00823269   0.00710444   0.00577279   0.00380214   0.00226134   0.00169844   0.00115156  -0.00006015  -0.00113591  -0.00133182  -0.00132800  -0.00195255  -0.00269144  -0.00269696  -0.00235836  -0.00255965  -0.00306838 
 -0.00000002  -0.05984675  -0.16200132  -0.20253755  -0.22306242  -0.34109695  -0.55359631  -0.73875013  -0.85192558  -0.98670105  -1.19233555  -1.34890442  -1.32612499  -1.19886352  -1.18187409  -1.35977010  -1.58915510  -1.69202377  -1.65445259  -1.58297225  -1.53680796  -1.48402177  -1.39401470  -1.29091434  -1.20415147  -1.12356490  -1.02874928  -0.92734492  -0.83817871  -0.75903413  -0.67574216  -0.58949468  -0.51305057  -0.44762682  -0.38305967  -0.31735822  -0.25914000  -0.21120392  -0.16630839  -0.12090504  -0.08063389  -0.04900515  -0.02109150   0.00726004   0.03260215   0.05120406   0.06611744   0.08152394   0.09561703   0.10476973   0.11053481   0.11678097   0.12293534   0.12570234   0.12547662   0.12561990   0.12647255   0.12522213   0.12141021   0.11779072   0.11534951   0.11184255   0.10622432   0.10060191   0.09637554   0.09189838   0.08576451   0.07943948   0.07453894   0.06999741   0.06423811   0.05812472   0.05332199   0.04929721   0.04445776   0.03913203   0.03490123   0.03169454   0.02802602   0.02377479   0.02033956   0.01802666   0.01554807   0.01243142   0.00982591   0.00832325   0.00689436   0.00481749   0.00295438   0.00208885   0.00148344   0.00026659  -0.00099981  -0.00142965  -0.00146181  -0.00202599  -0.00285105  -0.00303061  -0.00271998  -0.00282744  -0.00334596 
 -0.00000002  -0.05520293  -0.15962676  -0.21769572  -0.23663552  -0.31495418  -0.49855195  -0.71248319  -0.86701305  -0.98161560  -1.14142014  -1.34637291  -1.47941086  -1.45705380  -1.35977010  -1.35378418  -1.49763276  -1.68170417  -1.76661677  -1.73046874  -1.65174559  -1.58861782  -1.52721524  -1.43819242  -1.33086952  -1.23205388  -1.14373895  -1.04914297  -0.94588592  -0.84844611  -0.76282492  -0.67969420  -0.59356621  -0.51199392  -0.44142380  -0.37698847  -0.31264680  -0.25165250  -0.19970009  -0.15475306  -0.11129070  -0.06990833  -0.03520268  -0.00698251   0.01928192   0.04456633   0.06541312   0.08084730   0.09426077   0.10747581   0.11810447   0.12451140   0.12898581   0.13371408   0.13726092   0.13771183   0.13638276   0.13550207   0.13444299   0.13128891   0.12655211   0.12228895   0.11852077   0.11351689   0.10716489   0.10121277   0.09616405   0.09058873   0.08392270   0.07752889   0.07223284   0.06696263   0.06086169   0.05487934   0.05001812   0.04557832   0.04055218   0.03548531   0.03143364   0.02805208   0.02430188   0.02036382   0.01724809   0.01492408   0.01241865   0.00960652   0.00737799   0.00596157   0.00452142   0.00269626   0.00120634   0.00047495  -0.00014953  -0.00119049  -0.00212594  -0.00240533  -0.00247262  -0.00294136  -0.00349661  -0.00352639  -0.00326417 
 -0.00000002   0.01245628   0.00108831  -0.09672617  -0.24812263  -0.37449351  -0.47607856  -0.62130615  -0.82129433  -1.00517809  -1.13855825  -1.27791148  -1.45683699  -1.59253581  -1.58915510  -1.49763276  -1.47887444  -1.60335627  -1.76647763  -1.82938792  -1.77763011  -1.69501489  -1.63133143  -1.56220207  -1.46189179  -1.34974731  -1.25140475  -1.15959486  -1.05680592  -0.94879135  -0.85206632  -0.76564690  -0.67719328  -0.58698169  -0.50614123  -0.43640616  -0.36889104  -0.30117642  -0.24067448  -0.19035549  -0.14393964  -0.09774259  -0.05649640  -0.02369289   0.00484768   0.03323054   0.05869764   0.07765463   0.09257432   0.10747820   0.12108200   0.12997337   0.13527053   0.14061761   0.14582999   0.14787581   0.14684066   0.14582902   0.14545630   0.14319749   0.13839254   0.13352682   0.12976233   0.12514400   0.11851458   0.11171664   0.10624007   0.10071062   0.09368410   0.08637792   0.08042386   0.07499945   0.06854845   0.06171297   0.05611442   0.05142509   0.04611841   0.04033588   0.03557068   0.03191444   0.02798047   0.02350125   0.01975736   0.01717354   0.01458267   0.01140861   0.00866595   0.00702168   0.00557831   0.00355301   0.00166841   0.00074329   0.00017244  -0.00093686  -0.00215632  -0.00260078  -0.00258498  -0.00302481  -0.00376911  -0.00394284  -0.00359241 
 -0.00000001   0.02085233   0.02894799  -0.05692640  -0.22148325  -0.37253250  -0.47189456  -0.58108580  -0.75789150  -0.96518598  -1.12913978  -1.25140992  -1.39703455  -1.57370744  -1.69202377  -1.68170417  -1.60335627  -1.59039718  -1.69155590  -1.82030523  -1.86672774  -1.81524232  -1.72883900  -1.65274186  -1.57581060  -1.47642209  -1.36328007  -1.25725125  -1.15941152  -1.05726935  -0.94992645  -0.84863926  -0.75754804  -0.66956666  -0.58104931  -0.49786882  -0.42452669  -0.35718313  -0.29155201  -0.23019044  -0.17707702  -0.13045909  -0.08632304  -0.04519933  -0.01029753   0.01875161   0.04528091   0.06994439   0.09033097   0.10592185   0.11923473   0.13155765   0.14123194   0.14722673   0.15126114   0.15489645   0.15714597   0.15675136   0.15472474   0.15266146   0.15014429   0.14589281   0.14033391   0.13493826   0.12974166   0.12357937   0.11642164   0.10951339   0.10322280   0.09658406   0.08923538   0.08214005   0.07588318   0.06973982   0.06313164   0.05672103   0.05120731   0.04611780   0.04076074   0.03550752   0.03108580   0.02726441   0.02332620   0.01938283   0.01612282   0.01352977   0.01093189   0.00822617   0.00601267   0.00445198   0.00296974   0.00130060  -0.00007650  -0.00086834  -0.00151845  -0.00240059  -0.00317446  -0.00346121  -0.00355753  -0.00389423  -0.00427400 
 -0.00000001  -0.02940593  -0.08689549  -0.13326037  -0.18815932  -0.29539289  -0.44603044  -0.59177442  -0.72406904  -0.88048700  -1.06787428  -1.23973733  -1.37188741  -1.50245814  -1.65445259  -1.76661677  -1.76647763  -1.69155590  -1.66649753  -1.74987804  -1.86275383  -1.89458714  -1.83145286  -1.74052164  -1.66414985  -1.58364945  -1.47719010  -1.36025831  -1.25517132  -1.15689435  -1.05038737  -0.93982436  -0.83958522  -0.74963238  -0.65929607  -0.56812491  -0.48571354  -0.41416355  -0.34581740  -0.27798150  -0.21693130  -0.16570910  -0.11897988  -0.07305609  -0.03181917   0.00133926   0.02986927   0.05771828   0.08276522   0.10162617   0.11622588   0.13033844   0.14315020   0.15152902   0.15620254   0.16052388   0.16464265   0.16584389   0.16395701   0.16178113   0.16014923   0.15686142   0.15111278   0.14508838   0.14006668   0.13440279   0.12688422   0.11907235   0.11248774   0.10603430   0.09828293   0.09020011   0.08337873   0.07723161   0.07027096   0.06292700   0.05672974   0.05153819   0.04593265   0.03988768   0.03476955   0.03080638   0.02674313   0.02219323   0.01829058   0.01554752   0.01294085   0.00982306   0.00705613   0.00534923   0.00394989   0.00204837   0.00022035  -0.00071346  -0.00122190  -0.00218561  -0.00330851  -0.00373732  -0.00366697  -0.00396936  -0.00460427 
 -0.00000001  -0.04222474  -0.12021887  -0.16208714  -0.18123120  -0.25394924  -0.40358975  -0.56909253  -0.69981604  -0.82453301  -0.99149992  -1.18254219  -1.33951374  -1.45630800  -1.58297225  -1.73046874  -1.82938792  -1.82030523  -1.74987804  -1.72758338  -1.79510982  -1.88249846  -1.90044453  -1.83747665  -1.74569911  -1.66132358  -1.57485833  -1.46976433  -1.35431002  -1.24529099  -1.14297318  -1.03763726  -0.92944711  -0.82752199  -0.73460676  -0.64501006  -0.55640660  -0.47363146  -0.39979316  -0.33163570  -0.26612355  -0.20546786  -0.15245762  -0.10542886  -0.06142428  -0.02105704   0.01339687   0.04252412   0.06884371   0.09268051   0.11230448   0.12759416   0.14050193   0.15186546   0.16047749   0.16579180   0.16919041   0.17174669   0.17272479   0.17136820   0.16854506   0.16537974   0.16153709   0.15620430   0.14981647   0.14342507   0.13701307   0.12981473   0.12192010   0.11422807   0.10695407   0.09944347   0.09152869   0.08391170   0.07695958   0.07016374   0.06318208   0.05650404   0.05057769   0.04505427   0.03949289   0.03417730   0.02957853   0.02550576   0.02148488   0.01761673   0.01435028   0.01163888   0.00902842   0.00646931   0.00435567   0.00276262   0.00129544  -0.00020877  -0.00143257  -0.00220721  -0.00284246  -0.00357689  -0.00418181  -0.00442576  -0.00452090 
 -0.00000001  -0.00224986  -0.02618842  -0.09193031  -0.18426127  -0.27622436  -0.37336193  -0.50008399  -0.65219408  -0.80048723  -0.93947074  -1.09280658  -1.26307349  -1.41666865  -1.53680796  -1.65174559  -1.77763011  -1.86672774  -1.86275383  -1.79510982  -1.76308045  -1.81549639  -1.89094798  -1.89984903  -1.82926901  -1.73385581  -1.64989672  -1.56296897  -1.45444397  -1.33671984  -1.22918909  -1.12849453  -1.02172853  -0.91181228  -0.81119594  -0.72052902  -0.63065428  -0.54060429  -0.45858553  -0.38692675  -0.31911404  -0.25233666  -0.19184909  -0.14067455  -0.09436004  -0.04933103  -0.00871320   0.02427113   0.05240432   0.07939364   0.10367451   0.12212818   0.13619694   0.14935237   0.16117958   0.16886699   0.17281855   0.17606229   0.17901497   0.17930320   0.17656450   0.17327486   0.17042139   0.16613824   0.15953436   0.15248998   0.14634131   0.13974840   0.13149498   0.12286811   0.11536690   0.10815692   0.09986750   0.09123068   0.08375706   0.07707012   0.06978526   0.06214495   0.05555454   0.05002999   0.04428425   0.03815453   0.03285747   0.02872540   0.02465173   0.02016321   0.01623468   0.01343348   0.01088838   0.00791309   0.00521404   0.00351161   0.00219817   0.00046771  -0.00124593  -0.00214786  -0.00257792  -0.00337781  -0.00437210  -0.00476268  -0.00463780 
 -0.00000001   0.01556753   0.02027943  -0.04631551  -0.16888305  -0.27893317  -0.35580760  -0.44884127  -0.59306692  -0.75601048  -0.89424575  -1.02042309  -1.17252723  -1.34224157  -1.48402177  -1.58861782  -1.69501489  -1.81524232  -1.89458714  -1.88249846  -1.81549639  -1.78490855  -1.82707150  -1.88435522  -1.88242670  -1.81246077  -1.71852353  -1.63035074  -1.53950913  -1.43285786  -1.31827169  -1.20968863  -1.10672851  -1.00149089  -0.89487660  -0.79457236  -0.70231163  -0.61328554  -0.52610948  -0.44498824  -0.37205906  -0.30439877  -0.23985920  -0.18051103  -0.12833867  -0.08167430  -0.03829378   0.00104263   0.03467171   0.06339147   0.08917890   0.11205997   0.13073465   0.14541028   0.15768822   0.16804433   0.17553734   0.17999870   0.18262873   0.18413210   0.18389674   0.18154055   0.17788723   0.17372039   0.16871052   0.16237904   0.15521962   0.14799231   0.14059386   0.13252987   0.12402002   0.11573363   0.10773553   0.09956901   0.09123922   0.08328637   0.07588930   0.06866268   0.06145682   0.05466740   0.04854085   0.04278232   0.03714366   0.03187828   0.02726237   0.02309905   0.01909203   0.01536662   0.01219918   0.00948886   0.00693292   0.00454981   0.00259376   0.00105042  -0.00035772  -0.00169469  -0.00274432  -0.00344963  -0.00404135  -0.00464138  -0.00508182 
 -0.00000001  -0.01320199  -0.04444955  -0.08476631  -0.14234820  -0.22734875  -0.33055923  -0.43647490  -0.54878202  -0.68112009  -0.82791983  -0.96890235  -1.10176426  -1.24349570  -1.39401470  -1.52721524  -1.63133143  -1.72883900  -1.83145286  -1.90044453  -1.89094798  -1.82707150  -1.78976883  -1.81994514  -1.86849600  -1.86164255  -1.78762075  -1.69146214  -1.60439303  -1.51518767  -1.40789176  -1.29246076  -1.18571885  -1.08554585  -0.98089130  -0.87373252  -0.77481046  -0.68524897  -0.59725213  -0.50953563  -0.42908444  -0.35833572  -0.29181569  -0.22673216  -0.16745020  -0.11689650  -0.07141094  -0.02762083   0.01199802   0.04444752   0.07192748   0.09785139   0.12112281   0.13892543   0.15230015   0.16438762   0.17509476   0.18195060   0.18510931   0.18726318   0.18902725   0.18837321   0.18481099   0.18049576   0.17650741   0.17130326   0.16395980   0.15606494   0.14895975   0.14158739   0.13277088   0.12354367   0.11534055   0.10755959   0.09892138   0.08995069   0.08204388   0.07500195   0.06756665   0.05982408   0.05303416   0.04733540   0.04158741   0.03552321   0.03019968   0.02601988   0.02203103   0.01770593   0.01385952   0.01108334   0.00865572   0.00588171   0.00331915   0.00167275   0.00047073  -0.00106339  -0.00262457  -0.00346570  -0.00381182  -0.00444534  -0.00529415 
 -0.00000001  -0.03071981  -0.08641568  -0.11474876  -0.12852849  -0.18425782  -0.29517206  -0.41551969  -0.51419618  -0.61631781  -0.75208707  -0.90391139  -1.03707652  -1.15620007  -1.29091434  -1.43819242  -1.56220207  -1.65274186  -1.74052164  -1.83747665  -1.89984903  -1.88435522  -1.81994514  -1.78376251  -1.80787769  -1.84410586  -1.82935388  -1.75647958  -1.66336839  -1.57498650  -1.48365105  -1.37853204  -1.26710587  -1.16127057  -1.06018288  -0.95716263  -0.85360147  -0.75622080  -0.66605652  -0.57887513  -0.49395138  -0.41511538  -0.34385354  -0.27743804  -0.21433944  -0.15659828  -0.10567422  -0.05986010  -0.01742757   0.02070458   0.05326068   0.08122149   0.10621746   0.12802713   0.14560943   0.15943075   0.17088992   0.18018762   0.18652636   0.19002080   0.19179068   0.19227413   0.19090342   0.18756482   0.18309543   0.17804253   0.17203976   0.16483629   0.15700563   0.14911446   0.14096220   0.13222773   0.12325261   0.11456296   0.10608737   0.09748346   0.08890018   0.08078708   0.07316849   0.06571678   0.05843147   0.05166852   0.04551934   0.03969683   0.03409434   0.02897114   0.02446206   0.02033704   0.01642347   0.01289011   0.00989553   0.00727499   0.00482448   0.00263369   0.00086868  -0.00056917  -0.00188772  -0.00306242  -0.00393317  -0.00453768  -0.00506750 
 -0.00000001  -0.00776158  -0.03257730  -0.07399029  -0.12632902  -0.18768123  -0.26500966  -0.36205482  -0.46946089  -0.57731779  -0.69055354  -0.81851066  -0.95464083  -1.08325052  -1.20415147  -1.33086952  -1.46189179  -1.57581060  -1.66414985  -1.74569911  -1.82926901  -1.88242670  -1.86849600  -1.80787769  -1.76790226  -1.78303767  -1.81302116  -1.79620482  -1.72202739  -1.62803307  -1.54118400  -1.45265724  -1.34876878  -1.23757192  -1.13365483  -1.03579609  -0.93457231  -0.83129006  -0.73520241  -0.64773816  -0.56231544  -0.47750222  -0.39922943  -0.32994465  -0.26509817  -0.20202096  -0.14431910  -0.09475932  -0.05037029  -0.00804050   0.03029981   0.06191760   0.08852555   0.11321515   0.13527125   0.15220109   0.16472893   0.17565686   0.18513863   0.19104678   0.19335758   0.19443364   0.19502296   0.19342963   0.18909422   0.18386699   0.17886504   0.17284441   0.16489437   0.15633387   0.14846413   0.14047945   0.13127549   0.12166110   0.11297376   0.10480833   0.09599937   0.08689700   0.07876224   0.07153714   0.06410292   0.05642337   0.04960294   0.04386785   0.03822874   0.03234776   0.02712163   0.02299256   0.01915835   0.01506818   0.01138478   0.00869667   0.00642208   0.00388325   0.00150315  -0.00005107  -0.00113008  -0.00246051  -0.00384831  -0.00461024  -0.00487469 
 -0.00000001   0.01171235   0.01595029  -0.03093899  -0.11641145  -0.19134436  -0.24414684  -0.31193285  -0.41713787  -0.53491614  -0.63827101  -0.74002527  -0.86417821  -1.00112724  -1.12356490  -1.23205388  -1.34974731  -1.47642209  -1.58364945  -1.66132358  -1.73385581  -1.81246077  -1.86164255  -1.84410586  -1.78303767  -1.74423871  -1.75625581  -1.77832173  -1.75604357  -1.68334157  -1.59319595  -1.50699200  -1.41765296  -1.31595849  -1.20897245  -1.10711657  -1.00926207  -0.90957490  -0.80975183  -0.71585762  -0.62848027  -0.54377956  -0.46147680  -0.38517968  -0.31596210  -0.25121998  -0.18983972  -0.13387858  -0.08447069  -0.03986509   0.00134695   0.03810928   0.06937867   0.09627970   0.12023635   0.14084044   0.15719560   0.16996041   0.18043146   0.18861407   0.19377633   0.19623330   0.19708620   0.19659200   0.19418050   0.18991831   0.18468452   0.17887253   0.17205969   0.16413837   0.15576350   0.14738285   0.13870207   0.12949869   0.12021770   0.11130508   0.10257495   0.09373879   0.08505700   0.07693818   0.06928690   0.06178890   0.05455210   0.04792803   0.04189572   0.03614768   0.03067416   0.02576116   0.02144773   0.01745769   0.01369761   0.01038688   0.00761077   0.00514092   0.00283081   0.00083658  -0.00072386  -0.00202225  -0.00323239  -0.00425567  -0.00495490 
 -0.00000001  -0.00362505  -0.01749246  -0.04768650  -0.09626517  -0.15695800  -0.22154728  -0.29090522  -0.37377911  -0.47243224  -0.57710991  -0.68005065  -0.78696316  -0.90545464  -1.02874928  -1.14373895  -1.25140475  -1.36328007  -1.47719010  -1.57485833  -1.64989672  -1.71852353  -1.78762075  -1.82935388  -1.81302116  -1.75625581  -1.71602737  -1.72158208  -1.73915922  -1.71656680  -1.64442104  -1.55438469  -1.46981482  -1.38370199  -1.28431297  -1.17824752  -1.07816597  -0.98348746  -0.88621431  -0.78721027  -0.69445040  -0.60953389  -0.52694645  -0.44523996  -0.36944832  -0.30194945  -0.23899390  -0.17810770  -0.12225904  -0.07400514  -0.03095306   0.00971487   0.04651680   0.07701113   0.10252011   0.12580537   0.14645175   0.16229596   0.17382658   0.18351478   0.19169146   0.19656117   0.19798683   0.19801906   0.19747988   0.19498094   0.18994265   0.18393513   0.17806510   0.17135398   0.16293933   0.15390114   0.14546543   0.13704002   0.12761701   0.11781402   0.10884826   0.10047302   0.09165043   0.08259066   0.07440807   0.06714931   0.05983964   0.05235445   0.04564162   0.03998222   0.03453480   0.02892156   0.02388642   0.01988265   0.01624896   0.01243744   0.00897218   0.00641620   0.00431293   0.00202265  -0.00014865  -0.00158793  -0.00254284  -0.00367559  -0.00488281 
 -0.00000001  -0.02115102  -0.05844995  -0.07506599  -0.08152638  -0.11823640  -0.19301827  -0.27324914  -0.33971287  -0.41212317  -0.51003810  -0.61959506  -0.71931676  -0.81566917  -0.92734492  -1.04914297  -1.15959486  -1.25725125  -1.36025831  -1.46976433  -1.56296897  -1.63035074  -1.69146214  -1.75647958  -1.79620482  -1.77832173  -1.72158208  -1.68256437  -1.68683422  -1.69957668  -1.67332892  -1.60268750  -1.51664308  -1.43384865  -1.34777930  -1.25037367  -1.14827077  -1.05080620  -0.95672124  -0.86079488  -0.76488676  -0.67460264  -0.59027298  -0.50834398  -0.42881952  -0.35516534  -0.28821412  -0.22545168  -0.16602583  -0.11201599  -0.06436836  -0.02130031   0.01840691   0.05359888   0.08336090   0.10891872   0.13158728   0.15083330   0.16583130   0.17737006   0.18670776   0.19372420   0.19770550   0.19909583   0.19901108   0.19759638   0.19425487   0.18916139   0.18324508   0.17680922   0.16937096   0.16089990   0.15212139   0.14341945   0.13441883   0.12494055   0.11550868   0.10653369   0.09774088   0.08885363   0.08021107   0.07221390   0.06468086   0.05728301   0.05019978   0.04379924   0.03798601   0.03241752   0.02714320   0.02248512   0.01842468   0.01463680   0.01107145   0.00799753   0.00546216   0.00318049   0.00103195  -0.00077086  -0.00212828  -0.00327036  -0.00436255 
 -0.00000000  -0.00922110  -0.03051287  -0.05330061  -0.07717909  -0.11272788  -0.16704841  -0.23377229  -0.30210219  -0.37203776  -0.45285415  -0.54702201  -0.64510610  -0.74020579  -0.83817871  -0.94588592  -1.05680592  -1.15941152  -1.25517132  -1.35431002  -1.45444397  -1.53950913  -1.60439303  -1.66336839  -1.72202739  -1.75604357  -1.73915922  -1.68683422  -1.64800646  -1.64769773  -1.65704618  -1.63133814  -1.56231210  -1.47698495  -1.39566620  -1.31271978  -1.21809925  -1.11731546  -1.02138060  -0.93015538  -0.83688324  -0.74216439  -0.65288652  -0.57071142  -0.49104604  -0.41251986  -0.33941068  -0.27396291  -0.21310109  -0.15458859  -0.10086470  -0.05424167  -0.01279562   0.02598627   0.06098223   0.09005415   0.11422502   0.13593407   0.15499185   0.16955682   0.17995417   0.18834252   0.19516736   0.19894210   0.19947085   0.19851768   0.19692773   0.19358690   0.18793438   0.18129054   0.17471328   0.16745083   0.15871490   0.14938014   0.14057168   0.13187115   0.12238188   0.11256529   0.10350481   0.09507426   0.08636873   0.07749280   0.06941151   0.06224189   0.05515070   0.04795659   0.04145711   0.03595895   0.03075939   0.02546805   0.02068895   0.01686294   0.01345536   0.00994295   0.00672868   0.00433272   0.00240582   0.00036183  -0.00159011  -0.00290223  -0.00373900 
