# coconut-me2b/v0.99.21 
# 
# momentum space matrix elements 
# partial wave J=0, L=1/1, S=1, T=1, MT=0 
# 
# momentum grid [fm^-1]
0.000000 0.100000 0.200000 0.300000 0.400000 0.500000 0.600000 0.700000 0.800000 0.900000 1.000000 1.100000 1.200000 1.300000 1.400000 1.500000 1.600000 1.700000 1.800000 1.900000 2.000000 2.100000 2.200000 2.300000 2.400000 2.500000 2.600000 2.700000 2.800000 2.900000 3.000000 3.100000 3.200000 3.300000 3.400000 3.500000 3.600000 3.700000 3.800000 3.900000 4.000000 4.100000 4.200000 4.300000 4.400000 4.500000 4.600000 4.700000 4.800000 4.900000 5.000000 5.100000 5.200000 5.300000 5.400000 5.500000 5.600000 5.700000 5.800000 5.900000 6.000000 6.100000 6.200000 6.300000 6.400000 6.500000 6.600000 6.700000 6.800000 6.900000 7.000000 7.100000 7.200000 7.300000 7.400000 7.500000 7.600000 7.700000 7.800000 7.900000 8.000000 8.100000 8.200000 8.300000 8.400000 8.500000 8.600000 8.700000 8.800000 8.900000 9.000000 9.100000 9.200000 9.300000 9.400000 9.500000 9.600000 9.700000 9.800000 9.900000 10.000000 
#
# matrix elements [MeV fm^3] 
 -0.00000060  -0.00058240  -0.00107112  -0.00140827  -0.00158322  -0.00161944  -0.00155392  -0.00142236  -0.00125290  -0.00106536  -0.00087287  -0.00068373  -0.00050305  -0.00033390  -0.00017802  -0.00003633   0.00009082   0.00020343   0.00030176   0.00038625   0.00045748   0.00051616   0.00056305   0.00059896   0.00062479   0.00064141   0.00064974   0.00065068   0.00064514   0.00063396   0.00061800   0.00059804   0.00057484   0.00054908   0.00052142   0.00049243   0.00046262   0.00043247   0.00040237   0.00037267   0.00034366   0.00031558   0.00028863   0.00026293   0.00023862   0.00021575   0.00019437   0.00017450   0.00015612   0.00013920   0.00012370   0.00010957   0.00009674   0.00008513   0.00007468   0.00006529   0.00005690   0.00004941   0.00004276   0.00003687   0.00003167   0.00002709   0.00002307   0.00001955   0.00001647   0.00001379   0.00001147   0.00000945   0.00000772   0.00000622   0.00000494   0.00000384   0.00000291   0.00000212   0.00000145   0.00000089   0.00000043   0.00000005  -0.00000027  -0.00000052  -0.00000072  -0.00000087  -0.00000099  -0.00000107  -0.00000113  -0.00000116  -0.00000118  -0.00000117  -0.00000116  -0.00000113  -0.00000110  -0.00000105  -0.00000101  -0.00000096  -0.00000091  -0.00000085  -0.00000080  -0.00000074  -0.00000069  -0.00000064  -0.00000059 
 -0.00058240  -0.56638358  -1.04432065  -1.37782876  -1.55468901  -1.59557612  -1.53527478  -1.40835969  -1.24261871  -1.05793468  -0.86758122  -0.68004225  -0.50057619  -0.33234790  -0.17718196  -0.03604181   0.09067196   0.20293729   0.30099571   0.38527911   0.45636102   0.51492232   0.56172527   0.59759259   0.62338949   0.64000770   0.64835113   0.64932263   0.64381225   0.63268654   0.61677936   0.59688399   0.57374660   0.54806118   0.52046580   0.49154015   0.46180436   0.43171891   0.40168551   0.37204887   0.34309927   0.31507565   0.28816916   0.26252715   0.23825724   0.21543163   0.19409129   0.17425019   0.15589930   0.13901038   0.12353962   0.10943084   0.09661849   0.08503031   0.07458964   0.06521742   0.05683391   0.04936011   0.04271890   0.03683593   0.03164034   0.02706519   0.02304787   0.01953021   0.01645855   0.01378373   0.01146098   0.00944968   0.00771323   0.00621875   0.00493682   0.00384123   0.00290867   0.00211849   0.00145242   0.00089436   0.00043009   0.00004715  -0.00026546  -0.00051737  -0.00071704  -0.00087189  -0.00098842  -0.00107232  -0.00112859  -0.00116160  -0.00117515  -0.00117259  -0.00115683  -0.00113039  -0.00109548  -0.00105400  -0.00100759  -0.00095767  -0.00090543  -0.00085189  -0.00079793  -0.00074424  -0.00069142  -0.00063994  -0.00059018 
 -0.00107112  -1.04432065  -1.93903159  -2.58308495  -2.94508040  -3.05182546  -2.96051984  -2.73346149  -2.42382278  -2.07133392  -1.70338022  -1.33789657  -0.98622241  -0.65531149  -0.34926266  -0.07032047   0.18049024   0.40296648   0.59747671   0.76480019   0.90602001   1.02244818   1.11556944   1.18699653   1.23843238   1.27163690   1.28839735   1.29050142   1.27971316   1.25775147   1.22627142   1.18684835   1.14096469   1.08999976   1.03522214   0.97778478   0.91872245   0.85895154   0.79927174   0.74036957   0.68282331   0.62710919   0.57360848   0.52261524   0.47434457   0.42894098   0.38648690   0.34701095   0.31049590   0.27688634   0.24609570   0.21801279   0.19250773   0.16943718   0.14864899   0.12998622   0.11329049   0.09840484   0.08517602   0.07345625   0.06310464   0.05398813   0.04598217   0.03897106   0.03284808   0.02751543   0.02288398   0.01887297   0.01540951   0.01242816   0.00987037   0.00768394   0.00582247   0.00424484   0.00291467   0.00179988   0.00087217   0.00010668  -0.00051847  -0.00102249  -0.00142224  -0.00173249  -0.00196621  -0.00213477  -0.00224810  -0.00231492  -0.00234284  -0.00233853  -0.00230778  -0.00225565  -0.00218654  -0.00210424  -0.00201203  -0.00191274  -0.00180877  -0.00170216  -0.00159464  -0.00148762  -0.00138229  -0.00127961  -0.00118033 
 -0.00140827  -1.37782876  -2.58308495  -3.48877956  -4.03934911  -4.24834877  -4.17509775  -3.89605030  -3.48358307  -2.99592448  -2.47545470  -1.95108745  -1.44170396  -0.95921843  -0.51087516  -0.10082632   0.26883306   0.59740058   0.88514109   1.13301102   1.34247433   1.51537411   1.65383770   1.76020233   1.83695363   1.88667260   1.91198886   1.91553890   1.89992887   1.86770169   1.82130844   1.76308414   1.69522782   1.61978680   1.53864521   1.45351633   1.36593867   1.27727542   1.18871685   1.10128538   1.01584281   0.93309942   0.85362438   0.77785729   0.70612029   0.63863056   0.57551285   0.51681175   0.46250359   0.41250772   0.36669702   0.32490760   0.28694759   0.25260496   0.22165444   0.19386346   0.16899721   0.14682287   0.12711298   0.10964818   0.09421924   0.08062851   0.06869091   0.05823451   0.04910065   0.04114391   0.03423176   0.02824402   0.02307231   0.01861922   0.01479761   0.01152979   0.00874666   0.00638700   0.00439664   0.00272777   0.00133825   0.00019100  -0.00074658  -0.00150311  -0.00210374  -0.00257051  -0.00292276  -0.00317744  -0.00334942  -0.00345167  -0.00349560  -0.00349114  -0.00344696  -0.00337064  -0.00326873  -0.00314692  -0.00301015  -0.00286261  -0.00270793  -0.00254916  -0.00238889  -0.00222927  -0.00207207  -0.00191873  -0.00177039 
 -0.00158322  -1.55468901  -2.94508040  -4.03934911  -4.76186913  -5.10086208  -5.09797998  -4.82598485  -4.36539195  -3.78835871  -3.15172979  -2.49664384  -1.85120731  -1.23383106  -0.65612465  -0.12505823   0.35554112   0.78399298   1.16011011   1.48476821   1.75961702   1.98687935   2.16920451   2.30955554   2.41111813   2.47722373   2.51128305   2.51672755   2.49695788   2.45529868   2.39495950   2.31900180   2.23031177   2.13157904   2.02528088   1.91367169   1.79877743   1.68239452   1.56609272   1.45122154   1.33891954   1.23012612   1.12559510   1.02590974   0.93149862   0.84265196   0.75953808   0.68221953   0.61066869   0.54478258   0.48439675   0.42929800   0.37923597   0.33393345   0.29309553   0.25641738   0.22359103   0.19431086   0.16827813   0.14520459   0.12481517   0.10684992   0.09106536   0.07723516   0.06515046   0.05461974   0.04546840   0.03753811   0.03068597   0.02478358   0.01971603   0.01538082   0.01168680   0.00855315   0.00590837   0.00368933   0.00184038   0.00031253  -0.00093730  -0.00194696  -0.00274969  -0.00337465  -0.00384743  -0.00419047  -0.00442344  -0.00456357  -0.00462594  -0.00462373  -0.00456846  -0.00447016  -0.00433757  -0.00417824  -0.00399871  -0.00380461  -0.00360074  -0.00339119  -0.00317940  -0.00296826  -0.00276013  -0.00255695  -0.00236026 
 -0.00161944  -1.59557612  -3.05182546  -4.24834877  -5.10086208  -5.57301009  -5.67811615  -5.46899623  -5.01981345  -4.40773001  -3.70045651  -2.95108534  -2.19814580  -1.46809902  -0.77833685  -0.13978284   0.44114489   0.96115292   1.41913391   1.81553466   2.15192702   2.43070920   2.65489008   2.82792617   2.95359271   3.03587752   3.07889091   3.08678794   3.06370074   3.01367977   2.94064344   2.84833564   2.74029097   2.61980733   2.48992559   2.35341585   2.21276996   2.07019957   1.92763923   1.78675380   1.64894962   1.51538864   1.38700488   1.26452273   1.14847624   1.03922913   0.93699487   0.84185646   0.75378553   0.67266060   0.59828402   0.53039770   0.46869735   0.41284520   0.36248119   0.31723272   0.27672285   0.24057725   0.20842969   0.17992660   0.15473033   0.13252167   0.11300143   0.09589142   0.08093481   0.06789598   0.05656003   0.04673205   0.03823606   0.03091386   0.02462383   0.01923961   0.01464880   0.01075170   0.00746006   0.00469597   0.00239070   0.00048373  -0.00107817  -0.00234179  -0.00334825  -0.00413363  -0.00472960  -0.00516395  -0.00546106  -0.00564228  -0.00572633  -0.00572957  -0.00566630  -0.00554899  -0.00538851  -0.00519428  -0.00497444  -0.00473600  -0.00448498  -0.00422647  -0.00396481  -0.00370359  -0.00344580  -0.00319388  -0.00294977 
 -0.00155392  -1.53527478  -2.96051984  -4.17509775  -5.09797998  -5.67811615  -5.90199792  -5.79431430  -5.40971484  -4.81839263  -4.09143077  -3.29078680  -2.46513415  -1.64998101  -0.86983307  -0.14080476   0.52708576   1.12815509   1.65979038   2.12156921   2.51465070   2.84134915   3.10482746   3.30886872   3.45769903   3.55584492   3.60801485   3.61899882   3.59358229   3.53647241   3.45223509   3.34524236   3.21962930   3.07926007   2.92770260   2.76821129   2.60371717   2.43682481   2.26981527   2.10465420   1.94300444   1.78624222   1.63547615   1.49156841   1.35515726   1.22668030   1.10639793   0.99441654   0.89071090   0.79514552   0.70749461   0.62746056   0.55469067   0.48879218   0.42934546   0.37591549   0.32806161   0.28534567   0.24733867   0.21362600   0.18381150   0.15752036   0.13440109   0.11412667   0.09639503   0.08092892   0.06747535   0.05580475   0.04570975   0.03700389   0.02952015   0.02310944   0.01763911   0.01299143   0.00906218   0.00575927   0.00300144   0.00071713  -0.00115667  -0.00267534  -0.00388759  -0.00483617  -0.00555865  -0.00608799  -0.00645314  -0.00667947  -0.00678922  -0.00680187  -0.00673445  -0.00660182  -0.00641695  -0.00619108  -0.00593395  -0.00565397  -0.00535832  -0.00505315  -0.00474365  -0.00443417  -0.00412831  -0.00382903  -0.00353868 
 -0.00142236  -1.40835969  -2.73346149  -3.89605030  -4.82598485  -5.46899623  -5.79431430  -5.80057111  -5.51645787  -4.99427444  -4.29833786  -3.49299436  -2.63428667  -1.76641169  -0.92176604  -0.12276203   0.61592467   1.28534025   1.88067503   2.40010620   2.84397241   3.21418740   3.51381764   3.74677021   3.91755463   4.03109473   4.09257572   4.10731687   4.08066416   4.01789936   3.92416327   3.80439179   3.66326381   3.50516007   3.33413231   3.15388200   2.96774769   2.77870040   2.58934591   2.40193323   2.21836821   2.04023135   1.86879902   1.70506707   1.54977615   1.40343799   1.26636187   1.13868084   1.02037716   0.91130652   0.81122079   0.71978901   0.63661650   0.56126197   0.49325266   0.43209743   0.37729795   0.32835805   0.28479136   0.24612736   0.21191607   0.18173141   0.15517353   0.13187017   0.11147723   0.09367870   0.07818611   0.06473748   0.05309609   0.04304896   0.03440520   0.02699438   0.02066474   0.01528154   0.01072545   0.00689095   0.00368491   0.00102526  -0.00116030  -0.00293537  -0.00435588  -0.00547101  -0.00632397  -0.00695270  -0.00739054  -0.00766675  -0.00780701  -0.00783379  -0.00776681  -0.00762326  -0.00741816  -0.00716455  -0.00687376  -0.00655556  -0.00621833  -0.00586924  -0.00551436  -0.00515879  -0.00480678  -0.00446180  -0.00412665 
 -0.00125290  -1.24261871  -2.42382278  -3.48358307  -4.36539195  -5.01981345  -5.40971484  -5.51645787  -5.34488020  -4.92409023  -4.30239194  -3.53780795  -2.68807496  -1.80354815  -0.92408298  -0.07897681   0.71152556   1.43430126   2.08157902   2.64952319   3.13717223   3.54566382   3.87767064   4.13698414   4.32820005   4.45647406   4.52732674   4.54648414   4.51974558   4.45287298   4.35149856   4.22104830   4.06667987   3.89323355   3.70519532   3.50667090   3.30136997   3.09259939   2.88326456   2.67587762   2.47257166   2.27511975   2.08495782   1.90321035   1.73071811   1.56806690   1.41561677   1.27353094   1.14180390   1.02028823   0.90871985   0.80674136   0.71392324   0.62978296   0.55380184   0.48543971   0.42414739   0.36937722   0.32059161   0.27726989   0.23891358   0.20505025   0.17523616   0.14905786   0.12613291   0.10610982   0.08866753   0.07351427   0.06038624   0.04904595   0.03928044   0.03089940   0.02373333   0.01763164   0.01246086   0.00810291   0.00445352   0.00142072  -0.00107655  -0.00310964  -0.00474135  -0.00602693  -0.00701497  -0.00774817  -0.00826410  -0.00859573  -0.00877204  -0.00881844  -0.00875720  -0.00860782  -0.00838732  -0.00811050  -0.00779026  -0.00743771  -0.00706243  -0.00667262  -0.00627523  -0.00587612  -0.00548020  -0.00509147  -0.00471320 
 -0.00106536  -1.05793468  -2.07133392  -2.99592448  -3.78835871  -4.40773001  -4.81839263  -4.99427444  -4.92409023  -4.61565854  -4.09679858  -3.41129237  -2.61102342  -1.74750268  -0.86573367  -0.00141992   0.81918701   1.57804336   2.26365060   2.86949434   3.39276940   3.83340383   4.19333108   4.47594860   4.68571035   4.82781359   4.90795274   4.93212147   4.90645110   4.83707725   4.73002965   4.59114155   4.42597644   4.23977022   4.03738739   3.82328990   3.60151757   3.37567870   3.14894981   2.92408323   2.70342133   2.48891624   2.28215392   2.08438147   1.89653673   1.71927921   1.55302148   1.39796046   1.25410784   1.12131920   0.99932138   0.88773797   0.78611239   0.69392879   0.61063049   0.53563601   0.46835286   0.40818903   0.35456250   0.30690879   0.26468682   0.22738321   0.19451532   0.16563298   0.14031947   0.11819147   0.09889855   0.08212205   0.06757363   0.05499350   0.04414856   0.03483040   0.02685320   0.02005180   0.01427970   0.00940721   0.00531973   0.00191608  -0.00089295  -0.00318598  -0.00503225  -0.00649274  -0.00762109  -0.00846455  -0.00906466  -0.00945798  -0.00967663  -0.00974883  -0.00969936  -0.00954992  -0.00931948  -0.00902460  -0.00867968  -0.00829720  -0.00788789  -0.00746101  -0.00702438  -0.00658467  -0.00614741  -0.00571719  -0.00529774 
 -0.00087287  -0.86758122  -1.70338022  -2.47545470  -3.15172979  -3.70045651  -4.09143077  -4.29833786  -4.30239194  -4.09679858  -3.69054223  -3.10934012  -2.39239719  -1.58580922  -0.73530593   0.11910721   0.94567085   1.72109532   2.42953016   3.06112554   3.61064954   4.07633633   4.45898726   4.76128772   4.98728975   5.14201633   5.23115353   5.26080664   5.23730380   5.16703615   5.05632706   4.91132561   4.73792072   4.54167342   4.32776536   4.10096172   3.86558717   3.62551327   3.38415610   3.14448252   2.90902400   2.67989642   2.45882483   2.24717182   2.04596854   1.85594724   1.67757451   1.51108442   1.35651090   1.21371877   1.08243305   0.96226612   0.85274260   0.75332177   0.66341735   0.58241489   0.50968662   0.44460391   0.38654762   0.33491630   0.28913265   0.24864822   0.21294680   0.18154643   0.15400048   0.12989776   0.10886202   0.09055080   0.07465399   0.06089196   0.04901361   0.03879421   0.03003329   0.02255250   0.01619351   0.01081605   0.00629607   0.00252394  -0.00059706  -0.00315228  -0.00521693  -0.00685730  -0.00813183  -0.00909197  -0.00978307  -0.01024504  -0.01051302  -0.01061793  -0.01058693  -0.01044385  -0.01020959  -0.00990238  -0.00953813  -0.00913063  -0.00869183  -0.00823196  -0.00775980  -0.00728276  -0.00680707  -0.00633791  -0.00587950 
 -0.00068373  -0.68004225  -1.33789657  -1.95108745  -2.49664384  -2.95108534  -3.29078680  -3.49299436  -3.53780795  -3.41129237  -3.10934012  -2.64102446  -2.02957904  -1.30977003  -0.52230948   0.29241156   1.09903590   1.86952644   2.58343868   3.22706296   3.79217271   4.27479424   4.67416314   4.99189570   5.23134904   5.39712921   5.49471044   5.53013653   5.50978332   5.44016778   5.32779348   5.17902570   4.99999130   4.79649989   4.57398356   4.33745306   4.09146858   3.84012327   3.58703810   3.33536628   3.08780597   2.84661968   2.61365912   2.39039409   2.17794433   1.97711326   1.78842249   1.61214643   1.44834619   1.29690216   1.15754485   1.02988356   0.91343263   0.80763523   0.71188436   0.62554130   0.54795150   0.47845786   0.41641183   0.36118229   0.31216246   0.26877508   0.23047608   0.19675692   0.16714577   0.14120778   0.11854465   0.09879350   0.08162539   0.06674345   0.05388084   0.04279855   0.03328315   0.02514460   0.01821402   0.01234170   0.00739504   0.00325682  -0.00017655  -0.00299652  -0.00528380  -0.00710960  -0.00853674  -0.00962064  -0.01041018  -0.01094844  -0.01127343  -0.01141861  -0.01141344  -0.01128380  -0.01105243  -0.01073921  -0.01036152  -0.00993447  -0.00947115  -0.00898286  -0.00847925  -0.00796855  -0.00745770  -0.00695245  -0.00645756 
 -0.00050305  -0.50057619  -0.98622241  -1.44170396  -1.85120731  -2.19814580  -2.46513415  -2.63428667  -2.68807496  -2.61102342  -2.39239719  -2.02957904  -1.53106207  -0.91743553  -0.21924572   0.52777045   1.28813337   2.03078794   2.73117970   3.37155756   3.94025514   4.43059555   4.83979270   5.16800371   5.41756559   5.59239747   5.69753609   5.73877291   5.72236824   5.65482377   5.54270037   5.39247205   5.21040952   5.00248864   4.77432028   4.53109879   4.27756672   4.01799384   3.75616847   3.49539942   3.23852704   2.98794151   2.74560721   2.51309155   2.29159719   2.08199630   1.88486591   1.70052354   1.52906213   1.37038381   1.22423189   1.09022071   0.96786304   0.85659492   0.75579770   0.66481741   0.58298148   0.50961281   0.44404154   0.38561440   0.33370222   0.28770548   0.24705827   0.21123092   0.17973134   0.15210549   0.12793699   0.10684606   0.08848808   0.07255168   0.05875670   0.04685193   0.03661283   0.02783924   0.02035311   0.01399643   0.00862909   0.00412711   0.00038078  -0.00270685  -0.00522144  -0.00723870  -0.00882547  -0.01004081  -0.01093688  -0.01155974  -0.01195005  -0.01214371  -0.01217235  -0.01206383  -0.01184265  -0.01153030  -0.01114560  -0.01070495  -0.01022260  -0.00971086  -0.00918031  -0.00864000  -0.00809757  -0.00755940  -0.00703080 
 -0.00033390  -0.33234790  -0.65531149  -0.95921843  -1.23383106  -1.46809902  -1.64998101  -1.76641169  -1.80354815  -1.74750268  -1.58580922  -1.30977003  -0.91743553  -0.41629576   0.17573957   0.83208793   1.52158571   2.21325080   2.87998274   3.50045028   4.05940969   4.54709900   4.95827509   5.29122930   5.54692645   5.72830226   5.83970752   5.88647216   5.87456308   5.81031394   5.70021072   5.55072104   5.36815898   5.15857895   4.92769432   4.68081701   4.42281530   4.15808747   3.89054888   3.62363086   3.36028923   3.10302106   2.85388783   2.61454365   2.38626722   2.16999609   1.96636238   1.77572885   1.59822448   1.43377895   1.28215549   1.14298149   1.01577680   0.89997932   0.79496793   0.70008255   0.61464155   0.53795649   0.46934440   0.40813772   0.35369217   0.30539271   0.26265781   0.22494232   0.19173908   0.16257945   0.13703310   0.11470707   0.09524429   0.07832179   0.06364859   0.05096350   0.04003276   0.03064774   0.02262268   0.01579245   0.01001053   0.00514704   0.00108694  -0.00227158  -0.00501861  -0.00723385  -0.00898780  -0.01034283  -0.01135412  -0.01207047  -0.01253504  -0.01278599  -0.01285703  -0.01277789  -0.01257477  -0.01227073  -0.01188596  -0.01143815  -0.01094269  -0.01041293  -0.00986036  -0.00929485  -0.00872477  -0.00815717  -0.00759791 
 -0.00017802  -0.17718196  -0.34926266  -0.51087516  -0.65612465  -0.77833685  -0.86983307  -0.92176604  -0.92408298  -0.86573367  -0.73530593  -0.52230948  -0.21924572   0.17573957   0.65641842   1.20751401   1.80612949   2.42527935   3.03807324   3.62101368   4.15571383   4.62922153   5.03350593   5.36460761   5.62175508   5.80658228   5.92248365   5.97409952   5.96691027   5.90691678   5.80038837   5.65366361   5.47299327   5.26441753   5.03367161   4.78611523   4.52668247   4.25984906   3.98961460   3.71949743   3.45254015   3.19132404   2.93799049   2.69426795   2.46150300   2.24069416   2.03252735   1.83741193   1.65551647   1.48680355   1.33106297   1.18794291   1.05697869   0.93761900   0.82924931   0.73121255   0.64282701   0.56340162   0.49224865   0.42869416   0.37208617   0.32180100   0.27724787   0.23787197   0.20315628   0.17262236   0.14583022   0.12237746   0.10189796   0.08406009   0.06856470   0.05514285   0.04355356   0.03358146   0.02503451   0.01774180   0.01155143   0.00632859   0.00195368  -0.00167929  -0.00466426  -0.00708447  -0.00901365  -0.01051716  -0.01165291  -0.01247222  -0.01302055  -0.01333818  -0.01346076  -0.01341982  -0.01324317  -0.01295537  -0.01257799  -0.01212995  -0.01162777  -0.01108582  -0.01051654  -0.00993063  -0.00933720  -0.00874396  -0.00815739 
 -0.00003633  -0.03604181  -0.07032047  -0.10082632  -0.12505823  -0.13978284  -0.14080476  -0.12276203  -0.07897681  -0.00141992   0.11910721   0.29241156   0.52777045   0.83208793   1.20751401   1.64922253   2.14446297   2.67372961   3.21382401   3.74154697   4.23664777   4.68338978   5.07087364   5.39260075   5.64572126   5.83024044   5.94830826   6.00362919   6.00098832   5.94587642   5.84419454   5.70202173   5.52543267   5.32035550   5.09246250   4.84708791   4.58916859   4.32320403   4.05323271   3.78282231   3.51507148   3.25262124   2.99767398   2.75201859   2.51706008   2.29385226   2.08313250   1.88535717   1.70073718   1.52927261   1.37078595   1.22495337   1.09133373   0.96939506   0.85853827   0.75811825   0.66746207   0.58588466   0.51270189   0.44724130   0.38885068   0.33690466   0.29080958   0.25000686   0.21397499   0.18223056   0.15432822   0.12986004   0.10845429   0.08977373   0.07351365   0.05939975   0.04718584   0.03665156   0.02760015   0.01985617   0.01326352   0.00768336   0.00299239  -0.00091889  -0.00414768  -0.00678024  -0.00889316  -0.01055442  -0.01182438  -0.01275663  -0.01339875  -0.01379298  -0.01397678  -0.01398336  -0.01384210  -0.01357898  -0.01321691  -0.01277601  -0.01227394  -0.01172607  -0.01114579  -0.01054463  -0.00993248  -0.00931775  -0.00870750 
  0.00009082   0.09067196   0.18049024   0.26883306   0.35554112   0.44114489   0.52708576   0.61592467   0.71152556   0.81918701   0.94567085   1.09903590   1.28813337   1.52158571   1.80612949   2.14446297   2.53320933   2.96199083   3.41438499   3.87059264   4.31070975   4.71737438   5.07719629   5.38107566   5.62383150   5.80353558   5.92079961   5.97813157   5.97939746   5.92938758   5.83347273   5.69733384   5.52675035   5.32743560   5.10491010   4.86440593   4.61079684   4.34854975   4.08169442   3.81380809   3.54801274   3.28698279   3.03296111   2.78778154   2.55289655   2.32940829   2.11810194   1.91948025   1.73379819   1.56109709   1.40123746   1.25393002   1.11876465   0.99523677   0.88277124   0.78074348   0.68849799   0.60536413   0.53066952   0.46375101   0.40396351   0.35068687   0.30333095   0.26133927   0.22419122   0.19140323   0.16252901   0.13715901   0.11491935   0.09547026   0.07850421   0.06374388   0.05093995   0.03986888   0.03033069   0.02214682   0.01515803   0.00922251   0.00421404   0.00002034  -0.00345845  -0.00631114  -0.00861670  -0.01044541  -0.01185978  -0.01291543  -0.01366185  -0.01414307  -0.01439825  -0.01446216  -0.01436568  -0.01413615  -0.01379776  -0.01337184  -0.01287711  -0.01233001  -0.01174482  -0.01113395  -0.01050806  -0.00987627  -0.00924631 
  0.00020343   0.20293729   0.40296648   0.59740058   0.78399298   0.96115292   1.12815509   1.28534025   1.43430126   1.57804336   1.72109532   1.86952644   2.03078794   2.21325080   2.42527935   2.67372961   2.96199083   3.28811006   3.64389178   4.01567908   4.38668869   4.73992267   5.06055264   5.33722863   5.56239147   5.73195724   5.84472738   5.90174928   5.90573444   5.86056989   5.77092332   5.64193034   5.47894935   5.28737084   5.07247065   4.83929873   4.59259695   4.33674101   4.07570205   3.81302506   3.55182076   3.29476885   3.04413034   2.80176699   2.56916622   2.34747006   2.13750659   1.93982298   1.75471889   1.58227958   1.42240798   1.27485510   1.13924852   1.01511854   0.90192184   0.79906256   0.70591078   0.62181845   0.54613284   0.47820769   0.41741225   0.36313835   0.31480568   0.27186567   0.23380393   0.20014159   0.17043578   0.14427925   0.12129946   0.10115719   0.08354484   0.06818446   0.05482569   0.04324360   0.03323660   0.02462432   0.01724559   0.01095659   0.00562905   0.00114861  -0.00258663  -0.00566750  -0.00817496  -0.01018119  -0.01175055  -0.01294046  -0.01380211  -0.01438116  -0.01471831  -0.01484981  -0.01480794  -0.01462134  -0.01431544  -0.01391272  -0.01343301  -0.01289372  -0.01231010  -0.01169541  -0.01106111  -0.01041706  -0.00977163 
  0.00030176   0.30099571   0.59747671   0.88514109   1.16011011   1.41913391   1.65979038   1.88067503   2.08157902   2.26365060   2.42953016   2.58343868   2.73117970   2.87998274   3.03807324   3.21382401   3.41438499   3.64389178   3.90173232   4.18167483   4.47250541   4.76008089   5.02993116   5.26941481   5.46892120   5.62217612   5.72597528   5.77966272   5.78455827   5.74343346   5.66006965   5.53890090   5.38473149   5.20251551   4.99718686   4.77352995   4.53608330   4.28907018   4.03635122   3.78139534   3.52726551   3.27661683   3.03170444   2.79439922   2.56620949   2.34830716   2.14155682   1.94654673   1.76362055   1.59290897   1.43436062   1.28777152   1.15281281   1.02905628   0.91599764   0.81307726   0.71969852   0.63524358   0.55908688   0.49060636   0.42919253   0.37425576   0.32523174   0.28158547   0.24281401   0.20844798   0.17805222   0.15122567   0.12760061   0.10684148   0.08864330   0.07272989   0.05885196   0.04678502   0.03632746   0.02729844   0.01953605   0.01289545   0.00724719   0.00247557  -0.00152275  -0.00484009  -0.00755896  -0.00975307  -0.01148835  -0.01282373  -0.01381190  -0.01449998  -0.01493009  -0.01513984  -0.01516279  -0.01502887  -0.01476466  -0.01439379  -0.01393713  -0.01341312  -0.01283791  -0.01222565  -0.01158861  -0.01093740  -0.01028107 
  0.00038625   0.38527911   0.76480019   1.13301102   1.48476821   1.81553466   2.12156921   2.40010620   2.64952319   2.86949434   3.06112554   3.22706296   3.37155756   3.50045028   3.62101368   3.74154697   3.87059264   4.01567908   4.18167483   4.36918214   4.57369570   4.78612286   4.99459691   5.18681303   5.35198494   5.48195289   5.57148293   5.61804395   5.62134767   5.58283739   5.50521734   5.39205503   5.24745994   5.07583006   4.88165540   4.66936773   4.44322780   4.20724288   3.96510901   3.72017330   3.47541267   3.23342596   2.99643668   2.76630440   2.54454256   2.33234135   2.13059391   1.93992477   1.76071945   1.59315426   1.43722557   1.29277797   1.15953092   1.03710341   0.92503650   0.82281361   0.72987838   0.64565031   0.56953803   0.50095050   0.43930613   0.38404008   0.33460990   0.29049973   0.25122311   0.21632479   0.18538158   0.15800240   0.13382780   0.11252890   0.09380608   0.07738730   0.06302643   0.05050126   0.03961169   0.03017786   0.02203825   0.01504805   0.00907744   0.00401017  -0.00025795  -0.00382019  -0.00676015  -0.00915274  -0.01106510  -0.01255743  -0.01368372  -0.01449236  -0.01502674  -0.01532573  -0.01542411  -0.01535296  -0.01514002  -0.01481000  -0.01438482  -0.01388388  -0.01332429  -0.01272106  -0.01208729  -0.01143434  -0.01077200 
  0.00045748   0.45636102   0.90602001   1.34247433   1.75961702   2.15192702   2.51465070   2.84397241   3.13717223   3.39276940   3.61064954   3.79217271   3.94025514   4.05940969   4.15571383   4.23664777   4.31070975   4.38668869   4.47250541   4.57369570   4.69191869   4.82414858   4.96309931   5.09883423   5.22087218   5.31997069   5.38915132   5.42399329   5.42244954   5.38444245   5.31140867   5.20587799   5.07111698   4.91084132   4.72898989   4.52955068   4.31642901   4.09335003   3.86378889   3.63092322   3.39760377   3.16633965   2.93929530   2.71829676   2.50484518   2.30013572   2.10508044   1.92033375   1.74631939   1.58325793   1.43119416   1.29002354   1.15951742   1.03934658   0.92910281   0.82831843   0.73648362   0.65306157   0.57750156   0.50924989   0.44775900   0.39249476   0.34294220   0.29860976   0.25903238   0.22377342   0.19242575   0.16461200   0.13998430   0.11822349   0.09903793   0.08216213   0.06735514   0.05439887   0.04309635   0.03326999   0.02475991   0.01742229   0.01112788   0.00576055   0.00121594  -0.00259966  -0.00577049  -0.00837226  -0.01047302  -0.01213399  -0.01341022  -0.01435121  -0.01500147  -0.01540100  -0.01558569  -0.01558775  -0.01543600  -0.01515617  -0.01477121  -0.01430150  -0.01376507  -0.01317781  -0.01255365  -0.01190473  -0.01124156 
  0.00051616   0.51492232   1.02244818   1.51537411   1.98687935   2.43070920   2.84134915   3.21418740   3.54566382   3.83340383   4.07633633   4.27479424   4.43059555   4.54709900   4.62922153   4.68338978   4.71737438   4.73992267   4.76008089   4.78612286   4.82414858   4.87669754   4.94197546   5.01420164   5.08504533   5.14553299   5.18768020   5.20544431   5.19501331   5.15465696   5.08437308   4.98548357   4.86025882   4.71159963   4.54278082   4.35725081   4.15847826   3.94983719   3.73452320   3.51549472   3.29543432   3.07672616   2.86144639   2.65136362   2.44794747   2.25238310   2.06559015   1.88824482   1.72080374   1.56352892   1.41651269   1.27970226   1.15292316   1.03590134   0.92828354   0.82965590   0.73956043   0.65750964   0.58299914   0.51551832   0.45455927   0.39962403   0.35023027   0.30591571   0.26624127   0.23079320   0.19918432   0.17105457   0.14607094   0.12392685   0.10434129   0.08705760   0.07184209   0.05848257   0.04678674   0.03658070   0.02770733   0.02002488   0.01340549   0.00773392   0.00290628  -0.00117105  -0.00458249  -0.00740417  -0.00970474  -0.01154615  -0.01298430  -0.01406961  -0.01484756  -0.01535916  -0.01564133  -0.01572732  -0.01564694  -0.01542697  -0.01509132  -0.01466131  -0.01415591  -0.01359188  -0.01298398  -0.01234516  -0.01168667 
  0.00056305   0.56172527   1.11556944   1.65383770   2.16920451   2.65489008   3.10482746   3.51381764   3.87767064   4.19333108   4.45898726   4.67416314   4.83979270   4.95827509   5.03350593   5.07087364   5.07719629   5.06055264   5.02993116   4.99459691   4.96309931   4.94197546   4.93446029   4.93974991   4.95328690   4.96804892   4.97628362   4.97100817   4.94689800   4.90057156   4.83047315   4.73656483   4.61996902   4.48263463   4.32705392   4.15603491   3.97252420   3.77947235   3.57973415   3.37599685   3.17073085   2.96615832   2.76423608   2.56664966   2.37481621   2.18989407   2.01279741   1.84421434   1.68462744   1.53433557   1.39347622   1.26204767   1.13993049   1.02690784   0.92268449   0.82690412   0.73916490   0.65903337   0.58605639   0.51977145   0.45971531   0.40543108   0.35647388   0.31241521   0.27284627   0.23738021   0.20565356   0.17732696   0.15208534   0.12963755   0.10971572   0.09207429   0.07648884   0.06275481   0.05068618   0.04011403   0.03088524   0.02286108   0.01591601   0.00993642   0.00481951   0.00047230  -0.00318934  -0.00624157  -0.00875331  -0.01078698  -0.01239909  -0.01364080  -0.01455840  -0.01519379  -0.01558483  -0.01576568  -0.01576716  -0.01561697  -0.01533998  -0.01495846  -0.01449226  -0.01395903  -0.01337437  -0.01275202  -0.01210401 
  0.00059896   0.59759259   1.18699653   1.76020233   2.30955554   2.82792617   3.30886872   3.74677021   4.13698414   4.47594860   4.76128772   4.99189570   5.16800371   5.29122930   5.36460761   5.39260075   5.38107566   5.33722863   5.26941481   5.18681303   5.09883423   5.01420164   4.93974991   4.87922539   4.83258714   4.79624290   4.76421142   4.72970750   4.68652527   4.62987054   4.55664199   4.46534238   4.35581152   4.22891112   4.08622856   3.92982560   3.76203679   3.58531312   3.40210420   3.21477158   3.02552738   2.83639275   2.64917233   2.46544109   2.28654096   2.11358493   1.94746676   1.78887491   1.63830910   1.49609880   1.36242256   1.23732752   1.12074859   1.01252682   0.91242668   0.82015196   0.73536024   0.65767574   0.58670064   0.52202476   0.46323387   0.40991647   0.36166936   0.31810197   0.27883971   0.24352632   0.21182551   0.18342185   0.15802116   0.13535041   0.11515732   0.09720959   0.08129402   0.06721544   0.05479560   0.04387195   0.03429648   0.02593456   0.01866378   0.01237294   0.00696100   0.00233616  -0.00158497  -0.00487816  -0.00761230  -0.00984997  -0.01164806  -0.01305827  -0.01412757  -0.01489859  -0.01541002  -0.01569688  -0.01579088  -0.01572064  -0.01551194  -0.01518795  -0.01476942  -0.01427485  -0.01372069  -0.01312150  -0.01249007 
  0.00062479   0.62338949   1.23843238   1.83695363   2.41111813   2.95359271   3.45769903   3.91755463   4.32820005   4.68571035   4.98728975   5.23134904   5.41756559   5.54692645   5.62175508   5.64572126   5.62383150   5.56239147   5.46892120   5.35198494   5.22087218   5.08504533   4.95328690   4.83258714   4.72702834   4.63712436   4.56001756   4.49053291   4.42263222   4.35069499   4.27030057   4.17850604   4.07378271   3.95578584   3.82507733   3.68286345   3.53077212   3.37067437   3.20454667   3.03436749   2.86204202   2.68934926   2.51790686   2.34914990   2.18432051   2.02446592   1.87044285   1.72292659   1.58242350   1.44928563   1.32372676   1.20583899   1.09560934   0.99293587   0.89764309   0.80949617   0.72821413   0.65348150   0.58495884   0.52229170   0.46511841   0.41307656   0.36580829   0.32296461   0.28420864   0.24921810   0.21768706   0.18932700   0.16386741   0.14105592   0.12065815   0.10245719   0.08625293   0.07186129   0.05911327   0.04785402   0.03794182   0.02924710   0.02165153   0.01504702   0.00933496   0.00442528   0.00023584  -0.00330839  -0.00627586  -0.00872907  -0.01072503  -0.01231581  -0.01354884  -0.01446738  -0.01511081  -0.01551496  -0.01571233  -0.01573240  -0.01560184  -0.01534467  -0.01498252  -0.01453475  -0.01401865  -0.01344958  -0.01284112 
  0.00064141   0.64000770   1.27163690   1.88667260   2.47722373   3.03587752   3.55584492   4.03109473   4.45647406   4.82781359   5.14201633   5.39712921   5.59239747   5.72830226   5.80658228   5.83024044   5.80353558   5.73195724   5.62217612   5.48195289   5.31997069   5.14553299   4.96804892   4.79624290   4.63712436   4.49495086   4.37060607   4.26176635   4.16386160   4.07141478   3.97923196   3.88313954   3.78025881   3.66896458   3.54868768   3.41967134   3.28273912   3.13909747   2.99017773   2.83751443   2.68265442   2.52709097   2.37221781   2.21929881   2.06944984   1.92363014   1.78264083   1.64712883   1.51759471   1.39440329   1.27779602   1.16790436   1.06476355   0.96832629   0.87847593   0.79503898   0.71779664   0.64649528   0.58085586   0.52058211   0.46536771   0.41490224   0.36887631   0.32698553   0.28893385   0.25443594   0.22321910   0.19502445   0.16960771   0.14673956   0.12620570   0.10780660   0.09135709   0.07668579   0.06363444   0.05205715   0.04181965   0.03279846   0.02488017   0.01796062   0.01194423   0.00674328   0.00227731  -0.00152749  -0.00473883  -0.00741879  -0.00962430  -0.01140753  -0.01281624  -0.01389416  -0.01468126  -0.01521403  -0.01552573  -0.01564664  -0.01560424  -0.01542339  -0.01512657  -0.01473399  -0.01426376  -0.01373206  -0.01315325 
  0.00064974   0.64835113   1.28839735   1.91198886   2.51128305   3.07889091   3.60801485   4.09257572   4.52732674   4.90795274   5.23115353   5.49471044   5.69753609   5.83970752   5.92248365   5.94830826   5.92079961   5.84472738   5.72597528   5.57148293   5.38915132   5.18768020   4.97628362   4.76421142   4.56001756   4.37060607   4.20026815   4.05009824   3.91813688   3.80025107   3.69137243   3.58660636   3.48192859   3.37445606   3.26242488   3.14502158   3.02216923   2.89432209   2.76229037   2.62709999   2.48988470   2.35180570   2.21399346   2.07750718   1.94330807   1.81224323   1.68503778   1.56229315   1.44448994   1.33199411   1.22506544   1.12386742   1.02847798   0.93890043   0.85507436   0.77688609   0.70417849   0.63676005   0.57441309   0.51690100   0.46397466   0.41537788   0.37085207   0.33014001   0.29298899   0.25915324   0.22839580   0.20048986   0.17521971   0.15238125   0.13178233   0.11324268   0.09659381   0.08167860   0.06835095   0.05647523   0.04592573   0.03658607   0.02834863   0.02111395   0.01479017   0.00929247   0.00454261   0.00046838  -0.00299679  -0.00591429  -0.00834066  -0.01032797  -0.01192413  -0.01317318  -0.01411555  -0.01478830  -0.01522537  -0.01545774  -0.01551367  -0.01541883  -0.01519650  -0.01486772  -0.01445142  -0.01396458  -0.01342235 
  0.00065068   0.64932263   1.29050142   1.91553890   2.51672755   3.08678794   3.61899882   4.10731687   4.54648414   4.93212147   5.26080664   5.53013653   5.73877291   5.88647216   5.97409952   6.00362919   5.97813157   5.90174928   5.77966272   5.61804395   5.42399329   5.20544431   4.97100817   4.72970750   4.49053291   4.26176635   4.05009824   3.85973363   3.69184560   3.54469985   3.41446470   3.29635954   3.18569118   3.07851323   2.97189283   2.86390505   2.75348926   2.64026132   2.52433147   2.40614844   2.28637447   2.16578910   2.04521748   1.92547837   1.80734768   1.69153429   1.57866503   1.46927686   1.36381438   1.26263129   1.16599455   1.07409067   0.98703299   0.90486987   0.82759294   0.75514538   0.68742989   0.62431611   0.56564752   0.51124764   0.46092551   0.41448053   0.37170656   0.33239546   0.29633990   0.26333576   0.23318397   0.20569191   0.18067448   0.15795483   0.13736481   0.11874519   0.10194575   0.08682521   0.07325096   0.06109887   0.05025292   0.04060481   0.03205360   0.02450531   0.01787246   0.01207376   0.00703367   0.00268203  -0.00104622  -0.00421142  -0.00686948  -0.00907213  -0.01086724  -0.01229898  -0.01340810  -0.01423215  -0.01480561  -0.01516012  -0.01532465  -0.01532563  -0.01518711  -0.01493094  -0.01457685  -0.01414260  -0.01364416 
  0.00064514   0.64381225   1.27971316   1.89992887   2.49695788   3.06370074   3.59358229   4.08066416   4.51974558   4.90645110   5.23730380   5.50978332   5.72236824   5.87456308   5.96691027   6.00098832   5.97939746   5.90573444   5.78455827   5.62134767   5.42244954   5.19501331   4.94689800   4.68652527   4.42263222   4.16386160   3.91813688   3.69184560   3.48901005   3.31077674   3.15552675   3.01962411   2.89848388   2.78754270   2.68288385   2.58149911   2.48129692   2.38098044   2.27988234   2.17780287   2.07487054   1.97143012   1.86795624   1.76498867   1.66308518   1.56278813   1.46460181   1.36897788   1.27630710   1.18691564   1.10106481   1.01895332   0.94072108   0.86645423   0.79619073   0.72992622   0.66761998   0.60920058   0.55457132   0.50361519   0.45619943   0.41217950   0.37140267   0.33371104   0.29894416   0.26694117   0.23754261   0.21059182   0.18593612   0.16342761   0.14292387   0.12428833   0.10739060   0.09210659   0.07831855   0.06591506   0.05479086   0.04484674   0.03598932   0.02813084   0.02118896   0.01508646   0.00975105   0.00511511   0.00111546  -0.00230686  -0.00520682  -0.00763559  -0.00964074  -0.01126643  -0.01255360  -0.01354012  -0.01426094  -0.01474828  -0.01503173  -0.01513844  -0.01509320  -0.01491861  -0.01463519  -0.01426150  -0.01381425 
