# coconut-me2b/v0.99.21 
# 
# momentum space matrix elements 
# partial wave J=2, L=1/1, S=1, T=1, MT=-1 
# 
# momentum grid [fm^-1]
0.000000 0.100000 0.200000 0.300000 0.400000 0.500000 0.600000 0.700000 0.800000 0.900000 1.000000 1.100000 1.200000 1.300000 1.400000 1.500000 1.600000 1.700000 1.800000 1.900000 2.000000 2.100000 2.200000 2.300000 2.400000 2.500000 2.600000 2.700000 2.800000 2.900000 3.000000 3.100000 3.200000 3.300000 3.400000 3.500000 3.600000 3.700000 3.800000 3.900000 4.000000 4.100000 4.200000 4.300000 4.400000 4.500000 4.600000 4.700000 4.800000 4.900000 5.000000 5.100000 5.200000 5.300000 5.400000 5.500000 5.600000 5.700000 5.800000 5.900000 6.000000 6.100000 6.200000 6.300000 6.400000 6.500000 6.600000 6.700000 6.800000 6.900000 7.000000 7.100000 7.200000 7.300000 7.400000 7.500000 7.600000 7.700000 7.800000 7.900000 8.000000 8.100000 8.200000 8.300000 8.400000 8.500000 8.600000 8.700000 8.800000 8.900000 9.000000 9.100000 9.200000 9.300000 9.400000 9.500000 9.600000 9.700000 9.800000 9.900000 10.000000 
#
# matrix elements [MeV fm^3] 
 -0.00000006  -0.00006070  -0.00012497  -0.00019264  -0.00025977  -0.00032128  -0.00037331  -0.00041391  -0.00044276  -0.00046054  -0.00046846  -0.00046793  -0.00046037  -0.00044715  -0.00042950  -0.00040855  -0.00038527  -0.00036050  -0.00033496  -0.00030924  -0.00028382  -0.00025908  -0.00023531  -0.00021272  -0.00019145  -0.00017157  -0.00015313  -0.00013612  -0.00012049  -0.00010621  -0.00009318  -0.00008134  -0.00007059  -0.00006084  -0.00005200  -0.00004400  -0.00003675  -0.00003019  -0.00002426  -0.00001889  -0.00001405  -0.00000968  -0.00000576  -0.00000226   0.00000086   0.00000361   0.00000602   0.00000809   0.00000986   0.00001133   0.00001253   0.00001346   0.00001415   0.00001462   0.00001487   0.00001494   0.00001483   0.00001457   0.00001418   0.00001367   0.00001306   0.00001238   0.00001163   0.00001083   0.00001001   0.00000917   0.00000832   0.00000748   0.00000666   0.00000586   0.00000510   0.00000437   0.00000368   0.00000304   0.00000245   0.00000190   0.00000141   0.00000097   0.00000057   0.00000022  -0.00000008  -0.00000034  -0.00000056  -0.00000075  -0.00000090  -0.00000101  -0.00000110  -0.00000117  -0.00000121  -0.00000123  -0.00000124  -0.00000123  -0.00000121  -0.00000118  -0.00000114  -0.00000109  -0.00000104  -0.00000099  -0.00000093  -0.00000087  -0.00000082 
 -0.00006070  -0.06133811  -0.12568778  -0.19283913  -0.25920035  -0.32004505  -0.37164147  -0.41203989  -0.44085184  -0.45870462  -0.46675957  -0.46639319  -0.45901473  -0.44597105  -0.42850061  -0.40771348  -0.38458514  -0.35995742  -0.33454368  -0.30893650  -0.28361688  -0.25896447  -0.23526835  -0.21273800  -0.19151423  -0.17167976  -0.15326925  -0.13627871  -0.12067405  -0.10639876  -0.09338066  -0.08153766  -0.07078260  -0.06102721  -0.05218517  -0.04417440  -0.03691869  -0.03034867  -0.02440229  -0.01902489  -0.01416888  -0.00979326  -0.00586286  -0.00234756   0.00077855   0.00353809   0.00595112   0.00803596   0.00980977   0.01128913   0.01249045   0.01343031   0.01412564   0.01459384   0.01485284   0.01492100   0.01481704   0.01455987   0.01416843   0.01366149   0.01305741   0.01237399   0.01162827   0.01083633   0.01001320   0.00917270   0.00832738   0.00748843   0.00666570   0.00586766   0.00510142   0.00437280   0.00368638   0.00304556   0.00245268   0.00190909   0.00141526   0.00097090   0.00057507   0.00022623  -0.00007757  -0.00033870  -0.00055978  -0.00074361  -0.00089316  -0.00101143  -0.00110144  -0.00116616  -0.00120847  -0.00123117  -0.00123688  -0.00122808  -0.00120707  -0.00117597  -0.00113671  -0.00109104  -0.00104053  -0.00098655  -0.00093031  -0.00087286  -0.00081511 
 -0.00012497  -0.12568778  -0.25468690  -0.38623761  -0.51481768  -0.63275777  -0.73344953  -0.81303334  -0.87042338  -0.90653071  -0.92341331  -0.92364729  -0.90994008  -0.88491706  -0.85101317  -0.81042287  -0.76508150  -0.71666382  -0.66659222  -0.61605069  -0.56600239  -0.51720947  -0.47025414  -0.42556030  -0.38341503  -0.34398956  -0.30735917  -0.27352181  -0.24241508  -0.21393153  -0.18793201  -0.16425724  -0.14273739  -0.12319998  -0.10547598  -0.08940446  -0.07483578  -0.06163359  -0.04967583  -0.03885483  -0.02907680  -0.02026081  -0.01233737  -0.00524687   0.00106210   0.00663448   0.01151026   0.01572599   0.01931605   0.02231368   0.02475186   0.02666389   0.02808382   0.02904668   0.02958849   0.02974619   0.02955739   0.02906012   0.02829241   0.02729193   0.02609559   0.02473911   0.02325667   0.02168057   0.02004094   0.01836554   0.01667953   0.01500542   0.01336295   0.01176913   0.01023828   0.00878209   0.00740977   0.00612819   0.00494208   0.00385420   0.00286556   0.00197561   0.00118250   0.00048323  -0.00012612  -0.00065019  -0.00109420  -0.00146376  -0.00176475  -0.00200315  -0.00218499  -0.00231619  -0.00240252  -0.00244952  -0.00246246  -0.00244628  -0.00240558  -0.00234460  -0.00226720  -0.00217688  -0.00207676  -0.00196961  -0.00185786  -0.00174362  -0.00162867 
 -0.00019264  -0.19283913  -0.38623761  -0.57805479  -0.76244670  -0.93120753  -1.07644828  -1.19280186  -1.27815179  -1.33314707  -1.36025922  -1.36291644  -1.34489636  -1.30995925  -1.26164714  -1.20318352  -1.13742991  -1.06687444  -0.99363850  -0.91949424  -0.84588854  -0.77397115  -0.70462506  -0.63849799  -0.57603390  -0.51750384  -0.46303535  -0.41263995  -0.36623833  -0.32368302  -0.28477830  -0.24929729  -0.21699639  -0.18762692  -0.16094438  -0.13671532  -0.11472222  -0.09476650  -0.07667010  -0.06027570  -0.04544604  -0.03206241  -0.02002268  -0.00923899   0.00036470   0.00885505   0.01629167   0.02272926   0.02821944   0.03281230   0.03655763   0.03950580   0.04170835   0.04321829   0.04409015   0.04437981   0.04414418   0.04344071   0.04232688   0.04085959   0.03909453   0.03708562   0.03488443   0.03253967   0.03009682   0.02759772   0.02508036   0.02257867   0.02012247   0.01773748   0.01544530   0.01326367   0.01120654   0.00928438   0.00750441   0.00587091   0.00438552   0.00304755   0.00185432   0.00080145  -0.00011684  -0.00090743  -0.00157808  -0.00213712  -0.00259330  -0.00295555  -0.00323284  -0.00343404  -0.00356774  -0.00364225  -0.00366544  -0.00364471  -0.00358695  -0.00349852  -0.00338520  -0.00325225  -0.00310435  -0.00294567  -0.00277987  -0.00261010  -0.00243908 
 -0.00025977  -0.25920035  -0.51481768  -0.76244670  -0.99622571  -1.20891404  -1.39305602  -1.54273410  -1.65484404  -1.72929908  -1.76840170  -1.77594435  -1.75642701  -1.71451479  -1.65470992  -1.58117255  -1.49763333  -1.40735981  -1.31315418  -1.21736942  -1.12193667  -1.02839942  -0.93795164  -0.85147798  -0.76959435  -0.69268784  -0.62095507  -0.55443802  -0.49305710  -0.43664086  -0.38495216  -0.33771075  -0.29461227  -0.25534374  -0.21959578  -0.18707184  -0.15749471  -0.13061066  -0.10619161  -0.08403555  -0.06396579  -0.04582909  -0.02949319  -0.01484385  -0.00178176   0.00978061   0.01992199   0.02871502   0.03622862   0.04252996   0.04768601   0.05176466   0.05483546   0.05696997   0.05824177   0.05872624   0.05850011   0.05764079   0.05622568   0.05433131   0.05203262   0.04940207   0.04650898   0.04341880   0.04019262   0.03688666   0.03355196   0.03023416   0.02697337   0.02380417   0.02075574   0.01785198   0.01511181   0.01254945   0.01017481   0.00799382   0.00600891   0.00421940   0.00262191   0.00121080  -0.00002145  -0.00108386  -0.00198660  -0.00274066  -0.00335758  -0.00384918  -0.00422731  -0.00450371  -0.00468980  -0.00479659  -0.00483453  -0.00481347  -0.00474258  -0.00463032  -0.00448441  -0.00431184  -0.00411890  -0.00391115  -0.00369346  -0.00347009  -0.00324467 
 -0.00032128  -0.32004505  -0.63275777  -0.93120753  -1.20891404  -1.45959349  -1.67711816  -1.85614424  -1.99317036  -2.08728365  -2.14014329  -2.15536410  -2.13771854  -2.09245313  -2.02481367  -1.93975703  -1.84179476  -1.73492013  -1.62258566  -1.50771089  -1.39270837  -1.27952076  -1.16966438  -1.06427638  -0.96416303  -0.86984780  -0.78161757  -0.69956638  -0.62363564  -0.55365052  -0.48935209  -0.43042510  -0.37652139  -0.32727910  -0.28233786  -0.24135031  -0.20399029  -0.16995818  -0.13898369  -0.11082673  -0.08527652  -0.06214959  -0.04128688  -0.02255030  -0.00581908   0.00901400   0.02204607   0.03336739   0.04306420   0.05122100   0.05792239   0.06325433   0.06730503   0.07016528   0.07192841   0.07269003   0.07254732   0.07159832   0.06994092   0.06767190   0.06488592   0.06167450   0.05812511   0.05432038   0.05033737   0.04624705   0.04211383   0.03799535   0.03394229   0.02999841   0.02620068   0.02257946   0.01915884   0.01595705   0.01298686   0.01025612   0.00776824   0.00552271   0.00351565   0.00174032   0.00018761  -0.00115349  -0.00229544  -0.00325178  -0.00403673  -0.00466487  -0.00515091  -0.00550937  -0.00575445  -0.00589981  -0.00595845  -0.00594264  -0.00586381  -0.00573252  -0.00555842  -0.00535026  -0.00511590  -0.00486232  -0.00459566  -0.00432124  -0.00404368 
 -0.00037331  -0.37164147  -0.73344953  -1.07644828  -1.39305602  -1.67711816  -1.92356856  -2.12818852  -2.28787732  -2.40129869  -2.46933711  -2.49499382  -2.48282762  -2.43826161  -2.36699110  -2.27457069  -2.16616358  -2.04640772  -1.91935791  -1.78847500  -1.65664375  -1.52620824  -1.39901770  -1.27647821  -1.15960692  -1.04908678  -0.94531970  -0.84847705  -0.75854648  -0.67537440  -0.59870358  -0.52820587  -0.46350981  -0.40422335  -0.34995197  -0.30031246  -0.25494282  -0.21350887  -0.17570780  -0.14126943  -0.10995555  -0.08155780  -0.05589449  -0.03280684  -0.01215489   0.00618666   0.02233238   0.03638975   0.04846223   0.05865189   0.06706141   0.07379546   0.07896163   0.08267070   0.08503660   0.08617592   0.08620714   0.08524963   0.08342250   0.08084344   0.07762743   0.07388560   0.06972414   0.06524330   0.06053658   0.05569008   0.05078201   0.04588234   0.04105271   0.03634637   0.03180839   0.02747588   0.02337844   0.01953853   0.01597212   0.01268918   0.00969436   0.00698756   0.00456462   0.00241790   0.00053691  -0.00109120  -0.00248101  -0.00364845  -0.00461030  -0.00538383  -0.00598644  -0.00643540  -0.00674757  -0.00693924  -0.00702592  -0.00702226  -0.00694192  -0.00679755  -0.00660073  -0.00636197  -0.00609071  -0.00579537  -0.00548334  -0.00516109  -0.00483418 
 -0.00041391  -0.41203989  -0.81303334  -1.19280186  -1.54273410  -1.85614424  -2.12818852  -2.35545916  -2.53563853  -2.66756658  -2.75164095  -2.79010459  -2.78690916  -2.74722115  -2.67682311  -2.58160221  -2.46719269  -2.33875991  -2.20088843  -2.05753900  -1.91204914  -1.76716050  -1.62506251  -1.48744544  -1.35555822  -1.23026788  -1.11211825  -1.00138610  -0.89813362  -0.80225621  -0.71352512  -0.63162458  -0.55618333  -0.48680072  -0.42306756  -0.36458216  -0.31096199  -0.26185151  -0.21692670  -0.17589682  -0.13850405  -0.10452146  -0.07374973  -0.04601323  -0.02115562   0.00096453   0.02047802   0.03750883   0.05217748   0.06460378   0.07490893   0.08321693   0.08965549   0.09435625   0.09745457   0.09908894   0.09939995   0.09852914   0.09661763   0.09380471   0.09022640   0.08601406   0.08129315   0.07618210   0.07079136   0.06522262   0.05956832   0.05391120   0.04832421   0.04287051   0.03760362   0.03256778   0.02779838   0.02332251   0.01915960   0.01532206   0.01181606   0.00864220   0.00579629   0.00327006   0.00105181  -0.00087288  -0.00252056  -0.00390937  -0.00505848  -0.00598769  -0.00671703  -0.00726638  -0.00765520  -0.00790232  -0.00802571  -0.00804236  -0.00796813  -0.00781775  -0.00760471  -0.00734129  -0.00703852  -0.00670626  -0.00635321  -0.00598696  -0.00561409 
 -0.00044276  -0.44085184  -0.87042338  -1.27815179  -1.65484404  -1.99317036  -2.28787732  -2.53563853  -2.73463258  -2.88415801  -2.98458664  -3.03761041  -3.04642530  -3.01558683  -2.95057880  -2.85729717  -2.74160908  -2.60904472  -2.46461335  -2.31271193  -2.15709622  -2.00089173  -1.84662921  -1.69629485  -1.55138860  -1.41298598  -1.28180041  -1.15824361  -1.04248254  -0.93449170  -0.83410001  -0.74103186  -0.65494223  -0.57544581  -0.50214050  -0.43462561  -0.37251527  -0.31544755  -0.26309002  -0.21514221  -0.17133570  -0.13143225  -0.09522076  -0.06251320  -0.03314023  -0.00694665   0.01621296   0.03647820   0.05398628   0.06887477   0.08128372   0.09135708   0.09924340   0.10509599   0.10907257   0.11133435   0.11204497   0.11136899   0.10947033   0.10651067   0.10264775   0.09803384   0.09281430   0.08712630   0.08109777   0.07484651   0.06847965   0.06209318   0.05577180   0.04958896   0.04360707   0.03787787   0.03244294   0.02733434   0.02257533   0.01818112   0.01415971   0.01051273   0.00723624   0.00432161   0.00175623  -0.00047568  -0.00239240  -0.00401407  -0.00536210  -0.00645867  -0.00732625  -0.00798723  -0.00846359  -0.00877660  -0.00894662  -0.00899293  -0.00893358  -0.00878533  -0.00856358  -0.00828236  -0.00795433  -0.00759079  -0.00720175  -0.00679600  -0.00638111 
 -0.00046054  -0.45870462  -0.90653071  -1.33314707  -1.72929908  -2.08728365  -2.40129869  -2.66756658  -2.88415801  -3.05058240  -3.16739861  -3.23610574  -3.25929262  -3.24075661  -3.18536370  -3.09867444  -2.98649974  -2.85452141  -2.70802791  -2.55175918  -2.38983409  -2.22573400  -2.06232248  -1.90188708  -1.74619404  -1.59654958  -1.45386352  -1.31871214  -1.19139820  -1.07200660  -0.96045470  -0.85653661  -0.75996138  -0.67038488  -0.58743568  -0.51073529  -0.43991329  -0.37461784  -0.31452229  -0.25932846  -0.20876732  -0.16259762  -0.12060302  -0.08258829  -0.04837499  -0.01779700   0.00930378   0.03308134   0.05368894   0.07128178   0.08601897   0.09806483   0.10758944   0.11476855   0.11978302   0.12281774   0.12406018   0.12369879   0.12192111   0.11891194   0.11485150   0.10991362   0.10426419   0.09805971   0.09144613   0.08455792   0.07751737   0.07043420   0.06340533   0.05651496   0.04983480   0.04342453   0.03733234   0.03159566   0.02624197   0.02128965   0.01674893   0.01262277   0.00890785   0.00559548   0.00267244   0.00012186  -0.00207601  -0.00394310  -0.00550285  -0.00677960  -0.00779815  -0.00858324  -0.00915924  -0.00954977  -0.00977752  -0.00986398  -0.00982934  -0.00969238  -0.00947039  -0.00917915  -0.00883293  -0.00844451  -0.00802525  -0.00758509  -0.00713270 
 -0.00046846  -0.46675957  -0.92341331  -1.36025922  -1.76840170  -2.14014329  -2.46933711  -2.75164095  -2.98458664  -3.16739861  -3.30061057  -3.38569096  -3.42490261  -3.42139080  -3.37926162  -3.30345329  -3.19941345  -3.07271749  -2.92874260  -2.77244208  -2.60821568  -2.43985332  -2.27052919  -2.10282803  -1.93879116  -1.77997332  -1.62750480  -1.48215453  -1.34439151  -1.21444242  -1.09234434  -0.97799159  -0.87117624  -0.77162243  -0.67901427  -0.59301803  -0.51329885  -0.43953265  -0.37141388  -0.30865974  -0.25101164  -0.19823435  -0.15011368  -0.10645302  -0.06706932  -0.03178892  -0.00044341   0.02713402   0.05111174   0.07166216   0.08896344   0.10320057   0.11456562   0.12325746   0.12948082   0.13344500   0.13536216   0.13544538   0.13390659   0.13095446   0.12679234   0.12161629   0.11561333   0.10895988   0.10182048   0.09434675   0.08667669   0.07893421   0.07122894   0.06365629   0.05629774   0.04922135   0.04248236   0.03612400   0.03017840   0.02466753   0.01960421   0.01499317   0.01083205   0.00711243   0.00382083   0.00093958  -0.00155227  -0.00367816  -0.00546332  -0.00693408  -0.00811735  -0.00904010  -0.00972892  -0.01020971  -0.01050734  -0.01064549  -0.01064642  -0.01053088  -0.01031804  -0.01002541  -0.00966889  -0.00926275  -0.00881969  -0.00835088  -0.00786609 
 -0.00046793  -0.46639319  -0.92364729  -1.36291644  -1.77594435  -2.15536410  -2.49499382  -2.79010459  -3.03761041  -3.23610574  -3.38569096  -3.48762202  -3.54396123  -3.55742565  -3.53143751  -3.47017834  -3.37847497  -3.26152245  -3.12455649  -2.97257377  -2.81013962  -2.64128023  -2.46943992  -2.29748331  -2.12772594  -1.96198213  -1.80162191  -1.64763172  -1.50067506  -1.36115060  -1.22924592  -1.10498592  -0.98827502  -0.87893326  -0.77672596  -0.68138755  -0.59263977  -0.51020491  -0.43381478  -0.36321597  -0.29817212  -0.23846396  -0.18388750  -0.13425127  -0.08937270  -0.04907445  -0.01318068   0.01848623   0.04610848   0.06987492   0.08998250   0.10663687   0.12005242   0.13045153   0.13806341   0.14312241   0.14586603   0.14653267   0.14535931   0.14257914   0.13841926   0.13309855   0.12682575   0.11979772   0.11219812   0.10419624   0.09594627   0.08758680   0.07924064   0.07101489   0.06300129   0.05527671   0.04790391   0.04093240   0.03439939   0.02833087   0.02274270   0.01764176   0.01302705   0.00889084   0.00521970   0.00199551  -0.00080356  -0.00320220  -0.00522717  -0.00690655  -0.00826917  -0.00934402  -0.01015980  -0.01074451  -0.01112516  -0.01132748  -0.01137576  -0.01129268  -0.01109924  -0.01081470  -0.01045655  -0.01004057  -0.00958082  -0.00908974  -0.00857821 
 -0.00046037  -0.45901473  -0.90994008  -1.34489636  -1.75642701  -2.13771854  -2.48282762  -2.78690916  -3.04642530  -3.25929262  -3.42490261  -3.54396123  -3.61817475  -3.64993136  -3.64215091  -3.59831355  -3.52250030  -3.41929503  -3.29354749  -3.15009222  -2.99350837  -2.82795574  -2.65708512  -2.48400619  -2.31129511  -2.14102721  -1.97482452  -1.81391063  -1.65916817  -1.51119532  -1.37035923  -1.23684468  -1.11069722  -0.99186030  -0.88020626  -0.77556144  -0.67772571  -0.58648701  -0.50163145  -0.42294966  -0.35024012  -0.28331005  -0.22197447  -0.16605413  -0.11537269  -0.06975356  -0.02901683   0.00702345   0.03856154   0.06580165   0.08895881   0.10825910   0.12393916   0.13624515   0.14543107   0.15175674   0.15548550   0.15688159   0.15620758   0.15372169   0.14967531   0.14431065   0.13785865   0.13053710   0.12254925   0.11408252   0.10530778   0.09637875   0.08743190   0.07858647   0.06994491   0.06159341   0.05360273   0.04602909   0.03891527   0.03229173   0.02617784   0.02058305   0.01550816   0.01094650   0.00688510   0.00330574   0.00018605  -0.00249960  -0.00477922  -0.00668239  -0.00823964  -0.00948177  -0.01043942  -0.01114256  -0.01162019  -0.01190003  -0.01200829  -0.01196953  -0.01180656  -0.01154034  -0.01118998  -0.01077274  -0.01030408  -0.00979772  -0.00926569 
 -0.00044715  -0.44597105  -0.88491706  -1.30995925  -1.71451479  -2.09245313  -2.43826161  -2.74722115  -3.01558683  -3.24075661  -3.42139080  -3.55742565  -3.64993136  -3.70083491  -3.71263484  -3.68826005  -3.63108698  -3.54497346  -3.43417647  -3.30314988  -3.15630285  -2.99779296  -2.83138573  -2.66037937  -2.48758036  -2.31531401  -2.14545701  -1.97948253  -1.81851144  -1.66336492  -1.51461568  -1.37263558  -1.23763858  -1.10971811  -0.98887882  -0.87506255  -0.76816894  -0.66807104  -0.57462660  -0.48768550  -0.40709417  -0.33269747  -0.26433881  -0.20185894  -0.14509400  -0.09387319  -0.04801648  -0.00733258   0.02838264   0.05934711   0.08579289   0.10796582   0.12612447   0.14053859   0.15148705   0.15925534   0.16413288   0.16641008   0.16637541   0.16431253   0.16049750   0.15519622   0.14866222   0.14113465   0.13283673   0.12397443   0.11473569   0.10528983   0.09578737   0.08636019   0.07712189   0.06816845   0.05957908   0.05141722   0.04373170   0.03655792   0.02991920   0.02382806   0.01828752   0.01329242   0.00883063   0.00488424   0.00143068  -0.00155628  -0.00410558  -0.00624805  -0.00801564  -0.00944078  -0.01055583  -0.01139257  -0.01198186  -0.01235328  -0.01253490  -0.01255309  -0.01243240  -0.01219547  -0.01186301  -0.01145378  -0.01098464  -0.01047059  -0.00992487 
 -0.00042950  -0.42850061  -0.85101317  -1.26164714  -1.65470992  -2.02481367  -2.36699110  -2.67682311  -2.95057880  -3.18536370  -3.37926162  -3.53143751  -3.64215091  -3.71263484  -3.74485470  -3.74125653  -3.70463895  -3.63816547  -3.54539557  -3.43021701  -3.29667315  -3.14875435  -2.99021868  -2.82447035  -2.65449538  -2.48284205  -2.31163214  -2.14259140  -1.97709065  -1.81619185  -1.66069492  -1.51118269  -1.36806230  -1.23160201  -1.10196282  -0.97922490  -0.86340886  -0.75449225  -0.65242186  -0.55712227  -0.46850134  -0.38645322  -0.31085961  -0.24158956  -0.17849856  -0.12142723  -0.07019992  -0.02462356   0.01551307   0.05043957   0.08040345   0.10566917   0.12651648   0.14323824   0.15613787   0.16552641   0.17171930   0.17503321   0.17578265   0.17427686   0.17081676   0.16569221   0.15917959   0.15153968   0.14301595   0.13383330   0.12419707   0.11429254   0.10428472   0.09431850   0.08451909   0.07499273   0.06582754   0.05709466   0.04884943   0.04113270   0.03397224   0.02738408   0.02137395   0.01593862   0.01106727   0.00674268   0.00294247  -0.00035984  -0.00319379  -0.00559114  -0.00758501  -0.00920920  -0.01049760  -0.01148362  -0.01219982  -0.01267752  -0.01294653  -0.01303495  -0.01296902  -0.01277303  -0.01246925  -0.01207794  -0.01161735  -0.01110380  -0.01055173 
 -0.00040855  -0.40771348  -0.81042287  -1.20318352  -1.58117255  -1.93975703  -2.27457069  -2.58160221  -2.85729717  -3.09867444  -3.30345329  -3.47017834  -3.59831355  -3.68826005  -3.74125653  -3.75917233  -3.74428781  -3.69918116  -3.62673958  -3.53018960  -3.41304201  -3.27894380  -3.13149673  -2.97410036  -2.80984524  -2.64145623  -2.47127544  -2.30127214  -2.13306956  -1.96798081  -1.80704883  -1.65108674  -1.50071622  -1.35640247  -1.21848497  -1.08720363  -0.96272028  -0.84513581  -0.73450321  -0.63083717  -0.53412066  -0.44430909  -0.36133275  -0.28509780  -0.21548653  -0.15235714  -0.09554346  -0.04485481  -0.00007619   0.03903097   0.07272759   0.10129513   0.12503324   0.14425698   0.15929363   0.17047924   0.17815498   0.18266348   0.18434516   0.18353478   0.18055813   0.17572906   0.16934689   0.16169418   0.15303488   0.14361299   0.13365155   0.12335210   0.11289448   0.10243699   0.09211685   0.08205096   0.07233684   0.06305378   0.05426414   0.04601469   0.03833814   0.03125452   0.02477275   0.01889202   0.01360323   0.00889030   0.00473144   0.00110032  -0.00203288  -0.00470051  -0.00693658  -0.00877601  -0.01025396  -0.01140528  -0.01226406  -0.01286321  -0.01323416  -0.01340667  -0.01340859  -0.01326579  -0.01300207  -0.01263918  -0.01219677  -0.01169248  -0.01114198 
 -0.00038527  -0.38458514  -0.76508150  -1.13742991  -1.49763333  -1.84179476  -2.16616358  -2.46719269  -2.74160908  -2.98649974  -3.19941345  -3.37847497  -3.52250030  -3.63108698  -3.70463895  -3.74428781  -3.75171735  -3.72897367  -3.67836681  -3.60248260  -3.50421282  -3.38671048  -3.25326168  -3.10712612  -2.95139781  -2.78890918  -2.62217952  -2.45339808  -2.28443127  -2.11684457  -1.95193248  -1.79075190  -1.63415573  -1.48282468  -1.33729606  -1.19798887  -1.06522498  -0.93924637  -0.82022881  -0.70829222  -0.60350826  -0.50590572  -0.41547409  -0.33216587  -0.25589806  -0.18655321  -0.12398030  -0.06799576  -0.01838481   0.02509689   0.06272097   0.09478372   0.12160297   0.14351452   0.16086838   0.17402470   0.18334961   0.18921115   0.19197521   0.19200170   0.18964103   0.18523089   0.17909347   0.17153305   0.16283414   0.15325993   0.14305135   0.13242643   0.12158009   0.11068437   0.09988887   0.08932155   0.07908976   0.06928140   0.05996631   0.05119769   0.04301366   0.03543877   0.02848561   0.02215626   0.01644381   0.01133378   0.00680540   0.00283286  -0.00061355  -0.00356643  -0.00606036  -0.00813109  -0.00981482  -0.01114762  -0.01216491  -0.01290103  -0.01338891  -0.01365983  -0.01374318  -0.01366634  -0.01345463  -0.01313123  -0.01271718  -0.01223145  -0.01169095 
 -0.00036050  -0.35995742  -0.71666382  -1.06687444  -1.40735981  -1.73492013  -2.04640772  -2.33875991  -2.60904472  -2.85452141  -3.07271749  -3.26152245  -3.41929503  -3.54497346  -3.63816547  -3.69918116  -3.72897367  -3.72899184  -3.70101689  -3.64707784  -3.56946435  -3.47075650  -3.35378792  -3.22153331  -3.07696635  -2.92293386  -2.76206794  -2.59673692  -2.42902732  -2.26074701  -2.09344162  -1.92841817  -1.76677174  -1.60941255  -1.45709148  -1.31042323  -1.16990640  -1.03594040  -0.90883926  -0.78884262  -0.67612415  -0.57079805  -0.47292376  -0.38250967  -0.29951584  -0.22385639  -0.15540172  -0.09398076  -0.03938346   0.00863639   0.05035786   0.08608934   0.11616448   0.14093791   0.16078070   0.17607572   0.18721295   0.19458485   0.19858198   0.19958877   0.19797973   0.19411597   0.18834223   0.18098437   0.17234729   0.16271339   0.15234151   0.14146628   0.13029795   0.11902252   0.10780228   0.09677662   0.08606311   0.07575869   0.06594114   0.05667058   0.04799104   0.03993207   0.03251042   0.02573156   0.01959128   0.01407711   0.00916975   0.00484437   0.00107174  -0.00218064  -0.00494757  -0.00726534  -0.00917092  -0.01070135  -0.01189317  -0.01278197  -0.01340205  -0.01378605  -0.01396482  -0.01396720  -0.01381992  -0.01354757  -0.01317259  -0.01271523  -0.01219370 
 -0.00033496  -0.33454368  -0.66659222  -0.99363850  -1.31315418  -1.62258566  -1.91935791  -2.20088843  -2.46461335  -2.70802791  -2.92874260  -3.12455649  -3.29354749  -3.43417647  -3.54539557  -3.62673958  -3.67836681  -3.70101689  -3.69588801  -3.66449648  -3.60860425  -3.53023224  -3.43168892  -3.31553884  -3.18450214  -3.04132573  -2.88866769  -2.72901470  -2.56463390  -2.39755239  -2.22955583  -2.06219906  -1.89682338  -1.73457688  -1.57643536  -1.42322231  -1.27562707  -1.13422075  -0.99946971  -0.87174679  -0.75134040  -0.63846185  -0.53325135  -0.43578282  -0.34606806  -0.26406050  -0.18965871  -0.12271005  -0.06301438  -0.01032815   0.03563129   0.07518103   0.10866765   0.13646207   0.15895429   0.17654804   0.18965550   0.19869223   0.20407226   0.20620356   0.20548392   0.20229720   0.19701019   0.18996986   0.18150124   0.17190576   0.16146010   0.15041551   0.13899764   0.12740663   0.11581772   0.10438205   0.09322773   0.08246118   0.07216856   0.06241733   0.05325793   0.04472543   0.03684122   0.02961467   0.02304473   0.01712145   0.01182746   0.00713930   0.00302866  -0.00053647  -0.00359079  -0.00617078  -0.00831389  -0.01005786  -0.01144015  -0.01249740  -0.01326507  -0.01377708  -0.01406558  -0.01416077  -0.01409076  -0.01388150  -0.01355674  -0.01313808  -0.01264494 
 -0.00030924  -0.30893650  -0.61605069  -0.91949424  -1.21736942  -1.50771089  -1.78847500  -2.05753900  -2.31271193  -2.55175918  -2.77244208  -2.97257377  -3.15009222  -3.30314988  -3.43021701  -3.53018960  -3.60248260  -3.64707784  -3.66449648  -3.65569680  -3.62195322  -3.56479351  -3.48601182  -3.38769498  -3.27219414  -3.14203310  -2.99978951  -2.84798671  -2.68901445  -2.52508048  -2.35818686  -2.19012382  -2.02247467  -1.85662715  -1.69378791  -1.53499806  -1.38114836  -1.23299331  -1.09116374  -0.95617781  -0.82845043  -0.70830129  -0.59596184  -0.49158126  -0.39523198  -0.30691477  -0.22656364  -0.15405085  -0.08919198  -0.03175120   0.01855315   0.06204288   0.09907398   0.13003057   0.15531885   0.17536102   0.19058941   0.20144084   0.20835127   0.21175086   0.21205951   0.20968291   0.20500906   0.19840545   0.19021676   0.18076308   0.17033869   0.15921137   0.14762215   0.13578543   0.12388954   0.11209760   0.10054863   0.08935883   0.07862316   0.06841691   0.05879736   0.04980558   0.04146812   0.03379874   0.02680003   0.02046507   0.01477886   0.00971978   0.00526087   0.00137099  -0.00198406  -0.00484062  -0.00723632  -0.00920934  -0.01079778  -0.01203911  -0.01296979  -0.01362483  -0.01403757  -0.01423947  -0.01425990  -0.01412612  -0.01386318  -0.01349395  -0.01303911 
 -0.00028382  -0.28361688  -0.56600239  -0.84588854  -1.12193667  -1.39270837  -1.65664375  -1.91204914  -2.15709622  -2.38983409  -2.60821568  -2.81013962  -2.99350837  -3.15630285  -3.29667315  -3.41304201  -3.50421282  -3.56946435  -3.60860425  -3.62195322  -3.61025970  -3.57459469  -3.51629640  -3.43698181  -3.33856961  -3.22325314  -3.09341481  -2.95151472  -2.79998779  -2.64116651  -2.47723129  -2.31018353  -2.14183475  -1.97380630  -1.80753536  -1.64428441  -1.48515225  -1.33108531  -1.18288862  -1.04123599  -0.90667936  -0.77965719  -0.66050218  -0.54944835  -0.44663770  -0.35212663  -0.26589222  -0.18783860  -0.11780338  -0.05556420  -0.00084550   0.04667461   0.08735738   0.12159648   0.14981100   0.17243871   0.18992951   0.20273921   0.21132372   0.21613365   0.21760955   0.21617764   0.21224610   0.20620206   0.19840913   0.18920553   0.17890280   0.16778497   0.15610832   0.14410149   0.13196601   0.11987716   0.10798507   0.09641611   0.08527438   0.07464338   0.06458773   0.05515495   0.04637725   0.03827325   0.03084972   0.02410321   0.01802161   0.01258559   0.00776996   0.00354489  -0.00012295  -0.00326941  -0.00593195  -0.00814888  -0.00995868  -0.01139945  -0.01250839  -0.01332146  -0.01387304  -0.01419570  -0.01432000  -0.01427442  -0.01408526  -0.01377661  -0.01337037 
 -0.00025908  -0.25896447  -0.51720947  -0.77397115  -1.02839942  -1.27952076  -1.52620824  -1.76716050  -2.00089173  -2.22573400  -2.43985332  -2.64128023  -2.82795574  -2.99779296  -3.14875435  -3.27894380  -3.38671048  -3.47075650  -3.53023224  -3.56479351  -3.57459469  -3.56021673  -3.52257435  -3.46286602  -3.38258292  -3.28352761  -3.16778668  -3.03764926  -2.89550110  -2.74372548  -2.58462700  -2.42038049  -2.25300088  -2.08432808  -1.91602215  -1.74956478  -1.58626470  -1.42726503  -1.27355177  -1.12596250  -0.98519503  -0.85181584  -0.72626825  -0.60888023  -0.49987219  -0.39936455  -0.30738538  -0.22387804  -0.14870898  -0.08167557  -0.02251412   0.02909215   0.07350503   0.11112342   0.14237546   0.16771104   0.18759455   0.20249806   0.21289497   0.21925427   0.22203530   0.22168320   0.21862501   0.21326636   0.20598890   0.19714823   0.18707256   0.17606180   0.16438724   0.15229163   0.13998970   0.12766895   0.11549086   0.10359218   0.09208651   0.08106595   0.07060286   0.06075168   0.05155072   0.04302400   0.03518293   0.02802805   0.02155059   0.01573399   0.01055528   0.00598639   0.00199524  -0.00145313  -0.00439568  -0.00687054  -0.00891629  -0.01057137  -0.01187354  -0.01285948  -0.01356445  -0.01402199  -0.01426374  -0.01431931  -0.01421617  -0.01397959  -0.01363266 
 -0.00023531  -0.23526835  -0.47025414  -0.70462506  -0.93795164  -1.16966438  -1.39901770  -1.62506251  -1.84662921  -2.06232248  -2.27052919  -2.46943992  -2.65708512  -2.83138573  -2.99021868  -3.13149673  -3.25326168  -3.35378792  -3.43168892  -3.48601182  -3.51629640  -3.52257435  -3.50530742  -3.46530404  -3.40367257  -3.32182682  -3.22149978  -3.10471476  -2.97370668  -2.83082005  -2.67841274  -2.51878037  -2.35410386  -2.18641639  -2.01758485  -1.84930118  -1.68308036  -1.52026258  -1.36201808  -1.20935357  -1.06311959  -0.92401841  -0.79261220  -0.66933145  -0.55448346  -0.44826104  -0.35075125  -0.26194437  -0.18174288  -0.10997066  -0.04638213   0.00932857   0.05751846   0.09858679   0.13296638   0.16111524   0.18350863   0.20063167   0.21297243   0.22101572   0.22523746   0.22609983   0.22404705   0.21950187   0.21286281   0.20450193   0.19476339   0.18396239   0.17238486   0.16028740   0.14789782   0.13541591   0.12301455   0.11084111   0.09901894   0.08764909   0.07681205   0.06656961   0.05696667   0.04803307   0.03978538   0.03222859   0.02535779   0.01915966   0.01361392   0.00869464   0.00437147   0.00061071  -0.00262375  -0.00536951  -0.00766494  -0.00954856  -0.01105845  -0.01223179  -0.01310452  -0.01371102  -0.01408387  -0.01425369  -0.01424902  -0.01409628  -0.01381968 
 -0.00021272  -0.21273800  -0.42556030  -0.63849799  -0.85147798  -1.06427638  -1.27647821  -1.48744544  -1.69629485  -1.90188708  -2.10282803  -2.29748331  -2.48400619  -2.66037937  -2.82447035  -2.97410036  -3.10712612  -3.22153331  -3.31553884  -3.38769498  -3.43698181  -3.46286602  -3.46530404  -3.44468731  -3.40176594  -3.33760350  -3.25357853  -3.15139282  -3.03304052  -2.90073107  -2.75679030  -2.60356650  -2.44335533  -2.27834629  -2.11058751  -1.94196440  -1.77418824  -1.60879152  -1.44712790  -1.29037540  -1.13954162  -0.99547047  -0.85884997  -0.73022069  -0.60998481  -0.49841557  -0.39566706  -0.30178426  -0.21671323  -0.14031147  -0.07235827  -0.01256499   0.03941475   0.08397520   0.12154886   0.15259734   0.17760272   0.19705947   0.21146703   0.22132308   0.22711758   0.22932746   0.22841218   0.22480997   0.21893479   0.21117403   0.20188683   0.19140301   0.18002256   0.16801559   0.15562277   0.14305605   0.13049980   0.11811211   0.10602631   0.09435269   0.08318023   0.07257845   0.06259926   0.05327881   0.04463930   0.03669066   0.02943231   0.02285464   0.01694052   0.01166665   0.00700480   0.00292293  -0.00061381  -0.00364216  -0.00619998  -0.00832554  -0.01005698  -0.01143178  -0.01248635  -0.01325572  -0.01377325  -0.01407046  -0.01417688  -0.01411996  -0.01392500 
 -0.00019145  -0.19151423  -0.38341503  -0.57603390  -0.76959435  -0.96416303  -1.15960692  -1.35555822  -1.55138860  -1.74619404  -1.93879116  -2.12772594  -2.31129511  -2.48758036  -2.65449538  -2.80984524  -2.95139781  -3.07696635  -3.18450214  -3.27219414  -3.33856961  -3.38258292  -3.40367257  -3.40176594  -3.37722956  -3.33079750  -3.26352667  -3.17679382  -3.07229839  -2.95202920  -2.81818858  -2.67309606  -2.51909660  -2.35848625  -2.19345802  -2.02606519  -1.85819818  -1.69157113  -1.52771565  -1.36797941  -1.21352845  -1.06535196  -0.92426902  -0.79093667  -0.66585909  -0.54939757  -0.44178099  -0.34311684  -0.25340243  -0.17253632  -0.10032979  -0.03651816   0.01922799   0.06729200   0.10810060   0.14211399   0.16981649   0.19170776   0.20829491   0.22008517   0.22757954   0.23126716   0.23162045   0.22909115   0.22410706   0.21706949   0.20835145   0.19829647   0.18721791   0.17539889   0.16309258   0.15052295   0.13788575   0.12534987   0.11305879   0.10113225   0.08966803   0.07874375   0.06841874   0.05873590   0.04972347   0.04139686   0.03376024   0.02680821   0.02052727   0.01489719   0.00989229   0.00548261   0.00163495  -0.00168621  -0.00451786  -0.00689775  -0.00886379  -0.01045348  -0.01170350  -0.01264933  -0.01332496  -0.01376267  -0.01399283  -0.01404386  -0.01394205 
 -0.00017157  -0.17167976  -0.34398956  -0.51750384  -0.69268784  -0.86984780  -1.04908678  -1.23026788  -1.41298598  -1.59654958  -1.77997332  -1.96198213  -2.14102721  -2.31531401  -2.48284205  -2.64145623  -2.78890918  -2.92293386  -3.04132573  -3.14203310  -3.22325314  -3.28352761  -3.32182682  -3.33760350  -3.33079750  -3.30178910  -3.25133065  -3.18050152  -3.09070055  -2.98364360  -2.86132801  -2.72595755  -2.57984881  -2.42534152  -2.26472542  -2.10018614  -1.93376788  -1.76734921  -1.60262872  -1.44111782  -1.28413888  -1.13282724  -0.98813618  -0.85084405  -0.72156306  -0.60074936  -0.48871400  -0.38563457  -0.29156730  -0.20645942  -0.13016155  -0.06244006  -0.00298923   0.04855700   0.09261372   0.12963424   0.16010007   0.18451154   0.20337923   0.21721621   0.22653123   0.23182266   0.23357335   0.23224635   0.22828134   0.22209198   0.21406384   0.20455302   0.19388544   0.18235655   0.17023160   0.15774623   0.14510747   0.13249495   0.12006237   0.10793913   0.09623203   0.08502714   0.07439156   0.06437533   0.05501323   0.04632651   0.03832465   0.03100688   0.02436380   0.01837870   0.01302890   0.00828695   0.00412168   0.00049920  -0.00261629  -0.00526168  -0.00747436  -0.00929159  -0.01075007  -0.01188553  -0.01273239  -0.01332353  -0.01369006  -0.01386121  -0.01386420 
 -0.00015313  -0.15326925  -0.30735917  -0.46303535  -0.62095507  -0.78161757  -0.94531970  -1.11211825  -1.28180041  -1.45386352  -1.62750480  -1.80162191  -1.97482452  -2.14545701  -2.31163214  -2.47127544  -2.62217952  -2.76206794  -2.88866769  -2.99978951  -3.09341481  -3.16778668  -3.22149978  -3.25357853  -3.26352667  -3.25133065  -3.21741465  -3.16257434  -3.08793102  -2.99491971  -2.88528196  -2.76102819  -2.62436384  -2.47759832  -2.32305788  -2.16301410  -1.99963048  -1.83492524  -1.67074688  -1.50875962  -1.35043606  -1.19705538  -1.04970570  -0.90928956  -0.77653179  -0.65198921  -0.53606169  -0.42900414  -0.33093919  -0.24187031  -0.16169497  -0.09021794  -0.02716422   0.02780829   0.07509669   0.11514156   0.14841616   0.17541648   0.19665205   0.21263769   0.22388622   0.23090200   0.23417543   0.23417833   0.23136017   0.22614508   0.21892964   0.21008130   0.19993747   0.18880517   0.17696110   0.16465218   0.15209643   0.13948413   0.12697920   0.11472079   0.10282496   0.09138643   0.08048044   0.07016456   0.06048046   0.05145574   0.04310556   0.03543431   0.02843710   0.02210121   0.01640742   0.01133119   0.00684382   0.00291339  -0.00049431  -0.00341498  -0.00588517  -0.00794163  -0.00962082  -0.01095849  -0.01198930  -0.01274653  -0.01326189  -0.01356531  -0.01368482 
 -0.00013612  -0.13627871  -0.27352181  -0.41263995  -0.55443802  -0.69956638  -0.84847705  -1.00138610  -1.15824361  -1.31871214  -1.48215453  -1.64763172  -1.81391063  -1.97948253  -2.14259140  -2.30127214  -2.45339808  -2.59673692  -2.72901470  -2.84798671  -2.95151472  -3.03764926  -3.10471476  -3.15139282  -3.17679382  -3.18050152  -3.16257434  -3.12350111  -3.06413627  -2.98565307  -2.88952778  -2.77752834  -2.65167520  -2.51416880  -2.36730150  -2.21337333  -2.05462263  -1.89317400  -1.73100192  -1.56990678  -1.41150070  -1.25720071  -1.10822744  -0.96560817  -0.83018314  -0.70261436  -0.58339617  -0.47286736  -0.37122406  -0.27853334  -0.19474706  -0.11971576  -0.05320243   0.00510410   0.05557634   0.09863590   0.13474201   0.16438097   0.18805635   0.20628029   0.21956566   0.22841923   0.23333580   0.23479319   0.23324823   0.22913347   0.22285473   0.21478935   0.20528506   0.19465946   0.18319998   0.17116429   0.15878102   0.14625089   0.13374796   0.12142116   0.10939591   0.09777584   0.08664458   0.07606755   0.06609373   0.05675743   0.04807997   0.04007128   0.03273149   0.02605229   0.02001835   0.01460850   0.00979689   0.00555400   0.00184758  -0.00135656  -0.00409378  -0.00640003  -0.00831127  -0.00986301  -0.01108992  -0.01202552  -0.01270193  -0.01314962  -0.01339734 
 -0.00012049  -0.12067405  -0.24241508  -0.36623833  -0.49305710  -0.62363564  -0.75854648  -0.89813362  -1.04248254  -1.19139820  -1.34439151  -1.50067506  -1.65916817  -1.81851144  -1.97709065  -2.13306956  -2.28443127  -2.42902732  -2.56463390  -2.68901445  -2.79998779  -2.89550110  -2.97370668  -3.03304052  -3.07229839  -3.09070055  -3.08793102  -3.06413627  -3.01988116  -2.95608530  -2.87397540  -2.77506623  -2.66114589  -2.53423570  -2.39651961  -2.25025925  -2.09771310  -1.94106975  -1.78239781  -1.62361087  -1.46644465  -1.31244370  -1.16295540  -1.01912962  -0.88192264  -0.75210437  -0.63026814  -0.51684221  -0.41210269  -0.31618724  -0.22910937  -0.15077281  -0.08098584  -0.01947530   0.03409986   0.08013578   0.11907160   0.15137822   0.17754807   0.19808583   0.21350011   0.22429623   0.23096990   0.23400193   0.23385384   0.23096430   0.22574641   0.21858574   0.20983895   0.19983315   0.18886559   0.17720401   0.16508719   0.15272594   0.14030430   0.12798092   0.11589066   0.10414618   0.09283975   0.08204491   0.07181829   0.06220129   0.05322178   0.04489569   0.03722855   0.03021694   0.02384985   0.01810989   0.01297449   0.00841694   0.00440730   0.00091329  -0.00209897  -0.00466428  -0.00681782  -0.00859459  -0.01002907  -0.01115479  -0.01200407  -0.01260782  -0.01299531 
