# coconut-me2b/v0.99.21 
# 
# momentum space matrix elements 
# partial wave J=2, L=2/2, S=1, T=0, MT=0 
# 
# momentum grid [fm^-1]
0.000000 0.100000 0.200000 0.300000 0.400000 0.500000 0.600000 0.700000 0.800000 0.900000 1.000000 1.100000 1.200000 1.300000 1.400000 1.500000 1.600000 1.700000 1.800000 1.900000 2.000000 2.100000 2.200000 2.300000 2.400000 2.500000 2.600000 2.700000 2.800000 2.900000 3.000000 3.100000 3.200000 3.300000 3.400000 3.500000 3.600000 3.700000 3.800000 3.900000 4.000000 4.100000 4.200000 4.300000 4.400000 4.500000 4.600000 4.700000 4.800000 4.900000 5.000000 5.100000 5.200000 5.300000 5.400000 5.500000 5.600000 5.700000 5.800000 5.900000 6.000000 6.100000 6.200000 6.300000 6.400000 6.500000 6.600000 6.700000 6.800000 6.900000 7.000000 7.100000 7.200000 7.300000 7.400000 7.500000 7.600000 7.700000 7.800000 7.900000 8.000000 8.100000 8.200000 8.300000 8.400000 8.500000 8.600000 8.700000 8.800000 8.900000 9.000000 9.100000 9.200000 9.300000 9.400000 9.500000 9.600000 9.700000 9.800000 9.900000 10.000000 
#
# matrix elements [MeV fm^3] 
  0.00000000  -0.00000002  -0.00000006  -0.00000011  -0.00000015  -0.00000016  -0.00000016  -0.00000016  -0.00000014  -0.00000013  -0.00000011  -0.00000010  -0.00000009  -0.00000008  -0.00000007  -0.00000006  -0.00000005  -0.00000005  -0.00000004  -0.00000003  -0.00000003  -0.00000003  -0.00000002  -0.00000002  -0.00000002  -0.00000001  -0.00000001  -0.00000001  -0.00000001  -0.00000000  -0.00000000  -0.00000000  -0.00000000   0.00000000   0.00000000   0.00000000   0.00000000   0.00000000   0.00000000   0.00000000   0.00000000   0.00000000   0.00000000   0.00000000   0.00000000   0.00000000   0.00000000   0.00000000   0.00000000   0.00000000   0.00000000   0.00000000   0.00000000   0.00000000   0.00000000   0.00000000   0.00000000   0.00000000   0.00000000   0.00000000   0.00000000   0.00000000   0.00000000   0.00000000   0.00000000   0.00000000   0.00000000   0.00000000   0.00000000   0.00000000   0.00000000   0.00000000   0.00000000   0.00000000   0.00000000   0.00000000   0.00000000   0.00000000   0.00000000   0.00000000   0.00000000   0.00000000   0.00000000   0.00000000   0.00000000  -0.00000000  -0.00000000  -0.00000000  -0.00000000  -0.00000000  -0.00000000  -0.00000000  -0.00000000  -0.00000000  -0.00000000  -0.00000000  -0.00000000  -0.00000000  -0.00000000  -0.00000000  -0.00000000 
 -0.00000002  -0.01719565  -0.05924928  -0.10586994  -0.14079440  -0.15841152  -0.16106081  -0.15388495  -0.14158826  -0.12740288  -0.11319475  -0.09988524  -0.08783513  -0.07710760  -0.06762554  -0.05925771  -0.05186234  -0.04530707  -0.03947658  -0.03427392  -0.02961918  -0.02544702  -0.02170407  -0.01834646  -0.01533773  -0.01264707  -0.01024796  -0.00811707  -0.00623346  -0.00457792  -0.00313260  -0.00188066  -0.00080608   0.00010647   0.00087167   0.00150360   0.00201571   0.00242081   0.00273107   0.00295793   0.00311210   0.00320357   0.00324152   0.00323438   0.00318982   0.00311472   0.00301526   0.00289688   0.00276436   0.00262186   0.00247294   0.00232062   0.00216743   0.00201546   0.00186639   0.00172156   0.00158202   0.00144852   0.00132162   0.00120166   0.00108884   0.00098323   0.00088478   0.00079337   0.00070881   0.00063085   0.00055923   0.00049363   0.00043376   0.00037927   0.00032984   0.00028516   0.00024489   0.00020873   0.00017638   0.00014754   0.00012195   0.00009933   0.00007944   0.00006204   0.00004691   0.00003383   0.00002260   0.00001305   0.00000501  -0.00000170  -0.00000722  -0.00001168  -0.00001522  -0.00001795  -0.00001997  -0.00002138  -0.00002228  -0.00002273  -0.00002282  -0.00002260  -0.00002213  -0.00002147  -0.00002065  -0.00001971  -0.00001870 
 -0.00000006  -0.05924928  -0.20749076  -0.37899219  -0.51570635  -0.59229397  -0.61236701  -0.59262668  -0.55044344  -0.49868644  -0.44524556  -0.39427659  -0.34759490  -0.30571318  -0.26849449  -0.23552411  -0.20630526  -0.18035354  -0.15723654  -0.13658537  -0.11809284  -0.10150603  -0.08661717  -0.07325482  -0.06127599  -0.05055961  -0.04100117  -0.03250861  -0.02499911  -0.01839673  -0.01263073  -0.00763433  -0.00334398   0.00030114   0.00335935   0.00588656   0.00793626   0.00955941   0.01080433   0.01171657   0.01233879   0.01271067   0.01286883   0.01284684   0.01267519   0.01238137   0.01198995   0.01152267   0.01099860   0.01043431   0.00984401   0.00923978   0.00863171   0.00802815   0.00743587   0.00686022   0.00630535   0.00577437   0.00526946   0.00479205   0.00434294   0.00392242   0.00353033   0.00316618   0.00282924   0.00251856   0.00223305   0.00197153   0.00173275   0.00151542   0.00131825   0.00113994   0.00097923   0.00083489   0.00070571   0.00059056   0.00048833   0.00039797   0.00031848   0.00024892   0.00018841   0.00013609   0.00009120   0.00005298   0.00002076  -0.00000611  -0.00002822  -0.00004612  -0.00006031  -0.00007127  -0.00007940  -0.00008510  -0.00008873  -0.00009059  -0.00009098  -0.00009014  -0.00008831  -0.00008568  -0.00008244  -0.00007873  -0.00007468 
 -0.00000011  -0.10586994  -0.37899219  -0.71396061  -1.00483696  -1.19114920  -1.26488404  -1.25015259  -1.17969992  -1.08123852  -0.97349371  -0.86728013  -0.76795472  -0.67760103  -0.59654031  -0.52425032  -0.45987777  -0.40250266  -0.35126181  -0.30539688  -0.26426408  -0.22732616  -0.19413751  -0.16432760  -0.13758564  -0.11364717  -0.09228311  -0.07329100  -0.05648824  -0.04170706  -0.02879087  -0.01759170  -0.00796851   0.00021378   0.00708481   0.01276898   0.01738534   0.02104741   0.02386285   0.02593322   0.02735367   0.02821276   0.02859226   0.02856713   0.02820552   0.02756889   0.02671218   0.02568407   0.02452726   0.02327886   0.02197076   0.02063004   0.01927939   0.01793758   0.01661983   0.01533823   0.01410218   0.01291868   0.01179273   0.01072762   0.00972522   0.00878622   0.00791037   0.00709663   0.00634340   0.00564864   0.00500995   0.00442471   0.00389018   0.00340351   0.00296182   0.00256226   0.00220201   0.00187835   0.00158859   0.00133020   0.00110071   0.00089780   0.00071923   0.00056291   0.00042685   0.00030917   0.00020813   0.00012207   0.00004946  -0.00001114  -0.00006104  -0.00010148  -0.00013358  -0.00015840  -0.00017688  -0.00018988  -0.00019821  -0.00020256  -0.00020358  -0.00020185  -0.00019786  -0.00019208  -0.00018488  -0.00017663  -0.00016762 
 -0.00000015  -0.14079440  -0.51570635  -1.00483696  -1.47048833  -1.81217682  -1.99223199  -2.02601842  -1.95470817  -1.82155036  -1.66010982  -1.49211822  -1.32976234  -1.17886698  -1.04150565  -0.91775736  -0.80676388  -0.70731678  -0.61815893  -0.53812363  -0.46618656  -0.40147340  -0.34324716  -0.29088772  -0.24387005  -0.20174416  -0.16411793  -0.13064317  -0.10100463  -0.07491175  -0.05209262  -0.03228974  -0.01525730  -0.00075950   0.01143025   0.02152957   0.02974693   0.03628126   0.04132141   0.04504561   0.04762097   0.04920311   0.04993583   0.04995103   0.04936872   0.04829717   0.04683326   0.04506286   0.04306141   0.04089447   0.03861848   0.03628138   0.03392346   0.03157800   0.02927211   0.02702737   0.02486056   0.02278428   0.02080757   0.01893646   0.01717441   0.01552285   0.01398148   0.01254867   0.01122172   0.00999714   0.00887083   0.00783830   0.00689477   0.00603531   0.00525493   0.00454865   0.00391157   0.00333889   0.00282598   0.00236835   0.00196171   0.00160196   0.00128521   0.00100776   0.00076611   0.00055699   0.00037729   0.00022411   0.00009476  -0.00001329  -0.00010238  -0.00017469  -0.00023220  -0.00027676  -0.00031005  -0.00033361  -0.00034883  -0.00035697  -0.00035916  -0.00035643  -0.00034968  -0.00033970  -0.00032719  -0.00031277  -0.00029698 
 -0.00000016  -0.15841152  -0.59229397  -1.19114920  -1.81217682  -2.32758745  -2.66185594  -2.80185049  -2.78009857  -2.64756879  -2.45249911  -2.23089679  -2.00568670  -1.78961562  -1.58871996  -1.40508328  -1.23868007  -1.08848825  -0.95311085  -0.83109786  -0.72109618  -0.62190599  -0.53248937  -0.45195649  -0.37954333  -0.31458790  -0.25650834  -0.20478441  -0.15894245  -0.11854396  -0.08317709  -0.05245071  -0.02599051  -0.00343677   0.01555677   0.03132313   0.04418171   0.05443762   0.06238079   0.06828512   0.07240764   0.07498786   0.07624734   0.07638945   0.07559939   0.07404439   0.07187420   0.06922171   0.06620375   0.06292203   0.05946414   0.05590466   0.05230631   0.04872104   0.04519125   0.04175078   0.03842608   0.03523708   0.03219823   0.02931922   0.02660587   0.02406070   0.02168363   0.01947243   0.01742323   0.01553087   0.01378928   0.01219168   0.01073089   0.00939944   0.00818976   0.00709429   0.00610554   0.00521620   0.00441918   0.00370760   0.00307490   0.00251479   0.00202127   0.00158866   0.00121158   0.00088498   0.00060407   0.00036439   0.00016175  -0.00000774  -0.00014770  -0.00026150  -0.00035222  -0.00042273  -0.00047562  -0.00051330  -0.00053792  -0.00055144  -0.00055564  -0.00055208  -0.00054219  -0.00052720  -0.00050822  -0.00048620  -0.00046198 
 -0.00000016  -0.16106081  -0.61236701  -1.26488404  -1.99223199  -2.66185594  -3.16979874  -3.46514833  -3.55252696  -3.47413262  -3.28501150  -3.03478192  -2.75991289  -2.48359014  -2.21879316  -1.97176005  -1.74472087  -1.53773362  -1.34980316  -1.17951490  -1.02536878  -0.88593876  -0.75993616  -0.64622275  -0.54379996  -0.45178836  -0.36940530  -0.29594399  -0.23075600  -0.17323728  -0.12281767  -0.07895360  -0.04112327  -0.00882386   0.01842963   0.04110448   0.05964958   0.07449434   0.08604728   0.09469480   0.10079987   0.10470112   0.10671208   0.10712085   0.10619003   0.10415706   0.10123474   0.09761215   0.09345575   0.08891061   0.08410189   0.07913635   0.07410390   0.06907927   0.06412352   0.05928567   0.05460409   0.05010797   0.04581859   0.04175051   0.03791266   0.03430931   0.03094089   0.02780482   0.02489608   0.02220781   0.01973175   0.01745867   0.01537865   0.01348138   0.01175634   0.01019299   0.00878089   0.00750981   0.00636980   0.00535122   0.00444482   0.00364174   0.00293354   0.00231219   0.00177008   0.00130005   0.00089534   0.00054960   0.00025689   0.00001169  -0.00019117  -0.00035647  -0.00048861  -0.00059168  -0.00066939  -0.00072515  -0.00076207  -0.00078296  -0.00079033  -0.00078646  -0.00077338  -0.00075287  -0.00072651  -0.00069569  -0.00066160 
 -0.00000016  -0.15388495  -0.59262668  -1.25015259  -2.02601842  -2.80185049  -3.46514833  -3.93501326  -4.17913645  -4.21306127  -4.08325139  -3.84530702  -3.54820808  -3.22785629  -2.90725978  -2.59952229  -2.31114539  -2.04464341  -1.80031822  -1.57735628  -1.37446109  -1.19019445  -1.02314548  -0.87200299  -0.73557619  -0.61279009  -0.50267002  -0.40432337  -0.31692218  -0.23968858  -0.17188351  -0.11279868  -0.06175134  -0.01808140   0.01884957   0.04965808   0.07493755   0.09525655   0.11115690   0.12315173   0.13172377   0.13732386   0.14037000   0.14124674   0.14030503   0.13786257   0.13420450   0.12958453   0.12422632   0.11832515   0.11204977   0.10554442   0.09893088   0.09231059   0.08576679   0.07936647   0.07316244   0.06719510   0.06149421   0.05608046   0.05096693   0.04616037   0.04166234   0.03747022   0.03357809   0.02997748   0.02665798   0.02360777   0.02081411   0.01826360   0.01594256   0.01383721   0.01193386   0.01021907   0.00867970   0.00730303   0.00607684   0.00498936   0.00402938   0.00318624   0.00244981   0.00181052   0.00125936   0.00078783   0.00038800   0.00005245  -0.00022575  -0.00045301  -0.00063526  -0.00077799  -0.00088621  -0.00096453  -0.00101713  -0.00104780  -0.00105997  -0.00105670  -0.00104076  -0.00101455  -0.00098025  -0.00093971  -0.00089459 
 -0.00000014  -0.14158826  -0.55044344  -1.17969992  -1.95470817  -2.78009857  -3.55252696  -4.17913645  -4.59743961  -4.78796367  -4.77230682  -4.59790159  -4.31896752  -3.98281461  -3.62427506  -3.26597533  -2.92110527  -2.59648012  -2.29498982  -2.01728403  -1.76283087  -1.53053975  -1.31910652  -1.12719170  -0.95350316  -0.79682654  -0.65602910  -0.53005166  -0.41789635  -0.31861460  -0.23129703  -0.15506602  -0.08907106  -0.03248636   0.01548957   0.05563288   0.08869245   0.11538729   0.13640388   0.15239342   0.16396947   0.17170599   0.17613584   0.17774995   0.17699703   0.17428386   0.16997611   0.16439963   0.15784221   0.15055556   0.14275768   0.13463531   0.12634655   0.11802349   0.10977490   0.10168875   0.09383475   0.08626668   0.07902454   0.07213666   0.06562145   0.05948911   0.05374307   0.04838128   0.04339735   0.03878146   0.03452125   0.03060243   0.02700939   0.02372566   0.02073427   0.01801808   0.01555998   0.01334308   0.01135090   0.00956739   0.00797709   0.00656512   0.00531726   0.00421993   0.00326025   0.00242602   0.00170572   0.00108850   0.00056418   0.00012324  -0.00024321  -0.00054341  -0.00078501  -0.00097507  -0.00112008  -0.00122597  -0.00129817  -0.00134159  -0.00136067  -0.00135941  -0.00134136  -0.00130971  -0.00126726  -0.00121645  -0.00115944 
 -0.00000013  -0.12740288  -0.49868644  -1.08123852  -1.82155036  -2.64756879  -3.47413262  -4.21306127  -4.78796367  -5.15022646  -5.28896806  -5.22876379  -5.01617171  -4.70306237  -4.33459791  -3.94430931  -3.55433678  -3.17792411  -2.82221140  -2.49049940  -2.18383102  -1.90200252  -1.64417112  -1.40920129  -1.19585147  -1.00286734  -0.82902309  -0.67313516  -0.53406274  -0.41070314  -0.30198607  -0.20686901  -0.12433441  -0.05338887   0.00693599   0.05758127   0.09945770   0.13344189   0.16037265   0.18104729   0.19621842   0.20659127   0.21282175   0.21551511   0.21522548   0.21245606   0.20765999   0.20124182   0.19355953   0.18492691   0.17561632   0.16586170   0.15586167   0.14578280   0.13576272   0.12591339   0.11632401   0.10706397   0.09818553   0.08972626   0.08171135   0.07415563   0.06706537   0.06043989   0.05427295   0.04855393   0.04326886   0.03840127   0.03393291   0.02984432   0.02611532   0.02272539   0.01965396   0.01688066   0.01438551   0.01214903   0.01015238   0.00837738   0.00680663   0.00542347   0.00421208   0.00315742   0.00224528   0.00146225   0.00079574   0.00023393  -0.00023418  -0.00061888  -0.00092967  -0.00117537  -0.00136407  -0.00150320  -0.00159954  -0.00165927  -0.00168796  -0.00169062  -0.00167176  -0.00163537  -0.00158500  -0.00152376  -0.00145436 
 -0.00000011  -0.11319475  -0.44524556  -0.97349371  -1.66010982  -2.45249911  -3.28501150  -4.08325139  -4.77230682  -5.28896806  -5.59496980  -5.68515237  -5.58522365  -5.33991040  -4.99831296  -4.60326309  -4.18689219  -3.77078679  -3.36819735  -2.98655973  -2.62957153  -2.29866552  -1.99396842  -1.71488968  -1.46046661  -1.22955829  -1.02094928  -0.83340185  -0.66568012  -0.51655991  -0.38483211  -0.26930397  -0.16880028  -0.08216547  -0.00826681   0.05400144   0.10571319   0.14790533   0.18157265   0.20766298   0.22707295   0.24064446   0.24916204   0.25335103   0.25387674   0.25134450   0.24630052   0.23923343   0.23057654   0.22071060   0.20996696   0.19863099   0.18694583   0.17511608   0.16331161   0.15167127   0.14030648   0.12930465   0.11873233   0.10863827   0.09905603   0.09000647   0.08149991   0.07353808   0.06611574   0.05922221   0.05284250   0.04695845   0.04154953   0.03659362   0.03206753   0.02794752   0.02420968   0.02083020   0.01778561   0.01505298   0.01261002   0.01043521   0.00850784   0.00680808   0.00531702   0.00401668   0.00289000   0.00192087   0.00109413   0.00039553  -0.00018824  -0.00066960  -0.00106010  -0.00137042  -0.00161042  -0.00178914  -0.00191486  -0.00199512  -0.00203673  -0.00204586  -0.00202802  -0.00198814  -0.00193057  -0.00185916  -0.00177726 
 -0.00000010  -0.09988524  -0.39427659  -0.86728013  -1.49211822  -2.23089679  -3.03478192  -3.84530702  -4.59790159  -5.22876379  -5.68515237  -5.93659002  -5.98175052  -5.84640255  -5.57299569  -5.20773462  -4.79108968  -4.35375734  -3.91671433  -3.49315288  -3.09074387  -2.71353136  -2.36329865  -2.04047317  -1.74469399  -1.47515382  -1.23079868  -1.01044127  -0.81282375  -0.63665213  -0.48061538  -0.34339700  -0.22368317  -0.12016979  -0.03156934   0.04338206   0.10591742   0.15723174   0.19847509   0.23074638   0.25508776   0.27248009   0.28383941   0.29001450   0.29178557   0.28986403   0.28489319   0.27744991   0.26804699   0.25713619   0.24511176   0.23231435   0.21903518   0.20552033   0.19197508   0.17856816   0.16543590   0.15268621   0.14040226   0.12864595   0.11746108   0.10687616   0.09690702   0.08755902   0.07882907   0.07070733   0.06317865   0.05622385   0.04982073   0.04394496   0.03857074   0.03367147   0.02922010   0.02518958   0.02155310   0.01828436   0.01535769   0.01274822   0.01043194   0.00838580   0.00658775   0.00501677   0.00365289   0.00247720   0.00147185   0.00062005  -0.00009392  -0.00068478  -0.00116620  -0.00155088  -0.00185054  -0.00207596  -0.00223703  -0.00234275  -0.00240130  -0.00242008  -0.00240572  -0.00236415  -0.00230063  -0.00221981  -0.00212577 
 -0.00000009  -0.08783513  -0.34759490  -0.76795472  -1.32976234  -2.00568670  -2.75991289  -3.54820808  -4.31896752  -5.01617171  -5.58522365  -5.98175052  -6.18123139  -6.18493061  -6.01806983  -5.72065830  -5.33603180  -4.90234132  -4.44884120  -3.99584433  -3.55640707  -3.13835391  -2.74600142  -2.38142126  -2.04529134  -1.73744079  -1.45718712  -1.20354027  -0.97532424  -0.77124974  -0.58995805  -0.43004901  -0.29010021  -0.16868171  -0.06436849   0.02424835   0.09855101   0.15988521   0.20955107   0.24879496   0.27880242   0.30069229   0.31551212   0.32423495   0.32775739   0.32689891   0.32240242   0.31493576   0.30509422   0.29340369   0.28032457   0.26625603   0.25154060   0.23646897   0.22128485   0.20618975   0.19134767   0.17688959   0.16291768   0.14950924   0.13672029   0.12458886   0.11313793   0.10237803   0.09230952   0.08292461   0.07420900   0.06614340   0.05870474   0.05186714   0.04560281   0.03988271   0.03467711   0.02995601   0.02568957   0.02184828   0.01840327   0.01532643   0.01259053   0.01016935   0.00803769   0.00617151   0.00454787   0.00314501   0.00194234   0.00092046   0.00006113  -0.00065272  -0.00123702  -0.00170655  -0.00207502  -0.00235504  -0.00255821  -0.00269511  -0.00277536  -0.00280769  -0.00279993  -0.00275910  -0.00269146  -0.00260253  -0.00249717 
 -0.00000008  -0.07710760  -0.30571318  -0.67760103  -1.17886698  -1.78961562  -2.48359014  -3.22785629  -3.98281461  -4.70306237  -5.33991040  -5.84640255  -6.18493061  -6.33560736  -6.30145680  -6.10681722  -5.78924400  -5.38930282  -4.94289903  -4.47784928  -4.01374923  -3.56343539  -3.13479420  -2.73232892  -2.35832558  -2.01365200  -1.69827960  -1.41161441  -1.15270373  -0.92036491  -0.71326638  -0.52998017  -0.36901778  -0.22885622  -0.10795866  -0.00479151   0.08216050   0.15438099   0.21330999   0.26033347   0.29677435   0.32388505   0.34284162   0.35473950   0.36059082   0.36132317   0.35777971   0.35072058   0.34082530   0.32869606   0.31486184   0.29978291   0.28385588   0.26741885   0.25075679   0.23410678   0.21766321   0.20158276   0.18598908   0.17097721   0.15661763   0.14295991   0.13003607   0.11786352   0.10644765   0.09578410   0.08586072   0.07665922   0.06815663   0.06032641   0.05313952   0.04656514   0.04057141   0.03512590   0.03019607   0.02574959   0.02175463   0.01818005   0.01499559   0.01217194   0.00968089   0.00749539   0.00558959   0.00393887   0.00251989   0.00131058   0.00029015  -0.00056088  -0.00126075  -0.00182645  -0.00227370  -0.00261707  -0.00286992  -0.00304451  -0.00315200  -0.00320252  -0.00320519  -0.00316822  -0.00309891  -0.00300374  -0.00288842 
 -0.00000007  -0.06762554  -0.26849449  -0.59654031  -1.04150565  -1.58871996  -2.21879316  -2.90725978  -3.62427506  -4.33459791  -4.99831296  -5.57299569  -6.01806983  -6.30145680  -6.40692730  -6.33869435  -6.12003220  -5.78610288  -5.37482955  -4.91995628  -4.44787121  -3.97740163  -3.52108047  -3.08676285  -2.67905031  -2.30036646  -1.95170624  -1.63313446  -1.34410930  -1.08369028  -0.85067243  -0.64367445  -0.46119847  -0.30167271  -0.16348345  -0.04500048   0.05540176   0.13932623   0.20833770   0.26394937   0.30761157   0.34070234   0.36452006   0.38027796   0.38910039   0.39202089   0.38998178   0.38383520   0.37434535   0.36219179   0.34797355   0.33221397   0.31536590   0.29781731   0.27989695   0.26188012   0.24399422   0.22642425   0.20931791   0.19279045   0.17692914   0.16179734   0.14743819   0.13387790   0.12112864   0.10919115   0.09805686   0.08770984   0.07812839   0.06928640   0.06115448   0.05370090   0.04689236   0.04069459   0.03507293   0.02999266   0.02541938   0.02131925   0.01765919   0.01440707   0.01153179   0.00900344   0.00679331   0.00487401   0.00321945   0.00180494   0.00060712  -0.00039596  -0.00122487  -0.00189883  -0.00243570  -0.00285200  -0.00316298  -0.00338263  -0.00352372  -0.00359786  -0.00361556  -0.00358625  -0.00351838  -0.00341946  -0.00329612 
 -0.00000006  -0.05925771  -0.23552411  -0.52425032  -0.91775736  -1.40508328  -1.97176005  -2.59952229  -3.26597533  -3.94430931  -4.60326309  -5.20773462  -5.72065830  -6.10681722  -6.33869435  -6.40297849  -6.30466604  -6.06587428  -5.71946488  -5.30085290  -4.84170654  -4.36699744  -3.89473847  -3.43708086  -3.00176051  -2.59339323  -2.21446748  -1.86604636  -1.54824303  -1.26053581  -1.00197577  -0.77132481  -0.56714929  -0.38788572  -0.23188880  -0.09746823   0.01708202   0.11345960   0.19333356   0.25832736   0.31000463   0.34985748   0.37929722   0.39964734   0.41213859   0.41790613   0.41798838   0.41332754   0.40477153   0.39307711   0.37891398   0.36286962   0.34545475   0.32710910   0.30820746   0.28906570   0.26994679   0.25106659   0.23259945   0.21468335   0.19742483   0.18090338   0.16517552   0.15027837   0.13623289   0.12304670   0.11071651   0.09923026   0.08856894   0.07870808   0.06961906   0.06127022   0.05362769   0.04665617   0.04031950   0.03458116   0.02940468   0.02475392   0.02059336   0.01688831   0.01360505   0.01071097   0.00817470   0.00596614   0.00405658   0.00241871   0.00102666  -0.00014398  -0.00111615  -0.00191129  -0.00254944  -0.00304914  -0.00342757  -0.00370051  -0.00388241  -0.00398644  -0.00402453  -0.00400745  -0.00394484  -0.00384531  -0.00371647 
 -0.00000005  -0.05186234  -0.20630526  -0.45987777  -0.80676388  -1.23868007  -1.74472087  -2.31114539  -2.92110527  -3.55433678  -4.18689219  -4.79108968  -5.33603180  -5.78924400  -6.12003220  -6.30466604  -6.33217527  -6.20804049  -5.95317790  -5.59825280  -5.17630340  -4.71700517  -4.24392878  -3.77423448  -3.31962374  -2.88763541  -2.48282524  -2.10768243  -1.76328728  -1.44976370  -1.16658496  -0.91277956  -0.68707144  -0.48797764  -0.31387827  -0.16306877  -0.03380014   0.07568889   0.16714571   0.24228225   0.30275717   0.35016134   0.38600628   0.41171533   0.42861725   0.43794215   0.44081949   0.43827789   0.43124654   0.42055799   0.40695209   0.39108075   0.37351341   0.35474301   0.33519211   0.31521930   0.29512541   0.27515965   0.25552550   0.23638628   0.21787031   0.20007571   0.18307474   0.16691773   0.15163653   0.13724768   0.12375502   0.11115208   0.09942407   0.08854960   0.07850213   0.06925117   0.06076335   0.05300319   0.04593387   0.03951776   0.03371690   0.02849340   0.02380975   0.01962906   0.01591531   0.01263346   0.00974967   0.00723134   0.00504723   0.00316753   0.00156391   0.00020958  -0.00092076  -0.00185081  -0.00260275  -0.00319720  -0.00365329  -0.00398863  -0.00421942  -0.00436044  -0.00442512  -0.00442559  -0.00437279  -0.00427647  -0.00414529 
 -0.00000005  -0.04530707  -0.18035354  -0.40250266  -0.70731678  -1.08848825  -1.53773362  -2.04464341  -2.59648012  -3.17792411  -3.77078679  -4.35375734  -4.90234132  -5.38930282  -5.78610288  -6.06587428  -6.20804049  -6.20351046  -6.05802053  -5.79126936  -5.43183083  -5.01049108  -4.55501377  -4.08758906  -3.62449681  -3.17693365  -2.75217700  -2.35466091  -1.98682294  -1.64971997  -1.34345835  -1.06748937  -0.82081202  -0.60211386  -0.40987095  -0.24242081  -0.09801740   0.02512624   0.12880409   0.21478983   0.28481454   0.34054877   0.38358820   0.41544260   0.43752768   0.45115958   0.45755167   0.45781351   0.45295155   0.44387142   0.43138146   0.41619731   0.39894727   0.38017820   0.36036180   0.33990106   0.31913673   0.29835364   0.27778689   0.25762760   0.23802847   0.21910875   0.20095895   0.18364496   0.16721187   0.15168725   0.13708410   0.12340341   0.11063635   0.09876619   0.08776987   0.07761944   0.06828313   0.05972637   0.05191256   0.04480380   0.03836137   0.03254622   0.02731939   0.02264229   0.01847694   0.01478625   0.01153417   0.00868580   0.00620759   0.00406737   0.00223446   0.00067972  -0.00062438  -0.00170381  -0.00258288  -0.00328429  -0.00382912  -0.00423688  -0.00452553  -0.00471150  -0.00480978  -0.00483395  -0.00479626  -0.00470768  -0.00457800 
 -0.00000004  -0.03947658  -0.15723654  -0.35126181  -0.61815893  -0.95311085  -1.34980316  -1.80031822  -2.29498982  -2.82221140  -3.36819735  -3.91671433  -4.44884120  -4.94289903  -5.37482955  -5.71946488  -5.95317790  -6.05802053  -6.02640408  -5.86414188  -5.58971517  -5.22970876  -4.81277513  -4.36484629  -3.90675900  -3.45389710  -3.01691202  -2.60277059  -2.21573791  -1.85816044  -1.53104251  -1.23445448  -0.96781718  -0.73010027  -0.51996224  -0.33585121  -0.17607941  -0.03887968   0.07755068   0.17501513   0.25529016   0.32010305   0.37111417   0.40990335   0.43795951   0.45667345   0.46733329   0.47112221   0.46911830   0.46229608   0.45152957   0.43759642   0.42118300   0.40289018   0.38323951   0.36267967   0.34159303   0.32030207   0.29907576   0.27813549   0.25766080   0.23779467   0.21864835   0.20030579   0.18282768   0.16625491   0.15061180   0.13590880   0.12214493   0.10930982   0.09738552   0.08634798   0.07616839   0.06681423   0.05825020   0.05043901   0.04334201   0.03691974   0.03113241   0.02594023   0.02130381   0.01718435   0.01354393   0.01034568   0.00755394   0.00513437   0.00305411   0.00128180  -0.00021229  -0.00145629  -0.00247662  -0.00329802  -0.00394356  -0.00443462  -0.00479097  -0.00503073  -0.00517048  -0.00522529  -0.00520880  -0.00513325  -0.00500960 
 -0.00000003  -0.03427392  -0.13658537  -0.30539688  -0.53812363  -0.83109786  -1.17951490  -1.57735628  -2.01728403  -2.49049940  -2.98655973  -3.49315288  -3.99584433  -4.47784928  -4.91995628  -5.30085290  -5.59825280  -5.79126936  -5.86414188  -5.81047268  -5.63601073  -5.35803137  -5.00122975  -4.59223852  -4.15523916  -3.70975011  -3.27025658  -2.84683983  -2.44612262  -2.07216850  -1.72720649  -1.41217055  -1.12708610  -0.87134283  -0.64388747  -0.44336155  -0.26820176  -0.11671462   0.01286662   0.12233783   0.21348924   0.28807791   0.34780606   0.39430408   0.42911772   0.45369874   0.46939862   0.47746498   0.47904022   0.47516221   0.46676647   0.45468984   0.43967509   0.42237634   0.40336505   0.38313634   0.36211548   0.34066433   0.31908773   0.29763960   0.27652876   0.25592438   0.23596099   0.21674312   0.19834946   0.18083664   0.16424251   0.14858914   0.13388536   0.12012904   0.10730900   0.09540670   0.08439769   0.07425278   0.06493912   0.05642109   0.04866102   0.04161986   0.03525767   0.02953415   0.02440897   0.01984215   0.01579430   0.01222689   0.00910245   0.00638472   0.00403883   0.00203137   0.00033053  -0.00109387  -0.00227031  -0.00322555  -0.00398460  -0.00457072  -0.00500548  -0.00530874  -0.00549868  -0.00559191  -0.00560350  -0.00554701  -0.00543462 
 -0.00000003  -0.02961918  -0.11809284  -0.26426408  -0.46618656  -0.72109618  -1.02536878  -1.37446109  -1.76283087  -2.18383102  -2.62957153  -3.09074387  -3.55640707  -4.01374923  -4.44787121  -4.84170654  -5.17630340  -5.43183083  -5.58971517  -5.63601073  -5.56525249  -5.38301384  -5.10538524  -4.75526983  -4.35739160  -3.93426510  -3.50413424  -3.08059609  -2.67315178  -2.28806156  -1.92916881  -1.59857100  -1.29712417  -1.02480828  -0.78098775  -0.56459769  -0.37427822  -0.20847316  -0.06550383   0.05637463   0.15892963   0.24391703   0.31305442   0.36800028   0.41033804   0.44156428   0.46308038   0.47618726   0.48208266   0.48186059   0.47651266   0.46693090   0.45391174   0.43816096   0.42029926   0.40086834   0.38033711   0.35910811   0.33752378   0.31587258   0.29439484   0.27328831   0.25271328   0.23279731   0.21363961   0.19531487   0.17787685   0.16136141   0.14578930   0.13116856   0.11749660   0.10476207   0.09294637   0.08202507   0.07196901   0.06274538   0.05431850   0.04665062   0.03970248   0.03343396   0.02780442   0.02277321   0.01829994   0.01434484   0.01086895   0.00783439   0.00520451   0.00294406   0.00101928  -0.00060193  -0.00195002  -0.00305367  -0.00393982  -0.00463360  -0.00515835  -0.00553565  -0.00578535  -0.00592562  -0.00597296  -0.00594234  -0.00584720 
 -0.00000003  -0.02544702  -0.10150603  -0.22732616  -0.40147340  -0.62190599  -0.88593876  -1.19019445  -1.53053975  -1.90200252  -2.29866552  -2.71353136  -3.13835391  -3.56343539  -3.97740163  -4.36699744  -4.71700517  -5.01049108  -5.22970876  -5.35803137  -5.38301384  -5.29991030  -5.11403316  -4.84031785  -4.49997285  -4.11592375  -3.70910532  -3.29653942  -2.89095770  -2.50128509  -2.13341458  -1.79096319  -1.47589338  -1.18898449  -0.93017723  -0.69882165  -0.49385591  -0.31393618  -0.15753264  -0.02300155   0.09135982   0.18727075   0.26643414   0.33051089   0.38110027   0.41972510   0.44782102   0.46672918   0.47769189   0.48185063   0.48024624   0.47382069   0.46342029   0.44979992   0.43362802   0.41549228   0.39590546   0.37531157   0.35409197   0.33257136   0.31102358   0.28967716   0.26872046   0.24830651   0.22855744   0.20956844   0.19141147   0.17413846   0.15778421   0.14236895   0.12790059   0.11437669   0.10178616   0.09011079   0.07932647   0.06940441   0.06031204   0.05201387   0.04447224   0.03764793   0.03150073   0.02598990   0.02107460   0.01671423   0.01286877   0.00949903   0.00656687   0.00403542   0.00186920   0.00003430  -0.00150154  -0.00276888  -0.00379647  -0.00461127  -0.00523839  -0.00570114  -0.00602101  -0.00621773  -0.00630933  -0.00631216  -0.00624098 
 -0.00000002  -0.02170407  -0.08661717  -0.19413751  -0.34324716  -0.53248937  -0.75993616  -1.02314548  -1.31910652  -1.64417112  -1.99396842  -2.36329865  -2.74600142  -3.13479420  -3.52108047  -3.89473847  -4.24392878  -4.55501377  -4.81277513  -5.00122975  -5.10538524  -5.11403316  -5.02297206  -4.83719108  -4.57050914  -4.24253828  -3.87451627  -3.48588893  -3.09251655  -2.70629909  -2.33560119  -1.98595554  -1.66075703  -1.36183833  -1.08991009  -0.84488496  -0.62611281  -0.43255123  -0.26289036  -0.11564538   0.01077392   0.11801016   0.20771759   0.28153065   0.34103977   0.38777299   0.42318238   0.44863431   0.46540312   0.47466750   0.47750921   0.47491366   0.46777207   0.45688481   0.44296573   0.42664711   0.40848508   0.38896536   0.36850905   0.34747840   0.32618245   0.30488243   0.28379697   0.26310679   0.24295928   0.22347249   0.20473888   0.18682870   0.16979298   0.15366621   0.13846874   0.12420888   0.11088472   0.09848582   0.08699458   0.07638751   0.06663632   0.05770888   0.04957003   0.04218235   0.03550679   0.02950318   0.02413081   0.01934880   0.01511647   0.01139371   0.00814122   0.00532078   0.00289541   0.00082961  -0.00091059  -0.00235746  -0.00354151  -0.00449144  -0.00523409  -0.00579448  -0.00619573  -0.00645916  -0.00660430  -0.00664894  -0.00660920 
 -0.00000002  -0.01834646  -0.07325482  -0.16432760  -0.29088772  -0.45195649  -0.64622275  -0.87200299  -1.12719170  -1.40920129  -1.71488968  -2.04047317  -2.38142126  -2.73232892  -3.08676285  -3.43708086  -3.77423448  -4.08758906  -4.36484629  -4.59223852  -4.75526983  -4.84031785  -4.83719108  -4.74209230  -4.55964569  -4.30260063  -3.98907255  -3.63872258  -3.26960188  -2.89647638  -2.53045706  -2.17937410  -1.84841615  -1.54076833  -1.25814527  -1.00120165  -0.76983643  -0.56341496  -0.38093096  -0.22112561  -0.08257594   0.03623857   0.13688539   0.22094014   0.28995686   0.34544532   0.38885393   0.42155728   0.44484746   0.45992846   0.46791318   0.46982262   0.46658674   0.45904678   0.44795857   0.43399681   0.41775975   0.39977441   0.38050188   0.36034279   0.33964266   0.31869709   0.29775679   0.27703231   0.25669844   0.23689831   0.21774717   0.19933580   0.18173360   0.16499141   0.14914398   0.13421222   0.12020518   0.10712180   0.09495245   0.08368034   0.07328271   0.06373189   0.05499628   0.04704116   0.03982941   0.03332224   0.02747965   0.02226104   0.01762560   0.01353271   0.00994228   0.00681504   0.00411281   0.00179866  -0.00016285  -0.00180559  -0.00316168  -0.00426151  -0.00513359  -0.00580455  -0.00629917  -0.00664034  -0.00684910  -0.00694469  -0.00694463 
 -0.00000002  -0.01533773  -0.06127599  -0.13758564  -0.24387005  -0.37954333  -0.54379996  -0.73557619  -0.95350316  -1.19585147  -1.46046661  -1.74469399  -2.04529134  -2.35832558  -2.67905031  -3.00176051  -3.31962374  -3.62449681  -3.90675900  -4.15523916  -4.35739160  -4.49997285  -4.57050914  -4.55964569  -4.46387972  -4.28744739  -4.04208323  -3.74450745  -3.41291625  -3.06406282  -2.71169101  -2.36617243  -2.03483593  -1.72254936  -1.43230619  -1.16571903  -0.92340215  -0.70525642  -0.51067845  -0.33871376  -0.18816969  -0.05769941   0.05413487   0.14881385   0.22782453   0.29263226   0.34465952   0.38527011   0.41575774   0.43733816   0.45114416   0.45822308   0.45953623   0.45595985   0.44828745   0.43723293   0.42343461   0.40745964   0.38980877   0.37092128   0.35117995   0.33091599   0.31041378   0.28991544   0.26962518   0.24971327   0.23031986   0.21155840   0.19351878   0.17627022   0.15986386   0.14433510   0.12970569   0.11598561   0.10317478   0.09126450   0.08023883   0.07007579   0.06074838   0.05222555   0.04447306   0.03745418   0.03113040   0.02546198   0.02040851   0.01592934   0.01198400   0.00853255   0.00553584   0.00295586   0.00075585  -0.00109945  -0.00264368  -0.00390875  -0.00492476  -0.00571996  -0.00632068  -0.00675136  -0.00703458  -0.00719102  -0.00723960 
 -0.00000001  -0.01264707  -0.05055961  -0.11364717  -0.20174416  -0.31458790  -0.45178836  -0.61279009  -0.79682654  -1.00286734  -1.22955829  -1.47515382  -1.73744079  -2.01365200  -2.30036646  -2.59339323  -2.88763541  -3.17693365  -3.45389710  -3.70975011  -3.93426510  -4.11592375  -4.24253828  -4.30260063  -4.28744739  -4.19378726  -4.02546149  -3.79325119  -3.51258378  -3.20030188  -2.87195855  -2.54035099  -2.21516555  -1.90326789  -1.60923275  -1.33588352  -1.08474913  -0.85641994  -0.65081418  -0.46737427  -0.30521113  -0.16321068  -0.04011334   0.06542633   0.15479426   0.22938248   0.29056287   0.33966740   0.37797346   0.40669332   0.42696687   0.43985719   0.44634818   0.44734414   0.44367069   0.43607688   0.42523809   0.41175965   0.39618087   0.37897933   0.36057536   0.34133651   0.32158199   0.30158698   0.28158677   0.26178066   0.24233563   0.22338980   0.20505558   0.18742256   0.17056020   0.15452025   0.13933894   0.12503899   0.11163138   0.09911700   0.08748810   0.07672959   0.06682023   0.05773367   0.04943943   0.04190374   0.03509027   0.02896084   0.02347601   0.01859564   0.01427933   0.01048682   0.00717841   0.00431521   0.00185945  -0.00022535  -0.00197415  -0.00342028  -0.00459533  -0.00552902  -0.00624924  -0.00678194  -0.00715117  -0.00737910  -0.00748603 
 -0.00000001  -0.01024796  -0.04100117  -0.09228311  -0.16411793  -0.25650834  -0.36940530  -0.50267002  -0.65602910  -0.82902309  -1.02094928  -1.23079868  -1.45718712  -1.69827960  -1.95170624  -2.21446748  -2.48282524  -2.75217700  -3.01691202  -3.27025658  -3.50413424  -3.70910532  -3.87451627  -3.98907255  -4.04208323  -4.02546149  -3.93606768  -3.77735505  -3.55921789  -3.29589323  -3.00298013  -2.69492884  -2.38366647  -2.07825052  -1.78512415  -1.50859895  -1.25135131  -1.01484525  -0.79966321  -0.60575482  -0.43262071  -0.27944795  -0.14521037  -0.02874325   0.07120043   0.15590741   0.22667179   0.28477050   0.33144479   0.36788653   0.39522841   0.41453711   0.42680914   0.43296860   0.43386664   0.43028221   0.42292386   0.41243227   0.39938343   0.38429218   0.36761603   0.34975909   0.33107610   0.31187635   0.29242757   0.27295966   0.25366818   0.23471775   0.21624515   0.19836224   0.18115866   0.16470434   0.14905175   0.13423799   0.12028673   0.10720992   0.09500935   0.08367812   0.07320191   0.06356016   0.05472714   0.04667288   0.03936407   0.03276477   0.02683718   0.02154219   0.01683997   0.01269042   0.00905360   0.00589013   0.00316146   0.00083015  -0.00113990  -0.00278327  -0.00413288  -0.00521989  -0.00607362  -0.00672148  -0.00718899  -0.00749974  -0.00767544 
 -0.00000001  -0.00811707  -0.03250861  -0.07329100  -0.13064317  -0.20478441  -0.29594399  -0.40432337  -0.53005166  -0.67313516  -0.83340185  -1.01044127  -1.20354027  -1.41161441  -1.63313446  -1.86604636  -2.10768243  -2.35466091  -2.60277059  -2.84683983  -3.08059609  -3.29653942  -3.48588893  -3.63872258  -3.74450745  -3.79325119  -3.77735505  -3.69379076  -3.54564155  -3.34198496  -3.09596880  -2.82205576  -2.53368852  -2.24199983  -1.95547494  -1.68017573  -1.42018091  -1.17804269  -0.95517796  -0.75217562  -0.56902836  -0.40530456  -0.26027515  -0.13300767  -0.02243650   0.07258437   0.15324131   0.22073069   0.27623582   0.32090953   0.35586134   0.38214807   0.40076740   0.41265376   0.41867602   0.41963677   0.41627276   0.40925627   0.39919727   0.38664602   0.37209616   0.35598799   0.33871189   0.32061191   0.30198918   0.28310540   0.26418619   0.24542425   0.22698243   0.20899661   0.19157839   0.17481759   0.15878462   0.14353265   0.12909958   0.11550989   0.10277634   0.09090153   0.07987925   0.06969584   0.06033134   0.05176052   0.04395390   0.03687857   0.03049903   0.02477781   0.01967619   0.01515469   0.01117357   0.00769329   0.00467485   0.00208010  -0.00012795  -0.00198496  -0.00352503  -0.00478063  -0.00578240  -0.00655915  -0.00713782  -0.00754339  -0.00779896 
 -0.00000001  -0.00623346  -0.02499911  -0.05648824  -0.10100463  -0.15894245  -0.23075600  -0.31692218  -0.41789635  -0.53406274  -0.66568012  -0.81282375  -0.97532424  -1.15270373  -1.34410930  -1.54824303  -1.76328728  -1.98682294  -2.21573791  -2.44612262  -2.67315178  -2.89095770  -3.09251655  -3.26960188  -3.41291625  -3.51258378  -3.55921789  -3.54564155  -3.46891356  -3.33177350  -3.14255385  -2.91341160  -2.65777614  -2.38817415  -2.11501723  -1.84627326  -1.58766290  -1.34306094  -1.11491664  -0.90461552  -0.71276475  -0.53940894  -0.38419061  -0.24646889  -0.12540759  -0.02004110   0.07067609   0.14783170   0.21252718   0.26585586   0.30888651   0.34265108   0.36813567   0.38627424   0.39794438   0.40396491   0.40509477   0.40203312   0.39542026   0.38583925   0.37381805   0.35983207   0.34430694   0.32762148   0.31011074   0.29206909   0.27375330   0.25538549   0.23715603   0.21922639   0.20173171   0.18478339   0.16847140   0.15286653   0.13802247   0.12397772   0.11075741   0.09837492   0.08683343   0.07612729   0.06624335   0.05716212   0.04885882   0.04130436   0.03446624   0.02830932   0.02279654   0.01788956   0.01354928   0.00973642   0.00641184   0.00353702   0.00107430  -0.00101282  -0.00275948  -0.00419926  -0.00536404  -0.00628394  -0.00698721  -0.00750021  -0.00784738 
