# coconut-me2b/v0.99.21 
# 
# momentum space matrix elements 
# partial wave J=0, L=1/1, S=1, T=1, MT=1 
# 
# momentum grid [fm^-1]
0.000000 0.100000 0.200000 0.300000 0.400000 0.500000 0.600000 0.700000 0.800000 0.900000 1.000000 1.100000 1.200000 1.300000 1.400000 1.500000 1.600000 1.700000 1.800000 1.900000 2.000000 2.100000 2.200000 2.300000 2.400000 2.500000 2.600000 2.700000 2.800000 2.900000 3.000000 3.100000 3.200000 3.300000 3.400000 3.500000 3.600000 3.700000 3.800000 3.900000 4.000000 4.100000 4.200000 4.300000 4.400000 4.500000 4.600000 4.700000 4.800000 4.900000 5.000000 5.100000 5.200000 5.300000 5.400000 5.500000 5.600000 5.700000 5.800000 5.900000 6.000000 6.100000 6.200000 6.300000 6.400000 6.500000 6.600000 6.700000 6.800000 6.900000 7.000000 7.100000 7.200000 7.300000 7.400000 7.500000 7.600000 7.700000 7.800000 7.900000 8.000000 8.100000 8.200000 8.300000 8.400000 8.500000 8.600000 8.700000 8.800000 8.900000 9.000000 9.100000 9.200000 9.300000 9.400000 9.500000 9.600000 9.700000 9.800000 9.900000 10.000000 
#
# matrix elements [MeV fm^3] 
 -0.00000070  -0.00068021  -0.00123873  -0.00160640  -0.00177886  -0.00179332  -0.00169907  -0.00153941  -0.00134573  -0.00113843  -0.00093018  -0.00072868  -0.00053842  -0.00036183  -0.00020009  -0.00005375   0.00007706   0.00019257   0.00029323   0.00037962   0.00045238   0.00051228   0.00056015   0.00059688   0.00062336   0.00064050   0.00064923   0.00065051   0.00064522   0.00063424   0.00061842   0.00059857   0.00057544   0.00054973   0.00052208   0.00049309   0.00046329   0.00043312   0.00040299   0.00037326   0.00034421   0.00031610   0.00028910   0.00026337   0.00023901   0.00021611   0.00019470   0.00017478   0.00015637   0.00013943   0.00012390   0.00010975   0.00009689   0.00008527   0.00007479   0.00006539   0.00005698   0.00004949   0.00004283   0.00003692   0.00003171   0.00002713   0.00002310   0.00001957   0.00001649   0.00001381   0.00001148   0.00000947   0.00000773   0.00000623   0.00000495   0.00000385   0.00000291   0.00000212   0.00000145   0.00000090   0.00000043   0.00000005  -0.00000027  -0.00000052  -0.00000072  -0.00000087  -0.00000099  -0.00000107  -0.00000113  -0.00000116  -0.00000118  -0.00000117  -0.00000116  -0.00000113  -0.00000110  -0.00000105  -0.00000101  -0.00000096  -0.00000091  -0.00000085  -0.00000080  -0.00000074  -0.00000069  -0.00000064  -0.00000059 
 -0.00068021   8.87614560  10.63752417   5.41197667  -0.65911496  -2.77877571  -1.66148177  -0.63120168  -0.96751223  -1.44053208  -1.07350119  -0.44448198  -0.32414404  -0.47646609  -0.32524525   0.05307263   0.21687843   0.15228967   0.19733713   0.41533777   0.54805814   0.50674963   0.48946637   0.59959152   0.68932926   0.65220138   0.59892648   0.63734580   0.68984292   0.65417829   0.58438046   0.57836570   0.60419444   0.57278979   0.50092061   0.47079589   0.48009822   0.45621440   0.39183812   0.35171386   0.35207288   0.33734835   0.28553009   0.24421658   0.24029846   0.23440089   0.19663589   0.15889728   0.15302673   0.15418392   0.12959227   0.09748264   0.09052508   0.09631107   0.08275879   0.05676442   0.04891642   0.05692202   0.05186133   0.03170828   0.02302330   0.03126740   0.03224794   0.01737469   0.00801620   0.01510671   0.02001583   0.00979374   0.00009116   0.00521346   0.01234226   0.00614658  -0.00345392  -0.00063575   0.00738656   0.00460162  -0.00441683  -0.00388375   0.00403840   0.00404787  -0.00395029  -0.00544341   0.00166663   0.00385126  -0.00278216  -0.00589698  -0.00007184   0.00367558  -0.00136966  -0.00562904  -0.00135742   0.00336562   0.00000378  -0.00490581  -0.00228328   0.00287480   0.00117025  -0.00391964  -0.00289868   0.00222048   0.00204180 
 -0.00123873  10.63752417  13.15164337   7.33217259  -0.16342283  -3.61266834  -3.10561947  -2.00982925  -2.05950695  -2.35914538  -1.91570915  -1.15097899  -0.81189158  -0.76581633  -0.48850695  -0.00277168   0.29751415   0.36883238   0.50637852   0.78730212   0.99012356   1.02314990   1.05537048   1.18833571   1.29908794   1.28847084   1.24914476   1.28115008   1.32236972   1.28128980   1.20181446   1.17232362   1.16947166   1.11514305   1.02147371   0.96136463   0.93613061   0.88287665   0.79334646   0.72413946   0.69169074   0.64829381   0.57335779   0.50791907   0.47685547   0.44664525   0.39023451   0.33466923   0.30850813   0.29085650   0.25248716   0.20844875   0.18757766   0.17972883   0.15657016   0.12331560   0.10669388   0.10527414   0.09371210   0.06956180   0.05585875   0.05782154   0.05439835   0.03756770   0.02573527   0.02878063   0.03061511   0.01956495   0.00900129   0.01163628   0.01651215   0.01001384   0.00050345   0.00191926   0.00821271   0.00528948  -0.00313617  -0.00324369   0.00331689   0.00316090  -0.00403765  -0.00563574   0.00040510   0.00231464  -0.00350344  -0.00635424  -0.00133988   0.00200628  -0.00232671  -0.00608275  -0.00238126   0.00183535  -0.00098486  -0.00525617  -0.00297813   0.00160857   0.00024503  -0.00415630  -0.00327285   0.00125740   0.00121686 
 -0.00160640   5.41197667   7.33217259   5.05489693   0.80407577  -2.58522784  -3.90237745  -3.76425831  -3.26774561  -2.88533094  -2.49976852  -1.98008855  -1.41766246  -0.93419772  -0.52036340  -0.11513209   0.27768839   0.61414062   0.88871060   1.13096037   1.35054101   1.52998516   1.66266089   1.76397512   1.84489769   1.89928780   1.92201824   1.92145143   1.90713642   1.87806554   1.83064118   1.76923368   1.70126919   1.62787467   1.54650342   1.45902137   1.37069717   1.28329713   1.19492776   1.10584278   1.01942650   0.93740394   0.85832364   0.78146919   0.70874982   0.64160964   0.57896370   0.51961478   0.46442440   0.41452680   0.36918446   0.32707307   0.28837708   0.25396642   0.22343155   0.19554732   0.17010253   0.14775545   0.12838152   0.11097301   0.09511561   0.08129332   0.06960141   0.05928897   0.04986034   0.04164782   0.03489220   0.02908984   0.02373670   0.01902948   0.01528417   0.01221001   0.00933739   0.00674384   0.00476296   0.00327367   0.00186563   0.00051707  -0.00046240  -0.00106730  -0.00163499  -0.00226355  -0.00269346  -0.00283170  -0.00293683  -0.00315886  -0.00330168  -0.00321819  -0.00308841  -0.00309089  -0.00309643  -0.00293160  -0.00270296  -0.00259700  -0.00254796  -0.00237813  -0.00212957  -0.00197982  -0.00191855  -0.00178051  -0.00155459 
 -0.00177886  -0.65911496  -0.16342283   0.80407577   0.50959056  -1.51891866  -3.82830789  -4.79602564  -4.33704034  -3.51106989  -2.99902443  -2.58682621  -1.93265486  -1.16832856  -0.58345330  -0.15875828   0.30322833   0.81172830   1.21521811   1.48285797   1.73011562   2.00121767   2.21316990   2.32225970   2.39555340   2.48440038   2.54551747   2.53514804   2.48978157   2.45786552   2.42048166   2.33851099   2.22821040   2.13106490   2.04324634   1.93191063   1.79978228   1.67996836   1.57778794   1.46710022   1.34185856   1.22675486   1.13233539   1.03905137   0.93565200   0.83911321   0.76256542   0.69263183   0.61555590   0.54165084   0.48480868   0.43717996   0.38449492   0.33157967   0.29181074   0.26205209   0.22892004   0.19292194   0.16603156   0.14890514   0.12995342   0.10646241   0.08842147   0.07931992   0.06987787   0.05515867   0.04284259   0.03831986   0.03482966   0.02610004   0.01739757   0.01516063   0.01512692   0.01045656   0.00408163   0.00275118   0.00451218   0.00259655  -0.00217416  -0.00334201  -0.00085806  -0.00091246  -0.00446612  -0.00581022  -0.00327672  -0.00210747  -0.00465332  -0.00627015  -0.00409254  -0.00217645  -0.00384208  -0.00569141  -0.00409036  -0.00179562  -0.00267981  -0.00465142  -0.00371649  -0.00132956  -0.00152846  -0.00348488  -0.00321174 
 -0.00179332  -2.77877571  -3.61266834  -2.58522784  -1.51891866  -1.87369318  -3.36244627  -4.64045726  -4.87209960  -4.30030990  -3.55542176  -2.89829996  -2.22646632  -1.47633921  -0.74808908  -0.12347756   0.43103595   0.96045614   1.44020781   1.83389571   2.15609961   2.43761542   2.67444045   2.84753475   2.96390044   3.04569400   3.09634851   3.10525687   3.07559511   3.02355902   2.95519723   2.86429726   2.75152810   2.62838887   2.50131263   2.36638682   2.22241875   2.07704408   1.93606135   1.79681670   1.65680549   1.52056999   1.39293137   1.27205805   1.15469637   1.04305542   0.94098822   0.84735031   0.75866308   0.67549716   0.60088181   0.53432358   0.47253421   0.41501809   0.36413430   0.31999386   0.27977131   0.24233431   0.20948338   0.18183994   0.15717788   0.13402897   0.11370227   0.09719468   0.08291134   0.06925165   0.05707431   0.04760007   0.03982919   0.03216707   0.02505782   0.01980121   0.01591924   0.01192025   0.00787758   0.00504763   0.00338410   0.00156771  -0.00064244  -0.00212646  -0.00259354  -0.00314238  -0.00426072  -0.00502813  -0.00490969  -0.00475409  -0.00522258  -0.00562969  -0.00528400  -0.00477274  -0.00485687  -0.00509787  -0.00472766  -0.00407713  -0.00393780  -0.00411069  -0.00382110  -0.00316318  -0.00289829  -0.00304440  -0.00287859 
 -0.00169907  -1.66148177  -3.10561947  -3.90237745  -3.82830789  -3.36244627  -3.33512172  -3.99508581  -4.71536645  -4.75301909  -4.05756790  -3.14411261  -2.37876775  -1.68804164  -0.90837971  -0.10301542   0.57371796   1.12064705   1.63999458   2.14416918   2.55522916   2.85279360   3.09938364   3.32612183   3.49291827   3.57516479   3.61020735   3.63215100   3.62248058   3.55756625   3.45790250   3.35464796   3.24199227   3.09903981   2.93456311   2.77437156   2.62002065   2.45392649   2.27674987   2.10827386   1.95413840   1.80027256   1.64203007   1.49342959   1.36217701   1.23775403   1.11244944   0.99524800   0.89465742   0.80360249   0.71305116   0.62785259   0.55648430   0.49503703   0.43443541   0.37628654   0.32845655   0.28976945   0.25196815   0.21422874   0.18339155   0.16047186   0.13854893   0.11507623   0.09559146   0.08271133   0.07110515   0.05711473   0.04482720   0.03788095   0.03259621   0.02472652   0.01688136   0.01319455   0.01156255   0.00759193   0.00249337   0.00045008   0.00076751  -0.00073491  -0.00408227  -0.00539535  -0.00418707  -0.00414821  -0.00631780  -0.00737860  -0.00592390  -0.00496115  -0.00628788  -0.00731537  -0.00599266  -0.00453097  -0.00522055  -0.00628386  -0.00529628  -0.00363448  -0.00382466  -0.00490977  -0.00434203  -0.00269034  -0.00248457 
 -0.00153941  -0.63120168  -2.00982925  -3.76425831  -4.79602564  -4.64045726  -3.99508581  -3.80792660  -4.19636799  -4.50598716  -4.21090404  -3.41932677  -2.53149049  -1.72827118  -0.93960013  -0.12131548   0.64820939   1.30556160   1.87972302   2.40845403   2.87114315   3.23811666   3.52481978   3.76060497   3.94294442   4.05588044   4.10808910   4.12229415   4.10289909   4.04067706   3.93999828   3.81800265   3.68143492   3.52449139   3.34830313   3.16508428   2.98173268   2.79420368   2.60115818   2.41058492   2.22858761   2.05215359   1.87825920   1.71149702   1.55691815   1.41232545   1.27379705   1.14339536   1.02518788   0.91778399   0.81704737   0.72329371   0.63977195   0.56590730   0.49785400   0.43480919   0.37934598   0.33164843   0.28846956   0.24834777   0.21326651   0.18403515   0.15814504   0.13379398   0.11241821   0.09526988   0.08059771   0.06647605   0.05381995   0.04412933   0.03635546   0.02860139   0.02129363   0.01600088   0.01228363   0.00838430   0.00429173   0.00149694   0.00005954  -0.00155729  -0.00373203  -0.00515965  -0.00539585  -0.00570009  -0.00673351  -0.00744795  -0.00712663  -0.00671849  -0.00707591  -0.00744508  -0.00694249  -0.00619597  -0.00615844  -0.00637958  -0.00590519  -0.00505222  -0.00479022  -0.00495847  -0.00461560  -0.00379565  -0.00341242 
 -0.00134573  -0.96751223  -2.05950695  -3.26774561  -4.33704034  -4.87209960  -4.71536645  -4.19636799  -3.85025778  -3.85489257  -3.86981147  -3.47798496  -2.65522406  -1.70766905  -0.86280482  -0.09136106   0.69750908   1.46630255   2.12105767   2.65726091   3.13653730   3.57057982   3.91486402   4.15699358   4.33681640   4.47823084   4.56071068   4.57043105   4.53209680   4.47091206   4.37937352   4.24431463   4.07950455   3.90722383   3.72704275   3.52708904   3.31309332   3.10280294   2.89944090   2.69271766   2.48264912   2.28219293   2.09630308   1.91652638   1.73915627   1.57281633   1.42314769   1.28374367   1.14884203   1.02348710   0.91342729   0.81438666   0.71984515   0.63206686   0.55654178   0.49103548   0.42919060   0.37120750   0.32204590   0.28126120   0.24324225   0.20672226   0.17591646   0.15180713   0.12984547   0.10778385   0.08894002   0.07531205   0.06353643   0.05078438   0.03939605   0.03198058   0.02635209   0.01943296   0.01258305   0.00866088   0.00656592   0.00324669  -0.00084944  -0.00291327  -0.00310556  -0.00423156  -0.00663276  -0.00777802  -0.00706554  -0.00688973  -0.00822001  -0.00896262  -0.00794592  -0.00704475  -0.00767638  -0.00827941  -0.00730741  -0.00606056  -0.00622129  -0.00679820  -0.00605607  -0.00471453  -0.00454874  -0.00512630  -0.00469075 
 -0.00113843  -1.44053208  -2.35914538  -2.88533094  -3.51106989  -4.30030990  -4.75301909  -4.50598716  -3.85489257  -3.38212510  -3.24686068  -3.08561132  -2.54878930  -1.68989192  -0.78331994   0.03521725   0.81412051   1.58849930   2.29937200   2.89603940   3.40168280   3.84953625   4.22534676   4.50536969   4.70353535   4.84734062   4.93736220   4.96104887   4.92670902   4.85609981   4.75524682   4.61687840   4.44509613   4.25620250   4.05764865   3.84465720   3.61794735   3.38883329   3.16435693   2.94095573   2.71679198   2.49893451   2.29334031   2.09722161   1.90709231   1.72669937   1.56084293   1.40747540   1.26233854   1.12678911   1.00464030   0.89466174   0.79253907   0.69804171   0.61419563   0.54061534   0.47342190   0.41141165   0.35696334   0.31046225   0.26873716   0.23004335   0.19618356   0.16815350   0.14358956   0.12049711   0.10013293   0.08389888   0.07022468   0.05706282   0.04514607   0.03607529   0.02899468   0.02194272   0.01516414   0.01027704   0.00703018   0.00364999  -0.00004844  -0.00257275  -0.00369077  -0.00491395  -0.00677788  -0.00801701  -0.00803795  -0.00804068  -0.00881928  -0.00939705  -0.00893672  -0.00830179  -0.00844807  -0.00871564  -0.00813232  -0.00722326  -0.00701241  -0.00715642  -0.00664542  -0.00568521  -0.00528369  -0.00539121  -0.00504297 
 -0.00093018  -1.07350119  -1.91570915  -2.49976852  -2.99902443  -3.55542176  -4.05756790  -4.21090404  -3.86981147  -3.24686068  -2.71199166  -2.39828724  -2.09268199  -1.52987373  -0.69963929   0.19412092   0.99807989   1.72567305   2.43274963   3.09440743   3.64944693   4.09466962   4.47141398   4.79017702   5.02451449   5.16799827   5.24897268   5.28662064   5.27070622   5.19411327   5.07502363   4.93294905   4.76575742   4.56631759   4.34485224   4.11797395   3.88741488   3.64626714   3.39864589   3.15719796   2.92528429   2.69651080   2.47061597   2.25632872   2.05755626   1.86879532   1.68699928   1.51755907   1.36445712   1.22342127   1.08996410   0.96688002   0.85801841   0.76052919   0.66950368   0.58583548   0.51310683   0.44989090   0.39154449   0.33762871   0.29132930   0.25247958   0.21710419   0.18386863   0.15543619   0.13263323   0.11234234   0.09266827   0.07565238   0.06280638   0.05191878   0.04079818   0.03081191   0.02385792   0.01859012   0.01273681   0.00699484   0.00338746   0.00134103  -0.00131981  -0.00451376  -0.00630137  -0.00660699  -0.00737028  -0.00903099  -0.00988779  -0.00935480  -0.00903501  -0.00976967  -0.01019774  -0.00936791  -0.00848432  -0.00865921  -0.00892714  -0.00811344  -0.00699856  -0.00683606  -0.00707093  -0.00643723  -0.00530041  -0.00493588 
 -0.00072868  -0.44448198  -1.15097899  -1.98008855  -2.58682621  -2.89829996  -3.14411261  -3.41932677  -3.47798496  -3.08561132  -2.39828724  -1.79960619  -1.43116025  -1.06961552  -0.46873672   0.34444782   1.17228844   1.90928144   2.59041027   3.24580837   3.83172678   4.30743305   4.69168496   5.01444175   5.26711265   5.43094638   5.51810279   5.55400653   5.54185155   5.47195305   5.35162352   5.20091778   5.02693211   4.82399468   4.59538021   4.35577222   4.11279995   3.86252429   3.60492063   3.34978638   3.10388047   2.86408534   2.62797558   2.40130597   2.18957940   1.99030095   1.79962132   1.62024637   1.45651438   1.30664041   1.16623915   1.03590949   0.91905997   0.81472611   0.71866355   0.63013171   0.55181489   0.48358219   0.42175844   0.36482326   0.31485933   0.27246658   0.23474810   0.19978317   0.16910624   0.14386533   0.12199187   0.10141529   0.08314333   0.06865843   0.05667298   0.04513577   0.03455041   0.02652949   0.02046814   0.01445485   0.00853118   0.00426862   0.00162531  -0.00108226  -0.00420877  -0.00635274  -0.00711840  -0.00789863  -0.00935970  -0.01035647  -0.01017855  -0.00988987  -0.01037324  -0.01078813  -0.01022550  -0.00940584  -0.00933201  -0.00948396  -0.00885974  -0.00784433  -0.00747001  -0.00752687  -0.00701244  -0.00600375  -0.00548332 
 -0.00053842  -0.32414404  -0.81189158  -1.41766246  -1.93265486  -2.22646632  -2.37876775  -2.53149049  -2.65522406  -2.54878930  -2.09268199  -1.43116025  -0.83402564  -0.40365774   0.00723609   0.58339714   1.32867674   2.09751376   2.78140288   3.38845275   3.95620500   4.46715460   4.87995572   5.19388680   5.43912792   5.62498077   5.73558280   5.76876052   5.74624189   5.68366234   5.57636664   5.42140647   5.23300758   5.02646960   4.80212898   4.55635260   4.29709691   4.03685373   3.77789905   3.51609541   3.25449503   3.00214456   2.76184502   2.52934952   2.30424078   2.09238547   1.89657485   1.71293898   1.53893884   1.37789479   1.23245486   1.09953626   0.97559101   0.86207669   0.76148171   0.67174081   0.58910354   0.51374364   0.44796030   0.39073890   0.33863627   0.29097651   0.24979909   0.21501877   0.18377174   0.15484273   0.12992202   0.10964373   0.09183059   0.07495333   0.06027700   0.04891607   0.03938498   0.03001391   0.02160249   0.01551901   0.01091667   0.00612576   0.00148377  -0.00157908  -0.00335510  -0.00539894  -0.00779272  -0.00919322  -0.00943876  -0.00987931  -0.01094500  -0.01148559  -0.01099315  -0.01055016  -0.01084605  -0.01099020  -0.01023695  -0.00936604  -0.00923119  -0.00923372  -0.00849421  -0.00748067  -0.00711862  -0.00710475  -0.00652035 
 -0.00036183  -0.47646609  -0.76581633  -0.93419772  -1.16832856  -1.47633921  -1.68804164  -1.72827118  -1.70766905  -1.68989192  -1.52987373  -1.06961552  -0.40365774   0.20046070   0.62669353   1.02367635   1.57372116   2.26455790   2.94927266   3.54438532   4.07654609   4.57279583   5.00110301   5.32875124   5.57122489   5.75571486   5.87800206   5.92330966   5.90200684   5.83718686   5.73374800   5.58413349   5.39434421   5.18227254   4.95537630   4.70907559   4.44555529   4.17749784   3.91221460   3.64631810   3.37893914   3.11814640   2.87011764   2.63206993   2.40104218   2.18142285   1.97811006   1.78889920   1.60972490   1.44230731   1.29045978   1.15269936   1.02469365   0.90639237   0.80077567   0.70718016   0.62159920   0.54290535   0.47342891   0.41330236   0.35918660   0.30936168   0.26560297   0.22870415   0.19613330   0.16589764   0.13925389   0.11745865   0.09879119   0.08119516   0.06542582   0.05299032   0.04290574   0.03319479   0.02413836   0.01730225   0.01233129   0.00742976   0.00245383  -0.00112560  -0.00315924  -0.00518664  -0.00770408  -0.00944582  -0.00988254  -0.01024715  -0.01130043  -0.01205102  -0.01170903  -0.01117383  -0.01137604  -0.01163230  -0.01100291  -0.01004965  -0.00978012  -0.00982298  -0.00918780  -0.00811578  -0.00760686  -0.00758230  -0.00708558 
 -0.00020009  -0.32524525  -0.48850695  -0.52036340  -0.58345330  -0.74808908  -0.90837971  -0.93960013  -0.86280482  -0.78331994  -0.69963929  -0.46873672   0.00723609   0.62669353   1.18535546   1.60296468   1.98926297   2.48227586   3.08364991   3.68470411   4.20619716   4.65506714   5.05871530   5.40440091   5.66349444   5.83761888   5.95024483   6.00942479   6.00557393   5.93930599   5.82803506   5.68441409   5.50663269   5.29416727   5.05846526   4.81142082   4.55419978   4.28508584   4.01036559   3.73933150   3.47396787   3.21163475   2.95460056   2.70925296   2.47756179   2.25646914   2.04548083   1.84847491   1.66721812   1.49878084   1.34106237   1.19605152   1.06535844   0.94660367   0.83699428   0.73721900   0.64879569   0.57011800   0.49832778   0.43326925   0.37637196   0.32683580   0.28210672   0.24149980   0.20630309   0.17642144   0.14978243   0.12538250   0.10429216   0.08695062   0.07182125   0.05772826   0.04545952   0.03580090   0.02773534   0.02002653   0.01314490   0.00805084   0.00419419   0.00036952  -0.00326945  -0.00572926  -0.00716365  -0.00867177  -0.01038531  -0.01138440  -0.01150486  -0.01168127  -0.01227790  -0.01252188  -0.01201248  -0.01148016  -0.01145709  -0.01136160  -0.01063642  -0.00978801  -0.00944822  -0.00924576  -0.00854216  -0.00761850  -0.00714104 
 -0.00005375   0.05307263  -0.00277168  -0.11513209  -0.15875828  -0.12347756  -0.10301542  -0.12131548  -0.09136106   0.03521725   0.19412092   0.34444782   0.58339714   1.02367635   1.60296468   2.12675520   2.50236420   2.83560272   3.26718866   3.79384814   4.30403536   4.73098744   5.09593875   5.42360800   5.69079630   5.87113952   5.97749914   6.03438955   6.04062601   5.98440495   5.87426248   5.73070811   5.55944745   5.35435400   5.11994973   4.87170635   4.61685111   4.35146408   4.07656399   3.80270912   3.53655853   3.27506576   3.01657000   2.76743395   2.53311001   2.31108717   2.09801066   1.89702323   1.71238746   1.54219800   1.38234538   1.23372519   1.09964513   0.97894747   0.86750862   0.76478881   0.67336999   0.59289672   0.51971627   0.45245150   0.39310359   0.34205060   0.29636128   0.25422577   0.21713030   0.18602473   0.15877577   0.13340399   0.11090443   0.09259484   0.07710757   0.06246687   0.04919460   0.03877442   0.03051420   0.02256212   0.01500109   0.00930774   0.00535061   0.00148881  -0.00257625  -0.00550724  -0.00699671  -0.00841267  -0.01035810  -0.01172516  -0.01188725  -0.01190066  -0.01258395  -0.01311088  -0.01264874  -0.01192598  -0.01188501  -0.01200103  -0.01133839  -0.01030313  -0.00987449  -0.00982269  -0.00919963  -0.00811354  -0.00750372 
  0.00007706   0.21687843   0.29751415   0.27768839   0.30322833   0.43103595   0.57371796   0.64820939   0.69750908   0.81412051   0.99807989   1.17228844   1.32867674   1.57372116   1.98926297   2.50236420   2.95430224   3.28132489   3.56995676   3.92915535   4.36040979   4.77993018   5.12843316   5.41314264   5.65545669   5.84573037   5.96359325   6.01237698   6.01107724   5.96636675   5.87222592   5.73084917   5.55648092   5.35911413   5.13811272   4.89417478   4.63658179   4.37437559   4.10863402   3.83857168   3.56915913   3.30716259   3.05389558   2.80748122   2.56960616   2.34469238   2.13385147   1.93469078   1.74672128   1.57246238   1.41283093   1.26546824   1.12868603   1.00365459   0.89121556   0.78943329   0.69615312   0.61166986   0.53682861   0.47030595   0.40995468   0.35553084   0.30788435   0.26632386   0.22896951   0.19525416   0.16597872   0.14099502   0.11880230   0.09864522   0.08120451   0.06673637   0.05414271   0.04257122   0.03252352   0.02451421   0.01782493   0.01157696   0.00606098   0.00192032  -0.00122831  -0.00423058  -0.00700945  -0.00889649  -0.00999434  -0.01106553  -0.01222554  -0.01285726  -0.01284093  -0.01281718  -0.01305687  -0.01304577  -0.01250080  -0.01191512  -0.01166943  -0.01138265  -0.01066585  -0.00985287  -0.00938671  -0.00903182  -0.00834686 
  0.00019257   0.15228967   0.36883238   0.61414062   0.81172830   0.96045614   1.12064705   1.30556160   1.46630255   1.58849930   1.72567305   1.90928144   2.09751376   2.26455790   2.48227586   2.83560272   3.28132489   3.67363101   3.93921079   4.15782035   4.44176063   4.79337500   5.12654437   5.38735486   5.59319628   5.76663454   5.89092015   5.94457006   5.93812635   5.89334191   5.81087828   5.68102136   5.51044274   5.31690518   5.10619988   4.87307950   4.62055762   4.36161928   4.10286422   3.84074437   3.57518467   3.31468999   3.06510481   2.82361917   2.58793805   2.36288668   2.15317220   1.95654863   1.76945493   1.59399436   1.43383824   1.28740229   1.15070115   1.02400227   0.91016528   0.80836820   0.71481846   0.62864897   0.55209136   0.48508384   0.42439866   0.36853187   0.31918996   0.27696094   0.23934926   0.20454444   0.17376985   0.14808484   0.12575199   0.10486941   0.08619521   0.07106096   0.05843022   0.04645411   0.03544862   0.02683312   0.02017403   0.01377766   0.00756058   0.00287971  -0.00020967  -0.00317218  -0.00642655  -0.00878813  -0.00982931  -0.01073530  -0.01218019  -0.01322226  -0.01317420  -0.01291366  -0.01328279  -0.01361911  -0.01308041  -0.01223031  -0.01199236  -0.01199105  -0.01132337  -0.01025246  -0.00970361  -0.00957326  -0.00897849 
  0.00029323   0.19733713   0.50637852   0.88871060   1.21521811   1.44020781   1.63999458   1.87972302   2.12105767   2.29937200   2.43274963   2.59041027   2.78140288   2.94927266   3.08364991   3.26718866   3.56995676   3.93921079   4.24927727   4.44891725   4.60916391   4.81962571   5.08241932   5.33120477   5.52056429   5.65823703   5.76170741   5.82322181   5.82767756   5.77935322   5.69392090   5.57654986   5.42302392   5.23619625   5.02777345   4.80535552   4.56848551   4.31829464   4.06229591   3.80715386   3.55340316   3.30060880   3.05270280   2.81448994   2.58651489   2.36726407   2.15802367   1.96180577   1.77897168   1.60751901   1.44704653   1.29919218   1.16422723   1.04016715   0.92572327   0.82161175   0.72813882   0.64366798   0.56659213   0.49705933   0.43546916   0.38067929   0.33111194   0.28657883   0.24755715   0.21340422   0.18275035   0.15520805   0.13127280   0.11072447   0.09247137   0.07600768   0.06177882   0.04987705   0.03949810   0.03007218   0.02194056   0.01539680   0.00990409   0.00487274   0.00050971  -0.00278608  -0.00531671  -0.00765251  -0.00972732  -0.01111224  -0.01191267  -0.01264543  -0.01337319  -0.01369219  -0.01355138  -0.01338712  -0.01336699  -0.01314964  -0.01256823  -0.01196080  -0.01156969  -0.01113820  -0.01042330  -0.00965638  -0.00912284 
  0.00037962   0.41533777   0.78730212   1.13096037   1.48285797   1.83389571   2.14416918   2.40845403   2.65726091   2.89603940   3.09440743   3.24580837   3.38845275   3.54438532   3.68470411   3.79384814   3.92915535   4.15782035   4.44891725   4.69041634   4.82444555   4.91396432   5.05088708   5.24088987   5.41640062   5.53335578   5.60609938   5.65493992   5.66763974   5.62634224   5.53941597   5.42575907   5.28693172   5.11461041   4.91364261   4.69902283   4.47613269   4.24023431   3.99293559   3.74484050   3.50171894   3.26024919   3.01944381   2.78596118   2.56480737   2.35338979   2.14899279   1.95515180   1.77588889   1.60924879   1.45165756   1.30441360   1.17067673   1.04920299   0.93627252   0.83171620   0.73801293   0.65466901   0.57830465   0.50786677   0.44528434   0.39075608   0.34150993   0.29601327   0.25571114   0.22135378   0.19087610   0.16253340   0.13731347   0.11633509   0.09822992   0.08121838   0.06584948   0.05342489   0.04320198   0.03348852   0.02442563   0.01733577   0.01200271   0.00690932   0.00183971  -0.00198913  -0.00437603  -0.00660069  -0.00916700  -0.01105149  -0.01174463  -0.01224873  -0.01327541  -0.01404750  -0.01385097  -0.01339230  -0.01350721  -0.01368730  -0.01310948  -0.01218632  -0.01179752  -0.01170123  -0.01104956  -0.00998116  -0.00934852 
  0.00045238   0.54805814   0.99012356   1.35054101   1.73011562   2.15609961   2.55522916   2.87114315   3.13653730   3.40168280   3.64944693   3.83172678   3.95620500   4.07654609   4.20619716   4.30403536   4.36040979   4.44176063   4.60916391   4.82444555   4.98654041   5.05368946   5.08574133   5.15849500   5.27477938   5.38073045   5.44057786   5.46228798   5.46047742   5.42839947   5.35416662   5.24231827   5.10584556   4.94837177   4.76637079   4.56271876   4.34701110   4.12475026   3.89512653   3.65923795   3.42315646   3.19162625   2.96448566   2.74134610   2.52535328   2.31984908   2.12467595   1.93848874   1.76233810   1.59827973   1.44609361   1.30403118   1.17184765   1.05065973   0.94029091   0.83902349   0.74594933   0.66158341   0.58588664   0.51743476   0.45508412   0.39899095   0.34927869   0.30492240   0.26479263   0.22883336   0.19729600   0.16955101   0.14460642   0.12227353   0.10286805   0.08609281   0.07114007   0.05773300   0.04618669   0.03645248   0.02791366   0.02023641   0.01368533   0.00837840   0.00387845  -0.00017752  -0.00360476  -0.00618830  -0.00820508  -0.01002034  -0.01153971  -0.01250595  -0.01305857  -0.01354044  -0.01394382  -0.01400981  -0.01376532  -0.01351056  -0.01331148  -0.01293602  -0.01232424  -0.01171941  -0.01124324  -0.01070880  -0.00999506 
  0.00051228   0.50674963   1.02314990   1.52998516   2.00121767   2.43761542   2.85279360   3.23811666   3.57057982   3.84953625   4.09466962   4.30743305   4.46715460   4.57279583   4.65506714   4.73098744   4.77993018   4.79337500   4.81962571   4.91396432   5.05368946   5.15077829   5.15933531   5.13079609   5.14173690   5.19950567   5.25011842   5.25700161   5.23186382   5.19259463   5.12995452   5.02871166   4.89518757   4.74542333   4.58120107   4.39509821   4.19027980   3.97910130   3.76625923   3.54732443   3.32270818   3.10087029   2.88670541   2.67708139   2.47034239   2.27158574   2.08504627   1.90837850   1.73867177   1.57844574   1.43113607   1.29510968   1.16694921   1.04737339   0.93911713   0.84128026   0.75050959   0.66636447   0.59100429   0.52423603   0.46313320   0.40656841   0.35620797   0.31246347   0.27301545   0.23637470   0.20375379   0.17601157   0.15148433   0.12853877   0.10795391   0.09085943   0.07621449   0.06239038   0.04975617   0.03954646   0.03126707   0.02339910   0.01594113   0.01009501   0.00581752   0.00177538  -0.00234575  -0.00547965  -0.00732000  -0.00896241  -0.01096272  -0.01245852  -0.01289398  -0.01309656  -0.01378534  -0.01433882  -0.01404601  -0.01345625  -0.01337363  -0.01342856  -0.01284039  -0.01188914  -0.01139150  -0.01121978  -0.01059779 
  0.00056015   0.48946637   1.05537048   1.66266089   2.21316990   2.67444045   3.09938364   3.52481978   3.91486402   4.22534676   4.47141398   4.69168496   4.87995572   5.00110301   5.05871530   5.09593875   5.12843316   5.12654437   5.08241932   5.05088708   5.08574133   5.15933531   5.18918488   5.14062922   5.06480757   5.02696923   5.03041335   5.03028883   4.99748728   4.93977136   4.86943594   4.78013585   4.66182014   4.51877541   4.36174176   4.19286838   4.00867560   3.81168437   3.60973695   3.40658123   3.20084106   2.99335267   2.78905069   2.59120240   2.39898272   2.21192320   2.03261391   1.86336832   1.70347526   1.55167946   1.40893364   1.27669771   1.15435091   1.04033284   0.93459823   0.83800388   0.75009581   0.66935917   0.59523219   0.52819397   0.46800615   0.41339876   0.36360728   0.31888318   0.27919607   0.24359560   0.21129344   0.18239589   0.15703144   0.13456323   0.11426803   0.09614760   0.08042439   0.06672801   0.05443764   0.04347252   0.03408838   0.02612108   0.01906360   0.01277015   0.00748346   0.00318756  -0.00051137  -0.00380562  -0.00649483  -0.00849667  -0.01009793  -0.01151752  -0.01261207  -0.01324115  -0.01359406  -0.01389688  -0.01406671  -0.01393636  -0.01360977  -0.01330302  -0.01298972  -0.01249964  -0.01186540  -0.01127964  -0.01076398 
  0.00059688   0.59959152   1.18833571   1.76397512   2.32225970   2.84753475   3.32612183   3.76060497   4.15699358   4.50536969   4.79017702   5.01444175   5.19388680   5.32875124   5.40440091   5.42360800   5.41314264   5.38735486   5.33120477   5.24088987   5.15849500   5.13079609   5.14062922   5.11725179   5.02384191   4.90340413   4.82048211   4.78288841   4.74659554   4.68069081   4.59450953   4.50343242   4.40010215   4.27117354   4.12110156   3.96319635   3.79904183   3.62182120   3.43325296   3.24330855   3.05590292   2.86684490   2.67562308   2.48887008   2.31066550   2.13809449   1.96909338   1.80751096   1.65692328   1.51527590   1.37966658   1.25186127   1.13481490   1.02723437   0.92598673   0.83140492   0.74587546   0.66882375   0.59732033   0.53078311   0.47110051   0.41833516   0.37001800   0.32502874   0.28480245   0.24990737   0.21844827   0.18902813   0.16265263   0.14023544   0.12046983   0.10186259   0.08501051   0.07101118   0.05910206   0.04782101   0.03738706   0.02893901   0.02218314   0.01578028   0.00961888   0.00476548   0.00130628  -0.00190952  -0.00526221  -0.00783879  -0.00926571  -0.01046258  -0.01200713  -0.01319079  -0.01344295  -0.01343008  -0.01385306  -0.01423185  -0.01388314  -0.01321748  -0.01298741  -0.01294332  -0.01236464  -0.01142007  -0.01084981 
  0.00062336   0.68932926   1.29908794   1.84489769   2.39555340   2.96390044   3.49291827   3.94294442   4.33681640   4.70353535   5.02451449   5.26711265   5.43912792   5.57122489   5.66349444   5.69079630   5.65545669   5.59319628   5.52056429   5.41640062   5.27477938   5.14173690   5.06480757   5.02384191   4.95048370   4.81530565   4.66224196   4.54800823   4.47604361   4.40807295   4.31955181   4.21765812   4.11270476   3.99839341   3.86563858   3.71815855   3.56480008   3.40641864   3.23927432   3.06536136   2.89110480   2.71887131   2.54670973   2.37512529   2.20819734   2.04812774   1.89355992   1.74392119   1.60144314   1.46777276   1.34181853   1.22239369   1.11045304   1.00713276   0.91157400   0.82236986   0.73968750   0.66430084   0.59561245   0.53226577   0.47399575   0.42134247   0.37397449   0.33073352   0.29115014   0.25560930   0.22401205   0.19545335   0.16939139   0.14609422   0.12563789   0.10736836   0.09074234   0.07592741   0.06311137   0.05186072   0.04166755   0.03260845   0.02492670   0.01836941   0.01248360   0.00726525   0.00296961  -0.00051530  -0.00357683  -0.00628583  -0.00840517  -0.00994161  -0.01121133  -0.01233562  -0.01311407  -0.01347887  -0.01367359  -0.01385273  -0.01386216  -0.01358552  -0.01319590  -0.01286458  -0.01248682  -0.01191946  -0.01127029 
  0.00064050   0.65220138   1.28847084   1.89928780   2.48440038   3.04569400   3.57516479   4.05588044   4.47823084   4.84734062   5.16799827   5.43094638   5.62498077   5.75571486   5.83761888   5.87113952   5.84573037   5.76663454   5.65823703   5.53335578   5.38073045   5.19950567   5.02696923   4.90340413   4.81530565   4.70445161   4.54075014   4.36067370   4.21902624   4.12325920   4.03665129   3.93257937   3.81825130   3.70657634   3.59131535   3.46051348   3.31701234   3.17163750   3.02556647   2.87244685   2.71284898   2.55469698   2.40115230   2.24827224   2.09491643   1.94623678   1.80561363   1.67040095   1.53836713   1.41241231   1.29557611   1.18612826   1.08133495   0.98243521   0.89199673   0.80906099   0.73085940   0.65749252   0.59105822   0.53126860   0.47563463   0.42352764   0.37660101   0.33511652   0.29703840   0.26130828   0.22915520   0.20124579   0.17606382   0.15233475   0.13088123   0.11262269   0.09655705   0.08134659   0.06743281   0.05584655   0.04605199   0.03675936   0.02806780   0.02100077   0.01541818   0.01015897   0.00503276   0.00096473  -0.00187003  -0.00444780  -0.00718496  -0.00931710  -0.01043693  -0.01130159  -0.01248462  -0.01341870  -0.01354480  -0.01338631  -0.01360521  -0.01384501  -0.01346927  -0.01277061  -0.01243556  -0.01231361  -0.01175639 
  0.00064923   0.59892648   1.24914476   1.92201824   2.54551747   3.09634851   3.61020735   4.10808910   4.56071068   4.93736220   5.24897268   5.51810279   5.73558280   5.87800206   5.95024483   5.97749914   5.96359325   5.89092015   5.76170741   5.60609938   5.44057786   5.25011842   5.03041335   4.82048211   4.66224196   4.54075014   4.39844605   4.20971981   4.01231757   3.85577504   3.74338839   3.64176457   3.52949204   3.41291480   3.30064168   3.18627545   3.06120280   2.92843617   2.79526627   2.66151161   2.52309263   2.38145063   2.24190974   2.10582704   1.97078356   1.83697684   1.70787782   1.58498075   1.46656576   1.35197914   1.24324651   1.14163117   1.04582350   0.95470484   0.86929081   0.79058454   0.71761960   0.64911828   0.58544530   0.52739960   0.47433784   0.42502609   0.37943539   0.33821271   0.30100648   0.26673774   0.23515181   0.20677217   0.18148859   0.15842241   0.13719735   0.11822385   0.10157251   0.08657050   0.07278415   0.06051398   0.04995157   0.04061490   0.03205443   0.02446429   0.01810483   0.01266115   0.00769661   0.00330647  -0.00022189  -0.00306259  -0.00561833  -0.00788075  -0.00956683  -0.01073600  -0.01174190  -0.01264778  -0.01319709  -0.01335961  -0.01342982  -0.01352564  -0.01343142  -0.01305086  -0.01261389  -0.01227588  -0.01187040 
  0.00065051   0.63734580   1.28115008   1.92145143   2.53514804   3.10525687   3.63215100   4.12229415   4.57043105   4.96104887   5.28662064   5.55400653   5.76876052   5.92330966   6.00942479   6.03438955   6.01237698   5.94457006   5.82322181   5.65493992   5.46228798   5.25700161   5.03028883   4.78288841   4.54800823   4.36067370   4.20971981   4.04604848   3.84448065   3.63621306   3.46801793   3.34648837   3.24030613   3.12615113   3.00938690   2.90061881   2.79424938   2.67941361   2.55764887   2.43762715   2.32006478   2.19903457   2.07427857   1.95204335   1.83483551   1.71900707   1.60306349   1.49101078   1.38566177   1.28468462   1.18587483   1.09144566   1.00401030   0.92217195   0.84347322   0.76880746   0.70042840   0.63768288   0.57820129   0.52196486   0.47082585   0.42472930   0.38161101   0.34086013   0.30392159   0.27119538   0.24103570   0.21248005   0.18657338   0.16402613   0.14364686   0.12429974   0.10664823   0.09157667   0.07833283   0.06574011   0.05411214   0.04438798   0.03620838   0.02845420   0.02113431   0.01514641   0.01046072   0.00608648   0.00178372  -0.00166220  -0.00402316  -0.00611397  -0.00836081  -0.01013739  -0.01103100  -0.01165366  -0.01255322  -0.01328716  -0.01332883  -0.01307897  -0.01314506  -0.01327420  -0.01289038  -0.01219035  -0.01178535 
  0.00064522   0.68984292   1.32236972   1.90713642   2.48978157   3.07559511   3.62248058   4.10289909   4.53209680   4.92670902   5.27070622   5.54185155   5.74624189   5.90200684   6.00557393   6.04062601   6.01107724   5.93812635   5.82767756   5.66763974   5.46047742   5.23186382   4.99748728   4.74659554   4.47604361   4.21902624   4.01231757   3.84448065   3.66626490   3.45485554   3.24260450   3.07288063   2.94865995   2.84028572   2.72854900   2.61885568   2.51838268   2.42064162   2.31726439   2.21055388   2.10656721   2.00437633   1.89961883   1.79324327   1.68975536   1.58984092   1.49076913   1.39249450   1.29807820   1.20859584   1.12212785   1.03797578   0.95806254   0.88347226   0.81281002   0.74502671   0.68121974   0.62237984   0.56752818   0.51549387   0.46680347   0.42233572   0.38146700   0.34305617   0.30724535   0.27479891   0.24539240   0.21800241   0.19251646   0.16958095   0.14911120   0.13024470   0.11270440   0.09701380   0.08326810   0.07078046   0.05917365   0.04884545   0.04001502   0.03216916   0.02487867   0.01841746   0.01307961   0.00851386   0.00427659   0.00052497  -0.00241286  -0.00474351  -0.00689554  -0.00881646  -0.01017680  -0.01105898  -0.01185390  -0.01259800  -0.01298553  -0.01299702  -0.01296926  -0.01300966  -0.01285423  -0.01240462  -0.01193292 
