# coconut-me2b/v0.99.21 
# 
# momentum space matrix elements 
# partial wave J=1, L=1/1, S=1, T=1, MT=-1 
# 
# momentum grid [fm^-1]
0.000000 0.100000 0.200000 0.300000 0.400000 0.500000 0.600000 0.700000 0.800000 0.900000 1.000000 1.100000 1.200000 1.300000 1.400000 1.500000 1.600000 1.700000 1.800000 1.900000 2.000000 2.100000 2.200000 2.300000 2.400000 2.500000 2.600000 2.700000 2.800000 2.900000 3.000000 3.100000 3.200000 3.300000 3.400000 3.500000 3.600000 3.700000 3.800000 3.900000 4.000000 4.100000 4.200000 4.300000 4.400000 4.500000 4.600000 4.700000 4.800000 4.900000 5.000000 5.100000 5.200000 5.300000 5.400000 5.500000 5.600000 5.700000 5.800000 5.900000 6.000000 6.100000 6.200000 6.300000 6.400000 6.500000 6.600000 6.700000 6.800000 6.900000 7.000000 7.100000 7.200000 7.300000 7.400000 7.500000 7.600000 7.700000 7.800000 7.900000 8.000000 8.100000 8.200000 8.300000 8.400000 8.500000 8.600000 8.700000 8.800000 8.900000 9.000000 9.100000 9.200000 9.300000 9.400000 9.500000 9.600000 9.700000 9.800000 9.900000 10.000000 
#
# matrix elements [MeV fm^3] 
  0.00000052   0.00049977   0.00091033   0.00118433   0.00132451   0.00136316   0.00133833   0.00128082   0.00121110   0.00114104   0.00107658   0.00102005   0.00097178   0.00093103   0.00089659   0.00086711   0.00084127   0.00081791   0.00079599   0.00077470   0.00075338   0.00073155   0.00070890   0.00068522   0.00066043   0.00063455   0.00060766   0.00057992   0.00055149   0.00052260   0.00049347   0.00046433   0.00043541   0.00040692   0.00037904   0.00035197   0.00032584   0.00030079   0.00027690   0.00025426   0.00023290   0.00021286   0.00019414   0.00017674   0.00016061   0.00014572   0.00013203   0.00011947   0.00010797   0.00009747   0.00008790   0.00007920   0.00007128   0.00006409   0.00005755   0.00005163   0.00004624   0.00004135   0.00003691   0.00003288   0.00002921   0.00002587   0.00002284   0.00002008   0.00001757   0.00001530   0.00001323   0.00001135   0.00000966   0.00000813   0.00000675   0.00000551   0.00000440   0.00000342   0.00000255   0.00000178   0.00000111   0.00000052   0.00000002  -0.00000041  -0.00000077  -0.00000106  -0.00000130  -0.00000149  -0.00000164  -0.00000175  -0.00000182  -0.00000186  -0.00000187  -0.00000187  -0.00000184  -0.00000180  -0.00000174  -0.00000168  -0.00000160  -0.00000153  -0.00000144  -0.00000136  -0.00000127  -0.00000119  -0.00000110 
  0.00049977   0.48441701   0.88580976   1.15834183   1.30211141   1.34605266   1.32614572   1.27244379   1.20541709   1.13715160   1.07385080   1.01806067   0.97023899   0.92974861   0.89544917   0.86603567   0.84022480   0.81685205   0.79491709   0.77359933   0.75225640   0.73041300   0.70774464   0.68405881   0.65927530   0.63340669   0.60653968   0.57881768   0.55042492   0.52157233   0.49248513   0.46339231   0.43451784   0.40607363   0.37825408   0.35123219   0.32515687   0.30015165   0.27631418   0.25371681   0.23240772   0.21241268   0.19373711   0.17636857   0.16027920   0.14542836   0.13176517   0.11923089   0.10776124   0.09728839   0.08774283   0.07905488   0.07115606   0.06398010   0.05746381   0.05154763   0.04617611   0.04129807   0.03686675   0.03283969   0.02917868   0.02584946   0.02282150   0.02006766   0.01756388   0.01528884   0.01322361   0.01135135   0.00965704   0.00812716   0.00674950   0.00551289   0.00440711   0.00342264   0.00255060   0.00178264   0.00111084   0.00052769   0.00002599  -0.00040109  -0.00076012  -0.00105736  -0.00129877  -0.00149004  -0.00163653  -0.00174333  -0.00181520  -0.00185661  -0.00187171  -0.00186433  -0.00183799  -0.00179593  -0.00174105  -0.00167598  -0.00160309  -0.00152444  -0.00144188  -0.00135698  -0.00127113  -0.00118549  -0.00110102 
  0.00091033   0.88580976   1.63684024   2.17067185   2.47561924   2.59209008   2.58007824   2.49479326   2.37660767   2.25081050   2.13120615   2.02405808   1.93113782   1.85176069   1.78404244   1.72563756   1.67415599   1.62738684   1.58340855   1.54063268   1.49780914   1.45400951   1.40859823   1.36119749   1.31164975   1.25997996   1.20635919   1.15107050   1.09447768   1.03699740   0.97907471   0.92116218   0.86370249   0.80711454   0.75178256   0.69804835   0.64620611   0.59649962   0.54912149   0.50421411   0.46187203   0.42214530   0.38504377   0.35054178   0.31858323   0.28908668   0.26195041   0.23705723   0.21427895   0.19348047   0.17452336   0.15726899   0.14158110   0.12732793   0.11438385   0.10263053   0.09195779   0.08226402   0.07345637   0.06545061   0.05817091   0.05154936   0.04552542   0.04004533   0.03506141   0.03053145   0.02641798   0.02268770   0.01931086   0.01626072   0.01351311   0.01104599   0.00883906   0.00687353   0.00513180   0.00359732   0.00225440   0.00108813   0.00008426  -0.00077081  -0.00149012  -0.00208609  -0.00257060  -0.00295494  -0.00324982  -0.00346535  -0.00361103  -0.00369576  -0.00372780  -0.00371482  -0.00366384  -0.00358129  -0.00347301  -0.00334425  -0.00319971  -0.00304356  -0.00287945  -0.00271058  -0.00253969  -0.00236911  -0.00220081 
  0.00118433   1.15834183   2.17067185   2.93553836   3.41962116   3.65147175   3.69450703   3.61797267   3.47893619   3.31673436   3.15487419   3.00539056   2.87297779   2.75805431   2.65878200   2.57230846   2.49549546   2.42532671   2.35912119   2.29463066   2.23006862   2.16409934   2.09580403   2.02463491   1.95036347   1.87302714   1.79287714   1.71032899   1.62591703   1.54025353   1.45399278   1.36780028   1.28232716   1.19818948   1.11595229   1.03611801   0.95911879   0.88531233   0.81498074   0.74833198   0.68550326   0.62656612   0.57153269   0.52036270   0.47297094   0.42923487   0.38900205   0.35209732   0.31832941   0.28749698   0.25939391   0.23381397   0.21055458   0.18941998   0.17022362   0.15278992   0.13695544   0.12256959   0.10949477   0.09760632   0.08679199   0.07695138   0.06799502   0.05984350   0.05242646   0.04568163   0.03955376   0.03399378   0.02895787   0.02440665   0.02030453   0.01661902   0.01332023   0.01038046   0.00777374   0.00547564   0.00346299   0.00171372   0.00020675  -0.00107808  -0.00216010  -0.00305776  -0.00378871  -0.00436973  -0.00481676  -0.00514485  -0.00536819  -0.00550002  -0.00555269  -0.00553764  -0.00546537  -0.00534551  -0.00518679  -0.00499706  -0.00478338  -0.00455199  -0.00430840  -0.00405738  -0.00380307  -0.00354898  -0.00329806 
  0.00132451   1.30211141   2.47561924   3.41962116   4.08172151   4.46440109   4.61365653   4.59622202   4.47762440   4.30947516   4.12637851   3.94841023   3.78528490   3.64014923   3.51237682   3.39941518   3.29792792   3.20446584   3.11583994   3.02931095   2.94266776   2.85423957   2.76286898   2.66786324   2.56893407   2.46613289   2.35978575   2.25043079   2.13876007   2.02556692   1.91169948   1.79802075   1.68537518   1.57456171   1.46631290   1.36127974   1.26002157   1.16300066   1.07058062   0.98302825   0.90051807   0.82313887   0.75090196   0.68375032   0.62156840   0.56419204   0.51141828   0.46301470   0.41872811   0.37829243   0.34143569   0.30788603   0.27737668   0.24965008   0.22446101   0.20157882   0.18078904   0.16189414   0.14471386   0.12908496   0.11486064   0.10190965   0.09011519   0.07937366   0.06959336   0.06069318   0.05260127   0.04525378   0.03859378   0.03257010   0.02713650   0.02225076   0.01787405   0.01397029   0.01050569   0.00744840   0.00476817   0.00243617   0.00042480  -0.00129236  -0.00274066  -0.00394436  -0.00492667  -0.00570969  -0.00631444  -0.00676080  -0.00706749  -0.00725205  -0.00733083  -0.00731898  -0.00723044  -0.00707799  -0.00687321  -0.00662660  -0.00634752  -0.00604430  -0.00572428  -0.00539386  -0.00505856  -0.00472309  -0.00439143 
  0.00136316   1.34605266   2.59209008   3.65147175   4.46440109   5.00861302   5.30168755   5.39161662   5.33942772   5.20261104   5.02565015   4.83800767   4.65647009   4.48880459   4.33707447   4.20009859   4.07509192   3.95868782   3.84754044   3.73865668   3.62955912   3.51834508   3.40368314   3.28477290   3.16128438   3.03328741   2.90117783   2.76560491   2.62740272   2.48752744   2.34700158   2.20686583   2.06813857   1.93178317   1.79868253   1.66962057   1.54526987   1.42618504   1.31280076   1.20543401   1.10428950   1.00946782   0.92097533   0.83873548   0.76260069   0.69236455   0.62777375   0.56853952   0.51434825   0.46487108   0.41977250   0.37871757   0.34137813   0.30743765   0.27659510   0.24856768   0.22309265   0.19992834   0.17885438   0.15967149   0.14220062   0.12628191   0.11177324   0.09854873   0.08649709   0.07551998   0.06553039   0.05645109   0.04821322   0.04075498   0.03402045   0.02795863   0.02252253   0.01766850   0.01335559   0.00954513   0.00620034   0.00328611   0.00076877  -0.00138397  -0.00320315  -0.00471852  -0.00595859  -0.00695057  -0.00772034  -0.00829243  -0.00868997  -0.00893466  -0.00904677  -0.00904506  -0.00894686  -0.00876805  -0.00852307  -0.00822496  -0.00788544  -0.00751490  -0.00712253  -0.00671636  -0.00630331  -0.00588932  -0.00547939 
  0.00133833   1.32614572   2.58007824   3.69450703   4.61365653   5.30168755   5.75029717   5.98063069   6.03632378   5.97019474   5.83129616   5.65742114   5.47353433   5.29375854   5.12447391   4.96715954   4.82052745   4.68196162   4.54842177   4.41697677   4.28509545   4.15078348   4.01262459   3.86976387   3.72185723   3.56900248   3.41166224   3.25058521   3.08673008   2.92119498   2.75515405   2.58980227   2.42630894   2.26577975   2.10922730   1.95754959   1.81151562   1.67175757   1.53876855   1.41290509   1.29439358   1.18333962   1.07973966   0.98349415   0.89442145   0.81227202   0.73674240   0.66748852   0.60413809   0.54630186   0.49358349   0.44558811   0.40192941   0.36223535   0.32615257   0.29334955   0.26351871   0.23637748   0.21166858   0.18915966   0.16864227   0.14993057   0.13285960   0.11728349   0.10307346   0.09011591   0.07831043   0.06756803   0.05780944   0.04896353   0.04096600   0.03375814   0.02728585   0.02149878   0.01634965   0.01179373   0.00778838   0.00429280   0.00126780  -0.00132432  -0.00351986  -0.00535369  -0.00685929  -0.00806867  -0.00901236  -0.00971932  -0.01021691  -0.01053084  -0.01068515  -0.01070215  -0.01060247  -0.01040502  -0.01012704  -0.00978413  -0.00939032  -0.00895808  -0.00849844  -0.00802106  -0.00753432  -0.00704537  -0.00656027 
  0.00128082   1.27244379   2.49479326   3.61797267   4.59622202   5.39161662   5.98063069   6.36045639   6.55102170   6.58990031   6.52187916   6.38851695   6.22194985   6.04351077   5.86532921   5.69291898   5.52759425   5.36830943   5.21291340   5.05894249   4.90408838   4.74644983   4.58464538   4.41783909   4.24571344   4.06841172   3.88646451   3.70070988   3.51221361   3.32219345   3.13195023   2.94280722   2.75605860   2.57292734   2.39453227   2.22186386   2.05576817   1.89693795   1.74591010   1.60306851   1.46865124   1.34276110   1.22537878   1.11637770   1.01553967   0.92257100   0.83711821   0.75878309   0.68713668   0.62173192   0.56211485   0.50783415   0.45844914   0.41353617   0.37269353   0.33554496   0.30174189   0.27096466   0.24292268   0.21735395   0.19402390   0.17272372   0.15326849   0.13549495   0.11925929   0.10443484   0.09090990   0.07858558   0.06737391   0.05719601   0.04798059   0.03966256   0.03218185   0.02548252   0.01951190   0.01422005   0.00955927   0.00548378   0.00194946  -0.00108621  -0.00366430  -0.00582435  -0.00760444  -0.00904105  -0.01016903  -0.01102153  -0.01162994  -0.01202380  -0.01223076  -0.01227658  -0.01218506  -0.01197811  -0.01167569  -0.01129594  -0.01085516  -0.01036791  -0.00984706  -0.00930393  -0.00874833  -0.00818870  -0.00763218 
  0.00121110   1.20541709   2.37660767   3.47893619   4.47762440   5.33942772   6.03632378   6.55102170   6.88243191   7.04773934   7.07862740   7.01291432   6.88592917   6.72524351   6.54937951   6.36906095   6.18935941   6.01174161   5.83565072   5.65959510   5.48184029   5.30081648   5.11533435   4.92467630   4.72860955   4.52735170   4.32150946   4.11200412   3.89999259   3.68679012   3.47379836   3.26244121   3.05410981   2.85011718   2.65166257   2.45980521   2.27544678   2.09932174   1.93199453   1.77386271   1.62516485   1.48599217   1.35630303   1.23593917   1.12464309   1.02207565   0.92783342   0.84146526   0.76248766   0.69039865   0.62469005   0.56485795   0.51041145   0.46087960   0.41581670   0.37480611   0.33746258   0.30343350   0.27239897   0.24407118   0.21819297   0.19453600   0.17289847   0.15310269   0.13499248   0.11843065   0.10329642   0.08948314   0.07689603   0.06545023   0.05506904   0.04568243   0.03722571   0.02963849   0.02286382   0.01684755   0.01153777   0.00688450   0.00283946  -0.00064410  -0.00361142  -0.00610626  -0.00817079  -0.00984561  -0.01116955  -0.01217968  -0.01291113  -0.01339706  -0.01366861  -0.01375478  -0.01368248  -0.01347650  -0.01315950  -0.01275207  -0.01227279  -0.01173826  -0.01116323  -0.01056067  -0.00994187  -0.00931655  -0.00869299 
  0.00114104   1.13715160   2.25081050   3.31673436   4.30947516   5.20261104   5.97019474   6.58990031   7.04773934   7.34284241   7.48950232   7.51432680   7.44940701   7.32506528   7.16528854   6.98648932   6.79846211   6.60615753   6.41141501   6.21431969   6.01414501   5.80995416   5.60095319   5.38667495   5.16705222   4.94242127   4.71348344   4.48124356   4.24693765   4.01195819   3.77778239   3.54590685   3.31779079   3.09480873   2.87821314   2.66910670   2.46842379   2.27692025   2.09517049   1.92357093   1.76234848   1.61157321   1.47117384   1.34095538   1.22061782   1.10977509   1.00797379   0.91471105   0.82945100   0.75163975   0.68071856   0.61613500   0.55735237   0.50385697   0.45516383   0.41082056   0.37040983   0.33355054   0.29989777   0.26914196   0.24100724   0.21524932   0.19165294   0.17002909   0.15021217   0.13205708   0.11543651   0.10023826   0.08636282   0.07372125   0.06223319   0.05182521   0.04242944   0.03398238   0.02642397   0.01969689   0.01374603   0.00851809   0.00396138   0.00002567  -0.00333787  -0.00617658  -0.00853632  -0.01046130  -0.01199400  -0.01317502  -0.01404301  -0.01463451  -0.01498389  -0.01512330  -0.01508259  -0.01488934  -0.01456881  -0.01414403  -0.01363579  -0.01306275  -0.01244151  -0.01178671  -0.01111114  -0.01042585  -0.00974026 
  0.00107658   1.07385080   2.13120615   3.15487419   4.12637851   5.02565015   5.83129616   6.52187916   7.07862740   7.48950232   7.75339580   7.88208811   7.89806755   7.82886236   7.70085523   7.53527166   7.34698268   7.14521943   6.93503729   6.71878204   6.49725352   6.27052053   6.03844258   5.80097522   5.55832667   5.31101667   5.05987385   4.80599664   4.55069449   4.29542093   4.04170578   3.79109154   3.54507692   3.30506918   3.07234614   2.84802782   2.63305743   2.42819095   2.23399427   2.05084698   1.87895149   1.71834639   1.56892304   1.43044420   1.30256382   1.18484721   1.07679085   0.97784123   0.88741233   0.80490142   0.72970289   0.66122005   0.59887490   0.54211580   0.49042332   0.44331420   0.40034382   0.36110721   0.32523891   0.29241186   0.26233553   0.23475347   0.20944049   0.18619957   0.16485870   0.14526776   0.12729544   0.11082640   0.09575863   0.08200106   0.06947151   0.05809488   0.04780160   0.03852647   0.03020758   0.02278563   0.01620332   0.01040499   0.00533640   0.00094458  -0.00282216  -0.00601417  -0.00868041  -0.01086825  -0.01262338  -0.01398961  -0.01500874  -0.01572044  -0.01616212  -0.01636885  -0.01637330  -0.01620571  -0.01589386  -0.01546314  -0.01493654  -0.01433474  -0.01367618  -0.01297719  -0.01225207  -0.01151322  -0.01077128 
  0.00102005   1.01806067   2.02405808   3.00539056   3.94841023   4.83800767   5.65742114   6.38851695   7.01291432   7.51432680   7.88208811   8.11484765   8.22241333   8.22405692   8.14374721   8.00481255   7.82638121   7.62222387   7.40127263   7.16882836   6.92780208   6.67971344   6.42539538   6.16544679   5.90049709   5.63134048   5.35898439   5.08464421   4.80970656   4.53567622   4.26411704   3.99659336   3.73461650   3.47959857   3.23281521   2.99537764   2.76821379   2.55205809   2.34744898   2.15473305   1.97407480   1.80547068   1.64876651   1.50367689   1.36980601   1.24666861   1.13371069   1.03032912   0.93588987   0.84974437   0.77124386   0.69975162   0.63465295   0.57536307   0.52133302   0.47205359   0.42705771   0.38592130   0.34826291   0.31374233   0.28205847   0.25294661   0.22617524   0.20154270   0.17887373   0.15801606   0.13883708   0.12122076   0.10506484   0.09027823   0.07677884   0.06449160   0.05334691   0.04327927   0.03422629   0.02612789   0.01892569   0.01256269   0.00698298   0.00213171  -0.00204494  -0.00559970  -0.00858402  -0.01104792  -0.01303983  -0.01460636  -0.01579215  -0.01663967  -0.01718914  -0.01747835  -0.01754261  -0.01741468  -0.01712479  -0.01670059  -0.01616721  -0.01554732  -0.01486122  -0.01412691  -0.01336022  -0.01257495  -0.01178296 
  0.00097178   0.97023899   1.93113782   2.87297779   3.78528490   4.65647009   5.47353433   6.22194985   6.88592917   7.44940701   7.89806755   8.22241333   8.42102749   8.50228712   8.48302670   8.38448067   8.22763207   8.03002882   7.80466712   7.56035413   7.30270326   7.03518698   6.75999511   6.47864534   6.19237729   5.90238318   5.60992485   5.31637564   5.02321580   4.73200081   4.44431648   4.16172963   3.88574045   3.61774021   3.35897627   3.11052572   2.87327756   2.64792321   2.43495466   2.23466926   2.04718001   1.87243030   1.71021194   1.56018534   1.42190087   1.29482057   1.17833942   1.07180553   0.97453880   0.88584772   0.80504401   0.73145502   0.66443390   0.60336747   0.54768209   0.49684750   0.45037901   0.40783812   0.36883191   0.33301138   0.30006898   0.26973559   0.24177700   0.21599032   0.19220017   0.17025504   0.15002373   0.13139201   0.11425966   0.09853769   0.08414603   0.07101145   0.05906593   0.04824521   0.03848779   0.02973405   0.02192571   0.01500545   0.00891670   0.00360353  -0.00098922  -0.00491591  -0.00822988  -0.01098326  -0.01322670  -0.01500920  -0.01637784  -0.01737762  -0.01805124  -0.01843900  -0.01857866  -0.01850537  -0.01825166  -0.01784736  -0.01731970  -0.01669331  -0.01599029  -0.01523033  -0.01443082  -0.01360695  -0.01277187 
  0.00093103   0.92974861   1.85176069   2.75805431   3.64014923   4.48880459   5.29375854   6.04351077   6.72524351   7.32506528   7.82886236   8.22405692   8.50228712   8.66229332   8.71149755   8.66493344   8.54175527   8.36114968   8.13947001   7.88916270   7.61900609   7.33493149   7.04091858   6.73973554   6.43347039   6.12387622   5.81257473   5.50116067   5.19124103   4.88443381   4.58234385   4.28652774   3.99845581   3.71947627   3.45078470   3.19340057   2.94815153   2.71566536   2.49636916   2.29049502   2.09809102   1.91903656   1.75306098   1.59976420   1.45863862   1.32909125   1.21046529   1.10206071   1.00315313   0.91301077   0.83090922   0.75614386   0.68803999   0.62596061   0.56931211   0.51754789   0.47017031   0.42673105   0.38683012   0.35011395   0.31627255   0.28503615   0.25617144   0.22947758   0.20478218   0.18193738   0.16081602   0.14130817   0.12331792   0.10676047   0.09155974   0.07764613   0.06495484   0.05342440   0.04299556   0.03361050   0.02521220   0.01774410   0.01114992   0.00537363   0.00035950  -0.00394774  -0.00760265  -0.01065884  -0.01316872  -0.01518317  -0.01675134  -0.01792036  -0.01873517  -0.01923830  -0.01946976  -0.01946692  -0.01926447  -0.01889434  -0.01838576  -0.01776526  -0.01705674  -0.01628159  -0.01545873  -0.01460478  -0.01373420 
  0.00089659   0.89544917   1.78404244   2.65878200   3.51237682   4.33707447   5.12447391   5.86532921   6.54937951   7.16528854   7.70085523   8.14374721   8.48302670   8.71149755   8.82826385   8.84017701   8.76096605   8.60820500   8.39969291   8.15086097   7.87374422   7.57712349   7.26720403   6.94838020   6.62387713   6.29621616   5.96752032   5.63969695   5.31453404   4.99373978   4.67894711   4.37169879   4.07342329   3.78540875   3.50877926   3.24447607   2.99324515   2.75563151   2.53198005   2.32244234   2.12698855   1.94542346   1.77740552   1.62246797   1.48004095   1.34947392   1.23005738   1.12104352   1.02166517   0.93115267   0.84874859   0.77372000   0.70536838   0.64303719   0.58611724   0.53405010   0.48632959   0.44250187   0.40216410   0.36496214   0.33058739   0.29877306   0.26929011   0.24194295   0.21656517   0.19301529   0.17117280   0.15093446   0.13221087   0.11492353   0.09900221   0.08438274   0.07100518   0.05881234   0.04774867   0.03775940   0.02878998   0.02078572   0.01369167   0.00745255   0.00201294  -0.00268257  -0.00668908  -0.01006108  -0.01285213  -0.01511456  -0.01689914  -0.01825477  -0.01922827  -0.01986417  -0.02020447  -0.02028859  -0.02015321  -0.01983226  -0.01935688  -0.01875545  -0.01805364  -0.01727447  -0.01643843  -0.01556359  -0.01466573 
  0.00086711   0.86603567   1.72563756   2.57230846   3.39941518   4.20009859   4.96715954   5.69291898   6.36906095   6.98648932   7.53527166   8.00481255   8.38448067   8.66493344   8.84017701   8.90983857   8.88048670   8.76491387   8.57947959   8.34088469   8.06381561   7.75996338   7.43809126   7.10459761   6.76417289   6.42035994   6.07596540   5.73333357   5.39451361   5.06135155   4.73553279   4.41859421   4.11191944   3.81672639   3.53405315   3.26474613   3.00945240   2.76861737   2.54248804   2.33112145   2.13439777   1.95203704   1.78361879   1.62860346   1.48635468   1.35616172   1.23726126   1.12885781   1.03014258   0.94031009   0.85857263   0.78417221   0.71639013   0.65455421   0.59804375   0.54629251   0.49878990   0.45508054   0.41476262   0.37748514   0.34294444   0.31088008   0.28107046   0.25332823   0.22749571   0.20344047   0.18105107   0.16023319   0.14090613   0.12299961   0.10645113   0.09120363   0.07720365   0.06439977   0.05274151   0.04217846   0.03265971   0.02413355   0.01654735   0.00984756   0.00397991  -0.00111037  -0.00547819  -0.00917829  -0.01226484  -0.01479106  -0.01680888  -0.01836859  -0.01951856  -0.02030499  -0.02077166  -0.02095980  -0.02090793  -0.02065183  -0.02022446  -0.01965596  -0.01897373  -0.01820241  -0.01736404  -0.01647816  -0.01556188 
  0.00084127   0.84022480   1.67415599   2.49549546   3.29792792   4.07509192   4.82052745   5.52759425   6.18935941   6.79846211   7.34698268   7.82638121   8.22763207   8.54175527   8.76096605   8.88048670   8.90056834   8.82769251   8.67397114   8.45480174   8.18597759   7.88154069   7.55284995   7.20859296   6.85525582   6.49769199   6.13961593   5.78397092   5.43317829   5.08929386   4.75409870   4.42914650   4.11578429   3.81515830   3.52821301   3.25568860   2.99812001   2.75583933   2.52898236   2.31749936   2.12116961   1.93961922   1.77234132   1.61871775   1.47804149   1.34953898   1.23239171   1.12575638   1.02878341   0.94063316   0.86048993   0.78757347   0.72114809   0.66052937   0.60508867   0.55425559   0.50751873   0.46442477   0.42457636   0.38762903   0.35328723   0.32129991   0.29145580   0.26357848   0.23752160   0.21316412   0.19040593   0.16916378   0.14936759   0.13095718   0.11387951   0.09808628   0.08353202   0.07017253   0.05796372   0.04686079   0.03681767   0.02778672   0.01971862   0.01256252   0.00626614   0.00077616  -0.00396143  -0.00800095  -0.01139655  -0.01420184  -0.01646943  -0.01825058  -0.01959483  -0.02054974  -0.02116059  -0.02147019  -0.02151874  -0.02134369  -0.02097972  -0.02045864  -0.01980950  -0.01905854  -0.01822934  -0.01734288  -0.01641765 
  0.00081791   0.81685205   1.62738684   2.42532671   3.20446584   3.95868782   4.68196162   5.36830943   6.01174161   6.60615753   7.14521943   7.62222387   8.03002882   8.36114968   8.60820500   8.76491387   8.82769251   8.79745714   8.68071629   8.48906302   8.23709286   7.93980342   7.61063307   7.26057968   6.89817212   6.52986584   6.16054018   5.79393800   5.43299862   5.08008840   4.73715015   4.40579491   4.08735534   3.78291545   3.49332693   3.21921901   2.96100645   2.71889830   2.49290892   2.28287181   2.08845625   1.90918646   1.74446247   1.59358228   1.45576430   1.33016952   1.21592280   1.11213263   1.01790912   0.93237967   0.85470242   0.78407716   0.71975382   0.66103862   0.60729798   0.55796046   0.51251693   0.47051919   0.43157737   0.39535640   0.36157163   0.32998406   0.30039524   0.27264210   0.24659183   0.22213694   0.19919067   0.17768272   0.15755542   0.13876041   0.12125570   0.10500326   0.08996705   0.07611142   0.06340000   0.05179479   0.04125567   0.03174014   0.02320324   0.01559767   0.00887408   0.00298137  -0.00213284  -0.00652174  -0.01023891  -0.01333773  -0.01587104  -0.01789059  -0.01944674  -0.02058805  -0.02136099  -0.02180974  -0.02197593  -0.02189855  -0.02161383  -0.02115518  -0.02055321  -0.01983571  -0.01902776  -0.01815178  -0.01722765 
  0.00079599   0.79491709   1.58340855   2.35912119   3.11583994   3.84754044   4.54842177   5.21291340   5.83565072   6.41141501   6.93503729   7.40127263   7.80466712   8.13947001   8.39969291   8.57947959   8.67397114   8.68071629   8.60128292   8.44225166   8.21478227   7.93275561   7.61042549   7.26062425   6.89393308   6.51862594   6.14100661   5.76584839   5.39679011   5.03664171   4.68760067   4.35139737   4.02938928   3.72262093   3.43186245   3.15763553   2.90023310   2.65973643   2.43603203   2.22882964   2.03768163   1.86200392   1.70109797   1.55417338   1.42037047   1.29878235   1.18847574   1.08851031   0.99795595   0.91590793   0.84149951   0.77391225   0.71238373   0.65621308   0.60476418   0.55746703   0.51381729   0.47337437   0.43575835   0.40064591   0.36776561   0.33689269   0.30784365   0.28047075   0.25465665   0.23030923   0.20735680   0.18574367   0.16542617   0.14636923   0.12854337   0.11192220   0.09648043   0.08219223   0.06903011   0.05696402   0.04596090   0.03598441   0.02699489   0.01894956   0.01180280   0.00550656   0.00001083  -0.00473579  -0.00878564  -0.01219137  -0.01500546  -0.01727975  -0.01906496  -0.02041030  -0.02136317  -0.02196878  -0.02227002  -0.02230720  -0.02211796  -0.02173717  -0.02119691  -0.02052648  -0.01975241  -0.01889853  -0.01798610 
  0.00077470   0.77359933   1.54063268   2.29463066   3.02931095   3.73865668   4.41697677   5.05894249   5.65959510   6.21431969   6.71878204   7.16882836   7.56035413   7.88916270   8.15086097   8.34088469   8.45480174   8.48906302   8.44225166   8.31652804   8.11853518   7.85902654   7.55120146   7.20857907   6.84335491   6.46562364   6.08330551   5.70243781   5.32756844   4.96211695   4.60865848   4.26912984   3.94497259   3.63723046   3.34661578   3.07355603   2.81822836   2.58058756   2.36039065   2.15722020   1.97050751   1.79955589   1.64356414   1.50164991   1.37287258   1.25625517   1.15080482   1.05553157   0.96946497   0.89166844   0.82125120   0.75737767   0.69927454   0.64623543   0.59762344   0.55287184   0.51148293   0.47302563   0.43713179   0.40349169   0.37184886   0.34199447   0.31376161   0.28701948   0.26166772   0.23763105   0.21485426   0.19329765   0.17293287   0.15373945   0.13570164   0.11880591   0.10303888   0.08838568   0.07482880   0.06234721   0.05091591   0.04050569   0.03108315   0.02261088   0.01504785   0.00834984   0.00246996  -0.00264075  -0.00703272  -0.01075729  -0.01386608  -0.01641051  -0.01844125  -0.02000781  -0.02115811  -0.02193818  -0.02239187  -0.02256061  -0.02248329  -0.02219611  -0.02173252  -0.02112322  -0.02039613  -0.01957649  -0.01868690 
  0.00075338   0.75225640   1.49780914   2.23006862   2.94266776   3.62955912   4.28509545   4.90408838   5.48184029   6.01414501   6.49725352   6.92780208   7.30270326   7.61900609   7.87374422   8.06381561   8.18597759   8.23709286   8.21478227   8.11853518   7.95101004   7.71886210   7.43242350   7.10420777   6.74698089   6.37225573   5.98956699   5.60638850   5.22838950   4.85979126   4.50370014   4.16237437   3.83742225   3.52994422   3.24063355   2.96984853   2.71766592   2.48392260   2.26825006   2.07010477   1.88879613   1.72351302   1.57334936   1.43732859   1.31442708   1.20359604   1.10378177   1.01394379   0.93307090   0.86019462   0.79440039   0.73483609   0.68071823   0.63133588   0.58605245   0.54430559   0.50560546   0.46953168   0.43572911   0.40390281   0.37381248   0.34526642   0.31811545   0.29224681   0.26757824   0.24405240   0.22163163   0.20029325   0.18002533   0.16082298   0.14268526   0.12561250   0.10960424   0.09465756   0.08076592   0.06791825   0.05609856   0.04528569   0.03545336   0.02657039   0.01860115   0.01150600   0.00524191  -0.00023694  -0.00497847  -0.00903209  -0.01244805  -0.01527684  -0.01756865  -0.01937286  -0.02073759  -0.02170937  -0.02233273  -0.02265002  -0.02270118  -0.02252356  -0.02215186  -0.02161809  -0.02095151  -0.02017870  -0.01932359 
  0.00073155   0.73041300   1.45400951   2.16409934   2.85423957   3.51834508   4.15078348   4.74644983   5.30081648   5.80995416   6.27052053   6.67971344   7.03518698   7.33493149   7.57712349   7.75996338   7.88154069   7.93980342   7.93275561   7.85902654   7.71886210   7.51530042   7.25493202   6.94762556   6.60518172   6.23958050   5.86160185   5.48015235   5.10217952   4.73290125   4.37613278   4.03459709   3.71017782   3.40411132   3.11712806   2.84955615   2.60139829   2.37239066   2.16204999   1.96971286   1.79457004   1.63569723   1.49208349   1.36265742   1.24631138   1.14192376   1.04837900   0.96458537   0.88949022   0.82209286   0.76145472   0.70670711   0.65705656   0.61178785   0.57026503   0.53193059   0.49630305   0.46297326   0.43159964   0.40190264   0.37365869   0.34669385   0.32087728   0.29611491   0.27234325   0.24952356   0.22763644   0.20667698   0.18665037   0.16756813   0.14944487   0.13229561   0.11613364   0.10096884   0.08680645   0.07364625   0.06148208   0.05030166   0.04008663   0.03081288   0.02245092   0.01496644   0.00832097   0.00247252  -0.00262370  -0.00701459  -0.01074845  -0.01387436  -0.01644155  -0.01849888  -0.02009431  -0.02127449  -0.02208440  -0.02256704  -0.02276316  -0.02271112  -0.02244674  -0.02200318  -0.02141098  -0.02069798  -0.01988941 
  0.00070890   0.70774464   1.40859823   2.09580403   2.76286898   3.40368314   4.01262459   4.58464538   5.11533435   5.60095319   6.03844258   6.42539538   6.75999511   7.04091858   7.26720403   7.43809126   7.55284995   7.61063307   7.61042549   7.55120146   7.43242350   7.25493202   7.02201355   6.74010247   6.41854770   6.06839961   5.70081569   5.32579715   4.95156602   4.58448121   4.22924729   3.88921763   3.56668599   3.26312787   2.97938734   2.71581761   2.47238657   2.24875709   2.04434988   1.85839414   1.68996998   1.53804490   1.40150586   1.27918794   1.16989996   1.07244732   0.98565216   0.90837085   0.83950870   0.77803210   0.72297790   0.67346034   0.62867548   0.58790345   0.55050862   0.51593807   0.48371847   0.45345175   0.42480977   0.39752831   0.37140055   0.34627028   0.32202514   0.29858988   0.27591995   0.25399548   0.23281565   0.21239367   0.19275230   0.17391994   0.15592731   0.13880469   0.12257977   0.10727587   0.09291073   0.07949567   0.06703511   0.05552639   0.04495984   0.03531911   0.02658159   0.01871905   0.01169822   0.00548160   0.00002816  -0.00470589  -0.00876636  -0.01220041  -0.01505585  -0.01738056  -0.01922197  -0.02062652  -0.02163931  -0.02230371  -0.02266109  -0.02275061  -0.02260900  -0.02227052  -0.02176681  -0.02112694  -0.02037735 
  0.00068522   0.68405881   1.36119749   2.02463491   2.66786324   3.28477290   3.86976387   4.41783909   4.92467630   5.38667495   5.80097522   6.16544679   6.47864534   6.73973554   6.94838020   7.10459761   7.20859296   7.26057968   7.26062425   7.20857907   7.10420777   6.94762556   6.74010247   6.48503916   6.18861881   5.85961103   5.50827781   5.14492237   4.77873203   4.41720407   4.06606666   3.72947181   3.41027875   3.11032961   2.83068065   2.57178408   2.33362726   2.11583912   1.91777242   1.73856880   1.57721147   1.43256896   1.30343224   1.18854668   1.08663972   0.99644482   0.91672211   0.84627581   0.78396862   0.72873323   0.67958102   0.63560818   0.59599933   0.56002893   0.52706074   0.49654548   0.46801709   0.44108775   0.41544200   0.39083024   0.36706175   0.34399756   0.32154326   0.29964208   0.27826815   0.25742026   0.23711609   0.21738699   0.19827337   0.17982070   0.16207608   0.14508543   0.12889120   0.11353067   0.09903461   0.08542647   0.07272185   0.06092834   0.05004564   0.04006582   0.03097385   0.02274817   0.01536144   0.00878125   0.00297096  -0.00210955  -0.00650306  -0.01025426  -0.01340908  -0.01601400  -0.01811546  -0.01975938  -0.02099063  -0.02185267  -0.02238725  -0.02263407  -0.02263066  -0.02241215  -0.02201123  -0.02145804  -0.02078020 
  0.00066043   0.65927530   1.31164975   1.95036347   2.56893407   3.16128438   3.72185723   4.24571344   4.72860955   5.16705222   5.55832667   5.90049709   6.19237729   6.43347039   6.62387713   6.76417289   6.85525582   6.89817212   6.89393308   6.84335491   6.74698089   6.60518172   6.41854770   6.18861881   5.91878138   5.61487744   5.28504273   4.93871985   4.58533647   4.23324574   3.88919864   3.55827160   3.24404710   2.94888025   2.67416044   2.42053324   2.18807699   1.97643982   1.78494567   1.61267704   1.45854063   1.32132048   1.19972160   1.09240639   0.99802523   0.91524226   0.84275688   0.77932151   0.72375595   0.67495841   0.63191373   0.59369872   0.55948510   0.52854017   0.50022550   0.47399389   0.44938502   0.42601984   0.40359417   0.38187169   0.36067657   0.33988592   0.31942234   0.29924662   0.27935080   0.25975175   0.24048511   0.22160003   0.20315434   0.18521045   0.16783182   0.15108011   0.13501276   0.11968126   0.10512980   0.09139435   0.07850220   0.06647173   0.05531256   0.04502579   0.03560454   0.02703460   0.01929510   0.01235937   0.00619572   0.00076829  -0.00396210  -0.00803721  -0.01150056  -0.01439679  -0.01677097  -0.01866807  -0.02013241  -0.02120725  -0.02193441  -0.02235396  -0.02250395  -0.02242026  -0.02213646  -0.02168367  -0.02109058 
  0.00063455   0.63340669   1.25997996   1.87302714   2.46613289   3.03328741   3.56900248   4.06841172   4.52735170   4.94242127   5.31101667   5.63134048   5.90238318   6.12387622   6.29621616   6.42035994   6.49769199   6.52986584   6.51862594   6.46562364   6.37225573   6.23958050   6.06839961   5.85961103   5.61487744   5.33745498   5.03276632   4.70827000   4.37257027   4.03421219   3.70071153   3.37807051   3.07071337   2.78165668   2.51276129   2.26498101   2.03857547   1.83328102   1.64844460   1.48312804   1.33618986   1.20635016   1.09224270   0.99245722   0.90557405   0.83019248   0.76495378   0.70855984   0.65978772   0.61750060   0.58065562   0.54830869   0.51961686   0.49383826   0.47033019   0.44854545   0.42802728   0.40840335   0.38937872   0.37072847   0.35228982   0.33395431   0.31566000   0.29738385   0.27913464   0.26094619   0.24287127   0.22497605   0.20733519   0.19002762   0.17313290   0.15672823   0.14088602   0.12567207   0.11114414   0.09735102   0.08433201   0.07211673   0.06072514   0.05016788   0.04044679   0.03155552   0.02348028   0.01620068   0.00969057   0.00391888  -0.00114945  -0.00555269  -0.00933151  -0.01252822  -0.01518611  -0.01734880  -0.01905972  -0.02036159  -0.02129602  -0.02190316  -0.02222142  -0.02228722  -0.02213482  -0.02179621  -0.02130105 
  0.00060766   0.60653968   1.20635919   1.79287714   2.35978575   2.90117783   3.41166224   3.88646451   4.32150946   4.71348344   5.05987385   5.35898439   5.60992485   5.81257473   5.96752032   6.07596540   6.13961593   6.16054018   6.14100661   6.08330551   5.98956699   5.86160185   5.70081569   5.50827781   5.28504273   5.03276632   4.75447623   4.45511390   4.14143249   3.82119385   3.50206945   3.19075161   2.89250984   2.61113425   2.34909712   2.10779138   1.88776714   1.68893528   1.51073209   1.35224892   1.21233362   1.08967010   0.98284115   0.89037843   0.81080240   0.74265435   0.68452179   0.63505847   0.59299962   0.55717325   0.52650779   0.50003669   0.47690029   0.45634525   0.43772211   0.42048099   0.40416615   0.38840928   0.37292215   0.35748873   0.34195698   0.32623067   0.31026126   0.29404008   0.27759089   0.26096305   0.24422512   0.22745919   0.21075585   0.19420979   0.17791608   0.16196706   0.14644986   0.13144442   0.11702208   0.10324456   0.09016339   0.07781966   0.06624405   0.05545718   0.04547001   0.03628459   0.02789469   0.02028674   0.01344065   0.00733069   0.00192643  -0.00280641  -0.00690516  -0.01040935  -0.01336004  -0.01579912  -0.01776874  -0.01931074  -0.02046624  -0.02127519  -0.02177609  -0.02200570  -0.02199881  -0.02178813  -0.02140414 
  0.00057992   0.57881768   1.15107050   1.71032899   2.25043079   2.76560491   3.25058521   3.70070988   4.11200412   4.48124356   4.80599664   5.08464421   5.31637564   5.50116067   5.63969695   5.73333357   5.78397092   5.79393800   5.76584839   5.70243781   5.60638850   5.48015235   5.32579715   5.14492237   4.93871985   4.70827000   4.45511390   4.18197311   3.89326478   3.59502560   3.29418706   2.99757192   2.71107935   2.43927846   2.18535907   1.95128540   1.73802179   1.54575728   1.37409978   1.22223369   1.08904444   0.97321596   0.87330691   0.78781049   0.71520138   0.65397266   0.60266454   0.55988652   0.52433406   0.49480044   0.47018480   0.44949665   0.43185754   0.41650015   0.40276543   0.39009789   0.37803965   0.36622338   0.35436449   0.34225288   0.32974442   0.31675242   0.30323924   0.28920824   0.27469612   0.25976584   0.24450008   0.22899540   0.21335705   0.19769442   0.18211725   0.16673233   0.15164101   0.13693703   0.12270511   0.10901982   0.09594496   0.08353326   0.07182635   0.06085511   0.05064004   0.04119195   0.03251266   0.02459589   0.01742809   0.01098939   0.00525448   0.00019354  -0.00422690  -0.00804316  -0.01129363  -0.01401806  -0.01625693  -0.01805087  -0.01944015  -0.02046426  -0.02116152  -0.02156880  -0.02172123  -0.02165205  -0.02139242 
  0.00055149   0.55042492   1.09447768   1.62591703   2.13876007   2.62740272   3.08673008   3.51221361   3.89999259   4.24693765   4.55069449   4.80970656   5.02321580   5.19124103   5.31453404   5.39451361   5.43317829   5.43299862   5.39679011   5.32756844   5.22838950   5.10217952   4.95156602   4.77873203   4.58533647   4.37257027   4.14143249   3.89326478   3.63042704   3.35678877   3.07767635   2.79921852   2.52742889   2.26745790   2.02322001   1.79735112   1.59135454   1.40581443   1.24060847   1.09509226   0.96824931   0.85880963   0.76534237   0.68632793   0.62021391   0.56545848   0.52056370   0.48410074   0.45472862   0.43120741   0.41240692   0.39731162   0.38502229   0.37475511   0.36583843   0.35770792   0.34990017   0.34204533   0.33385899   0.32513361   0.31572968   0.30556695   0.29461576   0.28288877   0.27043311   0.25732307   0.24365341   0.22953335   0.21508121   0.20041977   0.18567225   0.17095900   0.15639480   0.14208668   0.12813231   0.11461888   0.10162233   0.08920704   0.07742572   0.06631969   0.05591926   0.04624435   0.03730522   0.02910327   0.02163199   0.01487777   0.00882095   0.00343663  -0.00130436  -0.00543467  -0.00898957  -0.01200625  -0.01452315  -0.01657930  -0.01821382  -0.01946540  -0.02037193  -0.02097012  -0.02129524  -0.02138084  -0.02125865 
