# coconut-me2b/v0.99.21 
# 
# momentum space matrix elements 
# partial wave J=1, L=1/1, S=0, T=0, MT=0 
# 
# momentum grid [fm^-1]
0.000000 0.100000 0.200000 0.300000 0.400000 0.500000 0.600000 0.700000 0.800000 0.900000 1.000000 1.100000 1.200000 1.300000 1.400000 1.500000 1.600000 1.700000 1.800000 1.900000 2.000000 2.100000 2.200000 2.300000 2.400000 2.500000 2.600000 2.700000 2.800000 2.900000 3.000000 3.100000 3.200000 3.300000 3.400000 3.500000 3.600000 3.700000 3.800000 3.900000 4.000000 4.100000 4.200000 4.300000 4.400000 4.500000 4.600000 4.700000 4.800000 4.900000 5.000000 5.100000 5.200000 5.300000 5.400000 5.500000 5.600000 5.700000 5.800000 5.900000 6.000000 6.100000 6.200000 6.300000 6.400000 6.500000 6.600000 6.700000 6.800000 6.900000 7.000000 7.100000 7.200000 7.300000 7.400000 7.500000 7.600000 7.700000 7.800000 7.900000 8.000000 8.100000 8.200000 8.300000 8.400000 8.500000 8.600000 8.700000 8.800000 8.900000 9.000000 9.100000 9.200000 9.300000 9.400000 9.500000 9.600000 9.700000 9.800000 9.900000 10.000000 
#
# matrix elements [MeV fm^3] 
  0.00000080   0.00076815   0.00137227   0.00173055   0.00185767   0.00182191   0.00169748   0.00154006   0.00138306   0.00124278   0.00112489   0.00102940   0.00095367   0.00089416   0.00084730   0.00080983   0.00077899   0.00075252   0.00072864   0.00070599   0.00068354   0.00066060   0.00063672   0.00061163   0.00058527   0.00055765   0.00052893   0.00049929   0.00046901   0.00043834   0.00040758   0.00037702   0.00034692   0.00031755   0.00028912   0.00026183   0.00023584   0.00021127   0.00018823   0.00016677   0.00014692   0.00012869   0.00011206   0.00009698   0.00008340   0.00007126   0.00006045   0.00005091   0.00004253   0.00003521   0.00002887   0.00002340   0.00001871   0.00001472   0.00001135   0.00000851   0.00000615   0.00000420   0.00000259   0.00000128   0.00000023  -0.00000061  -0.00000126  -0.00000177  -0.00000215  -0.00000243  -0.00000262  -0.00000274  -0.00000280  -0.00000282  -0.00000280  -0.00000276  -0.00000269  -0.00000260  -0.00000249  -0.00000238  -0.00000226  -0.00000214  -0.00000201  -0.00000189  -0.00000176  -0.00000164  -0.00000151  -0.00000140  -0.00000128  -0.00000118  -0.00000107  -0.00000097  -0.00000088  -0.00000080  -0.00000072  -0.00000064  -0.00000057  -0.00000051  -0.00000045  -0.00000040  -0.00000035  -0.00000031  -0.00000027  -0.00000023  -0.00000020 
  0.00076815   0.73985117   1.32785071   1.68489721   1.82012051   1.79504399   1.67989723   1.52918907   1.37654993   1.23891682   1.12256352   1.02790970   0.95260817   0.89329408   0.84648499   0.80899696   0.77810414   0.75157076   0.72762437   0.70490557   0.68241102   0.65943774   0.63553170   0.61044177   0.58407917   0.55648180   0.52778344   0.49818697   0.46794158   0.43732341   0.40661940   0.37611417   0.34607942   0.31676594   0.28839771   0.26116791   0.23523674   0.21073055   0.18774233   0.16633306   0.14653387   0.12834886   0.11175815   0.09672129   0.08318066   0.07106491   0.06029217   0.05077318   0.04241399   0.03511849   0.02879055   0.02333579   0.01866309   0.01468573   0.01132226   0.00849704   0.00614065   0.00419000   0.00258830   0.00128490   0.00023502  -0.00060063  -0.00125624  -0.00176136  -0.00214135  -0.00241783  -0.00260913  -0.00273071  -0.00279556  -0.00281452  -0.00279665  -0.00274947  -0.00267923  -0.00259111  -0.00248943  -0.00237775  -0.00225906  -0.00213583  -0.00201013  -0.00188368  -0.00175791  -0.00163402  -0.00151299  -0.00139561  -0.00128255  -0.00117431  -0.00107127  -0.00097372  -0.00088184  -0.00079574  -0.00071544  -0.00064089  -0.00057201  -0.00050865  -0.00045062  -0.00039771  -0.00034967  -0.00030625  -0.00026716  -0.00023212  -0.00020085 
  0.00137227   1.32785071   2.41318328   3.11464334   3.42530733   3.43300620   3.25525512   2.99288875   2.71351134   2.45421600   2.23083296   2.04668436   1.89873451   1.78129613   1.68803965   1.61297875   1.55088927   1.49743469   1.44914948   1.40336040   1.35808564   1.31193122   1.26399293   1.21376730   1.16107219   1.10597693   1.04874133   0.98976283   0.92953129   0.86859055   0.80750640   0.74684037   0.68712884   0.62886695   0.57249691   0.51840011   0.46689260   0.41822355   0.37257598   0.33006954   0.29076486   0.25466893   0.22174131   0.19190082   0.16503233   0.14099350   0.11962130   0.10073799   0.08415671   0.06968635   0.05713580   0.04631755   0.03705058   0.02916268   0.02249209   0.01688872   0.01221479   0.00834513   0.00516709   0.00258024   0.00049578  -0.00116414  -0.00246729  -0.00347219  -0.00422907  -0.00478073  -0.00516349  -0.00540792  -0.00553974  -0.00558040  -0.00554782  -0.00545689  -0.00531998  -0.00514736  -0.00494755  -0.00472765  -0.00449356  -0.00425020  -0.00400168  -0.00375143  -0.00350232  -0.00325673  -0.00301663  -0.00278364  -0.00255905  -0.00234390  -0.00213899  -0.00194488  -0.00176197  -0.00159047  -0.00143044  -0.00128182  -0.00114443  -0.00101800  -0.00090216  -0.00079650  -0.00070053  -0.00061374  -0.00053559  -0.00046552  -0.00040295 
  0.00173055   1.68489721   3.11464334   4.11789262   4.64997874   4.77805970   4.62723894   4.32497828   3.96898885   3.62007757   3.30887405   3.04609554   2.83121927   2.65832455   2.51953708   2.40686137   2.31305225   2.23195726   2.15858602   2.08904862   2.02043840   1.95069679   1.87847887   1.80302741   1.72405873   1.64166111   1.55620542   1.46826743   1.37856091   1.28788080   1.19705573   1.10690905   1.01822779   0.93173876   0.84809105   0.76784431   0.69146199   0.61930890   0.55165233   0.48866608   0.43043686   0.37697225   0.32820988   0.28402729   0.24425200   0.20867150   0.17704280   0.14910141   0.12456950   0.10316315   0.08459862   0.06859766   0.05489180   0.04322572   0.03335973   0.02507151   0.01815706   0.01243111   0.00772703   0.00389630   0.00080765  -0.00165395  -0.00358857  -0.00508262  -0.00621020  -0.00703448  -0.00760897  -0.00797877  -0.00818174  -0.00824953  -0.00820851  -0.00808063  -0.00788413  -0.00763414  -0.00734327  -0.00702199  -0.00667903  -0.00632171  -0.00595611  -0.00558737  -0.00521975  -0.00485683  -0.00450158  -0.00415644  -0.00382340  -0.00350403  -0.00319956  -0.00291089  -0.00263862  -0.00238312  -0.00214453  -0.00192278  -0.00171764  -0.00152872  -0.00135551  -0.00119741  -0.00105372  -0.00092370  -0.00080654  -0.00070143  -0.00060752 
  0.00185767   1.82012051   3.42530733   4.64997874   5.41501405   5.73834014   5.71241011   5.46079367   5.09775290   4.70673356   4.33757450   4.01370982   3.74150169   3.51787654   3.33542482   3.18539960   3.05930445   2.94963555   2.85015432   2.75591568   2.66317842   2.56926564   2.47241010   2.37160167   2.26644495   2.15703002   2.04381762   1.92753837   1.80910562   1.68954122   1.56991313   1.45128434   1.33467199   1.22101579   1.11115504   1.00581299   0.90558792   0.81094976   0.72224149   0.63968436   0.56338613   0.49335153   0.42949421   0.37164960   0.31958810   0.27302812   0.23164860   0.19510072   0.16301857   0.13502863   0.11075797   0.08984112   0.07192575   0.05667696   0.04378060   0.03294539   0.02390426   0.01641481   0.01025911   0.00524307   0.00119525  -0.00203452  -0.00457677  -0.00654416  -0.00803323  -0.00912622  -0.00989279  -0.01039160  -0.01067188  -0.01077477  -0.01073456  -0.01057979  -0.01033417  -0.01001741  -0.00964594  -0.00923343  -0.00879132  -0.00832917  -0.00785504  -0.00737566  -0.00689673  -0.00642299  -0.00595844  -0.00550636  -0.00506944  -0.00464986  -0.00424930  -0.00386902  -0.00350992  -0.00317255  -0.00285714  -0.00256368  -0.00229192  -0.00204139  -0.00181149  -0.00160143  -0.00141036  -0.00123730  -0.00108122  -0.00094107  -0.00081575 
  0.00182191   1.79504399   3.43300620   4.77805970   5.73834014   6.28511617   6.45729463   6.34409870   6.05300342   5.67989784   5.29345971   4.93380630   4.61883016   4.35211927   4.12943204   3.94304663   3.78433513   3.64513104   3.51836340   3.39827773   3.28043856   3.16162499   3.03968053   2.91334913   2.78211410   2.64604753   2.50567398   2.36184949   2.21565608   2.06831139   1.92109250   1.77527336   1.63207448   1.49262424   1.35793034   1.22886059   1.10613170   0.99030497   0.88178790   0.78084036   0.68758462   0.60201799   0.52402741   0.45340507   0.38986451   0.33305647   0.28258419   0.23801766   0.19890663   0.16479211   0.13521640   0.10973144   0.08790563   0.06932911   0.05361770   0.04041549   0.02939640   0.02026469   0.01275472   0.00663005   0.00168204  -0.00227194  -0.00539048  -0.00781036  -0.00964869  -0.01100517  -0.01196413  -0.01259661  -0.01296216  -0.01311052  -0.01308318  -0.01291463  -0.01263358  -0.01226392  -0.01182556  -0.01133514  -0.01080661  -0.01025168  -0.00968023  -0.00910059  -0.00851983  -0.00794388  -0.00737775  -0.00682560  -0.00629089  -0.00577641  -0.00528436  -0.00481645  -0.00437388  -0.00395744  -0.00356756  -0.00320430  -0.00286745  -0.00255652  -0.00227082  -0.00200948  -0.00177147  -0.00155565  -0.00136080  -0.00118563  -0.00102882 
  0.00169748   1.67989723   3.25525512   4.62723894   5.71241011   6.45729463   6.85283983   6.93894512   6.79234429   6.50248074   6.14841642   5.78652489   5.44944756   5.15128932   4.89418611   4.67374104   4.48271983   4.31326088   4.15805753   4.01090486   3.86688223   3.72233986   3.57478790   3.42274302   3.26556223   3.10327991   2.93645575   2.76603737   2.59323924   2.41943792   2.24608354   2.07462651   1.90645865   1.74286759   1.58500316   1.43385458   1.29023709   1.15478668   1.02796168   0.91004987   0.80117996   0.70133626   0.61037560   0.52804550   0.45400285   0.38783238   0.32906444   0.27719157   0.23168362   0.19200115   0.15760701   0.12797603   0.10260295   0.08100847   0.06274378   0.04739351   0.03457749   0.02395125   0.01520570   0.00806601   0.00228991  -0.00233444  -0.00599081  -0.00883751  -0.01100996  -0.01262328  -0.01377482  -0.01454647  -0.01500683  -0.01521320  -0.01521332  -0.01504694  -0.01474713  -0.01434148  -0.01385299  -0.01330097  -0.01270164  -0.01206869  -0.01141372  -0.01074660  -0.01007570  -0.00940815  -0.00874999  -0.00810630  -0.00748132  -0.00687854  -0.00630075  -0.00575013  -0.00522829  -0.00473633  -0.00427491  -0.00384425  -0.00344424  -0.00307443  -0.00273411  -0.00242234  -0.00213799  -0.00187979  -0.00164635  -0.00143620  -0.00124784 
  0.00154006   1.52918907   2.99288875   4.32497828   5.46079367   6.34409870   6.93894512   7.24210159   7.28791753   7.13975988   6.87125563   6.54771795   6.21592751   5.90303966   5.62072823   5.37059913   5.14875302   4.94893102   4.76441792   4.58906822   4.41778033   4.24664887   4.07294112   3.89498443   3.71201451   3.52401218   3.33154366   3.13561215   2.93752465   2.73877545   2.54094684   2.34562649   2.15434073   1.96850272   1.78937411   1.61803881   1.45538756   1.30211166   1.15870442   1.02546900   0.90253112   0.78985555   0.68726497   0.59446043   0.51104233   0.43653120   0.37038764   0.31203098   0.26085627   0.21624927   0.17759947   0.14431094   0.11581111   0.09155761   0.07104317   0.05379893   0.03939625   0.02744724   0.01760429   0.00955870   0.00303870  -0.00219302  -0.00634208  -0.00958532  -0.01207384  -0.01393594  -0.01527994  -0.01619687  -0.01676292  -0.01704169  -0.01708615  -0.01694042  -0.01664123  -0.01621927  -0.01570021  -0.01510564  -0.01445380  -0.01376015  -0.01303790  -0.01229831  -0.01155106  -0.01080444  -0.01006555  -0.00934042  -0.00863413  -0.00795092  -0.00729423  -0.00666680  -0.00607073  -0.00550750  -0.00497809  -0.00448295  -0.00402213  -0.00359530  -0.00320179  -0.00284065  -0.00251071  -0.00221061  -0.00193885  -0.00169382  -0.00147384 
  0.00138306   1.37654993   2.71351134   3.96898885   5.09775290   6.05300342   6.79234429   7.28791753   7.53723991   7.56805861   7.43214475   7.19031099   6.89707020   6.59188688   6.29796297   6.02550449   5.77618647   5.54699324   5.33290475   5.12853999   4.92904948   4.73052733   4.53013880   4.32609017   4.11751798   3.90434263   3.68711209   3.46684963   3.24491341   3.02287153   2.80239423   2.58516355   2.37279988   2.16680462   1.96851754   1.77908754   1.59945516   1.43034527   1.27226840   1.12552896   0.99023909   0.86633645   0.75360498   0.65169710   0.56015677   0.47844216   0.40594754   0.34202363   0.28599621   0.23718249   0.19490529   0.15850488   0.12734846   0.10083756   0.07841330   0.05955991   0.04380655   0.03072779   0.01994295   0.01111448   0.00394571  -0.00182202  -0.00641242  -0.01001758  -0.01280136  -0.01490264  -0.01643849  -0.01750716  -0.01819080  -0.01855789  -0.01866547  -0.01856104  -0.01828421  -0.01786809  -0.01734050  -0.01672493  -0.01604129  -0.01530662  -0.01453551  -0.01374059  -0.01293275  -0.01212143  -0.01131478  -0.01051982  -0.00974254  -0.00898797  -0.00826031  -0.00756294  -0.00689850  -0.00626898  -0.00567573  -0.00511955  -0.00460071  -0.00411908  -0.00367410  -0.00326489  -0.00289029  -0.00254891  -0.00223919  -0.00195941  -0.00170778 
  0.00124278   1.23891682   2.45421600   3.62007757   4.70673356   5.67989784   6.50248074   7.13975988   7.56805861   7.78417969   7.81004227   7.68808625   7.46905985   7.19911369   6.91217426   6.62862468   6.35786583   6.10200978   5.85912420   5.62553368   5.39724211   5.17071011   4.94321347   4.71295019   4.47900680   4.24125227   4.00020007   3.75686207   3.51260737   3.26903333   3.02785227   2.79079540   2.55953414   2.33561818   2.12042922   1.91514900   1.72073996   1.53793699   1.36724836   1.20896431   1.06317162   0.92977263   0.80850721   0.69897671   0.60066846   0.51298014   0.43524317   0.36674452   0.30674657   0.25450460   0.20928193   0.17036241   0.13706060   0.10872943   0.08476577   0.06461398   0.04776775   0.03377043   0.02221414   0.01273793   0.00502513  -0.00119974  -0.00617449  -0.01010288  -0.01315834  -0.01548756  -0.01721396  -0.01844090  -0.01925468  -0.01972715  -0.01991814  -0.01987744  -0.01964665  -0.01926062  -0.01874871  -0.01813584  -0.01744327  -0.01668933  -0.01588985  -0.01505864  -0.01420777  -0.01334778  -0.01248791  -0.01163617  -0.01079952  -0.00998387  -0.00919423  -0.00843471  -0.00770861  -0.00701850  -0.00636620  -0.00575293  -0.00517932  -0.00464548  -0.00415106  -0.00369533  -0.00327719  -0.00289531  -0.00254809  -0.00223380  -0.00195054 
  0.00112489   1.12256352   2.23083296   3.30887405   4.33757450   5.29345971   6.14841642   6.87125563   7.43214475   7.81004227   8.00091579   8.02207179   7.90869629   7.70374111   7.44691753   7.16797062   6.88529160   6.60791911   6.33860596   6.07657116   5.81947770   5.56466661   5.30983527   5.05334995   4.79433654   4.53264623   4.26875666   4.00364534   3.73865659   3.47537433   3.21550736   2.96079019   2.71290095   2.47339610   2.24366137   2.02487749   1.81799938   1.62374683   1.44260518   1.27483395   1.12048196   0.97940714   0.85129958   0.73570661   0.63205857   0.53969439   0.45788614   0.38586197   0.32282689   0.26798111   0.22053582   0.17972625   0.14482212   0.11513563   0.09002705   0.06890831   0.05124465   0.03655483   0.02440995   0.01443133   0.00628754  -0.00030905  -0.00560609  -0.00981522  -0.01311610  -0.01566028  -0.01757496  -0.01896639  -0.01992312  -0.02051874  -0.02081446  -0.02086126  -0.02070174  -0.02037170  -0.01990144  -0.01931680  -0.01864001  -0.01789036  -0.01708475  -0.01623802  -0.01536331  -0.01447225  -0.01357513  -0.01268101  -0.01179785  -0.01093252  -0.01009091  -0.00927795  -0.00849772  -0.00775342  -0.00704749  -0.00638166  -0.00575699  -0.00517394  -0.00463246  -0.00413202  -0.00367170  -0.00325025  -0.00286615  -0.00251765  -0.00220286 
  0.00102940   1.02790970   2.04668436   3.04609554   4.01370982   4.93380630   5.78652489   6.54771795   7.19031099   7.68808625   8.02207179   8.18772137   8.19890994   8.08529471   7.88382840   7.62927015   7.34820535   7.05762526   6.76648569   6.47826408   6.19330344   5.91051833   5.62846857   5.34595305   5.06228372   4.77736439   4.49165863   4.20610092   3.92198368   3.64083975   3.36433142   3.09415178   2.83194154   2.57922203   2.33734437   2.10745360   1.89046665   1.68706224   1.49768117   1.32253488   1.16162089   1.01474311   0.88153557   0.76148833   0.65397402   0.55827437   0.47360549   0.39914158   0.33403631   0.27744171   0.22852433   0.18647862   0.15053749   0.11998038   0.09413882   0.07239981   0.05420741   0.03906255   0.02652167   0.01619418   0.00773925   0.00086196  -0.00469080  -0.00913466  -0.01265203  -0.01539630  -0.01749575  -0.01905724  -0.02016953  -0.02090626  -0.02132861  -0.02148749  -0.02142551  -0.02117861  -0.02077731  -0.02024786  -0.01961302  -0.01889276  -0.01810475  -0.01726474  -0.01638683  -0.01548367  -0.01456659  -0.01364574  -0.01273008  -0.01182753  -0.01094494  -0.01008817  -0.00926211  -0.00847078  -0.00771728  -0.00700397  -0.00633244  -0.00570360  -0.00511777  -0.00457475  -0.00407384  -0.00361398  -0.00319375  -0.00281150  -0.00246536 
  0.00095367   0.95260817   1.89873451   2.83121927   3.74150169   4.61883016   5.44944756   6.21592751   6.89707020   7.46905985   7.90869629   8.19890994   8.33505806   8.32858731   8.20499667   7.99663422   7.73444106   7.44260013   7.13711208   6.82700452   6.51647356   6.20688942   5.89827388   5.59023848   5.28250707   4.97515870   4.66869855   4.36403123   4.06238410   3.76521012   3.47408756   3.19062671   2.91638862   2.65281861   2.40119488   2.16259207   1.93785844   1.72760525   1.53220664   1.35180817   1.18634223   1.03554861   0.89899860   0.77612129   0.66623065   0.56855242   0.48224991   0.40644801   0.34025495   0.28278133   0.23315648   0.19054181   0.15414140   0.12320986   0.09705779   0.07505488   0.05663116   0.04127660   0.02853928   0.01802263   0.00938178   0.00231944  -0.00341858  -0.00804791  -0.01175023  -0.01467764  -0.01695681  -0.01869280  -0.01997259  -0.02086812  -0.02143899  -0.02173483  -0.02179721  -0.02166130  -0.02135718  -0.02091088  -0.02034528  -0.01968066  -0.01893521  -0.01812538  -0.01726612  -0.01637103  -0.01545246  -0.01452160  -0.01358854  -0.01266223  -0.01175059  -0.01086047  -0.00999771  -0.00916719  -0.00837284  -0.00761770  -0.00690401  -0.00623324  -0.00560619  -0.00502303  -0.00448341  -0.00398651  -0.00353112  -0.00311572  -0.00273851 
  0.00089416   0.89329408   1.78129613   2.65832455   3.51787654   4.35211927   5.15128932   5.90303966   6.59188688   7.19911369   7.70374111   8.08529471   8.32858731   8.42926116   8.39713199   8.25459872   8.03046746   7.75271151   7.44365817   7.11858294   6.78664325   6.45268089   6.11894666   5.78638659   5.45546628   5.12663447   4.80054164   4.47810739   4.16050169   3.84908243   3.54531546   3.25069278   2.96665750   2.69454048   2.43551038   2.19053762   1.96037161   1.74552995   1.54629806   1.36273761   1.19470179   1.04185587   0.90370138   0.77960243   0.66881292   0.57050352   0.48378749   0.40774479   0.34144372   0.28395995   0.23439268   0.19187782   0.15559830   0.12479172   0.09875532   0.07684888   0.05849550   0.04318083   0.03045090   0.01990890   0.01121126   0.00406314  -0.00178633  -0.00654889  -0.01040198  -0.01349332  -0.01594524  -0.01785867  -0.01931672  -0.02038784  -0.02112860  -0.02158602  -0.02179954  -0.02180269  -0.02162433  -0.02128974  -0.02082136  -0.02023943  -0.01956237  -0.01880714  -0.01798937  -0.01712351  -0.01622290  -0.01529979  -0.01436535  -0.01342967  -0.01250178  -0.01158961  -0.01070003  -0.00983890  -0.00901103  -0.00822030  -0.00746969  -0.00676132  -0.00609656  -0.00547608  -0.00489992  -0.00436762  -0.00387824  -0.00343045  -0.00302263 
  0.00084730   0.84648499   1.68803965   2.51953708   3.33542482   4.12943204   4.89418611   5.62072823   6.29796297   6.91217426   7.44691753   7.88382840   8.20499667   8.39713199   8.45645971   8.39176694   8.22314736   7.97665811   7.67792692   7.34780452   7.00099344   6.64676515   6.29048550   5.93510657   5.58229314   5.23315243   4.88864959   4.54980848   4.21777909   3.89382904   3.57929679   3.27552970   2.98382091   2.70535274   2.44115058   2.19204889   1.95866940   1.74141069   1.54044791   1.35574102   1.18705000   1.03395506   0.89588071   0.77212173   0.66187018   0.56424212   0.47830313   0.40309207   0.33764243   0.28100095   0.23224337   0.19048718   0.15490151   0.12471424   0.09921659   0.07776546   0.05978382   0.04475941   0.03224219   0.02184074   0.01321790   0.00608595   0.00020160  -0.00463920  -0.00860622  -0.01183979  -0.01445526  -0.01654706  -0.01819240  -0.01945450  -0.02038536  -0.02102809  -0.02141896  -0.02158889  -0.02156478  -0.02137050  -0.02102759  -0.02055582  -0.01997355  -0.01929797  -0.01854525  -0.01773058  -0.01686820  -0.01597141  -0.01505247  -0.01412264  -0.01319211  -0.01226995  -0.01136418  -0.01048168  -0.00962830  -0.00880882  -0.00802706  -0.00728591  -0.00658739  -0.00593277  -0.00532260  -0.00475682  -0.00423486  -0.00375567  -0.00331785 
  0.00080983   0.80899696   1.61297875   2.40686137   3.18539960   3.94304663   4.67374104   5.37059913   6.02550449   6.62862468   7.16797062   7.62927015   7.99663422   8.25459872   8.39176694   8.40514925   8.30293433   8.10348808   7.83069397   7.50827455   7.15585048   6.78761603   6.41288681   6.03739923   5.66460954   5.29668770   4.93516894   4.58133108   4.23638282   3.90153441   3.57800101   3.26697221   2.96956826   2.68679530   2.41950632   2.16837132   1.93385778   1.71622151   1.51550682   1.33155488   1.16401868   1.01238299   0.87598782   0.75405406   0.64570980   0.55001645   0.46599373   0.39264271   0.32896656   0.27398850   0.22676685   0.18640721   0.15207163   0.12298511   0.09843959   0.07779571   0.06048259   0.04599612   0.03389584   0.02380094   0.01538552   0.00837346   0.00253303  -0.00232848  -0.00636993  -0.00972135  -0.01248852  -0.01475714  -0.01659654  -0.01806297  -0.01920238  -0.02005271  -0.02064592  -0.02100943  -0.02116741  -0.02114165  -0.02095227  -0.02061815  -0.02015723  -0.01958669  -0.01892303  -0.01818204  -0.01737880  -0.01652757  -0.01564173  -0.01473370  -0.01381486  -0.01289552  -0.01198486  -0.01109094  -0.01022066  -0.00937986  -0.00857328  -0.00780465  -0.00707679  -0.00639163  -0.00575032  -0.00515332  -0.00460047  -0.00409110  -0.00362408 
  0.00077899   0.77810414   1.55088927   2.31305225   3.05930445   3.78433513   4.48271983   5.14875302   5.77618647   6.35786583   6.88529160   7.34820535   7.73444106   8.03046746   8.22314736   8.30293433   8.26773190   8.12541436   7.89302072   7.59266275   7.24645493   6.87293208   6.48578023   6.09425300   5.70428685   5.31964092   4.94278107   4.57546757   4.21910241   3.87490980   3.54401221   3.22744657   2.92615015   2.64093429   2.37245692   2.12119969   1.88745266   1.67130748   1.47265874   1.29121277   1.12650252   0.97790713   0.84467482   0.72594774   0.62078749   0.52820039   0.44716147   0.37663670   0.31560268   0.26306378   0.21806626   0.17970956   0.14715469   0.11962990   0.09643394   0.07693716   0.06058061   0.04687379   0.03539099   0.02576685   0.01769121   0.01090359   0.00518759   0.00036523  -0.00370842  -0.00715037  -0.01005441  -0.01249533  -0.01453273  -0.01621423  -0.01757826  -0.01865638  -0.01947513  -0.02005753  -0.02042422  -0.02059428  -0.02058583  -0.02041642  -0.02010321  -0.01966309  -0.01911266  -0.01846817  -0.01774538  -0.01695946  -0.01612487  -0.01525519  -0.01436303  -0.01345996  -0.01255639  -0.01166161  -0.01078370  -0.00992959  -0.00910507  -0.00831481  -0.00756250  -0.00685083  -0.00618165  -0.00555602  -0.00497428  -0.00443621  -0.00394104 
  0.00075252   0.75157076   1.49743469   2.23195726   2.94963555   3.64513104   4.31326088   4.94893102   5.54699324   6.10200978   6.60791911   7.05762526   7.44260013   7.75271151   7.97665811   8.10348808   8.12541436   8.04125802   7.85874282   7.59384142   7.26716022   6.89939299   6.50805711   6.10628612   5.70314529   5.30459711   4.91450984   4.53545087   4.16922247   3.81718585   3.48043732   3.15989127   2.85630924   2.57030149   2.30231696   2.05263146   1.82133900   1.60834899   1.41338978   1.23601841   1.07563576   0.93150577   0.80277770   0.68851009   0.58769525   0.49928339   0.42220550   0.35539431   0.29780289   0.24842057   0.20628602   0.17049744   0.14021995   0.11469036   0.09321956   0.07519282   0.06006821   0.04737367   0.03670284   0.02771010   0.02010499   0.01364638   0.00813655   0.00341532  -0.00064554  -0.00414753  -0.00717021  -0.00977551  -0.01201147  -0.01391555  -0.01551730  -0.01684066  -0.01790575  -0.01873026  -0.01933052  -0.01972224  -0.01992099  -0.01994251  -0.01980279  -0.01951812  -0.01910495  -0.01857977  -0.01795892  -0.01725839  -0.01649362  -0.01567934  -0.01482939  -0.01395660  -0.01307271  -0.01218825  -0.01131256  -0.01045375  -0.00961872  -0.00881321  -0.00804183  -0.00730815  -0.00661479  -0.00596349  -0.00535521  -0.00479021  -0.00426819 
  0.00072864   0.72762437   1.44914948   2.15858602   2.85015432   3.51836340   4.15805753   4.76441792   5.33290475   5.85912420   6.33860596   6.76648569   7.13711208   7.44365817   7.67792692   7.83069397   7.89302072   7.85874282   7.72755310   7.50709355   7.21242243   6.86280458   6.47761946   6.07338285   5.66260523   5.25403119   4.85348325   4.46476226   4.09036591   3.73198229   3.39079603   3.06766251   2.76319836   2.47782284   2.21177378   1.96511196   1.73772283   1.52931988   1.33945179   1.16751411   1.01276504   0.87434464   0.75129649   0.64259069   0.54714723   0.46385877   0.39161221   0.32930821   0.27587843   0.23030010   0.19160780   0.15890243   0.13135744   0.10822259   0.08882534   0.07257023   0.05893663   0.04747505   0.03780236   0.02959636   0.02258975   0.01656392   0.01134277   0.00678657   0.00278628  -0.00074189  -0.00386126  -0.00661909  -0.00905028  -0.01118066  -0.01302963  -0.01461238  -0.01594159  -0.01702875  -0.01788513  -0.01852238  -0.01895297  -0.01919033  -0.01924889  -0.01914397  -0.01889162  -0.01850834  -0.01801087  -0.01741588  -0.01673974  -0.01599826  -0.01520647  -0.01437851  -0.01352740  -0.01266500  -0.01180196  -0.01094763  -0.01011011  -0.00929624  -0.00851169  -0.00776097  -0.00704756  -0.00637397  -0.00574184  -0.00515203  -0.00460473 
  0.00070599   0.70490557   1.40336040   2.08904862   2.75591568   3.39827773   4.01090486   4.58906822   5.12853999   5.62553368   6.07657116   6.47826408   6.82700452   7.11858294   7.34780452   7.50827455   7.59266275   7.59384142   7.50709355   7.33288332   7.07876804   6.75896343   6.39148215   5.99443989   5.58333420   5.16997111   4.76264803   4.36689898   3.98630550   3.62315341   3.27889173   2.95442493   2.65028660   2.36673719   2.10381662   1.86137258   1.63907732   1.43644040   1.25282154   1.08744543   0.93941898   0.80775094   0.69137317   0.58916274   0.49996416   0.42261074   0.35594461   0.29883477   0.25019271   0.20898552   0.17424618   0.14508118   0.12067553   0.10029527   0.08328784   0.06908056   0.05717745   0.04715487   0.03865611   0.03138535   0.02510126   0.01961041   0.01476073   0.01043523   0.00654609   0.00302918  -0.00016090  -0.00305510  -0.00567379  -0.00802985  -0.01013138  -0.01198374  -0.01359125  -0.01495836  -0.01609052  -0.01699469  -0.01767964  -0.01815601  -0.01843622  -0.01853427  -0.01846549  -0.01824615  -0.01789319  -0.01742381  -0.01685516  -0.01620407  -0.01548672  -0.01471850  -0.01391374  -0.01308567  -0.01224624  -0.01140611  -0.01057464  -0.00975986  -0.00896855  -0.00820625  -0.00747739  -0.00678532  -0.00613243  -0.00552027  -0.00494961 
  0.00068354   0.68241102   1.35808564   2.02043840   2.66317842   3.28043856   3.86688223   4.41778033   4.92904948   5.39724211   5.81947770   6.19330344   6.51647356   6.78664325   7.00099344   7.15585048   7.24645493   7.26716022   7.21242243   7.07876804   6.86729365   6.58541876   6.24653284   5.86743585   5.46499548   5.05365866   4.64444748   4.24510111   3.86074075   3.49460646   3.14866237   2.82402693   2.52125385   2.24050582   1.98165858   1.74436305   1.52808389   1.33212612   1.15565642   0.99772298   0.85727538   0.73318532   0.62426788   0.52930303   0.44705665   0.37630058   0.31583103   0.26448495   0.22115404   0.18479620   0.15444426   0.12921215   0.10829849   0.09098789   0.07665020   0.06473793   0.05478222   0.04638768   0.03922632   0.03303098   0.02758844   0.02273244   0.01833686   0.01430923   0.01058464   0.00712010   0.00388965   0.00087990  -0.00191369  -0.00448997  -0.00684467  -0.00897240  -0.01086823  -0.01252879  -0.01395300  -0.01514246  -0.01610169  -0.01683803  -0.01736143  -0.01768421  -0.01782062  -0.01778643  -0.01759854  -0.01727448  -0.01683205  -0.01628897  -0.01566250  -0.01496922  -0.01422478  -0.01344371  -0.01263934  -0.01182366  -0.01100732  -0.01019961  -0.00940848  -0.00864057  -0.00790133  -0.00719502  -0.00652490  -0.00589323  -0.00530146 
  0.00066060   0.65943774   1.31193122   1.95069679   2.56926564   3.16162499   3.72233986   4.24664887   4.73052733   5.17071011   5.56466661   5.91051833   6.20688942   6.45268089   6.64676515   6.78761603   6.87293208   6.89939299   6.86280458   6.75896343   6.58541876   6.34373760   6.04111772   5.69010409   5.30629379   4.90530482   4.50049891   4.10204648   3.71703942   3.35009059   3.00400865   2.68035968   2.37987315   2.10271315   1.84865184   1.61717857   1.40756943   1.21893369   1.05024768   0.90038220   0.76812679   0.65221254   0.55133415   0.46417109   0.38940781   0.32575239   0.27195347   0.22681492   0.18920818   0.15808194   0.13246928   0.11149227   0.09436413   0.08038925   0.06896114   0.05955893   0.05174233   0.04514566   0.03947116   0.03448176   0.02999374   0.02586941   0.02200994   0.01834863   0.01484467   0.01147745   0.00824149   0.00514204   0.00219137  -0.00059438  -0.00319767  -0.00560154  -0.00779103  -0.00975421  -0.01148279  -0.01297243  -0.01422279  -0.01523740  -0.01602332  -0.01659073  -0.01695246  -0.01712348  -0.01712036  -0.01696074  -0.01666291  -0.01624532  -0.01572619  -0.01512323  -0.01445332  -0.01373231  -0.01297488  -0.01219437  -0.01140275  -0.01061060  -0.00982710  -0.00906007  -0.00831601  -0.00760020  -0.00691679  -0.00626888  -0.00565862 
  0.00063672   0.63553170   1.26399293   1.87847887   2.47241010   3.03968053   3.57478790   4.07294112   4.53013880   4.94321347   5.30983527   5.62846857   5.89827388   6.11894666   6.29048550   6.41288681   6.48578023   6.50805711   6.47761946   6.39148215   6.24653284   6.04111772   5.77710352   5.46136796   5.10557629   4.72411925   4.33135958   3.93954725   3.55795184   3.19295519   2.84859701   2.52719718   2.22987986   1.95695816   1.70819637   1.48298237   1.28044007   1.09950410   0.93897178   0.79754174   0.67384498   0.56647138   0.47399350   0.39498808   0.32805575   0.27183866   0.22503594   0.18641679   0.15483109   0.12921740   0.10860842   0.09213401   0.07902185   0.06859612   0.06027428   0.05356236   0.04804910   0.04339906   0.03934526   0.03568136   0.03225384   0.02895424   0.02571174   0.02248615   0.01926154   0.01604036   0.01283842   0.00968036   0.00659600   0.00361722   0.00077553  -0.00189981  -0.00438314  -0.00665330  -0.00869418  -0.01049489  -0.01204972  -0.01335784  -0.01442294  -0.01525266  -0.01585802  -0.01625283  -0.01645305  -0.01647618  -0.01634075  -0.01606577  -0.01567030  -0.01517305  -0.01459207  -0.01394446  -0.01324620  -0.01251199  -0.01175515  -0.01098756  -0.01021966  -0.00946049  -0.00871768  -0.00799758  -0.00730529  -0.00664481  -0.00601910 
  0.00061163   0.61044177   1.21376730   1.80302741   2.37160167   2.91334913   3.42274302   3.89498443   4.32609017   4.71295019   5.05334995   5.34595305   5.59023848   5.78638659   5.93510657   6.03739923   6.09425300   6.10628612   6.07338285   5.99443989   5.86743585   5.69010409   5.46136796   5.18322680   4.86213921   4.50885236   4.13654640   3.75832955   3.38532833   3.02588495   2.68563638   2.36801490   2.07482509   1.80673505   1.56364160   1.34492358   1.14961205   0.97650414   0.82424066   0.69136118   0.57634515   0.47764442   0.39371010   0.32301556   0.26407612   0.21546610   0.17583307   0.14390953   0.11852188   0.09859678   0.08316496   0.07136265   0.06243079   0.05571233   0.05064775   0.04676932   0.04369419   0.04111675   0.03880047   0.03656954   0.03430052   0.03191420   0.02936785   0.02664799   0.02376378   0.02074113   0.01761745   0.01443725   0.01124838   0.00809896   0.00503504   0.00209872  -0.00067304  -0.00324930  -0.00560557  -0.00772385  -0.00959250  -0.01120587  -0.01256378  -0.01367089  -0.01453601  -0.01517141  -0.01559211  -0.01581519  -0.01585917  -0.01574340  -0.01548759  -0.01511133  -0.01463369  -0.01407298  -0.01344642  -0.01277001  -0.01205842  -0.01132483  -0.01058100  -0.00983717  -0.00910218  -0.00838348  -0.00768721  -0.00701830  -0.00638057 
  0.00058527   0.58407917   1.16107219   1.72405873   2.26644495   2.78211410   3.26556223   3.71201451   4.11751798   4.47900680   4.79433654   5.06228372   5.28250707   5.45546628   5.58229314   5.66460954   5.70428685   5.70314529   5.66260523   5.58333420   5.46499548   5.30629379   5.10557629   4.86213921   4.57796104   4.25899197   3.91502989   3.55804840   3.19991481   2.85063946   2.51763484   2.20578563   1.91791081   1.65530090   1.41817942   1.20604981   1.01793939   0.85256592   0.70845097   0.58399834   0.47755004   0.38742789   0.31196568   0.24953481   0.19856513   0.15756184   0.12511909   0.09993039   0.08079626   0.06662894   0.05645476   0.04941396   0.04475851   0.04184804   0.04014414   0.03920356   0.03867031   0.03826719   0.03778692   0.03708319   0.03606176   0.03467199   0.03289870   0.03075470   0.02827405   0.02550593   0.02250942   0.01934897   0.01609067   0.01279919   0.00953542   0.00635477   0.00330590   0.00043001  -0.00223949  -0.00467702  -0.00686451  -0.00879098  -0.01045192  -0.01184854  -0.01298702  -0.01387771  -0.01453432  -0.01497319  -0.01521253  -0.01527181  -0.01517116  -0.01493086  -0.01457090  -0.01411064  -0.01356847  -0.01296166  -0.01230615  -0.01161645  -0.01090559  -0.01018508  -0.00946498  -0.00875387  -0.00805897  -0.00738622  -0.00674036 
  0.00055765   0.55648180   1.10597693   1.64166111   2.15703002   2.64604753   3.10327991   3.52401218   3.90434263   4.24125227   4.53264623   4.77736439   4.97515870   5.12663447   5.23315243   5.29668770   5.31964092   5.30459711   5.25403119   5.16997111   5.05365866   4.90530482   4.72411925   4.50885236   4.25899197   3.97636337   3.66633636   3.33774253   3.00136692   2.66786604   2.34616176   2.04275808   1.76180504   1.50552742   1.27472621   1.06921264   0.88813736   0.73022435   0.59393245   0.47756643   0.37935425   0.29750216   0.23023504   0.17582673   0.13262319   0.09906035   0.07367746   0.05512687   0.04218042   0.03373297   0.02880324   0.02653230   0.02617998   0.02711953   0.02883078   0.03089222   0.03297218   0.03481959   0.03625432   0.03715771   0.03746313   0.03714709   0.03622078   0.03472238   0.03271005   0.03025573   0.02743975   0.02434628   0.02105955   0.01766081   0.01422599   0.01082399   0.00751552   0.00435241   0.00137738  -0.00137592  -0.00388256  -0.00612574  -0.00809615  -0.00979110  -0.01121369  -0.01237194  -0.01327788  -0.01394673  -0.01439610  -0.01464528  -0.01471459  -0.01462478  -0.01439658  -0.01405024  -0.01360524  -0.01308001  -0.01249172  -0.01185614  -0.01118759  -0.01049883  -0.00980115  -0.00910431  -0.00841664  -0.00774513  -0.00709547 
  0.00052893   0.52778344   1.04874133   1.55620542   2.04381762   2.50567398   2.93645575   3.33154366   3.68711209   4.00020007   4.26875666   4.49165863   4.66869855   4.80054164   4.88864959   4.93516894   4.94278107   4.91450984   4.85348325   4.76264803   4.64444748   4.50049891   4.33135958   4.13654640   3.91502989   3.66633636   3.39203161   3.09685483   2.78867251   2.47711587   2.17167852   1.88024118   1.60844179   1.35973498   1.13579081   0.93696365   0.76270022   0.61185127   0.48289470   0.37409066   0.28358877   0.20950259   0.14996231   0.10315246   0.06733935   0.04089099   0.02229122   0.01014929   0.00320565   0.00033437   0.00054288   0.00296917   0.00687700   0.01164931   0.01678037   0.02186679   0.02659784   0.03074535   0.03415350   0.03672860   0.03842929   0.03925717   0.03924803   0.03846388   0.03698575   0.03490729   0.03232933   0.02935517   0.02608681   0.02262186   0.01905120   0.01545732   0.01191311   0.00848132   0.00521429   0.00215413  -0.00066694  -0.00322588  -0.00550809  -0.00750655  -0.00922084  -0.01065621  -0.01182258  -0.01273371  -0.01340623  -0.01385896  -0.01411211  -0.01418666  -0.01410386  -0.01388472  -0.01354962  -0.01311805  -0.01260832  -0.01203741  -0.01142087  -0.01077272  -0.01010545  -0.00943002  -0.00875591  -0.00809118  -0.00744253 
  0.00049929   0.49818697   0.98976283   1.46826743   1.92753837   2.36184949   2.76603737   3.13561215   3.46684963   3.75686207   4.00364534   4.20610092   4.36403123   4.47810739   4.54980848   4.58133108   4.57546757   4.53545087   4.46476226   4.36689898   4.24510111   4.10204648   3.93954725   3.75832955   3.55804840   3.33774253   3.09685483   2.83661357   2.56110110   2.27723952   1.99355823   1.71845259   1.45882685   1.21951304   1.00332657   0.81143781   0.64381040   0.49958457   0.37737126   0.27546375   0.19198524   0.12499076   0.07253771   0.03273482   0.00377647  -0.01603357  -0.02826605  -0.03435590  -0.03559661  -0.03313829  -0.02798884  -0.02101776  -0.01296198  -0.00443346   0.00407193   0.01216448   0.01955018   0.02601983   0.03143819   0.03573322   0.03888578   0.04091984   0.04189343   0.04189032   0.04101265   0.03937436   0.03709556   0.03429779   0.03110012   0.02761605   0.02395113   0.02020128   0.01645164   0.01277597   0.00923649   0.00588404   0.00275853  -0.00011035  -0.00270232  -0.00500555  -0.00701565  -0.00873465  -0.01016999  -0.01133349  -0.01224050  -0.01290897  -0.01335870  -0.01361064  -0.01368632  -0.01360727  -0.01339462  -0.01306877  -0.01264905  -0.01215358  -0.01159907  -0.01100075  -0.01037231  -0.00972590  -0.00907214  -0.00842019  -0.00777782 
  0.00046901   0.46794158   0.92953129   1.37856091   1.80910562   2.21565608   2.59323924   2.93752465   3.24491341   3.51260737   3.73865659   3.92198368   4.06238410   4.16050169   4.21777909   4.23638282   4.21910241   4.16922247   4.09036591   3.98630550   3.86074075   3.71703942   3.55795184   3.38532833   3.19991481   3.00136692   2.78867251   2.56110110   2.31949396   2.06727394   1.81045849   1.55654287   1.31290323   1.08554600   0.87857073   0.69422210   0.53323605   0.39524937   0.27915904   0.18339893   0.10613920   0.04542549  -0.00072536  -0.03425980  -0.05704292  -0.07082835  -0.07723848  -0.07775231  -0.07369905  -0.06625619  -0.05645108  -0.04516537  -0.03314170  -0.02099216  -0.00920797   0.00182974   0.01183875   0.02062418   0.02806700   0.03411278   0.03876092   0.04205447   0.04407071   0.04491263   0.04470126   0.04356892   0.04165346   0.03909338   0.03602384   0.03257349   0.02886203   0.02499850   0.02108012   0.01719168   0.01340539   0.00978106   0.00636657   0.00319861   0.00030357  -0.00230148  -0.00460776  -0.00661363  -0.00832358  -0.00974713  -0.01089789  -0.01179259  -0.01245030  -0.01289162  -0.01313806  -0.01321145  -0.01313348  -0.01292526  -0.01260702  -0.01219789  -0.01171566  -0.01117671  -0.01059589  -0.00998651  -0.00936034  -0.00872766  -0.00809729 
