# coconut-me2b/v0.99.21 
# 
# momentum space matrix elements 
# partial wave J=0, L=0/0, S=0, T=1, MT=0 
# 
# momentum grid [fm^-1]
0.000000 0.100000 0.200000 0.300000 0.400000 0.500000 0.600000 0.700000 0.800000 0.900000 1.000000 1.100000 1.200000 1.300000 1.400000 1.500000 1.600000 1.700000 1.800000 1.900000 2.000000 2.100000 2.200000 2.300000 2.400000 2.500000 2.600000 2.700000 2.800000 2.900000 3.000000 3.100000 3.200000 3.300000 3.400000 3.500000 3.600000 3.700000 3.800000 3.900000 4.000000 4.100000 4.200000 4.300000 4.400000 4.500000 4.600000 4.700000 4.800000 4.900000 5.000000 5.100000 5.200000 5.300000 5.400000 5.500000 5.600000 5.700000 5.800000 5.900000 6.000000 6.100000 6.200000 6.300000 6.400000 6.500000 6.600000 6.700000 6.800000 6.900000 7.000000 7.100000 7.200000 7.300000 7.400000 7.500000 7.600000 7.700000 7.800000 7.900000 8.000000 8.100000 8.200000 8.300000 8.400000 8.500000 8.600000 8.700000 8.800000 8.900000 9.000000 9.100000 9.200000 9.300000 9.400000 9.500000 9.600000 9.700000 9.800000 9.900000 10.000000 
#
# matrix elements [MeV fm^3] 
-48.35321502 -47.83910985 -46.37346472 -44.15224811 -41.41500312 -38.37751867 -35.20038364 -31.98883957 -28.80689188 -25.69276278 -22.67039013 -19.75642755 -16.96390581 -14.30385760 -11.78586113  -9.41808860  -7.20717955  -5.15809637  -3.27402840  -1.55636439  -0.00473121   1.38291238   2.61014047   3.68189624   4.60431090   5.38451486   6.03044793   6.55067462   6.95420829   7.25034719   7.44852449   7.55817336   7.58860779   7.54891938   7.44788973   7.29391800   7.09496290   6.85849813   6.59148039   6.30032864   5.99091359   5.66855628   5.33803432   5.00359501   4.66897386   4.33741771   4.01171135   3.69420678   3.38685419   3.09123409   2.80858975   2.53985957   2.28570878   2.04656009   1.82262313   1.61392217   1.42032224   1.24155332   1.07723261   0.92688494   0.78996116   0.66585476   0.55391658   0.45346791   0.36381189   0.28424351   0.21405810   0.15255863   0.09906184   0.05290326   0.01344138  -0.01993911  -0.04782477  -0.07077159  -0.08930365  -0.10391243  -0.11505642  -0.12316122  -0.12861992  -0.13179375  -0.13301296  -0.13257796  -0.13076048  -0.12780499  -0.12393014  -0.11933024  -0.11417683  -0.10862029  -0.10279135  -0.09680271  -0.09075053  -0.08471591  -0.07876638  -0.07295721  -0.06733278  -0.06192774  -0.05676826  -0.05187304  -0.04725433  -0.04291888  -0.03886874 
-47.83910985 -47.34641712 -45.93685204 -43.78782961 -41.12136903 -38.14353648 -35.01268995 -31.83589961 -28.68012415 -25.58621241 -22.58000378 -19.67939506 -16.89818890 -14.24788898 -11.73836512  -9.37797885  -7.17350277  -5.13000189  -3.25075187  -1.53721869   0.01089927   1.39557598   2.62032214   3.69002146   4.61074983   5.38958664   6.03442524   6.55378818   6.95665135   7.25227994   7.45007820   7.55945428   7.58970079   7.54989124   7.44879206   7.29478990   7.09583321   6.85938747   6.59240278   6.30129295   5.99192473   5.66961609   5.33914243   5.00474938   4.67017126   4.33865411   4.01298216   3.69550705   3.38817875   3.09257766   2.80994699   2.54122514   2.28707739   2.04792652   1.82398223   1.61526895   1.42165184   1.24286106   1.07851405   0.92813587   0.79117766   0.66703321   0.55505371   0.45456082   0.36485808   0.28524086   0.21500493   0.15345367   0.09990424   0.05369260   0.01417763  -0.01925560  -0.04719329  -0.07019109  -0.08877279  -0.10342959  -0.11461975  -0.12276869  -0.12826931  -0.13148272  -0.13273910  -0.13233876  -0.13055344  -0.12762761  -0.12377992  -0.11920474  -0.11407369  -0.10853723  -0.10272621  -0.09675341  -0.09071512  -0.08469260  -0.07875347  -0.07295317  -0.06733618  -0.06193731  -0.05678284  -0.05189160  -0.04727595  -0.04294276  -0.03889419 
-46.37346472 -45.93685204 -44.67607718 -42.72297941 -40.25387766 -37.44676368 -34.45125412 -31.37760134 -28.30016072 -25.26697339 -22.30933484 -19.44881342 -16.70153357 -14.08043163 -11.59626890  -9.25798580  -7.07275972  -5.04596595  -3.18113942  -1.47997697   0.05760968   1.43339416   2.65069839   3.71422890   4.62989671   5.40462915   6.04618079   6.56294893   6.96379752   7.25789281   7.45455253   7.56310993   7.59279351   7.55262244   7.45131770   7.29722824   7.09827174   6.86188876   6.59500958   6.30403242   5.99481195   5.67265696   5.34233595   5.00808950   4.67364833   4.34225591   4.01669476   3.69931538   3.39206706   3.09652977   2.81394658   2.54525588   2.29112301   2.05197100   1.82800982   1.61926427   1.42560000   1.24674772   1.08232553   0.93185925   0.79480089   0.67054519   0.55844438   0.45782124   0.36798050   0.28821877   0.21783307   0.15612808   0.10242222   0.05605272   0.01637965  -0.01721073  -0.04530356  -0.06845347  -0.08718334  -0.10198356  -0.11331169  -0.12159251  -0.12721847  -0.13055028  -0.13191783  -0.13162126  -0.12993221  -0.12709515  -0.12332881  -0.11882771  -0.11376367  -0.10828741  -0.10253007  -0.09660479  -0.09060821  -0.08462196  -0.07871409  -0.07294040  -0.06734579  -0.06196545  -0.05682606  -0.05194679  -0.04734038  -0.04301403  -0.03897019 
-44.15224811 -43.78782961 -42.72297941 -41.03842219 -38.85342599 -36.30439198 -33.52216315 -30.61603788 -27.66818301 -24.73628920 -21.85981523 -19.06618907 -16.37539470 -13.80280999 -11.36073468  -9.05910972  -6.90580686  -4.90672704  -3.06583888  -1.38522181   0.13486088   1.49585348   2.70076780   3.75401929   4.66124770   5.42912995   6.06519180   6.57762365   6.97510437   7.26663637   7.46139384   7.56858563   7.59733354   7.55656623   7.45492871   7.30070691   7.10176682   6.86550717   6.59882474   6.30809136   5.99914117   5.67726725   5.34722625   5.01325001   4.67906288   4.34790387   4.02255238   3.70535683   3.39826520   3.10285669   2.82037401   2.55175543   2.29766647   2.05853044   1.83455785   1.62577411   1.43204570   1.25310431   1.08856917   0.93796744   0.80075259   0.67632103   0.56402678   0.46319453   0.37313104   0.29313505   0.22250571   0.16054991   0.10658822   0.05995999   0.02002737  -0.01382143  -0.04216968  -0.06557033  -0.08454471  -0.09958180  -0.11113797  -0.11963698  -0.12547043  -0.12899836  -0.13055017  -0.13042570  -0.12889640  -0.12620673  -0.12257553  -0.11819755  -0.11324494  -0.10786883  -0.10220086  -0.09635473  -0.09042767  -0.08450193  -0.07864621  -0.07291697  -0.06735977  -0.06201046  -0.05689632  -0.05203717  -0.04744631  -0.04313148  -0.03909567 
-41.41500312 -41.12136903 -40.25387766 -38.85342599 -36.98834073 -34.74952096 -32.23916347 -29.55654241 -26.78680929 -23.99632029 -21.23373013 -18.53390368 -15.92209245 -13.41715891 -11.03365252  -8.78298776  -6.67405168  -4.71350112  -2.90591713  -1.25391148   0.24176785   1.58211312   2.76971118   3.80857842   4.70398228   5.46225535   6.09060816   6.59694547   6.98969008   7.27761721   7.46970159   7.57497882   7.60242172   7.56083224   7.45874874   7.30436842   7.10548425   6.86943556   6.60307146   6.31272594   6.00420355   5.68277455   5.35317828   5.01963360   4.68585538   4.35507577   4.03006937   3.71318131   3.40635740   3.11117555   2.82887772   2.56040197   2.30641393   2.06733734   1.84338340   1.63457847   1.44079022   1.26175179   1.09708412   0.94631631   0.80890404   0.68424610   0.57169916   0.47059070   0.38023045   0.29992017   0.22896216   0.16666644   0.11235671   0.06537539   0.02508759  -0.00911566  -0.03781500  -0.06156089  -0.08087244  -0.09623666  -0.10810816  -0.11690921  -0.12303020  -0.12683018  -0.12863784  -0.12875251  -0.12744540  -0.12496089  -0.12151795  -0.11731161  -0.11251447  -0.10727822  -0.10173516  -0.09599973  -0.09016999  -0.08432905  -0.07854649  -0.07287970  -0.06737512  -0.06206951  -0.05699102  -0.05216032  -0.04759153  -0.04329314  -0.03926887 
-38.37751867 -38.14353648 -37.44676368 -36.30439198 -34.74952096 -32.83419525 -30.62796239 -28.21056699 -25.66140551 -23.05051145 -20.43418096 -17.85506412 -15.34466674 -12.92631443 -10.61756651  -8.43184590  -6.37942057  -4.46795820  -2.70284038  -1.08736090   0.37711972   1.69102674   2.85641547   3.87680327   4.75699131   5.50288006   6.12128339   6.61974568   7.00636573   7.28963048   7.47826084   7.58107119   7.60684358   7.56421711   7.46159263   7.30705241   7.10829441   6.87258035   6.60669660   6.31692710   6.00903695   5.68826570   5.35932911   5.02642825   4.69326470   4.36306089   4.03858445   3.72217563   3.41577694   3.12096416   2.83897804   2.57075612   2.31696404   2.07802607   1.85415426   1.64537630   1.45156147   1.27244492   1.10764991   0.95670823   0.81907856   0.69416298   0.58132171   0.47988603   0.38916964   0.30847839   0.23711877   0.17440499   0.11966492   0.07224506   0.03151444  -0.00313214  -0.03227180  -0.05645176  -0.07618815  -0.09196532  -0.10423555  -0.11341914  -0.11990480  -0.12405028  -0.12618326  -0.12660238  -0.12557844  -0.12335568  -0.12015318  -0.11616629  -0.11156813  -0.10651106  -0.10112821  -0.09553494  -0.08983032  -0.08409854  -0.07841031  -0.07282413  -0.06738762  -0.06213865  -0.05710651  -0.05231290  -0.04777299  -0.04349626  -0.03948733 
-35.20038364 -35.01268995 -34.45125412 -33.52216315 -32.23916347 -30.62796239 -28.72946529 -26.59927879 -24.30233151 -21.90453878 -19.46528733 -17.03340374 -14.64670970 -12.33366606 -10.11556688  -8.00842563  -6.02430920  -4.17218646  -2.45844502  -0.88721467   0.53940738   1.82117213   2.95950611   3.95733708   4.81891468   5.54962700   6.15581619   6.64459659   7.02367900   7.30120392   7.48558608   7.58537203   7.60911190   7.56524601   7.46200655   7.30733418   7.10880918   6.87359649   6.60840381   6.31945176   6.01245513   5.69261392   5.36461318   5.03263047   4.70034957   4.37097965   4.04727865   3.73157985   3.42582092   3.13157443   2.85007917   2.58227171   2.32881755   2.09014145   1.86645660   1.65779229   1.46401997   1.28487742   1.11999099   0.96889598   0.83105499   0.70587441   0.59271910   0.49092522   0.39981159   0.31868932   0.24687026   0.18367397   0.12843365   0.08050095   0.03924994   0.00408015  -0.02558105  -0.05027674  -0.07051928  -0.08678963  -0.09953712  -0.10917948  -0.11610328  -0.12066455  -0.12318965  -0.12397626  -0.12329461  -0.12138868  -0.11847760  -0.11475706  -0.11040070  -0.10556168  -0.10037404  -0.09495424  -0.08940252  -0.08380435  -0.07823177  -0.07274464  -0.06739193  -0.06221288  -0.05723810  -0.05249061  -0.04798679  -0.04373729  -0.03974787 
-31.98883957 -31.83589961 -31.37760134 -30.61603788 -29.55654241 -28.21056699 -26.59927879 -24.75635300 -22.72784394 -20.56806984 -18.33289142 -16.07339364 -13.83224636 -11.64299307  -9.53115058  -7.51588198  -5.61151136  -3.82864121  -2.17489759  -0.65541155   0.72685840   1.97088787   3.07738652   4.04861203   4.88818703   5.60091580   6.19260112   6.66986379   7.03996744   7.31065159   7.48997500   7.58617146   7.60751898   7.56222349   7.45831727   7.30357214   7.10542723   6.87093063   6.60669429   6.31886117   6.01308370   5.69451239   5.36779342   5.03707411   4.70601507   4.37780792   4.05519747   3.74050742   3.43566859   3.14224887   2.86148409   2.59430921   2.34138926   2.10314947   1.87980433   1.67138518   1.47776620   1.29868850   1.13378239   0.98258767   0.84457193   0.71914703   0.60568364   0.50352409   0.41199359   0.33040984   0.25809132   0.19436425   0.13856838   0.09006178   0.04822469   0.01246251  -0.01779188  -0.04307645  -0.06389890  -0.08073603  -0.09403344  -0.10420570  -0.11163669  -0.11668025  -0.11966103  -0.12087548  -0.12059300  -0.11905716  -0.11648703  -0.11307857  -0.10900600  -0.10442328  -0.09946549  -0.09425026  -0.08887919  -0.08343919  -0.07800378  -0.07263439  -0.06738157  -0.06228611  -0.05738017  -0.05268824  -0.04822815  -0.04401194  -0.04004664 
-28.80689188 -28.68012415 -28.30016072 -27.66818301 -26.78680929 -25.66140551 -24.30233151 -22.72784394 -20.96647920 -19.05715352 -17.04597981 -14.98079041 -12.90579717 -10.85834257  -8.86806812  -6.95765429  -5.14412273  -3.44007496  -1.85464126  -0.39413938   0.93747941   2.13831633   3.20828357   4.14889798   4.96308993   5.65501796   6.22988636   6.69376587   7.05341949   7.31613551   7.48957015   7.58160159   7.60019680   7.55329227   7.44868908   7.29396259   7.09638652   6.86287102   6.59991406   6.31356538   6.00940179   5.69251314   5.36749734   5.03846375   4.70904342   4.38240523   4.06127671   3.74796869   3.44440264   3.15213986   2.87241188   2.60615121   2.35402192   2.11644959   1.89365019   1.68565753   1.49234913   1.31347031   1.14865631   0.99745251   0.85933274   0.73371560   0.61997896   0.51747274   0.42552996   0.34347636   0.27063851   0.20635068   0.14996059   0.10083405   0.05835875   0.02194718  -0.00896113  -0.03489799  -0.05636547  -0.07383527  -0.08774855  -0.09851595  -0.10651807  -0.11210604  -0.11560234  -0.11730182  -0.11747276  -0.11635812  -0.11417675  -0.11112478  -0.10737698  -0.10308811  -0.09839433  -0.09341455  -0.08825181  -0.08299459  -0.07771810  -0.07248547  -0.06734901  -0.06235125  -0.05752608  -0.05289968  -0.04849151  -0.04431514  -0.04037907 
-25.69276278 -25.58621241 -25.26697339 -24.73628920 -23.99632029 -23.05051145 -21.90453878 -20.56806984 -19.05715352 -17.39629118 -15.61869656 -13.76381521 -11.87281862  -9.98406368  -8.13020524  -6.33732387  -4.62542036  -3.00944543  -1.50032599  -0.10577851   1.16910634   2.32145255   3.35029789   4.25635565   5.04180831   5.71011666   6.26583632   6.71443934   7.06214094   7.31573304   7.48242647   7.56970360   7.58518310   7.53649779   7.43118652   7.27660019   7.07982219   6.84760264   6.58630622   6.30187253   5.99978827   5.68507009   5.36225710   5.03541174   4.70812808   4.38354609   4.06437108   3.75289701   3.45103286   3.16033102   2.88201702   2.61701975   2.36600171   2.12938858   1.90739795   1.70006652   1.50727588   1.32877645   1.16420947   1.01312721   0.87501106   0.74928784   0.63534416   0.53253906   0.44021501   0.35770736   0.28435235   0.21949389   0.16248917   0.11271321   0.06956254   0.03245806   0.00084721  -0.02579452  -0.04796247  -0.06612233  -0.08070987  -0.09213107  -0.10076253  -0.10695205  -0.11101947  -0.11325760  -0.11393325  -0.11328846  -0.11154168  -0.10888909  -0.10550586  -0.10154755  -0.09715139  -0.09243761  -0.08751078  -0.08246106  -0.07736543  -0.07228891  -0.06728569  -0.06240024  -0.05766831  -0.05311797  -0.04877046  -0.04464107  -0.04073995 
-22.67039013 -22.58000378 -22.30933484 -21.85981523 -21.23373013 -20.43418096 -19.46528733 -18.33289142 -17.04597981 -15.61869656 -14.07216988 -12.43487770 -10.74069872  -9.02516960  -7.32159855  -5.65850086  -4.05873012  -2.53980214  -1.11471957   0.20716853   1.41946400   2.51819907   3.50145818   4.36909271   5.12248960   5.76436902   6.29859694   6.73000627   7.06422442   7.30750744   7.46658226   7.54849844   7.56049115   7.50985659   7.40384077   7.24954209   7.05382809   6.82326595   6.56406657   6.28204136   5.98257099   5.67058520   5.35055236   5.02647791   4.70191034   4.37995362   4.06328495   3.75417669   3.45452158   3.16586025   2.88941009   2.62609497   2.37657491   2.14127539   1.92041563   1.71403570   1.52202196   1.34413092   1.18001107   1.02922289   0.89125687   0.76554965   0.65149825   0.54847257   0.45582628   0.37290609   0.29905964   0.23364217   0.17602199   0.12558492   0.08173784   0.04391151   0.01156261  -0.01582479  -0.03873818  -0.05763613  -0.07294809  -0.08507449  -0.09438717  -0.10122995  -0.10591941  -0.10874582  -0.10997413  -0.10984511  -0.10857655  -0.10636444  -0.10338426  -0.09979225  -0.09572666  -0.09130906  -0.08664557  -0.08182810  -0.07693549  -0.07203475  -0.06718211  -0.06242407  -0.05779844  -0.05333530  -0.04905783  -0.04498321  -0.04112336 
-19.75642755 -19.67939506 -19.44881342 -19.06618907 -18.53390368 -17.85506412 -17.03340374 -16.07339364 -14.98079041 -13.76381521 -12.43487770 -11.01220096  -9.52025039  -7.98818862  -6.44673701  -4.92482668  -3.44731851  -2.03416212  -0.70060023   0.54216335   1.68623655   2.72642749   3.65977914   4.48522169   5.20330347   5.81596868   6.32636109   6.73864239   7.05781946   7.28957922   7.44013116   7.51605870   7.52418098   7.47142622   7.36471783   7.21087386   7.01652017   6.78801737   6.53140115   6.25233546   5.95607788   5.64745611   5.33085468   5.01021066   4.68901730   4.37033441   4.05680427   3.75067215   3.45381013   3.16774363   2.89367939   2.63253445   2.38496531   2.15139664   1.93204935   1.72696719   1.53604211   1.35903773   1.19561108   1.04533235   0.90770277   0.78217051   0.66814485   0.56500844   0.47212800   0.38886349   0.31457586   0.24863348   0.19041756   0.13932640   0.09477890   0.05621720   0.02310866  -0.00505270  -0.02874527  -0.04841936  -0.06449703  -0.07737223  -0.08741119  -0.09495300  -0.10031031  -0.10377030  -0.10559556  -0.10602521  -0.10527602  -0.10354355  -0.10100338  -0.09781228  -0.09410945  -0.09001775  -0.08564482  -0.08108434  -0.07641710  -0.07171216  -0.06702787  -0.06241289  -0.05790723  -0.05354307  -0.04934570  -0.04533431  -0.04152275 
-16.96390581 -16.89818890 -16.70153357 -16.37539470 -15.92209245 -15.34466674 -14.64670970 -13.83224636 -12.90579717 -11.87281862 -10.74069872  -9.52025039  -8.22716381  -6.88246830  -5.51129616  -4.14022749  -2.79438578  -1.49540704  -0.26064005   0.89673328   1.96715063   2.94404798   3.82332342   4.60291905   5.28250109   5.86320680   6.34743214   6.73864302   7.04120057   7.26019583   7.40129270   7.47057941   7.47442964   7.41937443   7.31198611   7.15877505   6.96609962   6.74008976   6.48658371   6.21107776   5.91868811   5.61412416   5.30167224   4.98518852   4.66810022   4.35341379   4.04372893   3.74125743   3.44784565   3.16499977   2.89391288   2.63549306   2.39039185   2.15903247   1.94163730   1.73825416   1.54878130   1.37299054   1.21054879   1.06103753   0.92397043   0.79880912   0.68497703   0.58187156   0.48887452   0.40536115   0.33070765   0.26429750   0.20552667   0.15380780   0.10857350   0.06927892   0.03540369   0.00645319  -0.01804052  -0.03851824  -0.05539354  -0.06905286  -0.07985588  -0.08813612  -0.09420163  -0.09833580  -0.10079834  -0.10182625  -0.10163488  -0.10041905  -0.09835416  -0.09559733  -0.09228857  -0.08855189  -0.08449646  -0.08021768  -0.07579832  -0.07130949  -0.06681177  -0.06235606  -0.05798463  -0.05373191  -0.04962541  -0.04568644  -0.04193091 
-14.30385760 -14.24788898 -14.08043163 -13.80280999 -13.41715891 -12.92631443 -12.33366606 -11.64299307 -10.85834257  -9.98406368  -9.02516960  -7.98818862  -6.88246830  -5.72147841  -4.52328487  -3.30955255  -2.10328078  -0.92626974   0.20269225   1.26858026   2.26007087   3.16908834   3.99026864   4.72048553   5.35847301   5.90453019   6.36028352   6.72848486   7.01283107   7.21779709   7.34847885   7.41044506   7.40959815   7.35204542   7.24398142   7.09158247   6.90091403   6.67785108   6.42801174   6.15670356   5.86888216   5.56912132   5.26159366   4.95006084   4.63787217   4.32797058   4.02290456   3.72484529   3.43560758   3.15667382   2.88921989   2.63414238   2.39208621   2.16347217   1.94852380   1.74729325   1.55968572   1.38548234   1.22436126   1.07591685   0.93967709   0.81511894   0.70168209   0.59878073   0.50581392   0.42217426   0.34725532   0.28045772   0.22119419   0.16889358   0.12300405   0.08299551   0.04836145   0.01862016  -0.00668443  -0.02798234  -0.04567741  -0.06014746  -0.07174465  -0.08079605  -0.08760425  -0.09244821  -0.09558412  -0.09724630  -0.09764826  -0.09698368  -0.09542747  -0.09313685  -0.09025244  -0.08689926  -0.08318789  -0.07921541  -0.07506650  -0.07081441  -0.06652189  -0.06224219  -0.05801989  -0.05389177  -0.04988762  -0.04603102  -0.04234001 
-11.78586113 -11.73836512 -11.59626890 -11.36073468 -11.03365252 -10.61756651 -10.11556688  -9.53115058  -8.86806812  -8.13020524  -7.32159855  -6.44673701  -5.51129616  -4.52328487  -3.49421792  -2.43958901  -1.37806054  -0.32951863   0.68714837   1.65567126   2.56310003   3.39978200   4.15898067   4.83640868   5.42980570   5.93859554   6.36361323   6.70688172   6.97142058   7.16107444   7.28035462   7.33429099   7.32829310   7.26802111   7.15926733   7.00784921   6.81951459   6.59985956   6.35425917   6.08781071   5.80528928   5.51111480   5.20932976   4.90358665   4.59714408   4.29287027   3.99325309   3.70041515   3.41613320   3.14186061   2.87875207   2.62768971   2.38930978   2.16402941   1.95207284   1.75349659   1.56821346   1.39601488   1.23659161   1.08955257   0.95444183   0.83075375   0.71794630   0.61545270   0.52269139   0.43907456   0.36401530   0.29693349   0.23726066   0.18444388   0.13794873   0.09726168   0.06189178   0.03137180   0.00525903  -0.01686436  -0.03539123  -0.05068962  -0.06310312  -0.07295135  -0.08053063  -0.08611469  -0.08995552  -0.09228418  -0.09331181  -0.09323051  -0.09221433  -0.09042029  -0.08798933  -0.08504734  -0.08170611  -0.07806432  -0.07420850  -0.07021397  -0.06614570  -0.06205927  -0.05800161  -0.05401192  -0.05012237  -0.04635883  -0.04274163 
 -9.41808860  -9.37797885  -9.25798580  -9.05910972  -8.78298776  -8.43184590  -8.00842563  -7.51588198  -6.95765429  -6.33732387  -5.65850086  -4.92482668  -4.14022749  -3.30955255  -2.43958901  -1.54012100  -0.62439381   0.29154767   1.19053968   2.05625620   2.87466162   3.63465865   4.32809295   4.94942870   5.49533759   5.96432004   6.35639221   6.67283298   6.91597461   7.08902196   7.19589046   7.24105689   7.22942075   7.16617531   7.05668900   6.90639754   6.72070779   6.50491366   6.26412445   6.00320551   5.72673102   5.43894816   5.14375210   4.84467072   4.54485816   4.24709605   3.95380127   3.66703923   3.38854142   3.11972640   2.86172311   2.61539578   2.38136963   2.16005661   1.95168088   1.75630328   1.57384464   1.40410764   1.24679695   1.10153763   0.96789167   0.84537282   0.73345948   0.63160606   0.53925262   0.45583318   0.38078253   0.31354198   0.25356400   0.20031585   0.15328251   0.11196883   0.07590117   0.04462844   0.01772282  -0.00521991  -0.02458031  -0.04071542  -0.05395912  -0.06462260  -0.07299496  -0.07934389  -0.08391642  -0.08693972  -0.08862196  -0.08915317  -0.08870613  -0.08743726  -0.08548756  -0.08298349  -0.08003789  -0.07675089  -0.07321075  -0.06949478  -0.06567014  -0.06179470  -0.05791781  -0.05408107  -0.05031907  -0.04666009  -0.04312677 
 -7.20717955  -7.17350277  -7.07275972  -6.90580686  -6.67405168  -6.37942057  -6.02430920  -5.61151136  -5.14412273  -4.62542036  -4.05873012  -3.44731851  -2.79438578  -2.10328078  -1.37806054  -0.62439381   0.14947815   0.93229035   1.71029574   2.46872486   3.19351571   3.87261727   4.49658609   5.05860750   5.55421577   5.98092904   6.33790703   6.62566424   6.84583509   7.00097793   7.09440512   7.13003093   7.11223214   7.04571941   6.93541891   6.78636433   6.60360002   6.39209561   6.15667266   5.90194312   5.63225976   5.35167783   5.06392744   4.77239574   4.48011803   4.18977663   3.90370646   3.62390631   3.35205462   3.08952871   2.83742672   2.59659114   2.36763330   2.15095816   1.94678877   1.75518994   1.57609085   1.40930618   1.25455571   1.11148214   0.97966719   0.85864591   0.74791924   0.64696494   0.55524694   0.47222328   0.39735270   0.33010012   0.26994102   0.21636492   0.16887816   0.12700586   0.09029345   0.05830764   0.03063707   0.00689261  -0.01329263  -0.03026345  -0.04434284  -0.05583249  -0.06501333  -0.07214610  -0.07747210  -0.08121391  -0.08357609  -0.08474605  -0.08489480  -0.08417777  -0.08273564  -0.08069516  -0.07816998  -0.07526145  -0.07205943  -0.06864311  -0.06508174  -0.06143547  -0.05775600  -0.05408737  -0.05046662  -0.04692446  -0.04348589 
 -5.15809637  -5.13000189  -5.04596595  -4.90672704  -4.71350112  -4.46795820  -4.17218646  -3.82864121  -3.44007496  -3.00944543  -2.53980214  -2.03416212  -1.49540704  -0.92626974  -0.32951863   0.29154767   0.93229035   1.58585460   2.24273291   2.89120854   3.51862848   4.11293762   4.66385007   5.16339621   5.60595353   5.98800214   6.30779767   6.56506045   6.76071177   6.89665605   6.97559783   7.00088313   6.97635767   6.90623791   6.79499305   6.64723747   6.46763383   6.26080717   6.03127041   5.78336138   5.52119126   5.24860414   4.96914712   4.68605013   4.40221470   4.12021056   3.84227909   3.57034248   3.30601766   3.05063381   2.80525266   2.57069061   2.34754191   2.13620229   1.93689234   1.74968027   1.57450362   1.41118967   1.25947432   1.11901931   0.98942770   0.87025774   0.76103491   0.66126242   0.57043023   0.48802259   0.41352439   0.34642628   0.28622887   0.23244599   0.18460725   0.14225992   0.10497027   0.07232452   0.04392936   0.01941221  -0.00157876  -0.01937479  -0.03428682  -0.04660593  -0.05660384  -0.06453346  -0.07062952  -0.07510920  -0.07817283  -0.08000456  -0.08077311  -0.08063245  -0.07972255  -0.07817009  -0.07608923  -0.07358231  -0.07074060  -0.06764500  -0.06436675  -0.06096818  -0.05750330  -0.05401856  -0.05055344  -0.04714110  -0.04380894 
 -3.27402840  -3.25075187  -3.18113942  -3.06583888  -2.90591713  -2.70284038  -2.45844502  -2.17489759  -1.85464126  -1.50032599  -1.11471957  -0.70060023  -0.26064005   0.20269225   0.68714837   1.19053968   1.71029574   2.24273291   2.78225169   3.32091469   3.84880862   4.35515789   4.82968921   5.26368521   5.65048470   5.98551821   6.26609193   6.49109274   6.66070472   6.77616646   6.83956929   6.85368735   6.82183039   6.74771301   6.63533659   6.48888234   6.31261492   6.11079668   5.88761276   5.64710727   5.39313038   5.12929618   4.85895090   4.58515063   4.31064793   4.03788629   3.76900145   3.50582854   3.24991406   3.00253155   2.76470028   2.53720573   2.32062144   2.11533129   1.92155169   1.73935333   1.56868188   1.40937756   1.26119316   1.12381064   0.99685591   0.87991209   0.77253107   0.67424354   0.58456753   0.50301563   0.42910094   0.36234195   0.30226642   0.24841448   0.20034094   0.15761704   0.11983168   0.08659223   0.05752499   0.03227544   0.01050821  -0.00809308  -0.02382610  -0.03697021  -0.04778687  -0.05652020  -0.06339747  -0.06862970  -0.07241223  -0.07492535  -0.07633487  -0.07679280  -0.07643793  -0.07539650  -0.07378284  -0.07169999  -0.06924038  -0.06648645  -0.06351126  -0.06037919  -0.05714651  -0.05386199  -0.05056753  -0.04729873  -0.04408542 
 -1.55636439  -1.53721869  -1.47997697  -1.38522181  -1.25391148  -1.08736090  -0.88721467  -0.65541155  -0.39413938  -0.10577851   0.20716853   0.54216335   0.89673328   1.26858026   1.65567126   2.05625620   2.46872486   2.89120854   3.32091469   3.75338693   4.18209712   4.59873887   4.99420440   5.35980112   5.68820083   5.97389605   6.21323736   6.40424060   6.54631963   6.64002721   6.68683188   6.68893172   6.64909755   6.57053766   6.45677845   6.31155773   6.13872908   5.94217682   5.72574140   5.49315529   5.24798940   4.99360983   4.73314452   4.46945929   4.20514251   3.94249760   3.68354230   3.43001381   3.18337880   2.94484731   2.71538956   2.49575491   2.28649205   2.08796998   1.90039885   1.72385054   1.55827828   1.40353522   1.25939159   1.12555047   1.00166185   0.88733525   0.78215066   0.68566804   0.59743544   0.51699572   0.44389218   0.37767312   0.31789541   0.26412736   0.21595083   0.17296283   0.13477656   0.10102218   0.07134718   0.04541653   0.02291271   0.00353551  -0.01299827  -0.02695510  -0.03858515  -0.04812275  -0.05578683  -0.06178141  -0.06629608  -0.06950656  -0.07157517  -0.07265137  -0.07287230  -0.07236331  -0.07123853  -0.06960137  -0.06754513  -0.06515355  -0.06250133  -0.05965476  -0.05667221  -0.05360473  -0.05049656  -0.04738571  -0.04430441 
 -0.00473121   0.01089927   0.05760968   0.13486088   0.24176785   0.37711972   0.53940738   0.72685840   0.93747941   1.16910634   1.41946400   1.68623655   1.96715063   2.26007087   2.56310003   2.87466162   3.19351571   3.51862848   3.84880862   4.18209712   4.51508138   4.84250020   5.15747944   5.45239081   5.71993906   5.95401830   6.15012806   6.30541056   6.41847761   6.48916788   6.51831005   6.50751815   6.45902065   6.37551696   6.26005440   6.11592065   5.94654867   5.75543256   5.54605377   5.32181742   5.08599866   4.84169876   4.59181087   4.33899462   4.08565929   3.83395440   3.58576722   3.34272593   3.10620772   2.87735081   2.65706945   2.44607114   2.24487524   2.05383237   1.87314393   1.70288127   1.54300423   1.39337855   1.25379208   1.12396964   1.00358625   0.89227904   0.78965756   0.69531265   0.60882406   0.52976671   0.45771591   0.39225158   0.33296152   0.27944400   0.23130968   0.18818298   0.14970307   0.11552445   0.08531728   0.05876748   0.03557671   0.01546218  -0.00184357  -0.01659302  -0.02902400  -0.03936004  -0.04781080  -0.05457244  -0.05982806  -0.06374806  -0.06649061  -0.06820204  -0.06901730  -0.06906038  -0.06844476  -0.06727388  -0.06564159  -0.06363264  -0.06132316  -0.05878114  -0.05606692  -0.05323369  -0.05032795  -0.04739006  -0.04445464 
  1.38291238   1.39557598   1.43339416   1.49585348   1.58211312   1.69102674   1.82117213   1.97088787   2.13831633   2.32145255   2.51819907   2.72642749   2.94404798   3.16908834   3.39978200   3.63465865   3.87261727   4.11293762   4.35515789   4.59873887   4.84250020   5.08398087   5.31905646   5.54212549   5.74686606   5.92720975   6.07811559   6.19594958   6.27852121   6.32492759   6.33533286   6.31075217   6.25286481   6.16385842   6.04629901   5.90302042   5.73702881   5.55141921   5.34930290   5.13374456   4.90770917   4.67401812   4.43531448   4.19403672   3.95240062   3.71238839   3.47574446   3.24397683   3.01836336   2.79996186   2.58962332   2.38800729   2.19559886   2.01272637   1.83957946   1.67622690   1.52263370   1.37867747   1.24416347   1.11883846   1.00240315   0.89452318   0.79483877   0.70297299   0.61853871   0.54114446   0.47039918   0.40591601   0.34731532   0.29422695   0.24629196   0.20316376   0.16450900   0.13000799   0.09935496   0.07225816   0.04843972   0.02763555   0.00959504  -0.00591915  -0.01913143  -0.03025359  -0.03948506  -0.04701329  -0.05301405  -0.05765171  -0.06107958  -0.06344026  -0.06486593  -0.06547868  -0.06539093  -0.06470571  -0.06351707  -0.06191048  -0.05996320  -0.05774472  -0.05531715  -0.05273567  -0.05004896  -0.04729960  -0.04452453 
  2.61014047   2.62032214   2.65069839   2.70076780   2.76971118   2.85641547   2.95950611   3.07738652   3.20828357   3.35029789   3.50145818   3.65977914   3.82332342   3.99026864   4.15898067   4.32809295   4.49658609   4.66385007   4.82968921   4.99420440   5.15747944   5.31905646   5.47733678   5.62920960   5.77019664   5.89512019   5.99897781   6.07764362   6.12821516   6.14904907   6.13962094   6.10032523   6.03227899   5.93715223   5.81702727   5.67428226   5.51149330   5.33135091   5.13658823   4.92991942   4.71398750   4.49132103   4.26429943   4.03512629   3.80581047   3.57815400   3.35374645   3.13396466   2.91997724   2.71275288   2.51307171   2.32153893   2.13859998   1.96455659   1.79958326   1.64374355   1.49700585   1.35925840   1.23032322   1.10996888   0.99792194   0.89387710   0.79750605   0.70846505   0.62640126   0.55095806   0.48177934   0.41851289   0.36081301   0.30834259   0.26077447   0.21779249   0.17909214   0.14438089   0.11337839   0.08581644   0.06143891   0.04000155   0.02127178   0.00502846  -0.00893838  -0.02082776  -0.03082802  -0.03911700  -0.04586231  -0.05122154  -0.05534246  -0.05836325  -0.06041271  -0.06161056  -0.06206759  -0.06188600  -0.06115966  -0.05997440  -0.05840833  -0.05653216  -0.05440957  -0.05209754  -0.04964676  -0.04710196  -0.04450230 
  3.68189624   3.69002146   3.71422890   3.75401929   3.80857842   3.87680327   3.95733708   4.04861203   4.14889798   4.25635565   4.36909271   4.48522169   4.60291905   4.72048553   4.83640868   4.94942870   5.05860750   5.16339621   5.26368521   5.35980112   5.45239081   5.54212549   5.62920960   5.71281715   5.79073156   5.85945511   5.91480025   5.95267770   5.96973369   5.96366817   5.93327011   5.87829208   5.79926948   5.69734323   5.57410699   5.43148144   5.27161129   5.09677991   4.90933767   4.71164131   4.50600302   4.29464812   4.07968087   3.86305799   3.64656919   3.43182444   3.22024702   3.01307194   2.81134883   2.61594847   2.42757240   2.24676476   2.07392563   1.90932540   1.75311956   1.60536339   1.46602634   1.33500562   1.21213888   1.09721583   0.98998867   0.89018125   0.79749713   0.71162635   0.63225116   0.55905072   0.49170490   0.42989721   0.37331711   0.32166168   0.27463678   0.23195790   0.19335056   0.15855064   0.12730435   0.09936825   0.07450904   0.05250346   0.03313802   0.01620879   0.00152126  -0.01110990  -0.02186098  -0.03089937  -0.03838372  -0.04446405  -0.04928185  -0.05297023  -0.05565402  -0.05744992  -0.05846663  -0.05880505  -0.05855841  -0.05781253  -0.05664603  -0.05513056  -0.05333113  -0.05130630  -0.04910859  -0.04678473  -0.04437601 
  4.60431090   4.61074983   4.62989671   4.66124770   4.70398228   4.75699131   4.81891468   4.88818703   4.96308993   5.04180831   5.12248960   5.20330347   5.28250109   5.35847301   5.42980570   5.49533759   5.55421577   5.60595353   5.65048470   5.68820083   5.71993906   5.74686606   5.77019664   5.79073156   5.80832579   5.82153935   5.82771751   5.82351589   5.80561298   5.77129139   5.71873111   5.64704536   5.55616914   5.44669705   5.31972412   5.17670952   5.01936551   4.84956766   4.66928172   4.48050332   4.28520805   4.08531040   3.88263049   3.67886810   3.47558331   3.27418325   3.07591445   2.88186001   2.69294112   2.50992201   2.33341786   2.16390482   2.00173162   1.84713218   1.70023867   1.56109460   1.42966763   1.30586175   1.18952861   1.08047792   0.97848679   0.88330788   0.79467651   0.71231672   0.63594623   0.56528054   0.50003616   0.43993316   0.38469699   0.33405986   0.28776164   0.24555045   0.20718290   0.17242428   0.14104842   0.11283765   0.08758257   0.06508188   0.04514216   0.02757772   0.01221040  -0.00113049  -0.01260832  -0.02237919  -0.03059197  -0.03738834  -0.04290280  -0.04726268  -0.05058820  -0.05299247  -0.05458154  -0.05545448  -0.05570347  -0.05541389  -0.05466451  -0.05352761  -0.05206919  -0.05034922  -0.04842180  -0.04633552  -0.04413365 
  5.38451486   5.38958664   5.40462915   5.42912995   5.46225535   5.50288006   5.54962700   5.60091580   5.65501796   5.71011666   5.76436902   5.81596868   5.86320680   5.90453019   5.93859554   5.96432004   5.98092904   5.98800214   5.98551821   5.97389605   5.95401830   5.92720975   5.89512019   5.85945511   5.82153935   5.78181432   5.73950036   5.69265284   5.63863051   5.57474218   5.49877920   5.40928754   5.30560493   5.18776306   5.05634320   4.91233457   4.75701394   4.59184885   4.41842057   4.23836269   4.05331154   3.86486620   3.67455637   3.48381724   3.29397064   3.10621173   2.92160092   2.74106016   2.56537331   2.39518970   2.23103040   2.07329660   1.92227947   1.77817099   1.64107532   1.51102019   1.38796816   1.27182728   1.16246104   1.05969749   0.96333739   0.87316133   0.78893587   0.71041875   0.63736312   0.56952095   0.50664574   0.44849452   0.39482929   0.34541803   0.30003533   0.25846268   0.22048862   0.18590865   0.15452512   0.12614701   0.10058969   0.07767474   0.05722971   0.03908802   0.02308877   0.00907676  -0.00309764  -0.01357838  -0.02250377  -0.03000639  -0.03621301  -0.04124452  -0.04521585  -0.04823592  -0.05040756  -0.05182750  -0.05258636  -0.05276866  -0.05245292  -0.05171169  -0.05061170  -0.04921397  -0.04757404  -0.04574210  -0.04376324 
  6.03044793   6.03442524   6.04618079   6.06519180   6.09060816   6.12128339   6.15581619   6.19260112   6.22988636   6.26583632   6.29859694   6.32636109   6.34743214   6.36028352   6.36361323   6.35639221   6.33790703   6.30779767   6.26609193   6.21323736   6.15012806   6.07811559   5.99897781   5.91480025   5.82771751   5.73950036   5.65108006   5.56222278   5.47156649   5.37704065   5.27645594   5.16799447   5.05046386   4.92333666   4.78666593   4.64095778   4.48704660   4.32598997   4.15898539   3.98730542   3.81224719   3.63509275   3.45707795   3.27936840   3.10304128   2.92907250   2.75832841   2.59156169   2.42941074   2.27240206   2.12095517   1.97538933   1.83593179   1.70272687   1.57584566   1.45529570   1.34103063   1.23295932   1.13095440   1.03486004   0.94449886   0.85967796   0.78019411   0.70583796   0.63639756   0.57166110   0.51141892   0.45546508   0.40359833   0.35562274   0.31134800   0.27058950   0.23316824   0.19891060   0.16764809   0.13921705   0.11345840   0.09021734   0.06934320   0.05068928   0.03411277   0.01947473   0.00664012  -0.00452212  -0.01413897  -0.02233316  -0.02922302  -0.03492229  -0.03953998  -0.04318018  -0.04594192  -0.04791903  -0.04920009  -0.04986831  -0.05000150  -0.04967213  -0.04894729  -0.04788880  -0.04655332  -0.04499245  -0.04325293 
  6.55067462   6.55378818   6.56294893   6.57762365   6.59694547   6.61974568   6.64459659   6.66986379   6.69376587   6.71443934   6.73000627   6.73864239   6.73864302   6.72848486   6.70688172   6.67283298   6.62566424   6.56506045   6.49109274   6.40424060   6.30541056   6.19594958   6.07764362   5.95267770   5.82351589   5.69265284   5.56222278   5.43354954   5.30683383   5.18117522   5.05495057   4.92635439   4.79385254   4.65642135   4.51359009   4.36536939   4.21214011   4.05454449   3.89339551   3.72960637   3.56413693   3.39795323   3.23199672   3.06716106   2.90427494   2.74408977   2.58727171   2.43439733   2.28595242   2.14233347   2.00385133   1.87073657   1.74314614   1.62117084   1.50484328   1.39414602   1.28901951   1.18936969   1.09507510   1.00599323   0.92196623   0.84282578   0.76839720   0.69850280   0.63296453   0.57160599   0.51425388   0.46073891   0.41089638   0.36456643   0.32159394   0.28182842   0.24512361   0.21133717   0.18033023   0.15196704   0.12611461   0.10264241   0.08142221   0.06232790   0.04523544   0.03002291   0.01657057   0.00476097  -0.00552077  -0.01438683  -0.02194640  -0.02830539  -0.03356622  -0.03782755  -0.04118399  -0.04372595  -0.04553941  -0.04670577  -0.04730175  -0.04739928  -0.04706547  -0.04636260  -0.04534818  -0.04407496  -0.04259110 
  6.95420829   6.95665135   6.96379752   6.97510437   6.98969008   7.00636573   7.02367900   7.03996744   7.05341949   7.06214094   7.06422442   7.05781946   7.04120057   7.01283107   6.97142058   6.91597461   6.84583509   6.76071177   6.66070472   6.54631963   6.41847761   6.27852121   6.12821516   5.96973369   5.80561298   5.63863051   5.47156649   5.30683383   5.14605300   4.98975299   4.83738230   4.68765232   4.53903520   4.39018605   4.24016955   4.08850608   3.93511260   3.78020682   3.62421330   3.46768633   3.31125111   3.15556051   3.00126347   2.84898211   2.69929525   2.55272693   2.40973889   2.27072635   2.13601660   2.00586978   1.88048160   1.75998748   1.64446780   1.53395386   1.42843427   1.32786141   1.23215787   1.14122245   1.05493580   0.97316545   0.89577016   0.82260367   0.75351770   0.68836440   0.62699811   0.56927660   0.51506188   0.46422057   0.41662395   0.37214778   0.33067193   0.29207988   0.25625818   0.22309589   0.19248399   0.16431496   0.13848230   0.11488025   0.09340351   0.07394714   0.05640650   0.04067731   0.02665578   0.01423881   0.00332423  -0.00618887  -0.01439986  -0.02140618  -0.02730301  -0.03218291  -0.03613553  -0.03924725  -0.04160093  -0.04327568  -0.04434661  -0.04488473  -0.04495676  -0.04462511  -0.04394780  -0.04297848  -0.04176647 
