# coconut-me2b/v0.99.21 
# 
# momentum space matrix elements 
# partial wave J=2, L=1/1, S=1, T=1, MT=0 
# 
# momentum grid [fm^-1]
0.000000 0.100000 0.200000 0.300000 0.400000 0.500000 0.600000 0.700000 0.800000 0.900000 1.000000 1.100000 1.200000 1.300000 1.400000 1.500000 1.600000 1.700000 1.800000 1.900000 2.000000 2.100000 2.200000 2.300000 2.400000 2.500000 2.600000 2.700000 2.800000 2.900000 3.000000 3.100000 3.200000 3.300000 3.400000 3.500000 3.600000 3.700000 3.800000 3.900000 4.000000 4.100000 4.200000 4.300000 4.400000 4.500000 4.600000 4.700000 4.800000 4.900000 5.000000 5.100000 5.200000 5.300000 5.400000 5.500000 5.600000 5.700000 5.800000 5.900000 6.000000 6.100000 6.200000 6.300000 6.400000 6.500000 6.600000 6.700000 6.800000 6.900000 7.000000 7.100000 7.200000 7.300000 7.400000 7.500000 7.600000 7.700000 7.800000 7.900000 8.000000 8.100000 8.200000 8.300000 8.400000 8.500000 8.600000 8.700000 8.800000 8.900000 9.000000 9.100000 9.200000 9.300000 9.400000 9.500000 9.600000 9.700000 9.800000 9.900000 10.000000 
#
# matrix elements [MeV fm^3] 
 -0.00000006  -0.00006054  -0.00012338  -0.00018831  -0.00025239  -0.00031152  -0.00036225  -0.00040257  -0.00043187  -0.00045054  -0.00045954  -0.00046014  -0.00045366  -0.00044143  -0.00042468  -0.00040450  -0.00038189  -0.00035771  -0.00033266  -0.00030736  -0.00028230  -0.00025787  -0.00023435  -0.00021197  -0.00019088  -0.00017115  -0.00015283  -0.00013592  -0.00012038  -0.00010616  -0.00009319  -0.00008138  -0.00007066  -0.00006093  -0.00005211  -0.00004412  -0.00003688  -0.00003032  -0.00002439  -0.00001902  -0.00001417  -0.00000980  -0.00000587  -0.00000236   0.00000077   0.00000352   0.00000594   0.00000802   0.00000979   0.00001127   0.00001247   0.00001341   0.00001411   0.00001458   0.00001484   0.00001491   0.00001480   0.00001455   0.00001416   0.00001365   0.00001305   0.00001236   0.00001162   0.00001083   0.00001000   0.00000916   0.00000832   0.00000748   0.00000666   0.00000586   0.00000509   0.00000436   0.00000368   0.00000304   0.00000245   0.00000190   0.00000141   0.00000096   0.00000057   0.00000022  -0.00000008  -0.00000034  -0.00000056  -0.00000075  -0.00000090  -0.00000101  -0.00000110  -0.00000117  -0.00000121  -0.00000123  -0.00000124  -0.00000123  -0.00000121  -0.00000118  -0.00000114  -0.00000109  -0.00000104  -0.00000099  -0.00000093  -0.00000087  -0.00000082 
 -0.00006054  -0.06095360  -0.12383115  -0.18837480  -0.25183990  -0.31039393  -0.36072005  -0.40082658  -0.43006465  -0.44877433  -0.45788917  -0.45863346  -0.45232681  -0.44026983  -0.42368191  -0.40366973  -0.38121366  -0.35716436  -0.33224539  -0.30705951  -0.28209731  -0.25774707  -0.23430551  -0.21198880  -0.19094352  -0.17125741  -0.15296947  -0.13607943  -0.12055647  -0.10634685  -0.09338083  -0.08157842  -0.07085429  -0.06112175  -0.05229584  -0.04429568  -0.03704607  -0.03047852  -0.02453172  -0.01915166  -0.01429129  -0.00991006  -0.00597318  -0.00245085   0.00068260   0.00344957   0.00586998   0.00796201   0.00974272   0.01122864   0.01243612   0.01338172   0.01408236   0.01455544   0.01481888   0.01489108   0.01479075   0.01453686   0.01414834   0.01364400   0.01304224   0.01236086   0.01161694   0.01082659   0.01000485   0.00916556   0.00832129   0.00748327   0.00666134   0.00586399   0.00509835   0.00437025   0.00368427   0.00304384   0.00245128   0.00190796   0.00141437   0.00097022   0.00057456   0.00022587  -0.00007782  -0.00033885  -0.00055984  -0.00074361  -0.00089311  -0.00101134  -0.00110131  -0.00116600  -0.00120830  -0.00123099  -0.00123669  -0.00122789  -0.00120687  -0.00117578  -0.00113653  -0.00109086  -0.00104036  -0.00098638  -0.00093015  -0.00087272  -0.00081498 
 -0.00012338  -0.12383115  -0.24967452  -0.37663180  -0.50022559  -0.61409713  -0.71239904  -0.79132450  -0.84940906  -0.88707121  -0.90594459  -0.90830554  -0.89667665  -0.87358331  -0.84141577  -0.80235674  -0.75834800  -0.71107961  -0.66199283  -0.61229107  -0.56295598  -0.51476658  -0.46832007  -0.42405352  -0.38226548  -0.34313713  -0.30675235  -0.27311654  -0.24217375  -0.21382209  -0.18792729  -0.16433423  -0.14287675  -0.12338551  -0.10569423  -0.08964433  -0.07508823  -0.06189132  -0.04993303  -0.03910699  -0.02932050  -0.02049351  -0.01255730  -0.00545290   0.00087061   0.00645774   0.01134817   0.01557819   0.01918199   0.02219269   0.02464315   0.02656663   0.02799716   0.02896975   0.02952045   0.02968620   0.02950469   0.02901395   0.02825210   0.02725684   0.02606513   0.02471274   0.02323391   0.02166098   0.02002414   0.01835118   0.01666729   0.01499503   0.01335417   0.01176174   0.01023210   0.00877694   0.00740552   0.00612471   0.00493926   0.00385194   0.00286377   0.00197423   0.00118146   0.00048248  -0.00012662  -0.00065049  -0.00109434  -0.00146377  -0.00176465  -0.00200297  -0.00218474  -0.00231589  -0.00240218  -0.00244916  -0.00246208  -0.00244589  -0.00240519  -0.00234421  -0.00226682  -0.00217651  -0.00207641  -0.00196928  -0.00185755  -0.00174332  -0.00162840 
 -0.00018831  -0.18837480  -0.37663180  -0.56252982  -0.74089985  -0.90462290  -1.04667070  -1.16192849  -1.24798790  -1.30495116  -1.33474058  -1.34035590  -1.32528972  -1.29313631  -1.24735538  -1.19114089  -1.12735547  -1.05850439  -0.98673346  -0.91384144  -0.84130129  -0.77028695  -0.70170322  -0.63621710  -0.57428944  -0.51620601  -0.46210711  -0.41201532  -0.36586096  -0.32350488  -0.28475857  -0.24940145  -0.21719535  -0.18789634  -0.16126399  -0.13706840  -0.11509510  -0.09514815  -0.07705175  -0.06065050  -0.04580875  -0.03240917  -0.02035077  -0.00954663   0.00007850   0.00859068   0.01604903   0.02250784   0.02801847   0.03263079   0.03639444   0.03935971   0.04157809   0.04310259   0.04398775   0.04428950   0.04406478   0.04337112   0.04226609   0.04080663   0.03904853   0.03704579   0.03485003   0.03251006   0.03007141   0.02757598   0.02506182   0.02256292   0.02010916   0.01772626   0.01543591   0.01325585   0.01120007   0.00927907   0.00750010   0.00586745   0.00438279   0.00304544   0.00185273   0.00080030  -0.00011763  -0.00090792  -0.00157831  -0.00213715  -0.00259316  -0.00295528  -0.00323247  -0.00343359  -0.00356724  -0.00364171  -0.00366488  -0.00364413  -0.00358637  -0.00349794  -0.00338464  -0.00325170  -0.00310383  -0.00294518  -0.00277940  -0.00260966  -0.00243867 
 -0.00025239  -0.25183990  -0.50022559  -0.74089985  -0.96829429  -1.17569879  -1.35626658  -1.50443799  -1.61702872  -1.69352171  -1.73565984  -1.74672650  -1.73084317  -1.69243224  -1.63586130  -1.56523010  -1.48425506  -1.39621569  -1.30393931  -1.20980948  -1.11578888  -1.02345115  -0.93401794  -0.84839871  -0.76723126  -0.69092192  -0.61968403  -0.55357417  -0.49252543  -0.43637735  -0.38490237  -0.33782857  -0.29485883  -0.25568642  -0.22000744  -0.18753003  -0.15798107  -0.13111033  -0.10669272  -0.08452882  -0.06444409  -0.04628714  -0.02992723  -0.01525141  -0.00216138   0.00942954   0.01959941   0.02842036   0.03596091   0.04228794   0.04746821   0.05156952   0.05466132   0.05681516   0.05810464   0.05860520   0.05839362   0.05754739   0.05614401   0.05426012   0.05197074   0.04934845   0.04646264   0.04337888   0.04015833   0.03685731   0.03352692   0.03021288   0.02695535   0.02378899   0.02074301   0.01784137   0.01510303   0.01254224   0.01016894   0.00798910   0.00600517   0.00421650   0.00261972   0.00120920  -0.00002255  -0.00108454  -0.00198694  -0.00274073  -0.00335743  -0.00384884  -0.00422683  -0.00450312  -0.00468914  -0.00479587  -0.00483378  -0.00481271  -0.00474181  -0.00462955  -0.00448366  -0.00431112  -0.00411821  -0.00391048  -0.00369283  -0.00346949  -0.00324412 
 -0.00031152  -0.31039393  -0.61409713  -0.90462290  -1.17569879  -1.42116043  -1.63507176  -1.81231700  -1.94946176  -2.04537390  -2.10127016  -2.12025946  -2.10667452  -2.06544311  -2.00161184  -1.92003186  -1.82517274  -1.72102505  -1.61106057  -1.49822884  -1.38497638  -1.27327993  -1.16468807  -1.06036737  -0.96115047  -0.86758413  -0.77997573  -0.69843720  -0.62292557  -0.55327964  -0.48925232  -0.43053869  -0.37679959  -0.32768096  -0.28282922  -0.24190288  -0.20458086  -0.17056793  -0.13959757  -0.11143287  -0.08586580  -0.06271519  -0.04182390  -0.02305545  -0.00629035   0.00857751   0.02164443   0.03300001   0.04272999   0.05091850   0.05764985   0.06300986   0.06708663   0.06997091   0.07175607   0.07253774   0.07241320   0.07148058   0.06983787   0.06758199   0.06480770   0.06160664   0.05806642   0.05426977   0.05029387   0.04620978   0.04208200   0.03796827   0.03391934   0.02997906   0.02618444   0.02256590   0.01914760   0.01594781   0.01297933   0.01025006   0.00776342   0.00551895   0.00351280   0.00173823   0.00018615  -0.00115442  -0.00229593  -0.00325191  -0.00403657  -0.00466448  -0.00515034  -0.00550866  -0.00575364  -0.00589892  -0.00595752  -0.00594168  -0.00586285  -0.00573156  -0.00555748  -0.00534935  -0.00511503  -0.00486149  -0.00459486  -0.00432050  -0.00404298 
 -0.00036225  -0.36072005  -0.71239904  -1.04667070  -1.35626658  -1.63507176  -1.87794570  -2.08064369  -2.24008907  -2.35487967  -2.42564436  -2.45497932  -2.44700648  -2.40677758  -2.33972261  -2.25123346  -2.14639045  -2.02980301  -1.90553086  -1.77705828  -1.64730233  -1.51864239  -1.39296263  -1.27170198  -1.15590760  -1.04628930  -0.94327280  -0.84705048  -0.75762838  -0.67486900  -0.59852919  -0.52829307  -0.46379986  -0.40466686  -0.35050762  -0.30094597  -0.25562602  -0.21421880  -0.17642603  -0.14198141  -0.11064999  -0.08222620  -0.05653068  -0.03340659  -0.01271556   0.00566640   0.02185284   0.03595040   0.04806192   0.05828901   0.06673401   0.07350137   0.07869854   0.08243627   0.08482847   0.08599179   0.08604478   0.08510692   0.08329746   0.08073421   0.07753229   0.07380298   0.06965261   0.06518155   0.06048344   0.05564450   0.05074304   0.04584915   0.04102455   0.03632259   0.03178840   0.02745918   0.02336457   0.01952711   0.01596279   0.01268165   0.00968836   0.00698286   0.00456103   0.00241525   0.00053504  -0.00109241  -0.00248168  -0.00364868  -0.00461017  -0.00538341  -0.00598579  -0.00643457  -0.00674662  -0.00693819  -0.00702482  -0.00702112  -0.00694077  -0.00679641  -0.00659961  -0.00636088  -0.00608966  -0.00579436  -0.00548238  -0.00516019  -0.00483334 
 -0.00040257  -0.40082658  -0.79132450  -1.16192849  -1.50443799  -1.81231700  -2.08064369  -2.30583885  -2.48545880  -2.61827519  -2.70456849  -2.74633241  -2.74716300  -2.71185433  -2.64587596  -2.55489321  -2.44440617  -2.31951429  -2.18478287  -2.04418210  -1.90107483  -1.75823554  -1.61788886  -1.48175965  -1.35112937  -1.22689476  -1.10962632  -0.99962455  -0.89697259  -0.80158425  -0.71324696  -0.63165907  -0.55646170  -0.48726498  -0.42366910  -0.36528055  -0.31172388  -0.26264967  -0.21773915  -0.17670610  -0.13929657  -0.10528687  -0.07448043  -0.04670391  -0.02180286   0.00036262   0.01992206   0.03699847   0.05171162   0.06418074   0.07452659   0.08287293   0.08934728   0.09408118   0.09721000   0.09887225   0.09920861   0.09836073   0.09646987   0.09367546   0.09011368   0.08591605   0.08120819   0.07610866   0.07072808   0.06516827   0.05952179   0.05387152   0.04829050   0.04284200   0.03757962   0.03254769   0.02778167   0.02330872   0.01914831   0.01531292   0.01180875   0.00863646   0.00579188   0.00326677   0.00104946  -0.00087444  -0.00252147  -0.00390973  -0.00505840  -0.00598727  -0.00671633  -0.00726546  -0.00765412  -0.00790113  -0.00802444  -0.00804104  -0.00796679  -0.00781641  -0.00760340  -0.00734000  -0.00703728  -0.00670507  -0.00635208  -0.00598590  -0.00561309 
 -0.00043187  -0.43006465  -0.84940906  -1.24798790  -1.61702872  -1.94946176  -2.24008907  -2.48545880  -2.68354916  -2.83349830  -2.93557380  -2.99133616  -3.00375314  -2.97707202  -2.91645883  -2.82754394  -2.71600701  -2.58726597  -2.44627657  -2.29742262  -2.14447174  -1.99057512  -1.83829571  -1.68965390  -1.54618318  -1.40899062  -1.27881848  -1.15610451  -1.04103885  -0.93361655  -0.83368463  -0.74098339  -0.65518177  -0.57590665  -0.50276659  -0.43537019  -0.37333963  -0.31631995  -0.26398476  -0.21603875  -0.17221791  -0.13228777  -0.09604037  -0.06329036  -0.03387058  -0.00762763   0.01558245   0.03589811   0.05345563   0.06839191   0.08084648   0.09096294   0.09888962   0.10477971   0.10879087   0.11108436   0.11182387   0.11117407   0.10929905   0.10636062   0.10251670   0.09791972   0.09271523   0.08704055   0.08102377   0.07478287   0.06842509   0.06204658   0.05573215   0.04955537   0.04357875   0.03785412   0.03242314   0.02731796   0.02256188   0.01817020   0.01415095   0.01050581   0.00723090   0.00431759   0.00175333  -0.00047765  -0.00239359  -0.00401462  -0.00536213  -0.00645827  -0.00732552  -0.00798624  -0.00846241  -0.00877527  -0.00894519  -0.00899144  -0.00893206  -0.00878381  -0.00856208  -0.00828089  -0.00795290  -0.00758942  -0.00720045  -0.00679477  -0.00637995 
 -0.00045054  -0.44877433  -0.88707121  -1.30495116  -1.69352171  -2.04537390  -2.35487967  -2.61827519  -2.83349830  -2.99986215  -3.11776169  -3.18858211  -3.21478247  -3.19995602  -3.14870180  -3.06630753  -2.95835655  -2.83037029  -2.68754173  -2.53456640  -2.37555403  -2.21399882  -2.05278943  -1.89424429  -1.74016229  -1.59188168  -1.45034244  -1.31614854  -1.18962777  -1.07088741  -0.95986464  -0.85637117  -0.76013146  -0.67081497  -0.58806211  -0.51150478  -0.44078158  -0.37554849  -0.31548562  -0.26030064  -0.20972950  -0.16353520  -0.12150500  -0.08344668  -0.04918433  -0.01855389   0.00860105   0.03243312   0.05309453   0.07073964   0.08552697   0.09762040   0.10718971   0.11441048   0.11946350   0.12253364   0.12380846   0.12347649   0.12172543   0.11874023   0.11470128   0.10978260   0.10415025   0.09796093   0.09136075   0.08448437   0.07745422   0.07038017   0.06335928   0.05647587   0.04980179   0.04339679   0.03730916   0.03157643   0.02622615   0.02127676   0.01673854   0.01261453   0.00890144   0.00559062   0.00266888   0.00011940  -0.00207756  -0.00394390  -0.00550302  -0.00677928  -0.00779742  -0.00858220  -0.00915796  -0.00954832  -0.00977594  -0.00986232  -0.00982765  -0.00969068  -0.00946870  -0.00917749  -0.00883132  -0.00844297  -0.00802377  -0.00758369  -0.00713139 
 -0.00045954  -0.45788917  -0.90594459  -1.33474058  -1.73565984  -2.10127016  -2.42564436  -2.70456849  -2.93557380  -3.11776169  -3.25148683  -3.33806317  -3.37964181  -3.37924628  -3.34080165  -3.26901403  -3.16909497  -3.04642291  -2.90623624  -2.75340586  -2.59229386  -2.42668359  -2.25976219  -2.09413837  -1.93188258  -1.77458040  -1.62339236  -1.47911598  -1.34224654  -1.21303456  -1.09153850  -0.97767167  -0.87124298  -0.77199138  -0.67961404  -0.59378863  -0.51419024  -0.44050348  -0.37243029  -0.30969436  -0.25204266  -0.19924472  -0.15109040  -0.10738648  -0.06795277  -0.03261795  -0.00121554   0.02641971   0.05045492   0.07106155   0.08841703   0.10270582   0.11411963   0.12285706   0.12912277   0.13312600   0.13507895   0.13519479   0.13368558   0.13076016   0.12662205   0.12146749   0.11548371   0.10884731   0.10172302   0.09426264   0.08660435   0.07887220   0.07117599   0.06361126   0.05625963   0.04918925   0.04245548   0.03610164   0.03015994   0.02465244   0.01959200   0.01498343   0.01082442   0.00710659   0.00381650   0.00093652  -0.00155427  -0.00367928  -0.00546370  -0.00693388  -0.00811668  -0.00903906  -0.00972759  -0.01020816  -0.01050564  -0.01064369  -0.01064456  -0.01052900  -0.01031616  -0.01002357  -0.00966710  -0.00926102  -0.00881803  -0.00834931  -0.00786461 
 -0.00046014  -0.45863346  -0.90830554  -1.34035590  -1.74672650  -2.12025946  -2.45497932  -2.74633241  -2.99133616  -3.18858211  -3.33806317  -3.44087714  -3.49894595  -3.51488207  -3.49199622  -3.43430967  -3.34644635  -3.23339540  -3.10022053  -2.95179701  -2.79261817  -2.62667764  -2.45741483  -2.28770690  -2.11989187  -1.95581135  -1.79686419  -1.64406520  -1.49810474  -1.35940628  -1.22817994  -1.10447084  -0.98820146  -0.87920783  -0.77726939  -0.68213299  -0.59353120  -0.51119582  -0.43486691  -0.36429817  -0.29925941  -0.23953660  -0.18493027  -0.13525271  -0.09032458  -0.04997116  -0.01401881   0.01770831   0.04539098   0.06921694   0.08938226   0.10609197   0.11955997   0.13000838   0.13766620   0.14276773   0.14555046   0.14625285   0.14511202   0.14236129   0.13822794   0.13293106   0.12667956   0.11967053   0.11208779   0.10410084   0.09586405   0.08751619   0.07918023   0.07096342   0.06295762   0.05523984   0.04787296   0.04090658   0.03437801   0.02831332   0.02272844   0.01763032   0.01301803   0.00888388   0.00521447   0.00199175  -0.00080610  -0.00320372  -0.00522783  -0.00690653  -0.00826860  -0.00934301  -0.01015844  -0.01074290  -0.01112336  -0.01132555  -0.01137375  -0.01129063  -0.01109719  -0.01081267  -0.01045457  -0.01003865  -0.00957898  -0.00908799  -0.00857656 
 -0.00045366  -0.45232681  -0.89667665  -1.32528972  -1.73084317  -2.10667452  -2.44700648  -2.74716300  -3.00375314  -3.21478247  -3.37964181  -3.49894595  -3.57426351  -3.60785740  -3.60255185  -3.56172605  -3.48931904  -3.38973633  -3.26764678  -3.12773349  -2.97446850  -2.81194801  -2.64379419  -2.47311283  -2.30249193  -2.13402774  -1.96936758  -1.80976186  -1.65611964  -1.50906423  -1.36898602  -1.23609096  -1.11044365  -0.99200456  -0.88066114  -0.77625305  -0.67859191  -0.58747591  -0.50270012  -0.42406296  -0.35136963  -0.28443312  -0.22307341  -0.16711545  -0.11638643  -0.07071273  -0.02991692   0.00618497   0.03778556   0.06508777   0.08830562   0.10766442   0.12340028   0.13575894   0.14499416   0.15136566   0.15513671   0.15657162   0.15593302   0.15347929   0.14946199   0.14412351   0.13769497   0.13039439   0.12242521   0.11397506   0.10521497   0.09629889   0.08736342   0.07852799   0.06989518   0.06155133   0.05356730   0.04599945   0.03889064   0.03227144   0.02616128   0.02056970   0.01549756   0.01093824   0.00687882   0.00330115   0.00018287  -0.00250161  -0.00478025  -0.00668262  -0.00823922  -0.00948084  -0.01043808  -0.01114091  -0.01161831  -0.01189798  -0.01200614  -0.01196733  -0.01180434  -0.01153814  -0.01118782  -0.01077064  -0.01030206  -0.00979579  -0.00926386 
 -0.00044143  -0.44026983  -0.87358331  -1.29313631  -1.69243224  -2.06544311  -2.40677758  -2.71185433  -2.97707202  -3.19995602  -3.37924628  -3.51488207  -3.60785740  -3.65998026  -3.67363840  -3.65167438  -3.59737380  -3.51446845  -3.40705770  -3.27943546  -3.13587668  -2.98044368  -2.81684528  -2.64835420  -2.47777366  -2.30743996  -2.13924905  -1.97469748  -1.81493091  -1.66079508  -1.51288606  -1.37159741  -1.23716286  -1.10969371  -0.98921056  -0.87566943  -0.76898249  -0.66903381  -0.57569079  -0.48881172  -0.40825032  -0.33385776  -0.26548284  -0.20297094  -0.14616209  -0.09488879  -0.04897376  -0.00822797   0.02755087   0.05857923   0.08508798   0.10732205   0.12553936   0.14000917   0.15101003   0.15882723   0.16375010   0.16606905   0.16607263   0.16404460   0.16026116   0.15498842   0.14848008   0.14097550   0.13269809   0.12385406   0.11463152   0.10519999   0.09571017   0.08629411   0.07706556   0.06812066   0.05953874   0.05138337   0.04370347   0.03653457   0.02990006   0.02381254   0.01827511   0.01328267   0.00882314   0.00487867   0.00142672  -0.00155889  -0.00410707  -0.00624862  -0.00801545  -0.00943998  -0.01055455  -0.01139092  -0.01197993  -0.01235115  -0.01253264  -0.01255075  -0.01243003  -0.01219310  -0.01186068  -0.01145151  -0.01098244  -0.01046848  -0.00992286 
 -0.00042468  -0.42368191  -0.84141577  -1.24735538  -1.63586130  -2.00161184  -2.33972261  -2.64587596  -2.91645883  -3.14870180  -3.34080165  -3.49199622  -3.60255185  -3.67363840  -3.70711871  -3.70534128  -3.67102733  -3.60725887  -3.51748320  -3.40544814  -3.27505481  -3.13017387  -2.97447813  -2.81132087  -2.64366515  -2.47405633  -2.30462626  -2.13711832  -1.97292485  -1.81313065  -1.65855835  -1.50981245  -1.36732026  -1.23136845  -1.10213468  -0.97971402  -0.86414032  -0.75540287  -0.65345875  -0.55824156  -0.46966702  -0.38763611  -0.31203637  -0.24274189  -0.17961246  -0.12249232  -0.07120886  -0.02557153   0.01462882   0.04962009   0.07964846   0.10497734   0.12588567   0.14266572   0.15562050   0.16506077   0.17130184   0.17466030   0.17545072   0.17398240   0.17055640   0.16546275   0.15897799   0.15136312   0.14286181   0.13369916   0.12408072   0.11419196   0.10419808   0.09424416   0.08445557   0.07493869   0.06578179   0.05705614   0.04881720   0.04110594   0.03395020   0.02736612   0.02135949   0.01592717   0.01105838   0.00673596   0.00293759  -0.00036317  -0.00319584  -0.00559212  -0.00758512  -0.00920861  -0.01049644  -0.01148203  -0.01219789  -0.01267534  -0.01294418  -0.01303249  -0.01296651  -0.01277051  -0.01246675  -0.01207549  -0.01161497  -0.01110151  -0.01054955 
 -0.00040450  -0.40366973  -0.80235674  -1.19114089  -1.56523010  -1.92003186  -2.25123346  -2.55489321  -2.82754394  -3.06630753  -3.26901403  -3.43430967  -3.56172605  -3.65167438  -3.70534128  -3.72450779  -3.71136850  -3.66843250  -3.59851398  -3.50473934  -3.39049458  -3.25929954  -3.11464866  -2.95986477  -2.79799232  -2.63173531  -2.46343309  -2.29506407  -2.12826755  -1.96437634  -1.80445439  -1.64933577  -1.49966218  -1.35591750  -1.21845831  -1.08754000  -0.96333828  -0.84596636  -0.73548817  -0.63192799  -0.53527719  -0.44549850  -0.36252854  -0.28627893  -0.21663662  -0.15346381  -0.09659765  -0.04585027  -0.00100899   0.03816286   0.07192466   0.10055666   0.12435757   0.14364172   0.15873589   0.16997576   0.17770228   0.18225797   0.18398323   0.18321287   0.18027276   0.17547692   0.16912483   0.16149923   0.15286428   0.14346417   0.13352216   0.12323998   0.11279767   0.10235371   0.09204550   0.08199009   0.07228516   0.06301014   0.05422749   0.04598414   0.03831287   0.03123382   0.02475598   0.01887863   0.01359272   0.00888225   0.00472548   0.00109612  -0.00203561  -0.00470202  -0.00693709  -0.00877570  -0.01025298  -0.01140379  -0.01226217  -0.01286101  -0.01323175  -0.01340412  -0.01340595  -0.01326312  -0.01299941  -0.01263656  -0.01219422  -0.01169001  -0.01113962 
 -0.00038189  -0.38121366  -0.75834800  -1.12735547  -1.48425506  -1.82517274  -2.14639045  -2.44440617  -2.71600701  -2.95835655  -3.16909497  -3.34644635  -3.48931904  -3.59737380  -3.67102733  -3.71136850  -3.72000501  -3.69890759  -3.65032469  -3.57677675  -3.48106594  -3.36623348  -3.23545134  -3.09188251  -2.93855155  -2.77824899  -2.61347495  -2.44641602  -2.27894677  -2.11264729  -1.94883008  -1.78857130  -1.63274312  -1.48204473  -1.33703068  -1.19813583  -1.06569638  -0.93996720  -0.82113552  -0.70933138  -0.60463538  -0.50708412  -0.41667387  -0.33336301  -0.25707360  -0.18769252  -0.12507241  -0.06903281  -0.01936149   0.02418374   0.06187278   0.09400052   0.12088369   0.14285724   0.16027054   0.17348328   0.18286130   0.18877245   0.19158253   0.19165146   0.18932972   0.18495511   0.17884995   0.17131872   0.16264610   0.15309550   0.14290803   0.13230193   0.12147232   0.11059142   0.09980901   0.08925324   0.07903158   0.06923211   0.05992478   0.05116292   0.04298477   0.03541499   0.02846622   0.02214065   0.01643146   0.01132420   0.00679817   0.00282762  -0.00061711  -0.00356859  -0.00606137  -0.00813115  -0.00981411  -0.01114630  -0.01216311  -0.01289886  -0.01338648  -0.01365721  -0.01374044  -0.01366355  -0.01345183  -0.01312845  -0.01271446  -0.01222881  -0.01168842 
 -0.00035771  -0.35716436  -0.71107961  -1.05850439  -1.39621569  -1.72102505  -2.02980301  -2.31951429  -2.58726597  -2.83037029  -3.04642291  -3.23339540  -3.38973633  -3.51446845  -3.60725887  -3.66843250  -3.69890759  -3.70006732  -3.67362661  -3.62155964  -3.54609744  -3.44973967  -3.33521943  -3.20540853  -3.06319312  -2.91135689  -2.75249361  -2.58895391  -2.42282161  -2.25591185  -2.08978349  -1.92575993  -1.76495391  -1.60829331  -1.45654603  -1.31034269  -1.17019653  -1.03652023  -0.90963975  -0.78980533  -0.67720007  -0.57194642  -0.47411109  -0.38370873  -0.30070487  -0.22501831  -0.15652345  -0.09505260  -0.04039855   0.00768250   0.04946770   0.08526384   0.11540329   0.14023968   0.16014333   0.17549653   0.18668886   0.19411253   0.19815793   0.19920945   0.19764161   0.19381560   0.18807630   0.18074969   0.17214086   0.16253240   0.15218335   0.14132854   0.13017840   0.11891913   0.10771321   0.09670021   0.08599783   0.07570320   0.06589423   0.05663116   0.04795813   0.03990483   0.03248809   0.02571346   0.01957681   0.01406576   0.00916106   0.00483793   0.00106720  -0.00218358  -0.00494920  -0.00726587  -0.00917057  -0.01070028  -0.01189153  -0.01277989  -0.01339964  -0.01378341  -0.01396202  -0.01396431  -0.01381699  -0.01354465  -0.01316971  -0.01271243  -0.01219099 
 -0.00033266  -0.33224539  -0.66199283  -0.98673346  -1.30393931  -1.61106057  -1.90553086  -2.18478287  -2.44627657  -2.68754173  -2.90623624  -3.10022053  -3.26764678  -3.40705770  -3.51748320  -3.59851398  -3.65032469  -3.67362661  -3.66956112  -3.63958619  -3.58541486  -3.50901543  -3.41262398  -3.29871434  -3.16991349  -3.02888882  -2.87824077  -2.72042081  -2.55767960  -2.39204149  -2.22529852  -2.05901748  -1.89455459  -1.73307404  -1.57556786  -1.42287516  -1.27569996  -1.13462687  -1.00013451  -0.87260674  -0.75234180  -0.63955973  -0.53440838  -0.43696840  -0.34725740  -0.26523386  -0.19080069  -0.12380893  -0.06406159  -0.01131773   0.03470312   0.07431623   0.10786675   0.13572443   0.15827836   0.17593156   0.18909574   0.19818607   0.20361638   0.20579451   0.20511822   0.20197139   0.19672091   0.18971387   0.18127546   0.17170728   0.16128618   0.15026364   0.13886546   0.12729201   0.11571870   0.10429684   0.09315472   0.08239891   0.07211572   0.06237275   0.05322057   0.04469435   0.03681559   0.02959375   0.02302787   0.01710808   0.01181708   0.00713145   0.00302296  -0.00054036  -0.00359317  -0.00617190  -0.00831398  -0.01005712  -0.01143874  -0.01249547  -0.01326274  -0.01377445  -0.01406275  -0.01415781  -0.01408773  -0.01387845  -0.01355372  -0.01313511  -0.01264206 
 -0.00030736  -0.30705951  -0.61229107  -0.91384144  -1.20980948  -1.49822884  -1.77705828  -2.04418210  -2.29742262  -2.53456640  -2.75340586  -2.95179701  -3.12773349  -3.27943546  -3.40544814  -3.50473934  -3.57677675  -3.62155964  -3.63958619  -3.63176545  -3.59932037  -3.54373510  -3.46675645  -3.37040588  -3.25695237  -3.12883510  -2.98855917  -2.83859508  -2.68130012  -2.51886658  -2.35329369  -2.18637728  -2.01971141  -1.85469733  -1.69255642  -1.53434463  -1.38096710  -1.23319180  -1.09166202  -0.95690724  -0.82935256  -0.70932677  -0.59706936  -0.49273663  -0.39640720  -0.30808724  -0.22771544  -0.15516805  -0.09026408  -0.03277059   0.01759166   0.06114247   0.09823616   0.12925554   0.15460572   0.17470810   0.18999437   0.20090089   0.20786332   0.21131161   0.21166559   0.20933089   0.20469559   0.19812726   0.18997070   0.18054615   0.17014809   0.15904447   0.14747649   0.13565876   0.12377979   0.11200288   0.10046721   0.08928917   0.07856384   0.06836667   0.05875507   0.04977023   0.04143881   0.03377465   0.02678047   0.02044941   0.01476654   0.00971032   0.00525383   0.00136600  -0.00198733  -0.00484246  -0.00723698  -0.00920903  -0.01079668  -0.01203740  -0.01296759  -0.01362227  -0.01403475  -0.01423647  -0.01425680  -0.01412297  -0.01386004  -0.01349085  -0.01303608 
 -0.00028230  -0.28209731  -0.56295598  -0.84130129  -1.11578888  -1.38497638  -1.64730233  -1.90107483  -2.14447174  -2.37555403  -2.59229386  -2.79261817  -2.97446850  -3.13587668  -3.27505481  -3.39049458  -3.48106594  -3.54609744  -3.58541486  -3.59932037  -3.58851967  -3.55403823  -3.49717524  -3.41950504  -3.32288709  -3.20944009  -3.08146924  -2.94136826  -2.79152348  -2.63423729  -2.47167558  -2.30583682  -2.13853737  -1.97140822  -1.80589882  -1.64328509  -1.48467940  -1.33104137  -1.18318844  -1.04180591  -0.90745612  -0.78058698  -0.66153960  -0.55055544  -0.44778308  -0.35328465  -0.26704225  -0.18896433  -0.11889219  -0.05660665  -0.00183483   0.04574293   0.08648604   0.12078662   0.14906254   0.17175060   0.18929994   0.20216581   0.21080369   0.21566394   0.21718692   0.21579877   0.21190767   0.20590082   0.19814190   0.18896927   0.17869461   0.16760214   0.15594831   0.14396194   0.13184475   0.11977218   0.10789456   0.09633840   0.08520797   0.07458692   0.06454000   0.05511487   0.04634383   0.03824563   0.03082712   0.02408495   0.01800709   0.01257427   0.00776136   0.00353860  -0.00012729  -0.00327211  -0.00593329  -0.00814910  -0.00995800  -0.01139803  -0.01250640  -0.01331904  -0.01387029  -0.01419271  -0.01431686  -0.01427120  -0.01408201  -0.01377338  -0.01336720 
 -0.00025787  -0.25774707  -0.51476658  -0.77028695  -1.02345115  -1.27327993  -1.51864239  -1.75823554  -1.99057512  -2.21399882  -2.42668359  -2.62667764  -2.81194801  -2.98044368  -3.13017387  -3.25929954  -3.36623348  -3.44973967  -3.50901543  -3.54373510  -3.55403823  -3.54046849  -3.50390026  -3.44549704  -3.36671145  -3.26929228  -3.15525802  -3.02682721  -2.88632461  -2.73608867  -2.57839600  -2.41540774  -2.24913574  -2.08142410  -1.91394151  -1.74818080  -1.58546290  -1.42694339  -1.27362036  -1.12634281  -0.98581911  -0.85262540  -0.72721367  -0.60991968  -0.50097075  -0.40049336  -0.30852092  -0.22500142  -0.14980532  -0.08273342  -0.02352496   0.02813435   0.07260425   0.11028190   0.14159405   0.16698945   0.18693161   0.20189187   0.21234316   0.21875406   0.22158367   0.22127700   0.21826101   0.21294134   0.20569968   0.19689176   0.18684590   0.17586217   0.16421201   0.15213836   0.13985610   0.12755295   0.11539052   0.10350575   0.09201239   0.08100269   0.07054917   0.06070637   0.05151276   0.04299244   0.03515693   0.02800687   0.02153356   0.01572054   0.01054489   0.00597860   0.00198966  -0.00145685  -0.00439785  -0.00687143  -0.00891612  -0.01057035  -0.01187184  -0.01285725  -0.01356181  -0.01401906  -0.01426061  -0.01431605  -0.01421285  -0.01397626  -0.01362936 
 -0.00023435  -0.23430551  -0.46832007  -0.70170322  -0.93401794  -1.16468807  -1.39296263  -1.61788886  -1.83829571  -2.05278943  -2.25976219  -2.45741483  -2.64379419  -2.81684528  -2.97447813  -3.11464866  -3.23545134  -3.33521943  -3.41262398  -3.46675645  -3.49717524  -3.50390026  -3.48736067  -3.44832900  -3.38788221  -3.30739919  -3.20856387  -3.09333732  -2.96388966  -2.82250925  -2.67151242  -2.51316872  -2.34964607  -2.18297451  -2.01502447  -1.84749563  -1.68191303  -1.51962800  -1.36182219  -1.20951339  -1.06356266  -0.92468199  -0.79344248  -0.67028263  -0.55551695  -0.44934464  -0.35185839  -0.26305342  -0.18283652  -0.11103526  -0.04740728   0.00835059   0.05659304   0.09771744   0.13215498   0.16036239   0.18281388   0.19999375   0.21238942   0.22048523   0.22475677   0.22566599   0.22365697   0.21915243   0.21255089   0.20422447   0.19451743   0.18374510   0.17219356   0.16011956   0.14775109   0.13528809   0.12290364   0.11074525   0.09893645   0.08757843   0.07675183   0.06651858   0.05692369   0.04799714   0.03975558   0.03220413   0.02533795   0.01914380   0.01360148   0.00868513   0.00436445   0.00060578  -0.00262691  -0.00537119  -0.00766541  -0.00954804  -0.01105712  -0.01222983  -0.01310207  -0.01370820  -0.01408078  -0.01425043  -0.01424566  -0.01409287  -0.01381628 
 -0.00021197  -0.21198880  -0.42405352  -0.63621710  -0.84839871  -1.06036737  -1.27170198  -1.48175965  -1.68965390  -1.89424429  -2.09413837  -2.28770690  -2.47311283  -2.64835420  -2.81132087  -2.95986477  -3.09188251  -3.20540853  -3.29871434  -3.37040588  -3.41950504  -3.44549704  -3.44832900  -3.42836382  -3.38631951  -3.32323140  -3.24044625  -3.13962105  -3.02269284  -2.89181142  -2.74925075  -2.59732057  -2.43829216  -2.27434268  -2.10751701  -1.93970357  -1.77262053  -1.60780950  -1.44663431  -1.29028340  -1.13977455  -0.99596138  -0.85954085  -0.73106179  -0.61093378  -0.49943676  -0.39673072  -0.30286587  -0.21779286  -0.14137319  -0.07338958  -0.01355637   0.03847030   0.08308254   0.12071106   0.15181602   0.17687826   0.19639129   0.21085380   0.22076288   0.22660803   0.22886589   0.22799573   0.22443563   0.21859954   0.21087486   0.20162079   0.19116725   0.17981435   0.16783236   0.15546207   0.14291563   0.13037756   0.11800611   0.10593477   0.09427399   0.08311289   0.07252113   0.06255076   0.05323805   0.04460530   0.03666255   0.02940931   0.02283607   0.01692576   0.01165516   0.00699611   0.00291661  -0.00061813  -0.00364480  -0.00620122  -0.00832563  -0.01005614  -0.01143019  -0.01248417  -0.01325308  -0.01377027  -0.01406725  -0.01417352  -0.01411651  -0.01392153 
 -0.00019088  -0.19094352  -0.38226548  -0.57428944  -0.76723126  -0.96115047  -1.15590760  -1.35112937  -1.54618318  -1.74016229  -1.93188258  -2.11989187  -2.30249193  -2.47777366  -2.64366515  -2.79799232  -2.93855155  -3.06319312  -3.16991349  -3.25695237  -3.32288709  -3.36671145  -3.38788221  -3.38631951  -3.36236472  -3.31672318  -3.25042627  -3.16482180  -3.06156812  -2.94260154  -2.81006933  -2.66624300  -2.51343165  -2.35390845  -2.18985467  -2.02332030  -1.85619823  -1.69020877  -1.52689179  -1.36760423  -1.21352169  -1.06564272  -0.92479530  -0.79164479  -0.66670297  -0.55033799  -0.44278493  -0.34415677  -0.25445568  -0.17358449  -0.10135817  -0.03751526   0.01827090   0.06638129   0.10724066   0.14130756   0.16906491   0.19101127   0.20765283   0.21949614   0.22704163   0.23077803   0.23117751   0.22869160   0.22374801   0.21674801   0.20806464   0.19804149   0.18699202   0.17519946   0.16291713   0.15036915   0.13775142   0.12523300   0.11295751   0.10104486   0.08959296   0.07867959   0.06836420   0.05868982   0.04968482   0.04136469   0.03373372   0.02678659   0.02050989   0.01488346   0.00988169   0.00547468   0.00162928  -0.00168997  -0.00452002  -0.00689859  -0.00886354  -0.01045235  -0.01170167  -0.01264695  -0.01332216  -0.01375956  -0.01398951  -0.01404040  -0.01393853 
 -0.00017115  -0.17125741  -0.34313713  -0.51620601  -0.69092192  -0.86758413  -1.04628930  -1.22689476  -1.40899062  -1.59188168  -1.77458040  -1.95581135  -2.13402774  -2.30743996  -2.47405633  -2.63173531  -2.77824899  -2.91135689  -3.02888882  -3.12883510  -3.20944009  -3.26929228  -3.30739919  -3.32323140  -3.31672318  -3.28823259  -3.23848617  -3.16854015  -3.07976689  -2.97384453  -2.85272193  -2.71855200  -2.57360668  -2.42019230  -2.26057710  -2.09693552  -1.93130841  -1.76557638  -1.60144352  -1.44042872  -1.28386282  -1.13288993  -0.98847193  -0.85139540  -0.72228022  -0.60158956  -0.48964088  -0.38661748  -0.29258072  -0.20748233  -0.13117690  -0.06343427  -0.00395170   0.04763430   0.09173662   0.12880672   0.15932456   0.18378919   0.20271013   0.21659963   0.22596578   0.23130643   0.23310407   0.23182147   0.22789817   0.22174772   0.21375567   0.20427814   0.19364112   0.18214016   0.17004062   0.15757827   0.14496029   0.13236646   0.11995064   0.10784237   0.09614860   0.08495554   0.07433042   0.06432343   0.05496945   0.04628986   0.03829421   0.03098186   0.02434348   0.01836243   0.01301613   0.00827717   0.00411445   0.00049413  -0.00261954  -0.00526342  -0.00747483  -0.00929103  -0.01074869  -0.01188349  -0.01272984  -0.01332059  -0.01368684  -0.01385779  -0.01386068 
 -0.00015283  -0.15296947  -0.30675235  -0.46210711  -0.61968403  -0.77997573  -0.94327280  -1.10962632  -1.27881848  -1.45034244  -1.62339236  -1.79686419  -1.96936758  -2.13924905  -2.30462626  -2.46343309  -2.61347495  -2.75249361  -2.87824077  -2.98855917  -3.08146924  -3.15525802  -3.20856387  -3.24044625  -3.25042627  -3.23848617  -3.20503042  -3.15083141  -3.07698939  -2.98491515  -2.87631546  -2.75315595  -2.61759486  -2.47190012  -2.31836672  -2.15924603  -1.99669089  -1.83271610  -1.66917185  -1.50772723  -1.34986165  -1.19686203  -1.04982451  -0.90965960  -0.77709969  -0.65270873  -0.53689309  -0.42991360  -0.33189825  -0.24285522  -0.16268623  -0.09119971  -0.02812392   0.02688047   0.07420816   0.11429766   0.14762052   0.17467127   0.19595824   0.21199529   0.22329444   0.23035943   0.23368021   0.23372824   0.23095275   0.22577772   0.21859964   0.20978595   0.19967408   0.18857111   0.17675384   0.16446930   0.15193565   0.13934329   0.12685631   0.11461398   0.10273251   0.09130678   0.08041215   0.07010631   0.06043108   0.05141415   0.04307080   0.03540551   0.02841349   0.02208210   0.01639220   0.01131931   0.00683480   0.00290681  -0.00049882  -0.00341776  -0.00588651  -0.00794177  -0.00962000  -0.01095688  -0.01198707  -0.01274383  -0.01325883  -0.01356199  -0.01368134 
 -0.00013592  -0.13607943  -0.27311654  -0.41201532  -0.55357417  -0.69843720  -0.84705048  -0.99962455  -1.15610451  -1.31614854  -1.47911598  -1.64406520  -1.80976186  -1.97469748  -2.13711832  -2.29506407  -2.44641602  -2.58895391  -2.72042081  -2.83859508  -2.94136826  -3.02682721  -3.09333732  -3.13962105  -3.16482180  -3.16854015  -3.15083141  -3.11216685  -3.05337987  -2.97562455  -2.88035486  -2.76930666  -2.64445886  -2.50796808  -2.36208801  -2.20908941  -2.05119158  -1.89050894  -1.72901255  -1.56850412  -1.41060015  -1.25672383  -1.10810285  -0.96577192  -0.83057859  -0.70319187  -0.58411271  -0.47368593  -0.37211318  -0.27946649  -0.19570213  -0.12067459  -0.05415031   0.00417888   0.05468288   0.09778104   0.13393070   0.16361650   0.18734067   0.20561424   0.21894916   0.22785146   0.23281537   0.23431827   0.23281666   0.22874288   0.22250260   0.21447307   0.20500203   0.19440710   0.18297577   0.17096579   0.15860592   0.14609699   0.13361320   0.12130361   0.10929379   0.09768750   0.08656852   0.07600239   0.06603821   0.05671042   0.04804043   0.04003830   0.03270422   0.02603000   0.02000038   0.01459425   0.00978584   0.00554569   0.00184160  -0.00136057  -0.00409614  -0.00640102  -0.00831113  -0.00986194  -0.01108811  -0.01202313  -0.01269909  -0.01314646  -0.01339394 
 -0.00012038  -0.12055647  -0.24217375  -0.36586096  -0.49252543  -0.62292557  -0.75762838  -0.89697259  -1.04103885  -1.18962777  -1.34224654  -1.49810474  -1.65611964  -1.81493091  -1.97292485  -2.12826755  -2.27894677  -2.42282161  -2.55767960  -2.68130012  -2.79152348  -2.88632461  -2.96388966  -3.02269284  -3.06156812  -3.07976689  -3.07698939  -3.05337987  -3.00948752  -2.94621286  -2.86476506  -2.76663837  -2.65359118  -2.52760628  -2.39082680  -2.24547827  -2.09379174  -1.93793784  -1.77997543  -1.62181470  -1.46519239  -1.31165695  -1.16256138  -1.01906202  -0.88212195  -0.75251788  -0.63084962  -0.51755153  -0.41290534  -0.31705386  -0.23001521  -0.15169725  -0.08191193  -0.02038933   0.03320880   0.07927615   0.11824975   0.15059871   0.17681393   0.19739883   0.21286096   0.22370477   0.23042531   0.23350285   0.23339847   0.23055055   0.22537199   0.21824822   0.20953584   0.19956193   0.18862380   0.17698922   0.16489707   0.15255826   0.14015696   0.12785195   0.11577820   0.10404854   0.09275533   0.08197227   0.07175611   0.06214837   0.05317702   0.04485810   0.03719724   0.03019112   0.02382880   0.01809298   0.01296115   0.00840667   0.00439964   0.00090786  -0.00210252  -0.00466626  -0.00681848  -0.00859418  -0.01002779  -0.01115280  -0.01200154  -0.01260487  -0.01299207 
