# coconut-me2b/v0.99.21 
# 
# momentum space matrix elements 
# partial wave J=2, L=2/2, S=0, T=1, MT=-1 
# 
# momentum grid [fm^-1]
0.000000 0.100000 0.200000 0.300000 0.400000 0.500000 0.600000 0.700000 0.800000 0.900000 1.000000 1.100000 1.200000 1.300000 1.400000 1.500000 1.600000 1.700000 1.800000 1.900000 2.000000 2.100000 2.200000 2.300000 2.400000 2.500000 2.600000 2.700000 2.800000 2.900000 3.000000 3.100000 3.200000 3.300000 3.400000 3.500000 3.600000 3.700000 3.800000 3.900000 4.000000 4.100000 4.200000 4.300000 4.400000 4.500000 4.600000 4.700000 4.800000 4.900000 5.000000 5.100000 5.200000 5.300000 5.400000 5.500000 5.600000 5.700000 5.800000 5.900000 6.000000 6.100000 6.200000 6.300000 6.400000 6.500000 6.600000 6.700000 6.800000 6.900000 7.000000 7.100000 7.200000 7.300000 7.400000 7.500000 7.600000 7.700000 7.800000 7.900000 8.000000 8.100000 8.200000 8.300000 8.400000 8.500000 8.600000 8.700000 8.800000 8.900000 9.000000 9.100000 9.200000 9.300000 9.400000 9.500000 9.600000 9.700000 9.800000 9.900000 10.000000 
#
# matrix elements [MeV fm^3] 
  0.00000000  -0.00000000  -0.00000002  -0.00000003  -0.00000003  -0.00000004  -0.00000004  -0.00000003  -0.00000003  -0.00000003  -0.00000002  -0.00000002  -0.00000002  -0.00000002  -0.00000002  -0.00000002  -0.00000002  -0.00000001  -0.00000001  -0.00000001  -0.00000001  -0.00000001  -0.00000001  -0.00000001  -0.00000001  -0.00000001  -0.00000001  -0.00000001  -0.00000000  -0.00000000  -0.00000000  -0.00000000  -0.00000000  -0.00000000  -0.00000000  -0.00000000  -0.00000000  -0.00000000  -0.00000000  -0.00000000   0.00000000   0.00000000   0.00000000   0.00000000   0.00000000   0.00000000   0.00000000   0.00000000   0.00000000   0.00000000   0.00000000   0.00000000   0.00000000   0.00000000   0.00000000   0.00000000   0.00000000   0.00000000   0.00000000   0.00000000   0.00000000   0.00000000   0.00000000   0.00000000   0.00000000   0.00000000   0.00000000   0.00000000   0.00000000   0.00000000   0.00000000   0.00000000   0.00000000   0.00000000   0.00000000   0.00000000   0.00000000   0.00000000   0.00000000   0.00000000   0.00000000   0.00000000   0.00000000   0.00000000   0.00000000   0.00000000   0.00000000   0.00000000   0.00000000   0.00000000  -0.00000000  -0.00000000  -0.00000000  -0.00000000  -0.00000000  -0.00000000  -0.00000000  -0.00000000  -0.00000000  -0.00000000  -0.00000000 
 -0.00000000  -0.00426745  -0.01442360  -0.02504291  -0.03219588  -0.03501839  -0.03459501  -0.03242757  -0.02965194  -0.02690586  -0.02445915  -0.02237260  -0.02061075  -0.01910594  -0.01778931  -0.01660318  -0.01550415  -0.01446211  -0.01345784  -0.01248043  -0.01152494  -0.01059047  -0.00967868  -0.00879276  -0.00793651  -0.00711390  -0.00632860  -0.00558380  -0.00488203  -0.00422512  -0.00361420  -0.00304971  -0.00253146  -0.00205871  -0.00163023  -0.00124441  -0.00089931  -0.00059275  -0.00032241  -0.00008584   0.00011945   0.00029593   0.00044606   0.00057219   0.00067660   0.00076143   0.00082871   0.00088032   0.00091801   0.00094338   0.00095790   0.00096293   0.00095968   0.00094926   0.00093267   0.00091083   0.00088456   0.00085459   0.00082161   0.00078622   0.00074896   0.00071034   0.00067079   0.00063074   0.00059053   0.00055050   0.00051094   0.00047210   0.00043421   0.00039746   0.00036202   0.00032804   0.00029563   0.00026487   0.00023583   0.00020857   0.00018310   0.00015943   0.00013755   0.00011744   0.00009906   0.00008236   0.00006727   0.00005373   0.00004166   0.00003099   0.00002162   0.00001346   0.00000643   0.00000044  -0.00000460  -0.00000877  -0.00001217  -0.00001487  -0.00001696  -0.00001849  -0.00001955  -0.00002020  -0.00002049  -0.00002049  -0.00002023 
 -0.00000002  -0.01442360  -0.04972100  -0.08865703  -0.11717751  -0.13062368  -0.13160881  -0.12517742  -0.11564025  -0.10565345  -0.09647441  -0.08849466  -0.08167237  -0.07579796  -0.07063126  -0.06596123  -0.06162493  -0.05750765  -0.05353556  -0.04966656  -0.04588162  -0.04217756  -0.03856131  -0.03504563  -0.03164596  -0.02837820  -0.02525718  -0.02229576  -0.01950421  -0.01689004  -0.01445787  -0.01220963  -0.01014472  -0.00826033  -0.00655171  -0.00501252  -0.00363518  -0.00241112  -0.00133111  -0.00038550   0.00043555   0.00114188   0.00174318   0.00224882   0.00266783   0.00300874   0.00327958   0.00348785   0.00364049   0.00374390   0.00380394   0.00382596   0.00381485   0.00377501   0.00371045   0.00362481   0.00352136   0.00340307   0.00327262   0.00313244   0.00298472   0.00283146   0.00267443   0.00251527   0.00235543   0.00219621   0.00203878   0.00188416   0.00173328   0.00158691   0.00144572   0.00131028   0.00118106   0.00105841   0.00094260   0.00083383   0.00073220   0.00063773   0.00055040   0.00047010   0.00039669   0.00032997   0.00026969   0.00021558   0.00016734   0.00012465   0.00008716   0.00005453   0.00002640   0.00000242  -0.00001777  -0.00003452  -0.00004815  -0.00005900  -0.00006737  -0.00007356  -0.00007784  -0.00008046  -0.00008167  -0.00008168  -0.00008069 
 -0.00000003  -0.02504291  -0.08865703  -0.16410883  -0.22592198  -0.26157939  -0.27199725  -0.26502161  -0.24910042  -0.23028665  -0.21191282  -0.19535063  -0.18086087  -0.16819704  -0.15695187  -0.14672590  -0.13719405  -0.12812058  -0.11935116  -0.11079717  -0.10241889  -0.09421071  -0.08618909  -0.07838324  -0.07082830  -0.06356041  -0.05661339  -0.05001660  -0.04379369  -0.03796206  -0.03253271  -0.02751054  -0.02289480  -0.01867970  -0.01485514  -0.01140740  -0.00831992  -0.00557390  -0.00314903  -0.00102402   0.00082289   0.00241351   0.00376929   0.00491109   0.00585893   0.00663179   0.00724757   0.00772297   0.00807345   0.00831330   0.00845560   0.00851233   0.00849436   0.00841160   0.00827301   0.00808672   0.00786008   0.00759976   0.00731178   0.00700158   0.00667411   0.00633384   0.00598480   0.00563064   0.00527465   0.00491976   0.00456862   0.00422356   0.00388661   0.00355957   0.00324397   0.00294108   0.00265195   0.00237742   0.00211812   0.00187447   0.00164672   0.00143496   0.00123912   0.00105899   0.00089424   0.00074444   0.00060906   0.00048748   0.00037905   0.00028305   0.00019871   0.00012525   0.00006190   0.00000784  -0.00003771  -0.00007551  -0.00010633  -0.00013089  -0.00014988  -0.00016396  -0.00017374  -0.00017979  -0.00018265  -0.00018280  -0.00018070 
 -0.00000003  -0.03219588  -0.11717751  -0.22592198  -0.32601566  -0.39548742  -0.42846469  -0.43143116  -0.41554458  -0.39078973  -0.36375067  -0.33782274  -0.31426034  -0.29316319  -0.27413869  -0.25666957  -0.24028606  -0.22462795  -0.20945230  -0.19461786  -0.18006236  -0.16578006  -0.15180239  -0.13818261  -0.12498414  -0.11227215  -0.10010777  -0.08854431  -0.07762503  -0.06738215  -0.05783662  -0.04899855  -0.04086802  -0.03343615  -0.02668635  -0.02059557  -0.01513557  -0.01027419  -0.00597639  -0.00220536   0.00107666   0.00390754   0.00632469   0.00836447   0.01006184   0.01145004   0.01256039   0.01342216   0.01406253   0.01450655   0.01477727   0.01489574   0.01488114   0.01475093   0.01452095   0.01420555   0.01381776   0.01336935   0.01287102   0.01233242   0.01176234   0.01116872   0.01055874   0.00993890   0.00931505   0.00869246   0.00807582   0.00746932   0.00687661   0.00630090   0.00574494   0.00521103   0.00470107   0.00421658   0.00375871   0.00332824   0.00292566   0.00255115   0.00220461   0.00188571   0.00159390   0.00132841   0.00108835   0.00087265   0.00068016   0.00050961   0.00035969   0.00022902   0.00011621   0.00001988  -0.00006138  -0.00012891  -0.00018406  -0.00022809  -0.00026223  -0.00028763  -0.00030538  -0.00031650  -0.00032194  -0.00032255  -0.00031912 
 -0.00000004  -0.03501839  -0.13062368  -0.26157939  -0.39548742  -0.50411384  -0.57226558  -0.59964051  -0.59583635  -0.57320513  -0.54195584  -0.50856949  -0.47629355  -0.44627348  -0.41854913  -0.39270889  -0.36824728  -0.34472853  -0.32184161  -0.29940188  -0.27733058  -0.25562809  -0.23434835  -0.21357731  -0.19341599  -0.17396801  -0.15533075  -0.13758960  -0.12081451  -0.10505834  -0.09035648  -0.07672748  -0.06417423  -0.05268562  -0.04223842  -0.03279923  -0.02432643  -0.01677208  -0.01008368  -0.00420571   0.00091891   0.00534768   0.00913748   0.01234377   0.01501993   0.01721682   0.01898242   0.02036166   0.02139628   0.02212487   0.02258290   0.02280285   0.02281436   0.02264443   0.02231759   0.02185609   0.02128014   0.02060807   0.01985650   0.01904051   0.01817378   0.01726872   0.01633658   0.01538753   0.01443075   0.01347450   0.01252618   0.01159235   0.01067881   0.00979062   0.00893213   0.00810700   0.00731828   0.00656838   0.00585917   0.00519196   0.00456754   0.00398627   0.00344807   0.00295246   0.00249864   0.00208549   0.00171164   0.00137549   0.00107527   0.00080906   0.00057483   0.00037050   0.00019392   0.00004293  -0.00008460  -0.00019077  -0.00027763  -0.00034716  -0.00040125  -0.00044169  -0.00047018  -0.00048828  -0.00049746  -0.00049908  -0.00049435 
 -0.00000004  -0.03459501  -0.13160881  -0.27199725  -0.42846469  -0.57226558  -0.68126058  -0.74570062  -0.76849708  -0.76035136  -0.73355320  -0.69792183  -0.65962781  -0.62177742  -0.58550760  -0.55092686  -0.51772918  -0.48552838  -0.45400960  -0.42297796  -0.39235694  -0.36216578  -0.33249169  -0.30346362  -0.27523048  -0.24794442  -0.22174878  -0.19676998  -0.17311259  -0.15085695  -0.13005851  -0.11074862  -0.09293618  -0.07660992  -0.06174100  -0.04828582  -0.03618875  -0.02538482  -0.01580223  -0.00736459   0.00000706   0.00639255   0.01187109   0.01652013   0.02041442   0.02362530   0.02622021   0.02826240   0.02981076   0.03091981   0.03163975   0.03201662   0.03209249   0.03190575   0.03149132   0.03088097   0.03010356   0.02918530   0.02815002   0.02701936   0.02581298   0.02454876   0.02324289   0.02191008   0.02056361   0.01921542   0.01787626   0.01655566   0.01526208   0.01400289   0.01278445   0.01161217   0.01049053   0.00942313   0.00841274   0.00746138   0.00657031   0.00574013   0.00497083   0.00426186   0.00361212   0.00302013   0.00248399   0.00200149   0.00157016   0.00118732   0.00085012   0.00055561   0.00030077   0.00008256  -0.00010205  -0.00025605  -0.00038234  -0.00048373  -0.00056293  -0.00062247  -0.00066479  -0.00069212  -0.00070657  -0.00071005  -0.00070433 
 -0.00000003  -0.03242757  -0.12517742  -0.26502161  -0.43143116  -0.59964051  -0.74570062  -0.85244813  -0.91363642  -0.93366043  -0.92320584  -0.89394099  -0.85509832  -0.81253103  -0.76928159  -0.72658341  -0.68471846  -0.64357855  -0.60297217  -0.56276355  -0.52291677  -0.48349305  -0.44462882  -0.40650891  -0.36934174  -0.33333897  -0.29870032  -0.26560294  -0.23419496  -0.20459207  -0.17687659  -0.15109831  -0.12727667  -0.10540365  -0.08544722  -0.06735506  -0.05105819  -0.03647459  -0.02351253  -0.01207363  -0.00205556   0.00664563   0.01413351   0.02050967   0.02587244   0.03031591   0.03392925   0.03679627   0.03899517   0.04059847   0.04167308   0.04228049   0.04247700   0.04231408   0.04183862   0.04109337   0.04011723   0.03894561   0.03761075   0.03614197   0.03456599   0.03290711   0.03118740   0.02942694   0.02764387   0.02585458   0.02407380   0.02231466   0.02058879   0.01890640   0.01727631   0.01570605   0.01420188   0.01276888   0.01141101   0.01013116   0.00893124   0.00781225   0.00677433   0.00581687   0.00493858   0.00413755   0.00341137   0.00275717   0.00217171   0.00165147   0.00119267   0.00079142   0.00044371   0.00014547  -0.00010734  -0.00031869  -0.00049250  -0.00063253  -0.00074239  -0.00082552  -0.00088518  -0.00092440  -0.00094600  -0.00095259  -0.00094655 
 -0.00000003  -0.02965194  -0.11564025  -0.24910042  -0.41554458  -0.59583635  -0.76849708  -0.91363642  -1.01764204  -1.07637402  -1.09474084  -1.08291373  -1.05176759  -1.00994291  -0.96303630  -0.91410480  -0.86455465  -0.81490789  -0.76530838  -0.71580080  -0.66645816  -0.61742294  -0.56890510  -0.52116244  -0.47447652  -0.42913058  -0.38539186  -0.34349880  -0.30365280  -0.26601385  -0.23069909  -0.19778376  -0.16730372  -0.13925908  -0.11361853  -0.09032395  -0.06929513  -0.05043432  -0.03363058  -0.01876362  -0.00570740   0.00566688   0.01548820   0.02388356   0.03097634   0.03688497   0.04172198   0.04559343   0.04859852   0.05082947   0.05237155   0.05330330   0.05369682   0.05361811   0.05312749   0.05228002   0.05112596   0.04971112   0.04807730   0.04626263   0.04430187   0.04222673   0.04006608   0.03784620   0.03559091   0.03332177   0.03105818   0.02881748   0.02661511   0.02446459   0.02237770   0.02036451   0.01843345   0.01659141   0.01484382   0.01319472   0.01164684   0.01020175   0.00885987   0.00762065   0.00648264   0.00544358   0.00450052   0.00364992   0.00288775   0.00220958   0.00161067   0.00108607   0.00063069   0.00023937  -0.00009305  -0.00037168  -0.00060151  -0.00078738  -0.00093394  -0.00104562  -0.00112661  -0.00118083  -0.00121193  -0.00122330  -0.00121801 
 -0.00000003  -0.02690586  -0.10565345  -0.23028665  -0.39078973  -0.57320513  -0.76035136  -0.93366043  -1.07637402  -1.17738163  -1.23382101  -1.25064681  -1.23735437  -1.20403264  -1.15879533  -1.10705088  -1.05192642  -0.99504271  -0.93719215  -0.87879144  -0.82013424  -0.76150836  -0.70323501  -0.64566878  -0.58918131  -0.53414110  -0.48089497  -0.42975381  -0.38098283  -0.33479614  -0.29135480  -0.25076770  -0.21309444  -0.17834961  -0.14650801  -0.11751022  -0.09126840  -0.06767192  -0.04659267  -0.02788997  -0.01141493   0.00298567   0.01546621   0.02617942   0.03527431   0.04289443   0.04917668   0.05425044   0.05823709   0.06124977   0.06339339   0.06476484   0.06545326   0.06554046   0.06510144   0.06420478   0.06291325   0.06128420   0.05937010   0.05721889   0.05487440   0.05237671   0.04976236   0.04706470   0.04431404   0.04153784   0.03876090   0.03600544   0.03329125   0.03063581   0.02805431   0.02555985   0.02316345   0.02087418   0.01869926   0.01664415   0.01471270   0.01290719   0.01122855   0.00967640   0.00824923   0.00694449   0.00575876   0.00468784   0.00372691   0.00287062   0.00211321   0.00144865   0.00087068   0.00037297  -0.00005084  -0.00040707  -0.00070189  -0.00094131  -0.00113112  -0.00127683  -0.00138366  -0.00145652  -0.00149998  -0.00151827  -0.00151529 
 -0.00000002  -0.02445915  -0.09647441  -0.21191282  -0.36375067  -0.54195584  -0.73355320  -0.92320584  -1.09474084  -1.23382101  -1.33116618  -1.38473724  -1.39934370  -1.38380290  -1.34749422  -1.29808365  -1.24084539  -1.17900547  -1.11441078  -1.04812533  -0.98083378  -0.91306980  -0.84532429  -0.77808351  -0.71183169  -0.64703879  -0.58414454  -0.52354416  -0.46557781  -0.41052429  -0.35859858  -0.30995258  -0.26467821  -0.22281231  -0.18434269  -0.14921465  -0.11733792  -0.08859330  -0.06283910  -0.03991708  -0.01965778  -0.00188515   0.01357938   0.02691358   0.03829173   0.04788247   0.05584726   0.06233924   0.06750258   0.07147208   0.07437313   0.07632186   0.07742544   0.07778254   0.07748379   0.07661238   0.07524460   0.07345040   0.07129388   0.06883381   0.06612403   0.06321389   0.06014852   0.05696917   0.05371344   0.05041549   0.04710621   0.04381340   0.04056185   0.03737354   0.03426768   0.03126086   0.02836715   0.02559822   0.02296345   0.02047008   0.01812329   0.01592642   0.01388104   0.01198715   0.01024331   0.00864681   0.00719384   0.00587960   0.00469851   0.00364431   0.00271022   0.00188909   0.00117349   0.00055584   0.00002852  -0.00041605  -0.00078532  -0.00108653  -0.00132669  -0.00151247  -0.00165024  -0.00174595  -0.00180518  -0.00183310  -0.00183445 
 -0.00000002  -0.02237260  -0.08849466  -0.19535063  -0.33782274  -0.50856949  -0.69792183  -0.89394099  -1.08291373  -1.25064681  -1.38473724  -1.47731954  -1.52693651  -1.53819708  -1.51930193  -1.47901283  -1.42461788  -1.36129112  -1.29236320  -1.21989590  -1.14520524  -1.06922088  -0.99269264  -0.91629082  -0.84064388  -0.76634399  -0.69393911  -0.62392160  -0.55671826  -0.49268371  -0.43209755  -0.37516491  -0.32201975  -0.27273023  -0.22730545  -0.18570297  -0.14783672  -0.11358482  -0.08279709  -0.05530201  -0.03091312  -0.00943453   0.00933421   0.02559408   0.03954328   0.05137460   0.06127348   0.06941656   0.07597073   0.08109268   0.08492864   0.08761450   0.08927609   0.09002963   0.08998223   0.08923250   0.08787115   0.08598157   0.08364046   0.08091829   0.07787982   0.07458456   0.07108708   0.06743739   0.06368116   0.05986002   0.05601172   0.05217030   0.04836625   0.04462665   0.04097530   0.03743283   0.03401687   0.03074211   0.02762054   0.02466149   0.02187189   0.01925634   0.01681736   0.01455554   0.01246971   0.01055714   0.00881375   0.00723424   0.00581234   0.00454094   0.00341226   0.00241804   0.00154965   0.00079828   0.00015500  -0.00038909  -0.00084275  -0.00121454  -0.00151273  -0.00174525  -0.00191965  -0.00204302  -0.00212203  -0.00216284  -0.00217115 
 -0.00000002  -0.02061075  -0.08167237  -0.18086087  -0.31426034  -0.47629355  -0.65962781  -0.85509832  -1.05176759  -1.23735437  -1.39934370  -1.52693651  -1.61341899  -1.65778650  -1.66445063  -1.64107275  -1.59588128  -1.53583943  -1.46603670  -1.38989653  -1.30966863  -1.22688786  -1.14269452  -1.05802159  -0.97368818  -0.89043709  -0.80894345  -0.72981117  -0.65356601  -0.58064995  -0.51141834  -0.44614046  -0.38500286  -0.32811510  -0.27551714  -0.22718763  -0.18305285  -0.14299555  -0.10686354  -0.07447781  -0.04563984  -0.02013813   0.00224606   0.02173397   0.03854534   0.05289524   0.06499165   0.07503367   0.08321027   0.08969958   0.09466855   0.09827293   0.10065747   0.10195633   0.10229363   0.10178402   0.10053332   0.09863915   0.09619155   0.09327354   0.08996162   0.08632629   0.08243238   0.07833946   0.07410211   0.06977018   0.06538902   0.06099963   0.05663888   0.05233959   0.04813077   0.04403766   0.04008195   0.03628190   0.03265250   0.02920564   0.02595030   0.02289276   0.02003674   0.01738369   0.01493293   0.01268193   0.01062649   0.00876096   0.00707849   0.00557120   0.00423037   0.00304668   0.00201034   0.00111127   0.00033925  -0.00031595  -0.00086445  -0.00131615  -0.00168066  -0.00196720  -0.00218457  -0.00234107  -0.00244448  -0.00250207  -0.00252052 
 -0.00000002  -0.01910594  -0.07579796  -0.16819704  -0.29316319  -0.44627348  -0.62177742  -0.81253103  -1.00994291  -1.20403264  -1.38380290  -1.53819708  -1.65778650  -1.73683152  -1.77470506  -1.77564387  -1.74684178  -1.69606193  -1.62997833  -1.55359672  -1.47040953  -1.38281780  -1.29253435  -1.20086986  -1.10890309  -1.01756847  -0.92769370  -0.84001151  -0.75516018  -0.67368096  -0.59601639  -0.52251111  -0.45341538  -0.38889107  -0.32901949  -0.27381041  -0.22321183  -0.17711977  -0.13538798  -0.09783702  -0.06426263  -0.03444325  -0.00814661   0.01486469   0.03482848   0.05197929   0.06654532   0.07874630   0.08879190   0.09688072   0.10319973   0.10792414   0.11121747   0.11323192   0.11410883   0.11397928   0.11296468   0.11117747   0.10872169   0.10569360   0.10218219   0.09826972   0.09403205   0.08953912   0.08485516   0.08003902   0.07514438   0.07021994   0.06530962   0.06045269   0.05568395   0.05103389   0.04652880   0.04219103   0.03803907   0.03408782   0.03034876   0.02683015   0.02353733   0.02047286   0.01763688   0.01502724   0.01263987   0.01046894   0.00850716   0.00674600   0.00517592   0.00378661   0.00256716   0.00150628   0.00059248  -0.00018582  -0.00084009  -0.00138161  -0.00182132  -0.00216980  -0.00243713  -0.00263287  -0.00276599  -0.00284488  -0.00287730 
 -0.00000002  -0.01778931  -0.07063126  -0.15695187  -0.27413869  -0.41854913  -0.58550760  -0.76928159  -0.96303630  -1.15879533  -1.34749422  -1.51930193  -1.66445063  -1.77470506  -1.84516836  -1.87553978  -1.86990417  -1.83504590  -1.77831335  -1.70611213  -1.62335434  -1.53357043  -1.43927151  -1.34230447  -1.24410832  -1.14586959  -1.04860474  -0.95319801  -0.86041604  -0.77091213  -0.68522763  -0.60379389  -0.52693622  -0.45488013  -0.38775949  -0.32562608  -0.26846002  -0.21618048  -0.16865623  -0.12571577  -0.08715669  -0.05275413  -0.02226827   0.00454923   0.02794981   0.04818361   0.06549589   0.08012439   0.09229736   0.10223221   0.11013471   0.11619864   0.12060573   0.12352589   0.12511759   0.12552846   0.12489577   0.12334716   0.12100117   0.11796788   0.11434942   0.11024047   0.10572867   0.10089503   0.09581419   0.09055474   0.08517942   0.07974536   0.07430422   0.06890239   0.06358113   0.05837676   0.05332082   0.04844025   0.04375762   0.03929128   0.03505566   0.03106147   0.02731599   0.02382332   0.02058463   0.01759853   0.01486127   0.01236708   0.01010842   0.00807627   0.00626042   0.00464965   0.00323205   0.00199518   0.00092631   0.00001257  -0.00075886  -0.00140061  -0.00192502  -0.00234399  -0.00266893  -0.00291070  -0.00307949  -0.00318488  -0.00323573 
 -0.00000002  -0.01660318  -0.06596123  -0.14672590  -0.25666957  -0.39270889  -0.55092686  -0.72658341  -0.91410480  -1.10705088  -1.29808365  -1.47901283  -1.64107275  -1.77564387  -1.87553978  -1.93659933  -1.95880519  -1.94610635  -1.90492034  -1.84221586  -1.76413942  -1.67549286  -1.57981060  -1.47967167  -1.37701370  -1.27336340  -1.16997909  -1.06792851  -0.96812698  -0.87135447  -0.77826329  -0.68938286  -0.60512485  -0.52578984  -0.45157578  -0.38258791  -0.31884967  -0.26031409  -0.20687516  -0.15837880  -0.11463315  -0.07541797  -0.04049301  -0.00960527   0.01750477   0.04109809   0.06143293   0.07876161   0.09332810   0.10536633   0.11509903   0.12273715   0.12847958   0.13251323   0.13501333   0.13614380   0.13605782   0.13489840   0.13279891   0.12988367   0.12626846   0.12206099   0.11736128   0.11226210   0.10684920   0.10120160   0.09539184   0.08948615   0.08354465   0.07762152   0.07176514   0.06601831   0.06041841   0.05499759   0.04978298   0.04479697   0.04005741   0.03557791   0.03136811   0.02743400   0.02377822   0.02040038   0.01729740   0.01446379   0.01189201   0.00957276   0.00749530   0.00564768   0.00401710   0.00259006   0.00135269   0.00029087  -0.00060952  -0.00136244  -0.00198159  -0.00248022  -0.00287110  -0.00316635  -0.00337748  -0.00351523  -0.00358964 
 -0.00000002  -0.01550415  -0.06162493  -0.13719405  -0.24028606  -0.36824728  -0.51772918  -0.68471846  -0.86455465  -1.05192642  -1.24084539  -1.42461788  -1.59588128  -1.74684178  -1.86990417  -1.95880519  -2.01002524  -2.02378921  -2.00391722  -1.95648909  -1.88811644  -1.80468824  -1.71087613  -1.61018453  -1.50522028  -1.39797150  -1.29001568  -1.18265085  -1.07696938  -0.97389623  -0.87420819  -0.77854439  -0.68741397  -0.60120385  -0.52018755  -0.44453541  -0.37432580  -0.30955699  -0.25015913  -0.19600593  -0.14692580  -0.10271206  -0.06313213  -0.02793570   0.00313836   0.03035616   0.05398397   0.07428444   0.09151370   0.10591920   0.11773820   0.12719688   0.13450978   0.13987970   0.14349778   0.14554378   0.14618650   0.14558426   0.14388537   0.14122866   0.13774393   0.13355237   0.12876697   0.12349280   0.11782736   0.11186079   0.10567606   0.09934921   0.09294950   0.08653956   0.08017557   0.07390744   0.06777900   0.06182822   0.05608741   0.05058347   0.04533824   0.04036868   0.03568727   0.03130234   0.02721834   0.02343628   0.01995404   0.01676675   0.01386712   0.01124580   0.00889173   0.00679244   0.00493435   0.00330309   0.00188371   0.00066095  -0.00038054  -0.00125602  -0.00198049  -0.00256857  -0.00303432  -0.00339120  -0.00365198  -0.00382865  -0.00393242 
 -0.00000001  -0.01446211  -0.05750765  -0.12812058  -0.22462795  -0.34472853  -0.48552838  -0.64357855  -0.81490789  -0.99504271  -1.17900547  -1.36129112  -1.53583943  -1.69606193  -1.83504590  -1.94610635  -2.02378921  -2.06512994  -2.07055388  -2.04375142  -1.99048292  -1.91701684  -1.82898153  -1.73089816  -1.62620957  -1.51751447  -1.40681611  -1.29571091  -1.18550966  -1.07730757  -0.97202254  -0.87041601  -0.77310573  -0.68057584  -0.59318660  -0.51118490  -0.43471573  -0.36383426  -0.29851823  -0.23868021  -0.18417930  -0.13483216  -0.09042296  -0.05071223  -0.01544465   0.01564442   0.04282352   0.06636062   0.08651967   0.10355799   0.11772436   0.12925764   0.13838606   0.14532671   0.15028546   0.15345707   0.15502538   0.15516370   0.15403520   0.15179326   0.14858190   0.14453616   0.13978234   0.13443839   0.12861408   0.12241124   0.11592393   0.10923863   0.10243438   0.09558293   0.08874890   0.08198996   0.07535703   0.06889448   0.06264039   0.05662678   0.05087997   0.04542082   0.04026513   0.03542399   0.03090413   0.02670833   0.02283583   0.01928267   0.01604213   0.01310510   0.01046043   0.00809534   0.00599569   0.00414636   0.00253149   0.00113480  -0.00006022  -0.00107002  -0.00191090  -0.00259873  -0.00314892  -0.00357620  -0.00389463  -0.00411745  -0.00425707 
 -0.00000001  -0.01345784  -0.05353556  -0.11935116  -0.20945230  -0.32184161  -0.45400960  -0.60297217  -0.76530838  -0.93719215  -1.11441078  -1.29236320  -1.46603670  -1.62997833  -1.77831335  -1.90492034  -2.00391722  -2.07055388  -2.10233992  -2.09985900  -2.06666512  -2.00820999  -1.93042730  -1.83867995  -1.73732016  -1.62970184  -1.51838504  -1.40535869  -1.29221223  -1.18024787  -1.07054720  -0.96400907  -0.86137165  -0.76322697  -0.67003265  -0.58212313  -0.49972136  -0.42295101  -0.35184900  -0.28637812  -0.22643919  -0.17188260  -0.12251899  -0.07812876  -0.03847058  -0.00328861   0.02768136   0.05470685   0.07805464   0.09798761   0.11476235   0.12862742   0.13982216   0.14857596   0.15510783   0.15962627   0.16232930   0.16340464   0.16302991   0.16137293   0.15859196   0.15483601   0.15024504   0.14495021   0.13907402   0.13273051   0.12602540   0.11905619   0.11191231   0.10467524   0.09741869   0.09020872   0.08310394   0.07615575   0.06940859   0.06290019   0.05666188   0.05071897   0.04509110   0.03979259   0.03483291   0.03021706   0.02594598   0.02201703   0.01842440   0.01515951   0.01221142   0.00956727   0.00721260   0.00513171   0.00330803   0.00172437   0.00036323  -0.00079300  -0.00176175  -0.00256018  -0.00320492  -0.00371200  -0.00409672  -0.00437358  -0.00455618 
 -0.00000001  -0.01248043  -0.04966656  -0.11079717  -0.19461786  -0.29940188  -0.42297796  -0.56276355  -0.71580080  -0.87879144  -1.04812533  -1.21989590  -1.38989653  -1.55359672  -1.70611213  -1.84221586  -1.95648909  -2.04375142  -2.09985900  -2.12272019  -2.11303557  -2.07421287  -2.01140149  -1.93020604  -1.83571968  -1.73211049  -1.62262137  -1.50974939  -1.39544608  -1.28127413  -1.16851153  -1.05821484  -0.95125645  -0.84834728  -0.75005250  -0.65680441  -0.56891467  -0.48658656  -0.40992760  -0.33896218  -0.27364404  -0.21386813  -0.15948179  -0.11029489  -0.06608893  -0.02662493   0.00834973   0.03909567   0.06587680   0.08895664   0.10859533   0.12504749   0.13856057   0.14937374   0.15771713   0.16381140   0.16786751   0.17008666   0.17066032   0.16977033   0.16758902   0.16427937   0.15999509   0.15488080   0.14907208   0.14269561   0.13586920   0.12870190   0.12129411   0.11373761   0.10611579   0.09850368   0.09096823   0.08356847   0.07635576   0.06937412   0.06266051   0.05624520   0.05015218   0.04439955   0.03899997   0.03396110   0.02928605   0.02497388   0.02102004   0.01741683   0.01415384   0.01121841   0.00859599   0.00627057   0.00422503   0.00244147   0.00090151  -0.00041344  -0.00152191  -0.00244218  -0.00319211  -0.00378893  -0.00424920  -0.00458862  -0.00482200 
 -0.00000001  -0.01152494  -0.04588162  -0.10241889  -0.18006236  -0.27733058  -0.39235694  -0.52291677  -0.66645816  -0.82013424  -0.98083378  -1.14520524  -1.30966863  -1.47040953  -1.62335434  -1.76413942  -1.88811644  -1.99048292  -2.06666512  -2.11303557  -2.12783192  -2.11183270  -2.06828852  -2.00205092  -1.91840072  -1.82215904  -1.71729904  -1.60693630  -1.49348696  -1.37884841  -1.26454274  -1.15181343  -1.04168531  -0.93500080  -0.83244288  -0.73455139  -0.64173660  -0.55429179  -0.47240591  -0.39617603  -0.32561988  -0.26068790  -0.20127465  -0.14722946  -0.09836598  -0.05447073  -0.01531051   0.01936132   0.04979952   0.07626266   0.09900965   0.11829698   0.13437669   0.14749475   0.15788994   0.16579309   0.17142649   0.17500361   0.17672882   0.17679735   0.17539517   0.17269899   0.16887625   0.16408510   0.15847440   0.15218375   0.14534344   0.13807451   0.13048879   0.12268892   0.11476847   0.10681206   0.09889552   0.09108607   0.08344264   0.07601607   0.06884951   0.06197878   0.05543275   0.04923380   0.04339829   0.03793701   0.03285571   0.02815555   0.02383365   0.01988355   0.01629572   0.01305799   0.01015604   0.00757377   0.00529375   0.00329757   0.00156614   0.00008006  -0.00118019  -0.00223393  -0.00310011  -0.00379715  -0.00434277  -0.00475387  -0.00504645 
 -0.00000001  -0.01059047  -0.04217756  -0.09421071  -0.16578006  -0.25562809  -0.36216578  -0.48349305  -0.61742294  -0.76150836  -0.91306980  -1.06922088  -1.22688786  -1.38281780  -1.53357043  -1.67549286  -1.80468824  -1.91701684  -2.00820999  -2.07421287  -2.11183270  -2.11957381  -2.09825745  -2.05096733  -1.98226170  -1.89710399  -1.80004412  -1.69485429  -1.58451234  -1.47134160  -1.35717455  -1.24348422  -1.13147399  -1.02213418  -0.91627706  -0.81455951  -0.71749949  -0.62548978  -0.53881064  -0.45764227  -0.38207705  -0.31213158  -0.24775819  -0.18885579  -0.13527984  -0.08685136  -0.04336489  -0.00459536   0.02969600   0.05975674   0.08583914   0.10819691   0.12708261   0.14274557   0.15543033   0.16537545   0.17281261   0.17796593   0.18105150   0.18227696   0.18184126   0.17993441   0.17673728   0.17242149   0.16714922   0.16107314   0.15433628   0.14707201   0.13940398   0.13144612   0.12330270   0.11506842   0.10682853   0.09865902   0.09062691   0.08279045   0.07519954   0.06789607   0.06091436   0.05428161   0.04801836   0.04213905   0.03665250   0.03156245   0.02686811   0.02256464   0.01864375   0.01509413   0.01190195   0.00905135   0.00652483   0.00430368   0.00236832   0.00069868  -0.00072554  -0.00192460  -0.00291847  -0.00372663  -0.00436792  -0.00486038  -0.00522116 
 -0.00000001  -0.00967868  -0.03856131  -0.08618909  -0.15180239  -0.23434835  -0.33249169  -0.44462882  -0.56890510  -0.70323501  -0.84532429  -0.99269264  -1.14269452  -1.29253435  -1.43927151  -1.57981060  -1.71087613  -1.82898153  -1.93042730  -2.01140149  -2.06828852  -2.09825745  -2.10002430  -2.07442270  -2.02436210  -1.95411360  -1.86833181  -1.77129980  -1.66658764  -1.55703046  -1.44485256  -1.33181585  -1.21934048  -1.10858804  -1.00051476  -0.89590495  -0.79539305  -0.69947975  -0.60854557  -0.52286324  -0.44260970  -0.36787787  -0.29868806  -0.23499882  -0.17671715  -0.12370779  -0.07580165  -0.03280320   0.00550304   0.03934706   0.06896863   0.09461351   0.11653024   0.13496762   0.15017259   0.16238864   0.17185444   0.17880286   0.18346008   0.18604498   0.18676851   0.18583328   0.18343314   0.17975286   0.17496781   0.16924375   0.16273656   0.15559216   0.14794630   0.13992457   0.13164234   0.12320485   0.11470725   0.10623482   0.09786318   0.08965854   0.08167809   0.07397035   0.06657560   0.05952638   0.05284797   0.04655893   0.04067164   0.03519288   0.03012437   0.02546335   0.02120312   0.01733360   0.01384182   0.01071241   0.00792812   0.00547018   0.00331876   0.00145330  -0.00014711  -0.00150352  -0.00263677  -0.00356731  -0.00431502  -0.00489901  -0.00533753 
 -0.00000001  -0.00879276  -0.03504563  -0.07838324  -0.13818261  -0.21357731  -0.30346362  -0.40650891  -0.52116244  -0.64566878  -0.77808351  -0.91629082  -1.05802159  -1.20086986  -1.34230447  -1.47967167  -1.61018453  -1.73089816  -1.83867995  -1.93020604  -2.00205092  -2.05096733  -2.07442270  -2.07129771  -2.04241368  -1.99050186  -1.91955465  -1.83392907  -1.73764933  -1.63408667  -1.52593336  -1.41531321  -1.30391631  -1.19310975  -1.08401464  -0.97755584  -0.87449355  -0.77544435  -0.68089685  -0.59122455  -0.50669783  -0.42749525  -0.35371472  -0.28538410  -0.22247145  -0.16489448  -0.11252924  -0.06521799  -0.02277612   0.01500180   0.04833679   0.07746100   0.10261403   0.12403975   0.14198373   0.15669113   0.16840488   0.17736426   0.18380368   0.18795164   0.19002989   0.19025267   0.18882609   0.18594756   0.18180533   0.17657804   0.17043443   0.16353299   0.15602180   0.14803833   0.13970939   0.13115112   0.12246900   0.11375805   0.10510298   0.09657846   0.08824949   0.08017171   0.07239193   0.06494853   0.05787203   0.05118564   0.04490578   0.03904274   0.03360122   0.02858095   0.02397726   0.01978166   0.01598238   0.01256491   0.00951252   0.00680668   0.00442754   0.00235430   0.00056559  -0.00096020  -0.00224468  -0.00330913  -0.00417435  -0.00486047  -0.00538676 
 -0.00000001  -0.00793651  -0.03164596  -0.07082830  -0.12498414  -0.19341599  -0.27523048  -0.36934174  -0.47447652  -0.58918131  -0.71183169  -0.84064388  -0.97368818  -1.10890309  -1.24410832  -1.37701370  -1.50522028  -1.62620957  -1.73732016  -1.83571968  -1.91840072  -1.98226170  -2.02436210  -2.04241368  -2.03542292  -2.00418010  -1.95123809  -1.88032172  -1.79550442  -1.70056281  -1.59867641  -1.49239860  -1.38375499  -1.27436598  -1.16554820  -1.05838568  -0.95377602  -0.85245999  -0.75504137  -0.66200161  -0.57371212  -0.49044534  -0.41238545  -0.33963867  -0.27224322  -0.21017876  -0.15337523  -0.10172098  -0.05507008  -0.01324889   0.02393821   0.05670379   0.08527309   0.10988030   0.13076542   0.14817162   0.16234295   0.17352241   0.18195036   0.18786305   0.19149148   0.19306027   0.19278681   0.19088041   0.18754164   0.18296170   0.17732192   0.17079335   0.16353639   0.15570055   0.14742429   0.13883491   0.13004861   0.12117049   0.11229481   0.10350514   0.09487476   0.08646696   0.07833555   0.07052527   0.06307240   0.05600526   0.04934485   0.04310542   0.03729513   0.03191662   0.02696768   0.02244182   0.01832886   0.01461548   0.01128581   0.00832184   0.00570399   0.00341144   0.00142262  -0.00028450  -0.00173208  -0.00294213  -0.00393624  -0.00473542  -0.00535991 
 -0.00000001  -0.00711390  -0.02837820  -0.06356041  -0.11227215  -0.17396801  -0.24794442  -0.33333897  -0.42913058  -0.53414110  -0.64703879  -0.76634399  -0.89043709  -1.01756847  -1.14586959  -1.27336340  -1.39797150  -1.51751447  -1.62970184  -1.73211049  -1.82215904  -1.89710399  -1.95411360  -1.99050186  -2.00418010  -1.99424974  -1.96145705  -1.90818018  -1.83789021  -1.75439330  -1.66123257  -1.56140600  -1.45733507  -1.35095242  -1.24381322  -1.13718807  -1.03212852  -0.92950973  -0.83005793  -0.73436882  -0.64292124  -0.55608844  -0.47414847  -0.39729394  -0.32564165  -0.25924173  -0.19808645  -0.14211846  -0.09123838  -0.04531174  -0.00417520   0.03235793   0.06449281   0.09244878   0.11645570   0.13675070   0.15357539   0.16717346   0.17778858   0.18566254   0.19103369   0.19413551   0.19519539   0.19443357   0.19206216   0.18828434   0.18329366   0.17727345   0.17039633   0.16282384   0.15470619   0.14618205   0.13737854   0.12841121   0.11938417   0.11039033   0.10151167   0.09281959   0.08437536   0.07623058   0.06842776   0.06100085   0.05397589   0.04737158   0.04120000   0.03546717   0.03017377   0.02531570   0.02088478   0.01686927   0.01325446   0.01002322   0.00715649   0.00463374   0.00243341   0.00053327  -0.00108921  -0.00245657  -0.00359108  -0.00451453  -0.00524800 
 -0.00000001  -0.00632860  -0.02525718  -0.05661339  -0.10010777  -0.15533075  -0.22174878  -0.29870032  -0.38539186  -0.48089497  -0.58414454  -0.69393911  -0.80894345  -0.92769370  -1.04860474  -1.16997909  -1.29001568  -1.40681611  -1.51838504  -1.62262137  -1.71729904  -1.80004412  -1.86833181  -1.91955465  -1.95123809  -1.96145705  -1.94938446  -1.91571506  -1.86265935  -1.79345071  -1.71164639  -1.62057200  -1.52305639  -1.42139834  -1.31744456  -1.21269092  -1.10836739  -1.00549810  -0.90494064  -0.80741124  -0.71350162  -0.62369157  -0.53835920  -0.45779046  -0.38218814  -0.31168063  -0.24633047  -0.18614254  -0.13107170  -0.08103007  -0.03589357   0.00449208   0.04030595   0.07174709   0.09903026   0.12238214   0.14203801   0.15823880   0.17122849   0.18125185   0.18855239   0.19337060   0.19594234   0.19649748   0.19525867   0.19244028   0.18824746   0.18287540   0.17650867   0.16932068   0.16147334   0.15311678   0.14438917   0.13541672   0.12631371   0.11718270   0.10811474   0.09918974   0.09047687   0.08203506   0.07391351   0.06615227   0.05878288   0.05182900   0.04530705   0.03922692   0.03359259   0.02840282   0.02365180   0.01932973   0.01542348   0.01191709   0.00879236   0.00602931   0.00360666   0.00150222  -0.00030671  -0.00184302  -0.00312950  -0.00418855  -0.00504203 
 -0.00000001  -0.00558380  -0.02229576  -0.05001660  -0.08854431  -0.13758960  -0.19676998  -0.26560294  -0.34349880  -0.42975381  -0.52354416  -0.62392160  -0.72981117  -0.84001151  -0.95319801  -1.06792851  -1.18265085  -1.29571091  -1.40535869  -1.50974939  -1.60693630  -1.69485429  -1.77129980  -1.83392907  -1.88032172  -1.90818018  -1.91571506  -1.90215395  -1.86813729  -1.81571791  -1.74790926  -1.66803919  -1.57923318  -1.48416458  -1.38501987  -1.28356793  -1.18125187  -1.07926666  -0.97861400  -0.88013826  -0.78454943  -0.69243845  -0.60428854  -0.52048452  -0.44132142  -0.36701272  -0.29769843  -0.23345301  -0.17429299  -0.12018431  -0.07104911  -0.02677217   0.01279333   0.04782040   0.07850347   0.10505405   0.12769681   0.14666615   0.16220304   0.17455228   0.18396004   0.19067162   0.19492953   0.19697173   0.19703014   0.19532925   0.19208502   0.18750386   0.18178181   0.17510387   0.16764347   0.15956209   0.15100902   0.14212123   0.13302338   0.12382790   0.11463525   0.10553420   0.09660221   0.08790593   0.07950169   0.07143610   0.06374667   0.05646243   0.04960466   0.04318752   0.03721877   0.03170043   0.02662949   0.02199850   0.01779624   0.01400830   0.01061767   0.00760521   0.00495020   0.00263075   0.00062421  -0.00109246  -0.00254238  -0.00374843  -0.00473308 
 -0.00000000  -0.00488203  -0.01950421  -0.04379369  -0.07762503  -0.12081451  -0.17311259  -0.23419496  -0.30365280  -0.38098283  -0.46557781  -0.55671826  -0.65356601  -0.75516018  -0.86041604  -0.96812698  -1.07696938  -1.18550966  -1.29221223  -1.39544608  -1.49348696  -1.58451234  -1.66658764  -1.73764933  -1.79550442  -1.83789021  -1.86265935  -1.86813729  -1.85359524  -1.81962035  -1.76811998  -1.70190638  -1.62409812  -1.53763829  -1.44505896  -1.34844511  -1.24949606  -1.14960875  -1.04994839  -0.95149863  -0.85509418  -0.76144157  -0.67113302  -0.58465653  -0.50240433  -0.42468059  -0.35170902  -0.28364031  -0.22055951  -0.16249329  -0.10941683  -0.06126053  -0.01791612   0.02075751   0.05492899   0.08478962   0.11054892   0.13243062   0.15066902   0.16550572   0.17718666   0.18595948   0.19207118   0.19576599   0.19728354   0.19685718   0.19471261   0.19106663   0.18612608   0.18008706   0.17313418   0.16544008   0.15716506   0.14845686   0.13945059   0.13026875   0.12102143   0.11180652   0.10271014   0.09380699   0.08516095   0.07682560   0.06884482   0.06125351   0.05407821   0.04733782   0.04104430   0.03520338   0.02981524   0.02487519   0.02037432   0.01630012   0.01263710   0.00936730   0.00647085   0.00392642   0.00171165  -0.00019641  -0.00182102  -0.00318539  -0.00431241 
