# coconut-me2b/v0.99.21 
# 
# momentum space matrix elements 
# partial wave J=2, L=1/1, S=1, T=1, MT=1 
# 
# momentum grid [fm^-1]
0.000000 0.100000 0.200000 0.300000 0.400000 0.500000 0.600000 0.700000 0.800000 0.900000 1.000000 1.100000 1.200000 1.300000 1.400000 1.500000 1.600000 1.700000 1.800000 1.900000 2.000000 2.100000 2.200000 2.300000 2.400000 2.500000 2.600000 2.700000 2.800000 2.900000 3.000000 3.100000 3.200000 3.300000 3.400000 3.500000 3.600000 3.700000 3.800000 3.900000 4.000000 4.100000 4.200000 4.300000 4.400000 4.500000 4.600000 4.700000 4.800000 4.900000 5.000000 5.100000 5.200000 5.300000 5.400000 5.500000 5.600000 5.700000 5.800000 5.900000 6.000000 6.100000 6.200000 6.300000 6.400000 6.500000 6.600000 6.700000 6.800000 6.900000 7.000000 7.100000 7.200000 7.300000 7.400000 7.500000 7.600000 7.700000 7.800000 7.900000 8.000000 8.100000 8.200000 8.300000 8.400000 8.500000 8.600000 8.700000 8.800000 8.900000 9.000000 9.100000 9.200000 9.300000 9.400000 9.500000 9.600000 9.700000 9.800000 9.900000 10.000000 
#
# matrix elements [MeV fm^3] 
 -0.00000006  -0.00005959  -0.00012361  -0.00019187  -0.00025968  -0.00032142  -0.00037330  -0.00041379  -0.00044270  -0.00046056  -0.00046846  -0.00046787  -0.00046032  -0.00044713  -0.00042948  -0.00040850  -0.00038521  -0.00036046  -0.00033492  -0.00030919  -0.00028376  -0.00025903  -0.00023527  -0.00021267  -0.00019139  -0.00017153  -0.00015309  -0.00013608  -0.00012045  -0.00010617  -0.00009316  -0.00008131  -0.00007056  -0.00006081  -0.00005198  -0.00004399  -0.00003674  -0.00003018  -0.00002425  -0.00001889  -0.00001404  -0.00000968  -0.00000576  -0.00000226   0.00000086   0.00000361   0.00000601   0.00000808   0.00000985   0.00001133   0.00001252   0.00001345   0.00001414   0.00001461   0.00001486   0.00001493   0.00001482   0.00001456   0.00001417   0.00001366   0.00001305   0.00001237   0.00001162   0.00001083   0.00001000   0.00000916   0.00000832   0.00000748   0.00000666   0.00000586   0.00000509   0.00000436   0.00000368   0.00000304   0.00000245   0.00000190   0.00000141   0.00000096   0.00000057   0.00000022  -0.00000008  -0.00000034  -0.00000056  -0.00000075  -0.00000090  -0.00000102  -0.00000110  -0.00000117  -0.00000121  -0.00000123  -0.00000124  -0.00000123  -0.00000121  -0.00000118  -0.00000114  -0.00000109  -0.00000104  -0.00000099  -0.00000093  -0.00000087  -0.00000082 
 -0.00005959   9.47508529  11.71772223   6.78895912   0.82709704  -1.33258292  -0.35439186   0.48142283  -0.07326773  -0.76843256  -0.61542827  -0.18583430  -0.24714708  -0.56212249  -0.55445262  -0.30110324  -0.24454251  -0.39968737  -0.42962408  -0.27218305  -0.18674602  -0.26319424  -0.30458091  -0.20859897  -0.12408499  -0.15851943  -0.20214467  -0.14803665  -0.07468273  -0.08514497  -0.12616685  -0.10055197  -0.04090621  -0.03691835  -0.07237647  -0.06557362  -0.01927483  -0.00648753  -0.03486033  -0.03994101  -0.00574282   0.01196800  -0.00897595  -0.02109442   0.00242078   0.02214462   0.00816775  -0.00761197   0.00667311   0.02622733   0.01833430   0.00129763   0.00786986   0.02573225   0.02289764   0.00635977   0.00680564   0.02204058   0.02324087   0.00847369   0.00438884   0.01653218   0.02079084   0.00864897   0.00154388   0.01047290   0.01686305   0.00781639  -0.00096986   0.00485111   0.01249750   0.00667040  -0.00268261   0.00028607   0.00838253   0.00561286  -0.00343448  -0.00296225   0.00487715   0.00479009  -0.00331189  -0.00491102   0.00209469   0.00417957  -0.00254698  -0.00574696   0.00000182   0.00368204  -0.00142122  -0.00572970  -0.00149867   0.00319172  -0.00019550  -0.00512391  -0.00251435   0.00263586   0.00092785  -0.00416175  -0.00313738   0.00198773   0.00181704 
 -0.00012361  11.71772223  15.11946758   9.87479363   2.61963774  -0.87045679  -0.60190091   0.13789803  -0.32369295  -1.04970649  -1.02163752  -0.64680267  -0.66466762  -0.93936600  -0.94590128  -0.70775481  -0.62026976  -0.72886056  -0.74044478  -0.58008120  -0.47148314  -0.50856205  -0.52450773  -0.41989439  -0.31973935  -0.32518583  -0.34548097  -0.28240672  -0.19981191  -0.19084679  -0.21314394  -0.17975684  -0.11535838  -0.09928326  -0.12050554  -0.10712507  -0.05871961  -0.03897049  -0.05681689  -0.05624266  -0.02130084  -0.00009624  -0.01353396  -0.02081403   0.00277614   0.02361400   0.01460231   0.00279436   0.01679999   0.03581292   0.03072535   0.01673039   0.02282850   0.03905307   0.03726039   0.02285851   0.02277240   0.03576647   0.03668799   0.02327671   0.01874620   0.02848408   0.03159750   0.02021318   0.01287388   0.01958490   0.02437205   0.01566496   0.00692757   0.01095458   0.01686120   0.01109635   0.00207784   0.00379201   0.01023145   0.00733676  -0.00114847  -0.00137931   0.00501426   0.00466381  -0.00274369  -0.00455506   0.00127594   0.00298482  -0.00302062  -0.00604277  -0.00118213   0.00202866  -0.00242129  -0.00627637  -0.00265688   0.00149366  -0.00137802  -0.00568762  -0.00343615   0.00113427  -0.00023669  -0.00463790  -0.00374804   0.00079376   0.00076887 
 -0.00019187   6.78895912   9.87479363   8.40308939   4.54536398   1.17307275  -0.41455423  -0.73393145  -0.79555071  -1.00868496  -1.21459773  -1.25730322  -1.21431814  -1.20057506  -1.20428003  -1.16449740  -1.08660695  -1.01697453  -0.96397780  -0.90114874  -0.82202780  -0.74729192  -0.68675210  -0.62811881  -0.56345675  -0.50184277  -0.45122899  -0.40595622  -0.35904761  -0.31394379  -0.27652898  -0.24456717  -0.21260962  -0.18134661  -0.15498010  -0.13313728  -0.11188168  -0.09062105  -0.07226901  -0.05744359  -0.04349051  -0.02928085  -0.01673682  -0.00692954   0.00180174   0.01074879   0.01876017   0.02464773   0.02934761   0.03412436   0.03841717   0.04111595   0.04264865   0.04415046   0.04549191   0.04573665   0.04496552   0.04412752   0.04338339   0.04200205   0.03983453   0.03761673   0.03568094   0.03349724   0.03077437   0.02803219   0.02568227   0.02337529   0.02074565   0.01811331   0.01590321   0.01392012   0.01177763   0.00962507   0.00785752   0.00640607   0.00490423   0.00336667   0.00213299   0.00123296   0.00034859  -0.00060297  -0.00135061  -0.00179265  -0.00218155  -0.00266320  -0.00303910  -0.00316104  -0.00320897  -0.00336215  -0.00349269  -0.00342885  -0.00327919  -0.00323230  -0.00322461  -0.00308060  -0.00284442  -0.00269563  -0.00262577  -0.00247133  -0.00222276 
 -0.00025968   0.82709704   2.61963774   4.54536398   4.79139188   2.88624800   0.34786713  -1.10382632  -1.28491784  -1.17352218  -1.39181279  -1.68745687  -1.69575178  -1.53608651  -1.49233900  -1.54365203  -1.49346466  -1.33494148  -1.22284371  -1.19172167  -1.13006113  -0.99769084  -0.88167393  -0.82974819  -0.77878958  -0.68127992  -0.58420062  -0.53485580  -0.50013787  -0.43480282  -0.36078315  -0.32001412  -0.29885012  -0.25820764  -0.20410370  -0.17135798  -0.15900972  -0.13550717  -0.09688356  -0.07043608  -0.06318064  -0.05121757  -0.02462716  -0.00343123   0.00078699   0.00479823   0.02164146   0.03794859   0.04005866   0.03845443   0.04725905   0.05890409   0.05943977   0.05404123   0.05645387   0.06392226   0.06344789   0.05592168   0.05369401   0.05778646   0.05696028   0.04883437   0.04371136   0.04537278   0.04480907   0.03733173   0.03084698   0.03094932   0.03106122   0.02507395   0.01839839   0.01759951   0.01852525   0.01443090   0.00833008   0.00704102   0.00866886   0.00649392   0.00137751  -0.00019016   0.00186561   0.00137488  -0.00260782  -0.00436219  -0.00221204  -0.00139376  -0.00425497  -0.00615011  -0.00421362  -0.00250242  -0.00433845  -0.00632596  -0.00483347  -0.00262053  -0.00356265  -0.00557125  -0.00465518  -0.00227165  -0.00246102  -0.00439729  -0.00409547 
 -0.00032142  -1.33258292  -0.87045679   1.17307275   2.88624800   2.77572973   1.15438073  -0.56151586  -1.44353294  -1.64435973  -1.72088101  -1.88124617  -1.98864184  -1.95902204  -1.88164134  -1.83356679  -1.78048173  -1.67901841  -1.55684731  -1.45432037  -1.36130366  -1.25170278  -1.13432831  -1.03303684  -0.94558486  -0.85446899  -0.76076790  -0.67943103  -0.61143244  -0.54451525  -0.47634293  -0.41660067  -0.36784292  -0.32153782  -0.27395914  -0.23146447  -0.19743103  -0.16615106  -0.13350364  -0.10357858  -0.08008542  -0.05946801  -0.03768649  -0.01716379  -0.00157091   0.01104156   0.02440788   0.03738908   0.04661992   0.05287621   0.05946901   0.06624879   0.07031986   0.07161546   0.07294847   0.07489861   0.07511511   0.07293863   0.07063443   0.06927491   0.06706690   0.06295350   0.05863098   0.05545760   0.05217291   0.04748334   0.04252731   0.03877849   0.03546419   0.03119202   0.02658496   0.02309976   0.02039510   0.01709743   0.01338128   0.01058895   0.00874639   0.00659443   0.00394162   0.00194799   0.00093638  -0.00016674  -0.00182989  -0.00311832  -0.00348693  -0.00377762  -0.00464760  -0.00540953  -0.00537187  -0.00512302  -0.00542610  -0.00584538  -0.00561610  -0.00507265  -0.00501022  -0.00523345  -0.00497118  -0.00432092  -0.00404718  -0.00417085  -0.00397163 
 -0.00037330  -0.35439186  -0.60190091  -0.41455423   0.34786713   1.15438073   1.16468591   0.16438381  -1.15102138  -1.95493633  -2.11688893  -2.08702919  -2.18472987  -2.30597355  -2.26906635  -2.12776490  -2.03267330  -1.98492908  -1.88459682  -1.72299019  -1.58263873  -1.48901154  -1.38493893  -1.24475624  -1.11401074  -1.02269166  -0.93870209  -0.83301128  -0.72900017  -0.65492868  -0.59467465  -0.52117658  -0.44405313  -0.38770971  -0.34657900  -0.29774969  -0.24225808  -0.19997761  -0.17224189  -0.14097685  -0.10197847  -0.07049487  -0.05210691  -0.03350555  -0.00748815   0.01511079   0.02643125   0.03545682   0.05082235   0.06568916   0.07135304   0.07306522   0.07976354   0.08804256   0.08936091   0.08587787   0.08601934   0.08916754   0.08761427   0.08106860   0.07688276   0.07655867   0.07363393   0.06598990   0.05956046   0.05732623   0.05428816   0.04708811   0.04008258   0.03715007   0.03482319   0.02904200   0.02257845   0.01970680   0.01844387   0.01449848   0.00916733   0.00670525   0.00647662   0.00434874   0.00033476  -0.00165607  -0.00111367  -0.00171171  -0.00447701  -0.00608422  -0.00512175  -0.00459480  -0.00630073  -0.00765221  -0.00660083  -0.00536117  -0.00622742  -0.00742627  -0.00653748  -0.00494208  -0.00517051  -0.00626978  -0.00569591  -0.00402130  -0.00377902 
 -0.00041379   0.48142283   0.13789803  -0.73393145  -1.10382632  -0.56151586   0.16438381   0.12678200  -0.75640611  -1.76870155  -2.31051282  -2.41992174  -2.44009465  -2.51065674  -2.53453212  -2.45159149  -2.33209124  -2.23663131  -2.13689062  -1.99799733  -1.84485310  -1.71228072  -1.59048495  -1.45602499  -1.31743844  -1.19667592  -1.09095378  -0.98327740  -0.87476067  -0.77989778  -0.69930549  -0.62052665  -0.54117671  -0.47108370  -0.41279651  -0.35743234  -0.30107614  -0.25041054  -0.20907543  -0.17105627  -0.13191068  -0.09601595  -0.06748184  -0.04254339  -0.01673974   0.00735700   0.02564286   0.04016846   0.05513762   0.06942251   0.07925533   0.08540639   0.09164698   0.09797546   0.10115467   0.10101196   0.10076006   0.10122152   0.09977767   0.09557753   0.09119139   0.08798684   0.08398131   0.07786402   0.07152642   0.06663901   0.06183197   0.05552490   0.04894300   0.04386274   0.03948018   0.03411339   0.02837631   0.02399974   0.02068313   0.01678707   0.01239983   0.00909528   0.00700125   0.00463636   0.00166647  -0.00056856  -0.00159772  -0.00266057  -0.00440407  -0.00577056  -0.00603755  -0.00615134  -0.00696408  -0.00772355  -0.00754916  -0.00707268  -0.00725156  -0.00764043  -0.00729018  -0.00652285  -0.00631297  -0.00650454  -0.00616068  -0.00531952  -0.00489863 
 -0.00044270  -0.07326773  -0.32369295  -0.79555071  -1.28491784  -1.44353294  -1.15102138  -0.75640611  -0.78923733  -1.39425073  -2.17614881  -2.65355031  -2.74104596  -2.69475972  -2.70587542  -2.72133976  -2.63637225  -2.48166009  -2.34923958  -2.24495660  -2.11064164  -1.93941195  -1.78143987  -1.65525775  -1.52740185  -1.38043784  -1.24131463  -1.13014873  -1.02832775  -0.91648823  -0.80768113  -0.72029567  -0.64543593  -0.56532740  -0.48452674  -0.41864768  -0.36531416  -0.30974981  -0.25132650  -0.20256388  -0.16532611  -0.12820318  -0.08747647  -0.05254427  -0.02779150  -0.00503070   0.02116032   0.04434804   0.05891052   0.07017544   0.08429431   0.09749200   0.10382637   0.10619756   0.11077233   0.11601831   0.11629163   0.11250574   0.11032273   0.10998126   0.10652729   0.09931963   0.09316344   0.08959244   0.08456894   0.07631533   0.06857818   0.06374392   0.05879807   0.05122327   0.04363550   0.03888629   0.03500121   0.02908558   0.02265624   0.01870525   0.01624454   0.01231639   0.00744546   0.00450376   0.00338088   0.00131111  -0.00201667  -0.00404866  -0.00416686  -0.00475483  -0.00677545  -0.00813189  -0.00765220  -0.00721296  -0.00823477  -0.00916066  -0.00844936  -0.00740669  -0.00772086  -0.00840634  -0.00773356  -0.00642760  -0.00626875  -0.00682933  -0.00635723 
 -0.00046056  -0.76843256  -1.04970649  -1.00868496  -1.17352218  -1.64435973  -1.95493633  -1.76870155  -1.39425073  -1.40672316  -1.93548374  -2.56915021  -2.90218006  -2.93471737  -2.89740029  -2.89408914  -2.85556170  -2.73469007  -2.58489384  -2.45581266  -2.32624791  -2.16695589  -1.99747237  -1.84762571  -1.71003018  -1.56395597  -1.41564497  -1.28439346  -1.16847092  -1.05245939  -0.93637893  -0.83321077  -0.74419484  -0.65797838  -0.57165228  -0.49411874  -0.42836294  -0.36635671  -0.30393294  -0.24712932  -0.19987447  -0.15682507  -0.11340586  -0.07346641  -0.04126027  -0.01354027   0.01423421   0.03996879   0.05954395   0.07461404   0.08942317   0.10328097   0.11249943   0.11753966   0.12216552   0.12675847   0.12822029   0.12612862   0.12363271   0.12186808   0.11838576   0.11212920   0.10555060   0.10025321   0.09443696   0.08662575   0.07854983   0.07204006   0.06591207   0.05846283   0.05073042   0.04458425   0.03940287   0.03342773   0.02707781   0.02211955   0.01842675   0.01433020   0.00973105   0.00619173   0.00400055   0.00169028  -0.00124068  -0.00350140  -0.00448028  -0.00536508  -0.00694247  -0.00823223  -0.00839666  -0.00830115  -0.00890518  -0.00955377  -0.00928051  -0.00861681  -0.00859317  -0.00887278  -0.00845217  -0.00754328  -0.00715978  -0.00725743  -0.00687632 
 -0.00046846  -0.61542827  -1.02163752  -1.21459773  -1.39181279  -1.72088101  -2.11688893  -2.31051282  -2.17614881  -1.93548374  -1.95106046  -2.32973586  -2.81688599  -3.09866067  -3.11839608  -3.04177425  -2.99428559  -2.94440045  -2.82605616  -2.65979784  -2.50660365  -2.37227674  -2.21996439  -2.04487090  -1.87989101  -1.73832372  -1.59888112  -1.44945127  -1.30722905  -1.18608207  -1.07429995  -0.95850683  -0.84659341  -0.75104117  -0.66654820  -0.58097984  -0.49663304  -0.42399639  -0.36209331  -0.30098470  -0.23960230  -0.18623740  -0.14267613  -0.10136685  -0.05925967  -0.02242379   0.00579011   0.03070116   0.05642287   0.07898817   0.09436112   0.10590773   0.11814431   0.12896033   0.13423836   0.13569630   0.13775705   0.13983632   0.13812295   0.13298915   0.12840234   0.12494136   0.11933507   0.11090829   0.10293641   0.09680941   0.08992495   0.08085485   0.07206087   0.06543036   0.05908496   0.05112652   0.04317852   0.03736087   0.03251828   0.02654156   0.02026471   0.01582554   0.01274498   0.00892477   0.00450806   0.00148307  -0.00003695  -0.00196359  -0.00471639  -0.00658037  -0.00696136  -0.00745834  -0.00891198  -0.00996324  -0.00966480  -0.00922618  -0.00976596  -0.01032565  -0.00973778  -0.00879006  -0.00874318  -0.00904895  -0.00844791  -0.00731150  -0.00692067 
 -0.00046787  -0.18583430  -0.64680267  -1.25730322  -1.68745687  -1.88124617  -2.08702919  -2.41992174  -2.65355031  -2.56915021  -2.32973586  -2.31211402  -2.63516040  -3.03965070  -3.23730532  -3.21478893  -3.13645833  -3.08360299  -3.00565495  -2.86396028  -2.69905611  -2.55225037  -2.40797000  -2.24118550  -2.06654330  -1.90953503  -1.76510991  -1.61509189  -1.46350657  -1.32710348  -1.20538511  -1.08479005  -0.96433982  -0.85540856  -0.75998022  -0.66816825  -0.57666908  -0.49327431  -0.42139261  -0.35415276  -0.28727983  -0.22595318  -0.17426141  -0.12774078  -0.08183607  -0.03967666  -0.00546437   0.02340460   0.05138563   0.07699927   0.09632458   0.11055547   0.12379975   0.13587195   0.14336402   0.14640887   0.14858357   0.15065350   0.14982998   0.14545795   0.14045504   0.13621838   0.13060487   0.12240024   0.11379537   0.10654331   0.09912887   0.08998371   0.08056803   0.07276889   0.06565786   0.05750014   0.04907600   0.04223800   0.03658773   0.03038970   0.02383423   0.01861714   0.01479940   0.01078139   0.00627586   0.00273756   0.00060335  -0.00148883  -0.00418302  -0.00631902  -0.00717720  -0.00781695  -0.00912027  -0.01024871  -0.01029749  -0.00999290  -0.01034468  -0.01084035  -0.01048584  -0.00967407  -0.00944516  -0.00959673  -0.00913344  -0.00813897  -0.00760198 
 -0.00046032  -0.24714708  -0.66466762  -1.21431814  -1.69575178  -1.98864184  -2.18472987  -2.44009465  -2.74104596  -2.90218006  -2.81688599  -2.63516040  -2.62101147  -2.85740071  -3.16617974  -3.32627453  -3.29882353  -3.20047821  -3.11879899  -3.03239304  -2.89677083  -2.72729573  -2.56662751  -2.41919483  -2.26012653  -2.08645622  -1.92099218  -1.77316221  -1.62857987  -1.47887445  -1.33576627  -1.20897687  -1.09069252  -0.97161336  -0.85695398  -0.75542542  -0.66366212  -0.57327093  -0.48558492  -0.40787031  -0.33973833  -0.27436041  -0.21073216  -0.15450297  -0.10712816  -0.06344622  -0.02107069   0.01599086   0.04529606   0.07046380   0.09461131   0.11526583   0.12960221   0.13988764   0.14948315   0.15723758   0.16033696   0.15989713   0.15915065   0.15799537   0.15386976   0.14694073   0.14004565   0.13384786   0.12617982   0.11646872   0.10699300   0.09892110   0.09055761   0.08080459   0.07131033   0.06352727   0.05626566   0.04811256   0.04008880   0.03375152   0.02841368   0.02253934   0.01657669   0.01204646   0.00872921   0.00512795   0.00120514  -0.00166243  -0.00328885  -0.00500751  -0.00723834  -0.00882595  -0.00926134  -0.00962908  -0.01062304  -0.01135880  -0.01109808  -0.01062876  -0.01081307  -0.01106099  -0.01050158  -0.00961108  -0.00932283  -0.00934081  -0.00875305 
 -0.00044713  -0.56212249  -0.93936600  -1.20057506  -1.53608651  -1.95902204  -2.30597355  -2.51065674  -2.69475972  -2.93471737  -3.09866067  -3.03965070  -2.85740071  -2.81483417  -3.01162077  -3.27273135  -3.38454397  -3.32904232  -3.22813230  -3.14729197  -3.04868049  -2.89975044  -2.73137040  -2.57823388  -2.42901311  -2.26212823  -2.08832968  -1.92945526  -1.78243982  -1.63152555  -1.47902352  -1.33945590  -1.21345529  -1.08936579  -0.96552222  -0.85182125  -0.75089921  -0.65439011  -0.55879387  -0.47081143  -0.39414148  -0.32308015  -0.25337370  -0.18931590  -0.13499579  -0.08680246  -0.04029860   0.00213278   0.03649604   0.06479541   0.09131004   0.11517325   0.13278998   0.14494102   0.15550624   0.16476796   0.16969102   0.17012751   0.16938005   0.16853329   0.16516953   0.15845085   0.15098877   0.14436236   0.13677112   0.12689791   0.11661862   0.10775306   0.09908889   0.08902538   0.07872304   0.07004682   0.06232733   0.05385985   0.04516032   0.03799543   0.03218024   0.02606171   0.01961435   0.01440594   0.01066393   0.00691073   0.00269816  -0.00067178  -0.00264343  -0.00443161  -0.00678581  -0.00870889  -0.00940953  -0.00978911  -0.01078286  -0.01171390  -0.01165038  -0.01116273  -0.01126769  -0.01160322  -0.01118803  -0.01027224  -0.00986425  -0.00989328  -0.00941016 
 -0.00042948  -0.55445262  -0.94590128  -1.20428003  -1.49233900  -1.88164134  -2.26906635  -2.53453212  -2.70587542  -2.89740029  -3.11839608  -3.23730532  -3.16617974  -3.01162077  -2.97454353  -3.12160396  -3.32061811  -3.40667175  -3.35200184  -3.24374879  -3.14578791  -3.04187718  -2.90040822  -2.73383138  -2.57332643  -2.42179108  -2.26158140  -2.09128257  -1.92756263  -1.77706641  -1.62961334  -1.47960956  -1.33563890  -1.20463047  -1.08111486  -0.95870683  -0.84125362  -0.73497426  -0.63757043  -0.54322794  -0.45294292  -0.37185597  -0.29974289  -0.23183119  -0.16736777  -0.11026176  -0.06152740  -0.01751085   0.02359104   0.05911082   0.08740184   0.11106659   0.13245777   0.15003902   0.16193481   0.16980189   0.17615556   0.18039775   0.18067330   0.17781056   0.17419296   0.16993503   0.16335096   0.15457254   0.14564936   0.13719065   0.12777032   0.11697341   0.10640243   0.09697390   0.08757631   0.07740970   0.06759163   0.05919503   0.05145071   0.04333455   0.03549702   0.02904972   0.02356807   0.01794969   0.01243162   0.00807353   0.00477325   0.00147061  -0.00193758  -0.00451177  -0.00607534  -0.00755633  -0.00931717  -0.01058683  -0.01096924  -0.01120161  -0.01182431  -0.01226480  -0.01197555  -0.01147285  -0.01139841  -0.01139046  -0.01081968  -0.00997573  -0.00953283 
 -0.00040850  -0.30110324  -0.70775481  -1.16449740  -1.54365203  -1.83356679  -2.12776490  -2.45159149  -2.72133976  -2.89408914  -3.04177425  -3.21478893  -3.32627453  -3.27273135  -3.12160396  -3.06528871  -3.18538115  -3.35712259  -3.41679696  -3.34523785  -3.23552130  -3.14138866  -3.03398136  -2.88552238  -2.71967514  -2.56582594  -2.41590382  -2.25134429  -2.07998376  -1.92063877  -1.77189454  -1.62028326  -1.46692146  -1.32443493  -1.19440273  -1.06700265  -0.94016991  -0.82247878  -0.71704775  -0.61693964  -0.51860976  -0.42772869  -0.34811318  -0.27511511  -0.20458559  -0.13996113  -0.08517869  -0.03737015   0.00772401   0.04843132   0.08107643   0.10715701   0.13071927   0.15145103   0.16615416   0.17526974   0.18239385   0.18819915   0.19005812   0.18760163   0.18380983   0.18000104   0.17413805   0.16525326   0.15561943   0.14691489   0.13767577   0.12653306   0.11503428   0.10499357   0.09548597   0.08492765   0.07418481   0.06504133   0.05706476   0.04862593   0.03999699   0.03281379   0.02707743   0.02125597   0.01513917   0.01013478   0.00660522   0.00322430  -0.00058030  -0.00367936  -0.00543260  -0.00688891  -0.00886448  -0.01053464  -0.01107132  -0.01120986  -0.01190117  -0.01263003  -0.01247096  -0.01184046  -0.01172818  -0.01191453  -0.01146115  -0.01048550  -0.00993547 
 -0.00038521  -0.24454251  -0.62026976  -1.08660695  -1.49346466  -1.78048173  -2.03267330  -2.33209124  -2.63637225  -2.85556170  -2.99428559  -3.13645833  -3.29882353  -3.38454397  -3.32061811  -3.18538115  -3.13665815  -3.22937204  -3.36113294  -3.40340198  -3.33548105  -3.22539511  -3.12147240  -3.01033843  -2.86852976  -2.70678547  -2.54886204  -2.39638910  -2.23634978  -2.06864565  -1.90615037  -1.75356820  -1.60342324  -1.45223153  -1.30678405  -1.17211582  -1.04421036  -0.91879355  -0.79904286  -0.68948307  -0.58837306  -0.49168007  -0.40034843  -0.31806284  -0.24452406  -0.17630972  -0.11295469  -0.05718087  -0.00952557   0.03272713   0.07090022   0.10321672   0.12871348   0.14939924   0.16703954   0.18068277   0.18919575   0.19391213   0.19671576   0.19730697   0.19453494   0.18911452   0.18280897   0.17578883   0.16698040   0.15656439   0.14602996   0.13585747   0.12511596   0.11356275   0.10233650   0.09209946   0.08211086   0.07183048   0.06203030   0.05345720   0.04559061   0.03771858   0.03027093   0.02400569   0.01863276   0.01338105   0.00838602   0.00436073   0.00123551  -0.00172903  -0.00463334  -0.00685191  -0.00826196  -0.00950534  -0.01085737  -0.01181078  -0.01209119  -0.01220167  -0.01253353  -0.01271664  -0.01237305  -0.01184738  -0.01159296  -0.01138409  -0.01078863 
 -0.00036046  -0.39968737  -0.72886056  -1.01697453  -1.33494148  -1.67901841  -1.98492908  -2.23663131  -2.48166009  -2.73469007  -2.94440045  -3.08360299  -3.20047821  -3.32904232  -3.40667175  -3.35712259  -3.22937204  -3.16947361  -3.24392147  -3.35980134  -3.38822051  -3.31045318  -3.19921901  -3.09927778  -2.98836016  -2.84267000  -2.68055208  -2.52712881  -2.37689055  -2.21399968  -2.04420465  -1.88383291  -1.73281242  -1.57980518  -1.42515184  -1.27985335  -1.14621195  -1.01608151  -0.88720164  -0.76695091  -0.65872778  -0.55685421  -0.45783413  -0.36637111  -0.28622740  -0.21365042  -0.14464520  -0.08184505  -0.02890979   0.01641740   0.05817819   0.09534112   0.12462350   0.14711467   0.16658697   0.18319611   0.19416894   0.19967882   0.20300096   0.20510477   0.20376850   0.19845840   0.19180697   0.18527766   0.17719531   0.16651174   0.15515310   0.14482162   0.13436360   0.12240329   0.11016955   0.09941207   0.08946304   0.07879612   0.06800726   0.05875685   0.05081698   0.04266780   0.03437126   0.02740442   0.02192056   0.01653370   0.01088699   0.00621261   0.00297348   0.00000946  -0.00333702  -0.00611476  -0.00763262  -0.00876894  -0.01037011  -0.01178050  -0.01216670  -0.01210251  -0.01252240  -0.01306229  -0.01283060  -0.01210181  -0.01181213  -0.01186842  -0.01139754 
 -0.00033492  -0.42962408  -0.74044478  -0.96397780  -1.22284371  -1.55684731  -1.88459682  -2.13689062  -2.34923958  -2.58489384  -2.82605616  -3.00565495  -3.11879899  -3.22813230  -3.35200184  -3.41679696  -3.36113294  -3.24392147  -3.19212158  -3.25193158  -3.34152279  -3.35729636  -3.28320962  -3.17425327  -3.06824033  -2.95362649  -2.81237668  -2.65421342  -2.49802316  -2.34453465  -2.18384051  -2.01693770  -1.85434263  -1.69943711  -1.54653740  -1.39374751  -1.24683382  -1.10952865  -0.97870472  -0.85158906  -0.73104070  -0.62039699  -0.51815163  -0.42147035  -0.33135027  -0.25044844  -0.17825699  -0.11221199  -0.05210596   0.00016322   0.04452164   0.08312303   0.11691006   0.14469430   0.16607919   0.18274280   0.19599938   0.20524543   0.20991348   0.21118200   0.21045840   0.20757463   0.20188490   0.19408386   0.18547770   0.17619559   0.16558069   0.15389887   0.14223991   0.13092034   0.11932956   0.10738985   0.09592482   0.08535829   0.07517442   0.06505227   0.05554600   0.04712950   0.03941724   0.03194494   0.02502218   0.01913055   0.01403334   0.00921069   0.00476658   0.00115697  -0.00170538  -0.00432654  -0.00676439  -0.00861525  -0.00983182  -0.01085718  -0.01186767  -0.01253222  -0.01269520  -0.01270640  -0.01282005  -0.01279126  -0.01238845  -0.01185397  -0.01148357 
 -0.00030919  -0.27218305  -0.58008120  -0.90114874  -1.19172167  -1.45432037  -1.72299019  -1.99799733  -2.24495660  -2.45581266  -2.65979784  -2.86396028  -3.03239304  -3.14729197  -3.24374879  -3.34523785  -3.40340198  -3.35980134  -3.25193158  -3.19403805  -3.24049856  -3.31960294  -3.32769334  -3.24728496  -3.13635849  -3.03268514  -2.91900236  -2.77498081  -2.61507801  -2.46097535  -2.30919691  -2.14638005  -1.97681761  -1.81475914  -1.66117472  -1.50664601  -1.35103088  -1.20390376  -1.06804714  -0.93677633  -0.80775914  -0.68727480  -0.57879879  -0.47770948  -0.38061040  -0.29130498  -0.21335274  -0.14372897  -0.07862420  -0.01994361   0.02901653   0.07002572   0.10687556   0.13908355   0.16379229   0.18176951   0.19648161   0.20845148   0.21532643   0.21707471   0.21662720   0.21515373   0.21081347   0.20295808   0.19386464   0.18505975   0.17519683   0.16319100   0.15063152   0.13918140   0.12796115   0.11562714   0.10311434   0.09206355   0.08202785   0.07157077   0.06105277   0.05198270   0.04430109   0.03662125   0.02883440   0.02224421   0.01712070   0.01223770   0.00713171   0.00285544  -0.00006164  -0.00260963  -0.00549430  -0.00793767  -0.00922895  -0.01008094  -0.01133798  -0.01250197  -0.01276115  -0.01254012  -0.01273082  -0.01310358  -0.01282249  -0.01203764  -0.01161241 
 -0.00028376  -0.18674602  -0.47148314  -0.82202780  -1.13006113  -1.36130366  -1.58263873  -1.84485310  -2.11064164  -2.32624791  -2.50660365  -2.69905611  -2.89677083  -3.04868049  -3.14578791  -3.23552130  -3.33548105  -3.38822051  -3.34152279  -3.24049856  -3.18923397  -3.22731985  -3.28790800  -3.28537905  -3.20690216  -3.09823833  -2.98995743  -2.87188521  -2.72977321  -2.57272472  -2.41639814  -2.26095211  -2.09863376  -1.93130193  -1.76798627  -1.61117131  -1.45636015  -1.30280251  -1.15565687  -1.01773502  -0.88641740  -0.75994962  -0.64102643  -0.53212696  -0.43177446  -0.33790045  -0.25156999  -0.17470216  -0.10652043  -0.04497791   0.00992753   0.05686676   0.09617936   0.12970056   0.15807788   0.18049665   0.19700676   0.20911477   0.21778762   0.22260525   0.22341229   0.22132574   0.21739286   0.21146813   0.20325169   0.19346328   0.18307397   0.17211660   0.16020431   0.14769715   0.13540489   0.12347199   0.11148258   0.09950505   0.08815623   0.07764921   0.06759233   0.05784365   0.04882967   0.04080356   0.03343964   0.02646552   0.02013836   0.01472975   0.01000589   0.00563308   0.00172759  -0.00143952  -0.00400059  -0.00629670  -0.00832259  -0.00982516  -0.01083964  -0.01167640  -0.01241276  -0.01282880  -0.01287711  -0.01281347  -0.01277195  -0.01257756  -0.01212061 
 -0.00025903  -0.26319424  -0.50856205  -0.74729192  -0.99769084  -1.25170278  -1.48901154  -1.71228072  -1.93941195  -2.16695589  -2.37227674  -2.55225037  -2.72729573  -2.89975044  -3.04187718  -3.14138866  -3.22539511  -3.31045318  -3.35729636  -3.31960294  -3.22731985  -3.17216480  -3.19898094  -3.25081345  -3.24289330  -3.15939464  -3.04744026  -2.93929248  -2.82158346  -2.67705199  -2.51732749  -2.36127518  -2.20700860  -2.04337205  -1.87364990  -1.71031089  -1.55506792  -1.40016906  -1.24517327  -1.09836872  -0.96277819  -0.83293828  -0.70651270  -0.58876334  -0.48306417  -0.38564728  -0.29324569  -0.20884136  -0.13568223  -0.07131980  -0.01215677   0.04053541   0.08386926   0.11923136   0.15013408   0.17653802   0.19601019   0.20906801   0.21884775   0.22613552   0.22897200   0.22717317   0.22331512   0.21867801   0.21176387   0.20185372   0.19087640   0.18035169   0.16922112   0.15640166   0.14316895   0.13109771   0.11954308   0.10722608   0.09482235   0.08383318   0.07399446   0.06398403   0.05396716   0.04528536   0.03801114   0.03090573   0.02373076   0.01761229   0.01290258   0.00854011   0.00399303   0.00013942  -0.00245627  -0.00461848  -0.00706783  -0.00918794  -0.01027565  -0.01089019  -0.01184688  -0.01278833  -0.01294652  -0.01261427  -0.01262095  -0.01285115  -0.01254053 
 -0.00023527  -0.30458091  -0.52450773  -0.68675210  -0.88167393  -1.13432831  -1.38493893  -1.59048495  -1.78143987  -1.99747237  -2.21996439  -2.40797000  -2.56662751  -2.73137040  -2.90040822  -3.03398136  -3.12147240  -3.19921901  -3.28320962  -3.32769334  -3.28790800  -3.19898094  -3.14763095  -3.16838370  -3.20581253  -3.18783502  -3.10394221  -2.99314277  -2.88093980  -2.75831404  -2.61374439  -2.45590913  -2.29828420  -2.14069984  -1.97690604  -1.80937321  -1.64614838  -1.48909331  -1.33446990  -1.18229203  -1.03731470  -0.90167557  -0.77300113  -0.65017602  -0.53578036  -0.43165970  -0.33624724  -0.24792647  -0.16780927  -0.09728673  -0.03530892   0.01988268   0.06813648   0.10850226   0.14165817   0.16927173   0.19176333   0.20853475   0.21996410   0.22747699   0.23177386   0.23250379   0.22979162   0.22474054   0.21812809   0.20976362   0.19956726   0.18830075   0.17669448   0.16466025   0.15197141   0.13907592   0.12659438   0.11450909   0.10250937   0.09078505   0.07982614   0.06966959   0.05997933   0.05075351   0.04235463   0.03486510   0.02797065   0.02154212   0.01582879   0.01094972   0.00664448   0.00271178  -0.00069463  -0.00342991  -0.00568377  -0.00768651  -0.00936240  -0.01055368  -0.01137527  -0.01205532  -0.01258010  -0.01279233  -0.01273753  -0.01262097  -0.01247646 
 -0.00021267  -0.20859897  -0.41989439  -0.62811881  -0.82974819  -1.03303684  -1.24475624  -1.45602499  -1.65525775  -1.84762571  -2.04487090  -2.24118550  -2.41919483  -2.57823388  -2.73383138  -2.88552238  -3.01033843  -3.09927778  -3.17425327  -3.24728496  -3.28537905  -3.25081345  -3.16838370  -3.11347423  -3.12350346  -3.15218508  -3.12926073  -3.04074687  -2.92564802  -2.81181451  -2.68892859  -2.54242945  -2.38187501  -2.22377026  -2.06741726  -1.90357182  -1.73480479  -1.57201307  -1.41736561  -1.26450316  -1.11279279  -0.96934405  -0.83720656  -0.71190214  -0.59112845  -0.47921480  -0.37929676  -0.28827928  -0.20304932  -0.12586278  -0.05959180  -0.00223900   0.04955376   0.09503982   0.13174886   0.16076735   0.18530301   0.20564901   0.21977140   0.22799474   0.23311093   0.23607075   0.23526783   0.23041091   0.22372413   0.21652001   0.20759946   0.19621156   0.18395697   0.17229338   0.16040791   0.14725244   0.13382214   0.12156866   0.11004181   0.09805296   0.08605879   0.07540285   0.06596629   0.05655779   0.04718947   0.03903004   0.03224884   0.02576159   0.01924002   0.01363667   0.00935399   0.00549221   0.00148589  -0.00195034  -0.00424492  -0.00606747  -0.00812519  -0.00994679  -0.01085955  -0.01128579  -0.01199064  -0.01273743  -0.01281864  -0.01241583  -0.01228168 
 -0.00019139  -0.12408499  -0.31973935  -0.56345675  -0.77878958  -0.94558486  -1.11401074  -1.31743844  -1.52740185  -1.71003018  -1.87989101  -2.06654330  -2.26012653  -2.42901311  -2.57332643  -2.71967514  -2.86852976  -2.98836016  -3.06824033  -3.13635849  -3.20690216  -3.24289330  -3.20581253  -3.12350346  -3.06924352  -3.07361749  -3.09021146  -3.05749860  -2.96670470  -2.85172597  -2.73444535  -2.60686645  -2.45945954  -2.30053055  -2.14201702  -1.98357012  -1.81996938  -1.65404390  -1.49313005  -1.33863697  -1.18727753  -1.03951064  -0.89977329  -0.76969443  -0.64697695  -0.53085815  -0.42380636  -0.32719925  -0.23932777  -0.15881149  -0.08678036  -0.02425978   0.03003813   0.07772718   0.11854450   0.15177322   0.17834188   0.19983646   0.21650383   0.22784748   0.23446398   0.23774431   0.23818710   0.23543483   0.22978305   0.22234077   0.21368862   0.20355431   0.19198068   0.17977208   0.16749296   0.15493100   0.14193959   0.12904005   0.11673342   0.10486152   0.09315661   0.08190305   0.07152241   0.06191325   0.05274997   0.04413440   0.03640857   0.02953040   0.02316784   0.01729257   0.01217331   0.00782559   0.00394767   0.00042618  -0.00253595  -0.00487272  -0.00683298  -0.00857916  -0.00996707  -0.01089173  -0.01153852  -0.01209159  -0.01245926  -0.01251135  -0.01236836 
 -0.00017153  -0.15851943  -0.32518583  -0.50184277  -0.68127992  -0.85446899  -1.02269166  -1.19667592  -1.38043784  -1.56395597  -1.73832372  -1.90953503  -2.08645622  -2.26212823  -2.42179108  -2.56582594  -2.70678547  -2.84267000  -2.95362649  -3.03268514  -3.09823833  -3.15939464  -3.18783502  -3.15218508  -3.07361749  -3.01543527  -3.00929408  -3.01686290  -2.97924102  -2.88430072  -2.76487687  -2.64521087  -2.51734869  -2.36906123  -2.20835690  -2.04970655  -1.89323586  -1.73130266  -1.56595020  -1.40665787  -1.25579544  -1.10812884  -0.96289648  -0.82612862  -0.70073259  -0.58300510  -0.47070636  -0.36733114  -0.27568845  -0.19320769  -0.11695611  -0.04857425   0.00946416   0.05880289   0.10253423   0.14032071   0.17008941   0.19269120   0.21101076   0.22556746   0.23468586   0.23854510   0.23959028   0.23885036   0.23502545   0.22775641   0.21893105   0.20983160   0.19951268   0.18722529   0.17427242   0.16200948   0.14982737   0.13674016   0.12350209   0.11141998   0.10019979   0.08876190   0.07738659   0.06725206   0.05834905   0.04962593   0.04098267   0.03341790   0.02716529   0.02129427   0.01542295   0.01034069   0.00647159   0.00306852  -0.00043774  -0.00348013  -0.00550360  -0.00703846  -0.00875579  -0.01030989  -0.01107622  -0.01136000  -0.01186068  -0.01244079  -0.01246478 
 -0.00015309  -0.20214467  -0.34548097  -0.45122899  -0.58420062  -0.76076790  -0.93870209  -1.09095378  -1.24131463  -1.41564497  -1.59888112  -1.76510991  -1.92099218  -2.08832968  -2.26158140  -2.41590382  -2.54886204  -2.68055208  -2.81237668  -2.91900236  -2.98995743  -3.04744026  -3.10394221  -3.12926073  -3.09021146  -3.00929408  -2.94920017  -2.93737251  -2.93466922  -2.88800867  -2.78992529  -2.67028982  -2.54831144  -2.41689885  -2.26797035  -2.10942347  -1.95203643  -1.79535967  -1.63485098  -1.47346518  -1.31796261  -1.16940760  -1.02475121  -0.88464692  -0.75324166  -0.63177779  -0.51794015  -0.41111714  -0.31365439  -0.22659412  -0.14808426  -0.07684350  -0.01399595   0.03966883   0.08561594   0.12539618   0.15866812   0.18483725   0.20499212   0.22068054   0.23201913   0.23853317   0.24094182   0.24062060   0.23791996   0.23243091   0.22453263   0.21534331   0.20530646   0.19405516   0.18168272   0.16902752   0.15654746   0.14391784   0.13101578   0.11841728   0.10655639   0.09516284   0.08397055   0.07333124   0.06363934   0.05469279   0.04614884   0.03817970   0.03113479   0.02488899   0.01907717   0.01373551   0.00916644   0.00532285   0.00185750  -0.00129137  -0.00386967  -0.00585285  -0.00754350  -0.00906950  -0.01022652  -0.01093044  -0.01142392  -0.01187520  -0.01213072 
 -0.00013608  -0.14803665  -0.28240672  -0.40595622  -0.53485580  -0.67943103  -0.83301128  -0.98327740  -1.13014873  -1.28439346  -1.44945127  -1.61509189  -1.77316221  -1.92945526  -2.09128257  -2.25134429  -2.39638910  -2.52712881  -2.65421342  -2.77498081  -2.87188521  -2.93929248  -2.99314277  -3.04074687  -3.05749860  -3.01686290  -2.93737251  -2.87320960  -2.85153602  -2.84008622  -2.78895378  -2.68775534  -2.56454487  -2.44053888  -2.30956939  -2.16137054  -2.00275404  -1.84639596  -1.69292592  -1.53600320  -1.37726216  -1.22489502  -1.08126568  -0.94202586  -0.80633028  -0.67923660  -0.56339390  -0.45570049  -0.35400875  -0.26109216  -0.17939185  -0.10674675  -0.04043281   0.01840522   0.06768181   0.10876124   0.14444765   0.17469949   0.19780327   0.21442569   0.22712042   0.23653809   0.24131419   0.24152303   0.23927325   0.23560137   0.22946661   0.22047670   0.21020988   0.19987162   0.18872669   0.17605683   0.16290510   0.15049857   0.13839240   0.12568375   0.11292841   0.10127799   0.09055845   0.07981063   0.06918038   0.05968151   0.05138155   0.04337023   0.03547316   0.02852806   0.02280391   0.01751677   0.01226267   0.00768280   0.00419855   0.00120141  -0.00185721  -0.00453896  -0.00632406  -0.00762226  -0.00905156  -0.01037067  -0.01101590  -0.01119665  -0.01153691 
 -0.00012045  -0.07468273  -0.19981191  -0.35904761  -0.50013787  -0.61143244  -0.72900017  -0.87476067  -1.02832775  -1.16847092  -1.30722905  -1.46350657  -1.62857987  -1.78243982  -1.92756263  -2.07998376  -2.23634978  -2.37689055  -2.49802316  -2.61507801  -2.72977321  -2.82158346  -2.88093980  -2.92564802  -2.96670470  -2.97924102  -2.93466922  -2.85153602  -2.78404572  -2.75704480  -2.73732548  -2.67868061  -2.57461821  -2.45170368  -2.32707916  -2.19443733  -2.04673253  -1.89137655  -1.73820257  -1.58669658  -1.43274095  -1.27922327  -1.13239107  -0.99304095  -0.85822961  -0.72862532  -0.60809254  -0.49758763  -0.39474286  -0.29896921  -0.21248054  -0.13609429  -0.06784990  -0.00648814   0.04688912   0.09162482   0.12928925   0.16140972   0.18759189   0.20728277   0.22164741   0.23221212   0.23900010   0.24150775   0.24049841   0.23733558   0.23226727   0.22481239   0.21536813   0.20505630   0.19423247   0.18243903   0.16976876   0.15708076   0.14477270   0.13242855   0.11991182   0.10783288   0.09659711   0.08585321   0.07531153   0.06536509   0.05640860   0.04817478   0.04028912   0.03296469   0.02657388   0.02094420   0.01567230   0.01082838   0.00675308   0.00336977   0.00028877  -0.00252880  -0.00478266  -0.00646110  -0.00791047  -0.00924906  -0.01022463  -0.01075108  -0.01111302 
