# coconut-me2b/v0.99.21 
# 
# momentum space matrix elements 
# partial wave J=0, L=0/0, S=0, T=1, MT=-1 
# 
# momentum grid [fm^-1]
0.000000 0.100000 0.200000 0.300000 0.400000 0.500000 0.600000 0.700000 0.800000 0.900000 1.000000 1.100000 1.200000 1.300000 1.400000 1.500000 1.600000 1.700000 1.800000 1.900000 2.000000 2.100000 2.200000 2.300000 2.400000 2.500000 2.600000 2.700000 2.800000 2.900000 3.000000 3.100000 3.200000 3.300000 3.400000 3.500000 3.600000 3.700000 3.800000 3.900000 4.000000 4.100000 4.200000 4.300000 4.400000 4.500000 4.600000 4.700000 4.800000 4.900000 5.000000 5.100000 5.200000 5.300000 5.400000 5.500000 5.600000 5.700000 5.800000 5.900000 6.000000 6.100000 6.200000 6.300000 6.400000 6.500000 6.600000 6.700000 6.800000 6.900000 7.000000 7.100000 7.200000 7.300000 7.400000 7.500000 7.600000 7.700000 7.800000 7.900000 8.000000 8.100000 8.200000 8.300000 8.400000 8.500000 8.600000 8.700000 8.800000 8.900000 9.000000 9.100000 9.200000 9.300000 9.400000 9.500000 9.600000 9.700000 9.800000 9.900000 10.000000 
#
# matrix elements [MeV fm^3] 
-48.13372863 -47.56836783 -45.97144787 -43.58943497 -40.70826940 -37.56781986 -34.33183590 -31.09745838 -27.91760062 -24.82067310 -21.82339686 -18.93768842 -16.17374832 -13.54109432 -11.04863613  -8.70439183  -6.51514025  -4.48613462  -2.62091826  -0.92124337   0.61292189   1.98331716   3.19326340   4.24750225   5.15201485   5.91383032   6.54083232   7.04156951   7.42507467   7.70069538   7.87793867   7.96633085   7.97529336   7.91403478   7.79145891   7.61608843   7.39600342   7.13879388   6.85152523   6.54071559   6.21232382   5.87174694   5.52382590   5.17285828   4.82261702   4.47637391   4.13692679   3.80662966   3.48742468   3.18087535   2.88820010   2.61030588   2.34782098   2.10112689   1.87038878   1.65558428   1.45653049   1.27290900   1.10428897   0.95014805   0.80989138   0.68286856   0.56838878   0.46573408   0.37417098   0.29296049   0.22136673   0.15866412   0.10414353   0.05711715   0.01692255  -0.01707419  -0.04547616  -0.06885386  -0.08774412  -0.10264951  -0.11403816  -0.12234395  -0.12796712  -0.13127497  -0.13260294  -0.13225582  -0.13050904  -0.12761017  -0.12378044  -0.11921631  -0.11409111  -0.10855669  -0.10274498  -0.09676966  -0.09072768  -0.08470083  -0.07875713  -0.07295228  -0.06733099  -0.06192820  -0.05677027  -0.05187607  -0.04725799  -0.04292288  -0.03887286 
-47.56836783 -47.03080513 -45.50498640 -43.21072063 -40.41116569 -37.33580659 -34.14785433 -30.94812283 -27.79367138 -24.71611880 -21.73430415 -18.86143170 -16.10845328 -13.48532057 -11.00119971  -8.66427018  -6.48142312  -4.45799965  -2.59761911  -0.90210373   0.62851176   1.99590319   3.20333049   4.25547748   5.15827105   5.91869006   6.54457209   7.04442409   7.42724144   7.70233859   7.87919352   7.96730731   7.97607974   7.91470099   7.79205939   7.61666475   7.39658658   7.13940628   6.85218236   6.54142748   6.21309622   5.87258231   5.52472417   5.17381753   4.82363397   4.47744425   4.13804554   3.80779137   3.48862359   3.18210548   2.88945540   2.61158025   2.34910835   2.10242126   1.87168425   1.65687509   1.45781107   1.27417400   1.10553328   0.95136685   0.81108018   0.68402324   0.56950559   0.46680969   0.37520248   0.29394543   0.22230310   0.15955039   0.10497861   0.05790039   0.01765374  -0.01639486  -0.04484812  -0.06827618  -0.08721557  -0.10216856  -0.11360302  -0.12195266  -0.12761751  -0.13096474  -0.13232972  -0.13201714  -0.13030242  -0.12743312  -0.12363048  -0.11909102  -0.11398815  -0.10847377  -0.10267994  -0.09672044  -0.09069236  -0.08467758  -0.07874428  -0.07294828  -0.06733444  -0.06193780  -0.05678488  -0.05189465  -0.04727964  -0.04294678  -0.03889833 
-45.97144787 -45.50498640 -44.16428360 -42.10543261 -39.53246013 -36.64358141 -33.59661100 -30.50017283 -27.42206156 -24.40285345 -21.46755823 -18.63323307 -15.91311586 -13.31849161 -10.85931734  -8.54426899  -6.38058066  -4.37385934  -2.52795236  -0.84489104   0.67509166   2.03348171   3.23335747   4.27923060   5.17686641   5.93309389   6.55561319   7.05280669   7.43355804   7.70708262   7.88277143   7.97005003   7.97825330   7.91651619   7.79368058   7.61821761   7.39816494   7.14107810   6.85399476   6.54341105   6.21526860   5.87495112   5.52728943   5.17657354   4.82657080   4.48054894   4.14130298   3.81118496   3.49213575   3.18571804   2.89314986   2.61533799   2.35291080   2.10625007   1.87552137   1.66070291   1.46161252   1.27793270   1.10923360   0.95499406   0.81462053   0.68746408   0.57283543   0.47001831   0.37828095   0.29688620   0.22509997   0.16219858   0.10747468   0.06024227   0.01984064  -0.01436250  -0.04296869  -0.06654701  -0.08563303  -0.10072816  -0.11229953  -0.12078019  -0.12656966  -0.13003472  -0.13151039  -0.13130120  -0.12968244  -0.12690166  -0.12318018  -0.11871464  -0.11367864  -0.10822436  -0.10248414  -0.09657210  -0.09058567  -0.08460713  -0.07870505  -0.07293564  -0.06734415  -0.06196604  -0.05682818  -0.05194992  -0.04734413  -0.04301810  -0.03897438 
-43.58943497 -43.21072063 -42.10543261 -40.36197396 -38.11189345 -35.50493249 -32.68151287 -29.75426087 -26.80339615 -23.88202836 -21.02469142 -18.25475436 -15.58934320 -13.04206190 -10.62425621  -8.34547148  -6.21353457  -4.23450359  -2.41260663  -0.75022043   0.75209640   2.09551843   3.28282637   4.31824928   5.20728700   5.95652185   6.57342748   7.06618058   7.44348013   7.71437743   7.88811929   7.97400581   7.98126388   7.91893646   7.79578786   7.62022452   7.40023076   7.14331855   6.85649048   6.54621472   6.21841091   5.87844571   5.53113686   5.18076452   4.83108874   4.48537193   4.14640529   3.81653821   3.49770979   3.19148160   2.89907103   2.62138464   2.35905085   2.11245174   1.88175343   1.66693488   1.46781486   1.28407702   1.11529285   0.96094271   0.82043476   0.69312191   0.57831694   0.47530567   0.38335860   0.30174087   0.22972075   0.16657690   0.11160432   0.06411928   0.02346326  -0.01099393  -0.03985189  -0.06367789  -0.08300586  -0.09833574  -0.11013340  -0.11883081  -0.12482658  -0.12848679  -0.13014595  -0.13010822  -0.12864870  -0.12601490  -0.12242822  -0.11808554  -0.11316076  -0.10780647  -0.10215549  -0.09632249  -0.09040550  -0.08448741  -0.07863742  -0.07291244  -0.06735833  -0.06201121  -0.05689858  -0.05204042  -0.04745016  -0.04313565  -0.03909995 
-40.70826940 -40.41116569 -39.53246013 -38.11189345 -36.21894734 -33.94941165 -31.41250502 -28.71327595 -25.93916653 -23.15549295 -20.40806651 -17.72859327 -15.13969158 -12.65837701 -10.29808018  -8.06965358  -5.98180185  -4.04123481  -2.25271725  -0.61910458   0.85859756   2.18113795   3.35089053   4.37169783   5.24869578   5.98812794   6.59715612   7.08367322   7.45612280   7.72332876   7.89433755   7.97827462   7.98421611   7.92107622   7.79751043   7.62183416   7.40195634   7.14532727   6.85889958   6.54910150   6.22182104   5.88240019   5.53563767   5.18579918   4.83663392   4.49139630   4.15287175   3.82340559   3.50493410   3.19901707   2.90687083   2.62940147   2.36723744   2.12076122   1.89013970   1.67535293   1.47622106   1.29242942   1.12355147   0.96906981   0.82839509   0.70088294   0.58584906   0.48258240   0.39035667   0.30844035   0.23610510   0.17263297   0.11732229   0.06949262   0.02848860  -0.00631700  -0.03552094  -0.05968792  -0.07934952  -0.09500358  -0.10711413  -0.11611158  -0.12239325  -0.12632417  -0.12823809  -0.12843862  -0.12720057  -0.12477136  -0.12137249  -0.11720108  -0.11243149  -0.10721682  -0.10169057  -0.09596813  -0.09014834  -0.08431495  -0.07853807  -0.07287546  -0.06737393  -0.06207048  -0.05699348  -0.05216375  -0.04759554  -0.04329745  -0.03927327 
-37.56781986 -37.33580659 -36.64358141 -35.50493249 -33.94941165 -32.02775493 -29.81168910 -27.38550712 -24.83289230 -22.22595706 -19.62069777 -17.05805696 -14.56748596 -12.17055100  -9.88357215  -7.71923560  -5.68746358  -3.79584519  -2.04984702  -0.45293498   0.99332346   2.28914571   3.43639889   4.43844356   5.29996094   6.02677007   6.62564083   7.10410834   7.47029320   7.73273087   7.90021292   7.98164191   7.98590097   7.92173896   7.79767104   7.62189479   7.40222125   7.14602013   6.86017854   6.55107191   6.22454626   5.88591053   5.53993773   5.19087383   4.84245306   4.49791870   4.16004795   3.83118023   3.51324776   3.20780756   2.91607435   2.63895341   2.37707308   2.13081634   1.90035105   1.68565873   1.48656141   1.30274672   1.13379080   0.97917929   0.83832621   0.71059090   0.59529300   0.49172561   0.39916681   0.31688951   0.24416989   0.18029451   0.12456615   0.07630872   0.03487102  -0.00037019  -0.03000797  -0.05460360  -0.07468550  -0.09074876  -0.10325495  -0.11263238  -0.11927664  -0.12355135  -0.12578919  -0.12629305  -0.12533726  -0.12316907  -0.12001005  -0.11605764  -0.11148665  -0.10645088  -0.10108460  -0.09550414  -0.08980933  -0.08408499  -0.07840234  -0.07282028  -0.06738676  -0.06213991  -0.05710920  -0.05231654  -0.04777719  -0.04350074  -0.03949189 
-34.33183590 -34.14785433 -33.59661100 -32.68151287 -31.41250502 -29.81168910 -27.91828478 -25.78912356 -23.49249242 -21.09776579 -18.66626406 -16.24693923 -13.87658761 -11.58228990  -9.38411556  -7.29720635  -5.33311550  -3.50058197  -1.80595802  -0.25345547   1.15468666   2.41805775   3.53792851   4.51709227   5.35969398   6.07105035   6.65746586   7.12604919   7.48453450   7.74111081   7.90426244   7.98262213   7.98483858   7.91945882   7.79482611   7.61899296   7.39964920   7.14406432   6.85904332   6.55089512   6.22541237   5.88786163   5.54298267   5.19499563   4.84761497   4.50406894   4.16712361   3.83911024   3.52195523   3.21721171   2.92609189   2.64949979   2.38806343   2.14216630   1.91197749   1.69748037   1.49849943   1.31472528   1.14573756   0.99102588   0.85000867   0.72205001   0.60647465   0.50258107   0.40965288   0.32696871   0.25381048   0.18947048   0.13325716   0.08449992   0.04255286   0.00679777  -0.02335372  -0.04845852  -0.06904112  -0.08559303  -0.09857273  -0.10840585  -0.11548571  -0.12017416  -0.12280244  -0.12367243  -0.12305784  -0.12120560  -0.11833731  -0.11465067  -0.11032104  -0.10550296  -0.10033162  -0.09492440  -0.08938232  -0.08379146  -0.07822434  -0.07274125  -0.06739146  -0.06221448  -0.05724110  -0.05249451  -0.04799122  -0.04374198  -0.03975262 
-31.09745838 -30.94812283 -30.50017283 -29.75426087 -28.71327595 -27.38550712 -25.78912356 -23.95627934 -21.93383216 -19.77871664 -17.54964980 -15.29946696 -13.07116895 -10.89767361  -8.80353145  -6.80701283  -4.92179504  -3.15809672  -1.52337238  -0.02272738   1.34081848   2.56613735   3.65382430   4.60603127   5.42629584   6.11936398   6.69100912   7.14785123   7.49717956   7.74678254   7.90478747   7.97951222   7.97933052   7.91255165   7.78731520   7.61150091   7.39265343   7.13792141   6.85401021   6.54714733   6.22305960   5.88696085   5.54354899   5.19701135   4.85103687   4.50883426   4.17315480   3.84631878   3.53024468   3.22648011   2.93623375   2.66040765   2.39962919   2.15428234   1.92453762   1.71038071   1.51163918   1.32800743   1.15906952   1.00432009   0.86318309   0.73502864   0.61918783   0.51496586   0.42165328   0.33853575   0.26490233   0.20005238   0.14330135   0.09398538   0.05146511   0.01512848  -0.01560707  -0.04129312  -0.06244926  -0.07956266  -0.09308792  -0.10344734  -0.11103145  -0.11619978  -0.11928180  -0.12057805  -0.12036135  -0.11887818  -0.11635001  -0.11297481  -0.10892845  -0.10436626  -0.09942444  -0.09422154  -0.08885991  -0.08342705  -0.07799698  -0.07263154  -0.06738156  -0.06228810  -0.05738351  -0.05269244  -0.04823286  -0.04401688  -0.04005160 
-27.91760062 -27.79367138 -27.42206156 -26.80339615 -25.93916653 -24.83289230 -23.49249242 -21.93383216 -20.18415788 -18.28294520 -16.27839010 -14.22069953 -12.15563313 -10.12094344  -8.14587894  -6.25241113  -4.45687828  -2.77137407  -1.20471929   0.23691479   1.54961087   2.73143783   3.78224457   4.70347836   5.49800946   6.16995488   6.72450034   7.16772222   7.50641236   7.74790888   7.89993568   7.97045294   7.96752028   7.89917386   7.77331796   7.59763148   7.37948920   7.12589735   6.84344298   6.53825618   6.21598428   5.88177679   5.54028011   5.19564062   4.85151515   4.51108742   4.17708958   3.85182751   3.53720913   3.23477455   2.94572753   2.67096724   2.41111996   2.16657001   1.93748956   1.72386705   1.52553384   1.34218899   1.17342205   1.01873386   0.87755520   0.74926357   0.63319791   0.52867157   0.43498355   0.35142810   0.27730288   0.21191583   0.15459080   0.10467212   0.06152824   0.02455454  -0.00682458  -0.03315424  -0.05494818  -0.07268827  -0.08682444  -0.09777492  -0.10592682  -0.11163683  -0.11523215  -0.11701163  -0.11724692  -0.11618378  -0.11404344  -0.11102399  -0.10730182  -0.10303301  -0.09835483  -0.09338709  -0.08823356  -0.08298331  -0.07771202  -0.07248323  -0.06734952  -0.06235369  -0.05752982  -0.05290424  -0.04849652  -0.04432035  -0.04038429 
-24.82067310 -24.71611880 -24.40285345 -23.88202836 -23.15549295 -22.22595706 -21.09776579 -19.77871664 -18.28294520 -16.63386215 -14.86507608 -13.01771113 -11.13492095  -9.25641143  -7.41525876  -5.63728448  -3.94194255  -2.34363398  -0.85286400   0.52291944   1.77876600   2.91185099   3.92121121   4.80753517   5.57297656   6.22097590   6.75608418   7.18378759   7.51033478   7.74256919   7.88776887   7.95349622   7.94745943   7.87738713   7.75091693   7.57549859   7.35831165   7.10619751   6.82560513   6.52254997   6.20258491   5.87078237   5.53172629   5.18951297   4.84775940   4.50961799   4.17779660   3.85458260   3.54187010   3.24118933   2.95373733   2.68040928   2.42182967   2.17838297   1.95024318   1.73740196   1.53969521   1.35682764   1.18839544   1.03390697   0.89280129   0.76446481   0.64824590   0.54346774   0.44943941   0.36546539   0.29085364   0.22492227   0.16700510   0.11645615   0.07265313   0.03500024   0.00293010  -0.02409478  -0.04658117  -0.06500464  -0.07980955  -0.09140929  -0.10018681  -0.10649534  -0.11065932  -0.11297545  -0.11371384  -0.11311926  -0.11141249  -0.10879159  -0.10543334  -0.10149457  -0.09711361  -0.09241155  -0.08749368  -0.08245073  -0.07736015  -0.07228734  -0.06728678  -0.06240317  -0.05767249  -0.05312291  -0.04877582  -0.04464660  -0.04074545 
-21.82339686 -21.73430415 -21.46755823 -21.02469142 -20.40806651 -19.62069777 -18.66626406 -17.54964980 -16.27839010 -14.86507608 -13.32990465 -11.70163053 -10.01549712  -8.30870208  -6.61571929  -4.96546182  -3.38059939  -1.87820380  -0.47081410   0.83258911   2.02585532   3.10516124   4.06866352   4.91624304   5.64929673   6.27055125   6.78388573   7.19415842   7.50703647   7.72883027   7.86633416   7.92667605   7.91717763   7.84522691   7.71816407   7.54318139   7.32723742   7.07698542   6.79871551   6.49831007   6.18121140   5.85240073   5.51638744   5.17720734   4.83842885   4.50316578   4.17409569   3.85348257   3.54320292   3.24477413   2.95938441   2.68792346   2.43101316   2.18903779   1.96217323   1.75041491   1.55360400   1.37145192   1.20356280   1.04945394   0.90857426   0.78032076   0.66405297   0.55910570   0.46479992   0.38045219   0.30538250   0.23892089   0.18041288   0.12922377   0.08474212   0.04638237   0.01358679  -0.01417321  -0.03739624  -0.05655049  -0.07207379  -0.08437377  -0.09382844  -0.10078691  -0.10557023  -0.10847246  -0.10976174  -0.10968153  -0.10845185  -0.10627053  -0.10331461  -0.09974158  -0.09569074  -0.09128452  -0.08662972  -0.08181880  -0.07693107  -0.07203391  -0.06718382  -0.06242755  -0.05780310  -0.05334067  -0.04906358  -0.04498908  -0.04112918 
-18.93768842 -18.86143170 -18.63323307 -18.25475436 -17.72859327 -17.05805696 -16.24693923 -15.29946696 -14.22069953 -13.01771113 -11.70163053 -10.28987558  -8.80710083  -7.28358606  -5.75144939  -4.24062355  -2.77632664  -1.37836397  -0.06159953   1.16317074   2.28839058   3.30910664   4.22251547   5.02764049   5.72508705   6.31683908   6.80607611   7.19699968   7.49466510   7.70481791   7.83373618   7.88808054   7.87475389   7.80077236   7.67314887   7.49879020   7.28440790   7.03644319   6.76100566   6.46382513   6.15021596   5.82505287   5.49275732   5.15729312   4.82217027   4.49045568   4.16478971   3.84740738   3.54016307   3.24455789   2.96176865   2.69267780   2.43790350   2.19782934   1.97263312   1.76231442   1.56672055   1.38557074   1.21847836   1.06497124   0.92450986   0.79650358   0.68032503   0.57532255   0.48083096   0.39618082   0.32070609   0.25375063   0.19467344   0.14285286   0.09768997   0.05861105   0.02506944  -0.00345312  -0.02744582  -0.04736833  -0.06365082  -0.07669423  -0.08687079  -0.09452469  -0.09997296  -0.10350640  -0.10539074  -0.10586767  -0.10515614  -0.10345350  -0.10093681  -0.09776409  -0.09407554  -0.08999483  -0.08563030  -0.08107614  -0.07641361  -0.07171210  -0.06703025  -0.06241696  -0.05791239  -0.05354889  -0.04935185  -0.04534055  -0.04152890 
-16.17374832 -16.10845328 -15.91311586 -15.58934320 -15.13969158 -14.56748596 -13.87658761 -13.07116895 -12.15563313 -11.13492095 -10.01549712  -8.80710083  -7.52471680  -6.18949632  -4.82749038  -3.46645670  -2.13237555  -0.84719241   0.37187032   1.51196822   2.56391041   3.52144874   4.38071701   5.13982149   5.79854071   6.35809217   6.82093582   7.19059621   7.47149449   7.66878665   7.78820766   7.83592269   7.81838690   7.74221556   7.61406596   7.44053203   7.22805234   6.98283187   6.71077729   6.41744540   6.10800418   5.78720543   5.45936816   5.12837151   4.79765613   4.47023274   4.14869674   3.83524776   3.53171293   3.23957303   2.95999047   2.69383829   2.44172960   2.20404659   1.98096886   1.77250054   1.57849586   1.39868296   1.23268593   1.08004471   0.94023311   0.81267485   0.69675759   0.59184526   0.49728865   0.41243433   0.33663230   0.26924220   0.20963844   0.15721429   0.11138506   0.07159055   0.03729680   0.00799726  -0.01678643  -0.03750415  -0.05457731  -0.06839911  -0.07933503  -0.08772354  -0.09387688  -0.09808199  -0.10060158  -0.10167514  -0.10152013  -0.10033309  -0.09829086  -0.09555177  -0.09225678  -0.08853070  -0.08448335  -0.08021066  -0.07579580  -0.07131026  -0.06681486  -0.06236075  -0.05799034  -0.05373822  -0.04963200  -0.04569308  -0.04193743 
-13.54109432 -13.48532057 -13.31849161 -13.04206190 -12.65837701 -12.17055100 -11.58228990 -10.89767361 -10.12094344  -9.25641143  -8.30870208  -7.28358606  -6.18949632  -5.03927589  -3.85105929  -2.64726841  -1.45189683  -0.28747443   0.82695046   1.87647432   2.85008509   3.74005428   4.54132110   5.25099504   5.86798404   6.39271530   6.82691391   7.17341418   7.43598831   7.61918515   7.72817603   7.76860749   7.74646194   7.66792774   7.53928004   7.36677370   7.15654888   6.91455001   6.64645802   6.35763559   6.05308496   5.73741755   5.41483434   5.08911608   4.76362213   4.44129675   4.12468176   3.81593418   3.51684808   3.22887932   2.95317237   2.69058837   2.44173367   2.20698817   1.98653301   1.78037714   1.58838243   1.41028710   1.24572734   1.09425689   0.95536479   0.82849104   0.71304050   0.60839481   0.51392286   0.42898945   0.35296270   0.28522015   0.22515362   0.17217324   0.12571042   0.08522022   0.05018300   0.02010554  -0.00547831  -0.02700731  -0.04489287  -0.05951934  -0.07124447  -0.08040007  -0.08729281  -0.09220505  -0.09539585  -0.09710197  -0.09753891  -0.09690202  -0.09536762  -0.09309406  -0.09022287  -0.08687988  -0.08317625  -0.07920960  -0.07506501  -0.07081604  -0.06652574  -0.06224753  -0.05802618  -0.05389860  -0.04989468  -0.04603809  -0.04234692 
-11.04863613 -11.00119971 -10.85931734 -10.62425621 -10.29808018  -9.88357215  -9.38411556  -8.80353145  -8.14587894  -7.41525876  -6.61571929  -5.75144939  -4.82749038  -3.85105929  -2.83310601  -1.78914899  -0.73847398   0.29819325   1.30134584   2.25450256   3.14483709   3.96299132   4.70255906   5.35954737   5.93193208   6.41931854   6.82268161   7.14415622   7.38685710   7.55471512   7.65232367   7.68479302   7.65761231   7.57652031   7.44738605   7.27610073   7.06848158   6.83018859   6.56665402   6.28302486   5.98411768   5.67438520   5.35789389   5.03831144   4.71890302   4.40253533   4.09168704   3.78846469   3.49462274   3.21158693   2.94047981   2.68214766   2.43718809   2.20597752   1.98869815   1.78536390   1.59584495   1.41989064   1.25715067   1.10719429   0.96952763   0.84360905   0.72886270   0.62469018   0.53048070   0.44561950   0.36949506   0.30150492   0.24106045   0.18759060   0.14054482   0.09939525   0.06363829   0.03279562   0.00641485  -0.01593028  -0.03463992  -0.05008837  -0.06262459  -0.07257277  -0.08023313  -0.08588267  -0.08977614  -0.09214693  -0.09320810  -0.09315335  -0.09215807  -0.09038037  -0.08796208  -0.08502983  -0.08169601  -0.07805978  -0.07420807  -0.07021651  -0.06615032  -0.06206528  -0.05800850  -0.05401929  -0.05012992  -0.04636635  -0.04274895 
 -8.70439183  -8.66427018  -8.54426899  -8.34547148  -8.06965358  -7.71923560  -7.29720635  -6.80701283  -6.25241113  -5.63728448  -4.96546182  -4.24062355  -3.46645670  -2.64726841  -1.78914899  -0.90136609   0.00284721   0.90693445   1.79302346   2.64426643   3.44646043   4.18863764   4.86292680   5.46410936   5.98914400   6.43676665   6.80717955   7.10180890   7.32310714   7.47438177   7.55963998   7.58344371   7.55077318   7.46689887   7.33726277   7.16737001   6.96269187   6.72858077   6.47019777   6.19245254   5.89995558   5.59698211   5.28744689   4.97488906   4.66246593   4.35295466   4.04876053   3.75193088   3.46417343   3.18687803   2.92114077   2.66778971   2.42741133   2.20037712   1.98686964   1.78690772   1.60037033   1.42701895   1.26651812   1.11845424   0.98235240   0.85769137   0.74391672   0.64045227   0.54670978   0.46209722   0.38602565   0.31791482   0.25719775   0.20332429   0.15576386   0.11400756   0.07756959   0.04598820   0.01882628  -0.00432847  -0.02386360  -0.04014214  -0.05350313  -0.06426213  -0.07271196  -0.07912345  -0.08374627  -0.08680982  -0.08852410  -0.08908067  -0.08865358  -0.08740030  -0.08546269  -0.08296791  -0.08002937  -0.07674766  -0.07321141  -0.06949825  -0.06567556  -0.06180142  -0.05792532  -0.05408899  -0.05032713  -0.04666807  -0.04313452 
 -6.51514025  -6.48142312  -6.38058066  -6.21353457  -5.98180185  -5.68746358  -5.33311550  -4.92179504  -4.45687828  -3.94194255  -3.38059939  -2.77632664  -2.13237555  -1.45189683  -0.73847398   0.00284721   0.76430413   1.53467558   2.29979711   3.04430246   3.75369169   4.41578665   5.02128008   5.56363144   6.03868089   6.44422590   6.77965907   7.04568209   7.24407989   7.37753447   7.44946347   7.46387380   7.42522615   7.33830840   7.20811815   7.03975489   6.83832286   6.60884518   6.35618993   6.08500819   5.79968403   5.50429604   5.20258961   4.89795929   4.59344018   4.29170723   3.99508137   3.70554144   3.42474061   3.15402648   2.89446367   2.64685817   2.41178262   2.18960171   1.98049741   1.78449317   1.60147711   1.43122362   1.27341335   1.12765136   0.99348352   0.87041099   0.75790294   0.65540753   0.56236138   0.47819743   0.40235154   0.33426789   0.27340327   0.21923049   0.17124094   0.12894656   0.09188112   0.05960114   0.03168637   0.00773994  -0.01261171  -0.02971911  -0.04391016  -0.05549075  -0.06474532  -0.07193763  -0.07731150  -0.08109159  -0.08348426  -0.08467835  -0.08484607  -0.08414386  -0.08271322  -0.08068156  -0.07816307  -0.07525954  -0.07206120  -0.06864751  -0.06508798  -0.06144290  -0.05776415  -0.05409587  -0.05047520  -0.04693292  -0.04349409 
 -4.48613462  -4.45799965  -4.37385934  -4.23450359  -4.04123481  -3.79584519  -3.50058197  -3.15809672  -2.77137407  -2.34363398  -1.87820380  -1.37836397  -0.84719241  -0.28747443   0.29819325   0.90693445   1.53467558   2.17501055   2.81850264   3.45309727   4.06563954   4.64370845   5.17692603   5.65746481   6.07996816   6.44121082   6.73971895   6.97544055   7.14948183   7.26389679   7.32151295   7.32577997   7.28063322   7.19036831   7.05952510   6.89278115   6.69485519   6.47042124   6.22403390   5.96006518   5.68265278   5.39565956   5.10264374   4.80683890   4.51114310   4.21811588   3.92998231   3.64864279   3.37568761   3.11241520   2.85985319   2.61878123   2.38975491   2.17313000   1.96908653   1.77765204   1.59872387   1.43208994   1.27744805   1.13442335   1.00258418   0.88145596   0.77053346   0.66929138   0.57719335   0.49369948   0.41827266   0.35038364   0.28951510   0.23516485   0.18684824   0.14409988   0.10647495   0.07354992   0.04492297   0.02021417  -0.00093466  -0.01886022  -0.03387813  -0.04628345  -0.05635125  -0.06433730  -0.07047871  -0.07499467  -0.07808718  -0.07994176  -0.08072829  -0.08060166  -0.07970262  -0.07815850  -0.07608395  -0.07358175  -0.07074350  -0.06765036  -0.06437381  -0.06097633  -0.05751209  -0.05402764  -0.05056255  -0.04715005  -0.04381760 
 -2.62091826  -2.59761911  -2.52795236  -2.41260663  -2.25271725  -2.04984702  -1.80595802  -1.52337238  -1.20471929  -0.85286400  -0.47081410  -0.06159953   0.37187032   0.82695046   1.30134584   1.79302346   2.29979711   2.81850264   3.34396518   3.86834084   4.38144549   4.87208214   5.32967287   5.74543781   6.11286205   6.42763322   6.68734008   6.89112951   7.03940548   7.13358591   7.17590726   7.16926223   7.11705920   7.02309626   6.89144648   6.72635296   6.53213359   6.31309588   6.07346236   5.81730677   5.54850130   5.27067455   4.98717987   4.70107342   4.41510113   4.13169365   3.85296819   3.58073631   3.31651655   3.06155083   2.81682375   2.58308386   2.36086613   2.15051483   1.95220637   1.76597152   1.59171661   1.42924348   1.27826787   1.13843627   1.00934094   0.89053331   0.78153566   0.68185122   0.59097270   0.50838952   0.43359370   0.36608464   0.30537300   0.25098356   0.20245751   0.15935407   0.12125151   0.08774795   0.05846161   0.03303097   0.01111463  -0.00760899  -0.02344197  -0.03666744  -0.04755006  -0.05633663  -0.06325668  -0.06852313  -0.07233290  -0.07486756  -0.07629402  -0.07676516  -0.07642052  -0.07538694  -0.07377921  -0.07170079  -0.06924441  -0.06649277  -0.06351914  -0.06038807  -0.05715594  -0.05387166  -0.05057718  -0.04730818  -0.04409455 
 -0.92124337  -0.90210373  -0.84489104  -0.75022043  -0.61910458  -0.45293498  -0.25345547  -0.02272738   0.23691479   0.52291944   0.83258911   1.16317074   1.51196822   1.87647432   2.25450256   2.64426643   3.04430246   3.45309727   3.86834084   4.28598121   4.69960234   5.10068308   5.47976199   5.82789331   6.13771034   6.40385359   6.62292070   6.79319676   6.91434320   6.98712241   7.01317377   6.99483298   6.93498210   6.83692028   6.70424892   6.54076813   6.35038320   6.13702075   5.90455499   5.65674406   5.39717685   5.12922997   4.85603480   4.58045385   4.30506593   4.03215906   3.76373038   3.50149189   3.24688110   3.00107556   2.76501041   2.53939792   2.32474837   2.12139155   1.92949822   1.74910111   1.58011501   1.42235570   1.27555744   1.13938894   1.01346769   0.89737262   0.79065522   0.69284909   0.60347795   0.52206248   0.44812581   0.38119801   0.32081960   0.26654429   0.21794097   0.17459518   0.13611007   0.10210698   0.07222576   0.04612475   0.02348070   0.00398851  -0.01263920  -0.02667245  -0.03836444  -0.04795203  -0.05565627  -0.06168295  -0.06622317  -0.06945385  -0.07153834  -0.07262693  -0.07285745  -0.07235580  -0.07123656  -0.06960353  -0.06755029  -0.06516083  -0.06251004  -0.05966437  -0.05668230  -0.05361499  -0.05050676  -0.04739567  -0.04431402 
  0.61292189   0.62851176   0.67509166   0.75209640   0.85859756   0.99332346   1.15468666   1.34081848   1.54961087   1.77876600   2.02585532   2.28839058   2.56391041   2.85008509   3.14483709   3.44646043   3.75369169   4.06563954   4.38144549   4.69960234   5.01708409   5.32875618   5.62757606   5.90561827   6.15537690   6.37072623   6.54731274   6.68251414   6.77519669   6.82543239   6.83424712   6.80341486   6.73529181   6.63267901   6.49870493   6.33672217   6.15021544   5.94271958   5.71774713   5.47872562   5.22894464   4.97151250   4.70932238   4.44502758   4.18102503   3.91944657   3.66215696   3.41075766   3.16659560   2.93077581   2.70417706   2.48746972   2.28113495   2.08548462   1.90068135   1.72675819   1.56363745   1.41114854   1.26904442   1.13701666   1.01470893   0.90172891   0.79765875   0.70206400   0.61450111   0.53452379   0.46168810   0.39555658   0.33570146   0.28170712   0.23317190   0.18970936   0.15094912   0.11653735   0.08613698   0.05942766   0.03610567   0.01588360  -0.00150997  -0.01633084  -0.02881966  -0.03920237  -0.04769062  -0.05448223  -0.05976167  -0.06370051  -0.06645786  -0.06818084  -0.06900503  -0.06905493  -0.06844446  -0.06727740  -0.06564788  -0.06364087  -0.06133269  -0.05879146  -0.05607765  -0.05324453  -0.05033869  -0.04740053  -0.04446472 
  1.98331716   1.99590319   2.03348171   2.09551843   2.18113795   2.28914571   2.41805775   2.56613735   2.73143783   2.91185099   3.10516124   3.30910664   3.52144874   3.74005428   3.96299132   4.18863764   4.41578665   4.64370845   4.87208214   5.10068308   5.32875618   5.55421044   5.77305856   5.97956838   6.16716738   6.32961092   6.46185183   6.56039935   6.62328527   6.64984492   6.64046007   6.59632883   6.51927776   6.41161057   6.27598375   6.11530133   5.93262338   5.73108565   5.51382904   5.28393832   5.04439009   4.79800981   4.54743769   4.29510312   4.04320713   3.79371213   3.54833833   3.30856568   3.07564082   2.85058777   2.63422176   2.42716524   2.22986533   2.04261216   1.86555730   1.69873199   1.54206474   1.39539783   1.25850273   1.13109411   1.01284243   0.90338504   0.80233589   0.70929377   0.62384933   0.54559085   0.47410889   0.40900008   0.34986998   0.29633528   0.24802534   0.20458331   0.16566681   0.13094828   0.10011515   0.07286976   0.04892917   0.02802496   0.00990282  -0.00567772  -0.01894372  -0.03010918  -0.03937542  -0.04693143  -0.05295427  -0.05760938  -0.06105096  -0.06342232  -0.06485623  -0.06547530  -0.06539229  -0.06471058  -0.06352448  -0.06191965  -0.05997353  -0.05775575  -0.05532851  -0.05274710  -0.05006023  -0.04731057  -0.04453509 
  3.19326340   3.20333049   3.23335747   3.28282637   3.35089053   3.43639889   3.53792851   3.65382430   3.78224457   3.92121121   4.06866352   4.22251547   4.38071701   4.54132110   4.70255906   4.86292680   5.02128008   5.17692603   5.32967287   5.47976199   5.62757606   5.77305856   5.91496458   6.05032704   6.17456706   6.28229403   6.36835663   6.42863184   6.46035422   6.46208809   6.43352992   6.37527485   6.28860749   6.17533119   6.03763153   5.87796514   5.69896671   5.50336940   5.29393606   5.07339973   4.84441318   4.60950673   4.37105458   4.13124896   3.89208188   3.65533379   3.42256853   3.19513377   2.97416608   2.76059988   2.55517939   2.35847278   2.17088790   1.99268880   1.82401263   1.66488632   1.51524269   1.37493573   1.24375479   1.12143746   1.00768118   0.90215351   0.80450096   0.71435657   0.63134629   0.55509420   0.48522673   0.42137595   0.36318217   0.31029578   0.26237859   0.21910475   0.18016123   0.14524811   0.11407862   0.08637903   0.06188846   0.04035861   0.02155344   0.00524888  -0.00876749  -0.02069679  -0.03072906  -0.03904361  -0.04580923  -0.05118450  -0.05531801  -0.05834859  -0.06040563  -0.06160924  -0.06207061  -0.06189222  -0.06116818  -0.05998450  -0.05841946  -0.05654389  -0.05442156  -0.05210954  -0.04965857  -0.04711343  -0.04451334 
  4.24750225   4.25547748   4.27923060   4.31824928   4.37169783   4.43844356   4.51709227   4.60603127   4.70347836   4.80753517   4.91624304   5.02764049   5.13982149   5.25099504   5.35954737   5.46410936   5.56363144   5.65746481   5.74543781   5.82789331   5.90561827   5.97956838   6.05032704   6.11740558   6.17873408   6.23073745   6.26904538   6.28944078   6.28857784   6.26428518   6.21554366   6.14230860   6.04529846   5.92580552   5.78554222   5.62651921   5.45094732   5.26115692   5.05952995   4.84844235   4.63021524   4.40707428   4.18111684   3.95428647   3.72835442   3.50490755   3.28534224   3.07086340   2.86248798   2.66105217   2.46722154   2.28150339   2.10426061   1.93572654   1.77602005   1.62516072   1.48308340   1.34965211   1.22467293   1.10790573   0.99907473   0.89787773   0.80399418   0.71709199   0.63683316   0.56287850   0.49489129   0.43254016   0.37550130   0.32346000   0.27611172   0.23316278   0.19433075   0.15934453   0.12794433   0.09988153   0.07491841   0.05282790   0.03339329   0.01640796   0.00167510  -0.01099254  -0.02177286  -0.03083457  -0.03833743  -0.04443236  -0.04926161  -0.05295890  -0.05564955  -0.05745067  -0.05847131  -0.05881260  -0.05856801  -0.05782354  -0.05665793  -0.05514297  -0.05334372  -0.05131885  -0.04912091  -0.04679669  -0.04438751 
  5.15201485   5.15827105   5.17686641   5.20728700   5.24869578   5.29996094   5.35969398   5.42629584   5.49800946   5.57297656   5.64929673   5.72508705   5.79854071   5.86798404   5.93193208   5.98914400   6.03868089   6.07996816   6.11286205   6.13771034   6.15537690   6.16716738   6.17456706   6.17873408   6.17984363   6.17660203   6.16629455   6.14541759   6.11053755   6.05894678   5.98894388   5.89981740   5.79168661   5.66531122   5.52192127   5.36308002   5.19057638   5.00633994   4.81237221   4.61069004   4.40327852   4.19205215   3.97882325   3.76527734   3.55295483   3.34323870   3.13734766   2.93633405   2.74108595   2.55233283   2.37065394   2.19648890   2.03014975   1.87183400   1.72163800   1.57957048   1.44556550   1.31949493   1.20117993   1.09040150   0.98690988   0.89043276   0.80068245   0.71736185   0.64016941   0.56880319   0.50296400   0.44235779   0.38669747   0.33570415   0.28910790   0.24664823   0.20807427   0.17314479   0.14162802   0.11330144   0.08795152   0.06537345   0.04537083   0.02775543   0.01234701  -0.00102691  -0.01253118  -0.02232311  -0.03055258  -0.03736209  -0.04288684  -0.04725471  -0.05058638  -0.05299532  -0.05458788  -0.05546337  -0.05571416  -0.05542580  -0.05467718  -0.05354067  -0.05208238  -0.05036230  -0.04843462  -0.04634795  -0.04414561 
  5.91383032   5.91869006   5.93309389   5.95652185   5.98812794   6.02677007   6.07105035   6.11936398   6.16995488   6.22097590   6.27055125   6.31683908   6.35809217   6.39271530   6.41931854   6.43676665   6.44422590   6.44121082   6.42763322   6.40385359   6.37072623   6.32961092   6.28229403   6.23073745   6.17660203   6.12063166   6.06218963   5.99928371   5.92913137   5.84894061   5.75651163   5.65049774   5.53039508   5.39640116   5.24924462   5.09003356   4.92013449   4.74107877   4.55449018   4.36202765   4.16533928   3.96602509   3.76560710   3.56550588   3.36702303   3.17132896   2.97945571   2.79229409   2.61059467   2.43497200   2.26591143   2.10377801   1.94882679   1.80121402   1.66100893   1.52820536   1.40273331   1.28446975   1.17324878   1.06887084   0.97111090   0.87972566   0.79445971   0.71505064   0.64123327   0.57274303   0.50931853   0.45070347   0.39664802   0.34690970   0.30125386   0.25945396   0.22129150   0.18655593   0.15504433   0.12656119   0.10091806   0.07793324   0.05743155   0.03924405   0.02320794   0.00916635  -0.00303165  -0.01353115  -0.02247138  -0.02998566  -0.03620139  -0.04123996  -0.04521671  -0.04824088  -0.05041557  -0.05183772  -0.05259812  -0.05278146  -0.05246634  -0.05172540  -0.05062545  -0.04922758  -0.04758734  -0.04575499  -0.04377564 
  6.54083232   6.54457209   6.55561319   6.57342748   6.59715612   6.62564083   6.65746586   6.69100912   6.72450034   6.75608418   6.78388573   6.80607611   6.82093582   6.82691391   6.82268161   6.80717955   6.77965907   6.73971895   6.68734008   6.62292070   6.54731274   6.46185183   6.36835663   6.26904538   6.16629455   6.06218963   5.95794595   5.85346679   5.74735071   5.63739929   5.52133009   5.39733109   5.26430529   5.12186682   4.97021651   4.80999067   4.64212715   4.46775958   4.28813731   4.10456480   3.91835518   3.73079394   3.54311061   3.35645674   3.17188944   2.99035981   2.81270576   2.63964875   2.47179394   2.30963328   2.15355089   2.00383042   1.86066363   1.72415991   1.59435625   1.47122728   1.35469508   1.24463851   1.14090188   1.04330281   0.95163923   0.86569539   0.78524704   0.71006569   0.63992199   0.57458839   0.51384118   0.45746182   0.40523791   0.35696367   0.31244014   0.27147517   0.23388320   0.19948493   0.16810701   0.13958160   0.11374606   0.09044259   0.06951799   0.05082341   0.03421427   0.01955014   0.00669478  -0.00448392  -0.01411374  -0.02231809  -0.02921585  -0.03492122  -0.03954357  -0.04318728  -0.04595161  -0.04793059  -0.04921294  -0.04988198  -0.05001565  -0.04968647  -0.04896159  -0.04790290  -0.04656708  -0.04500578  -0.04326575 
  7.04156951   7.04442409   7.05280669   7.06618058   7.08367322   7.10410834   7.12604919   7.14785123   7.16772222   7.18378759   7.19415842   7.19699968   7.19059621   7.17341418   7.14415622   7.10180890   7.04568209   6.97544055   6.89112951   6.79319676   6.68251414   6.56039935   6.42863184   6.28944078   6.14541759   5.99928371   5.85346679   5.70955576   5.56788069   5.42750656   5.28669201   5.14354331   4.99652786   4.84470510   4.68772949   4.52574220   4.35923804   4.18894822   4.01574915   3.84059497   3.66446800   3.48834210   3.31315519   3.13978862   2.96905200   2.80167257   2.63828844   2.47944529   2.32559605   2.17710306   2.03424233   1.89720942   1.76612653   1.64105034   1.52198032   1.40886706   1.30162047   1.20011754   1.10420952   1.01372844   0.92849276   0.84831234   0.77299245   0.70233718   0.63615194   0.57424545   0.51643108   0.46252767   0.41236002   0.36575901   0.32256141   0.28260967   0.24575141   0.21183901   0.18072908   0.15228200   0.12636148   0.10283426   0.08156974   0.06243988   0.04531903   0.03008391   0.01661366   0.00478996  -0.00550286  -0.01437755  -0.02194379  -0.02830790  -0.03357262  -0.03783685  -0.04119541  -0.04373887  -0.04555334  -0.04672033  -0.04731662  -0.04741423  -0.04708030  -0.04637718  -0.04536239  -0.04408871  -0.04260433 
  7.42507467   7.42724144   7.43355804   7.44348013   7.45612280   7.47029320   7.48453450   7.49717956   7.50641236   7.51033478   7.50703647   7.49466510   7.47149449   7.43598831   7.38685710   7.32310714   7.24407989   7.14948183   7.03940548   6.91434320   6.77519669   6.62328527   6.46035422   6.28857784   6.11053755   5.92913137   5.74735071   5.56788069   5.39258763   5.22212069   5.05589592   4.89251333   4.73035964   4.56808623   4.40482883   4.24021742   4.07428331   3.90734310   3.73989707   3.57255153   3.40596296   3.24079853   3.07770817   2.91730477   2.76015017   2.60674562   2.45752586   2.31285601   2.17303121   2.03827812   1.90875833   1.78457302   1.66576867   1.55234337   1.44425349   1.34142047   1.24373738   1.15107508   1.06328802   0.98021924   0.90170484   0.82757769   0.75767044   0.69181785   0.62985857   0.57163629   0.51700039   0.46580632   0.41791545   0.37319485   0.33151679   0.29275816   0.25679979   0.22352582   0.19282306   0.16458040   0.13868832   0.11503851   0.09352355   0.07403672   0.05647190   0.04072361   0.02668706   0.01425833   0.00333461  -0.00618556  -0.01440197  -0.02141240  -0.02731231  -0.03219448  -0.03614873  -0.03926156  -0.04161596  -0.04329111  -0.04436220  -0.04490028  -0.04497212  -0.04464015  -0.04396243  -0.04299263  -0.04178008 
