# coconut-me2b/v0.99.21 
# 
# momentum space matrix elements 
# partial wave J=0, L=1/1, S=1, T=1, MT=-1 
# 
# momentum grid [fm^-1]
0.000000 0.100000 0.200000 0.300000 0.400000 0.500000 0.600000 0.700000 0.800000 0.900000 1.000000 1.100000 1.200000 1.300000 1.400000 1.500000 1.600000 1.700000 1.800000 1.900000 2.000000 2.100000 2.200000 2.300000 2.400000 2.500000 2.600000 2.700000 2.800000 2.900000 3.000000 3.100000 3.200000 3.300000 3.400000 3.500000 3.600000 3.700000 3.800000 3.900000 4.000000 4.100000 4.200000 4.300000 4.400000 4.500000 4.600000 4.700000 4.800000 4.900000 5.000000 5.100000 5.200000 5.300000 5.400000 5.500000 5.600000 5.700000 5.800000 5.900000 6.000000 6.100000 6.200000 6.300000 6.400000 6.500000 6.600000 6.700000 6.800000 6.900000 7.000000 7.100000 7.200000 7.300000 7.400000 7.500000 7.600000 7.700000 7.800000 7.900000 8.000000 8.100000 8.200000 8.300000 8.400000 8.500000 8.600000 8.700000 8.800000 8.900000 9.000000 9.100000 9.200000 9.300000 9.400000 9.500000 9.600000 9.700000 9.800000 9.900000 10.000000 
#
# matrix elements [MeV fm^3] 
 -0.00000070  -0.00068132  -0.00124009  -0.00160718  -0.00177895  -0.00179319  -0.00169909  -0.00153955  -0.00134580  -0.00113843  -0.00093021  -0.00072877  -0.00053851  -0.00036188  -0.00020014  -0.00005382   0.00007699   0.00019251   0.00029318   0.00037956   0.00045232   0.00051223   0.00056011   0.00059684   0.00062331   0.00064046   0.00064921   0.00065049   0.00064520   0.00063422   0.00061841   0.00059856   0.00057543   0.00054973   0.00052209   0.00049310   0.00046329   0.00043312   0.00040300   0.00037327   0.00034422   0.00031611   0.00028911   0.00026338   0.00023902   0.00021612   0.00019471   0.00017480   0.00015638   0.00013944   0.00012391   0.00010976   0.00009690   0.00008527   0.00007480   0.00006540   0.00005699   0.00004949   0.00004283   0.00003693   0.00003172   0.00002713   0.00002310   0.00001957   0.00001649   0.00001381   0.00001148   0.00000947   0.00000773   0.00000623   0.00000494   0.00000385   0.00000291   0.00000212   0.00000145   0.00000089   0.00000043   0.00000005  -0.00000027  -0.00000052  -0.00000072  -0.00000087  -0.00000099  -0.00000107  -0.00000113  -0.00000116  -0.00000118  -0.00000117  -0.00000116  -0.00000113  -0.00000110  -0.00000105  -0.00000101  -0.00000096  -0.00000091  -0.00000085  -0.00000080  -0.00000074  -0.00000069  -0.00000064  -0.00000059 
 -0.00068132  -0.66027819  -1.20588767  -1.56982633  -1.74542126  -1.76625156  -1.67874987  -1.52468714  -1.33512247  -1.13083263  -0.92486228  -0.72507092  -0.53604102  -0.36034239  -0.19931864  -0.05356007   0.07681676   0.19200434   0.29240621   0.37857704   0.45118401   0.51098001   0.55878322   0.59546017   0.62191073   0.63905443   0.64781753   0.64912119   0.64387045   0.63294433   0.61718707   0.59740063   0.57433854   0.54870098   0.52113125   0.49221351   0.46247163   0.43236927   0.40231079   0.37264316   0.34365850   0.31559728   0.28865190   0.26297071   0.23866214   0.21579897   0.19442266   0.17454750   0.15616468   0.13924611   0.12374802   0.10961425   0.09677919   0.08517052   0.07471145   0.06532282   0.05692475   0.04943810   0.04278559   0.03689274   0.03168854   0.02710595   0.02308220   0.01955901   0.01648262   0.01380377   0.01147759   0.00946340   0.00772451   0.00622798   0.00494434   0.00384733   0.00291358   0.00212242   0.00145554   0.00089682   0.00043202   0.00004863  -0.00026434  -0.00051653  -0.00071643  -0.00087147  -0.00098814  -0.00107215  -0.00112851  -0.00116158  -0.00117519  -0.00117266  -0.00115693  -0.00113051  -0.00109561  -0.00105414  -0.00100773  -0.00095781  -0.00090556  -0.00085203  -0.00079805  -0.00074436  -0.00069153  -0.00064004  -0.00059028 
 -0.00124009  -1.20588767  -2.22251650  -2.92887016  -3.29789810  -3.37499864  -3.23720679  -2.96080765  -2.60629103  -2.21602784  -1.81754564  -1.42788468  -1.05722355  -0.71142362  -0.39367031  -0.10548523   0.15266384   0.38099813   0.58020806   0.75131775   0.89559751   1.01450349   1.10963246   1.18268499   1.23543356   1.26969375   1.28729773   1.29006983   1.27980421   1.25824470   1.22706720   1.18786447   1.14213365   1.09126645   1.03654198   0.97912208   0.92004905   0.86024563   0.80051685   0.74155372   0.68393824   0.62814971   0.57457189   0.52350087   0.47515333   0.42967503   0.38714934   0.34760552   0.31102683   0.27735811   0.24651293   0.21838012   0.19282970   0.16971818   0.14889323   0.13019763   0.11347276   0.09856137   0.08530992   0.07357036   0.06320151   0.05407005   0.04605119   0.03902899   0.03289651   0.02755577   0.02291744   0.01890061   0.01543224   0.01244678   0.00988554   0.00769624   0.00583238   0.00425278   0.00292099   0.00180486   0.00087607   0.00010969  -0.00051619  -0.00102079  -0.00142100  -0.00173162  -0.00196564  -0.00213442  -0.00224793  -0.00231488  -0.00234291  -0.00233867  -0.00230798  -0.00225589  -0.00218679  -0.00210451  -0.00201231  -0.00191302  -0.00180904  -0.00170243  -0.00159489  -0.00148786  -0.00138252  -0.00127982  -0.00118053 
 -0.00160718  -1.56982633  -2.92887016  -3.92626859  -4.50376883  -4.68955605  -4.56433325  -4.22320267  -3.75043028  -3.20988325  -2.64552363  -2.08579566  -1.54833198  -1.04366803  -0.57780928  -0.15388781   0.22680636   0.56419317   0.85901446   1.11259177   1.32666939   1.50330686   1.64480000   1.75361829   1.83235215   1.88366640   1.91025839   1.91481978   1.90000206   1.86838568   1.82245305   1.76456544   1.69694395   1.62165460   1.54059731   1.45549872   1.36790869   1.27919996   1.19057084   1.10305050   1.01750635   0.93465327   0.85506425   0.77918190   0.70733081   0.63973002   0.57650570   0.51770346   0.46330035   0.41321614   0.36732393   0.32545986   0.28743194   0.25302795   0.22202230   0.19418207   0.16927207   0.14705905   0.12731515   0.10982057   0.09436567   0.08075243   0.06879538   0.05832225   0.04917406   0.04120509   0.03428253   0.02828600   0.02310686   0.01864753   0.01482070   0.01154852   0.00876178   0.00639912   0.00440629   0.00273539   0.00134421   0.00019561  -0.00074307  -0.00150048  -0.00210182  -0.00256915  -0.00292185  -0.00317689  -0.00334913  -0.00345160  -0.00349569  -0.00349134  -0.00344725  -0.00337098  -0.00326911  -0.00314733  -0.00301056  -0.00286303  -0.00270833  -0.00254956  -0.00238927  -0.00222963  -0.00207241  -0.00191904  -0.00177068 
 -0.00177895  -1.74542126  -3.29789810  -4.50376883  -5.27807796  -5.61415017  -5.56931869  -5.23503710  -4.70708283  -4.06697160  -3.37574237  -2.67544275  -1.99345530  -1.34687480  -0.74593202  -0.19637407   0.29897875   0.73924468   1.12485873   1.45717797   1.73822430   1.97050923   2.15690735   2.30055890   2.40479007   2.47304478   2.50882457   2.51563490   2.49693721   2.45610645   2.39639413   2.32089682   2.23253032   2.13400924   2.02783198   1.91627085   1.80136696   1.68492952   1.56853909   1.45355419   1.34112093   1.23218490   1.12750502   1.02766866   0.93310765   0.84411477   0.76086028   0.68340812   0.61173165   0.54572851   0.48523456   0.43003667   0.37988436   0.33450017   0.29358879   0.25684497   0.22396021   0.19462835   0.16855012   0.14543672   0.12501252   0.10701708   0.09120640   0.07735371   0.06524973   0.05470255   0.04553720   0.03759503   0.03073287   0.02482206   0.01974744   0.01540633   0.01170741   0.00856969   0.00592156   0.00369976   0.00184855   0.00031886  -0.00093246  -0.00194333  -0.00274702  -0.00337276  -0.00384615  -0.00418968  -0.00442302  -0.00456344  -0.00462603  -0.00462398  -0.00456883  -0.00447061  -0.00433807  -0.00417877  -0.00399926  -0.00380516  -0.00360128  -0.00339171  -0.00317991  -0.00296874  -0.00276058  -0.00255737  -0.00236065 
 -0.00179319  -1.76625156  -3.37499864  -4.68955605  -5.61415017  -6.10910901  -6.19406044  -5.93522096  -5.42188813  -4.74339553  -3.97485086  -3.17258448  -2.37570447  -1.60992229  -0.89140028  -0.22979059   0.36961845   0.90446986   1.37440571   1.78046254   2.12467312   2.40979580   2.63912175   2.81633009   2.94537290   3.03037961   3.07557497   3.08520721   3.06348499   3.01452210   2.94228969   2.85057581   2.74295224   2.62274825   2.49303126   2.35659387   2.21594694   2.07331821   1.93065578   1.78963588   1.65167434   1.51794093   1.38937612   1.26670949   1.15047926   1.04105240   0.93864484   0.84334142   0.75511505   0.67384505   0.59933423   0.53132464   0.46951188   0.41355788   0.36310217   0.31777159   0.27718861   0.24097823   0.20877358   0.18022040   0.15498038   0.13273368   0.11318052   0.09604214   0.08106116   0.06800149   0.05664780   0.04680476   0.03829604   0.03096312   0.02466411   0.01927237   0.01467530   0.01077300   0.00747708   0.00470946   0.00240129   0.00049196  -0.00107186  -0.00233704  -0.00334475  -0.00413112  -0.00472789  -0.00516287  -0.00546047  -0.00564207  -0.00572640  -0.00572985  -0.00566673  -0.00554954  -0.00538913  -0.00519494  -0.00497512  -0.00473669  -0.00448566  -0.00422713  -0.00396544  -0.00370419  -0.00344637  -0.00319441  -0.00295026 
 -0.00169909  -1.67874987  -3.23720679  -4.56433325  -5.56931869  -6.19406044  -6.42351869  -6.28782504  -5.85240880  -5.19958111  -4.41022222  -3.55228322  -2.67706522  -1.82051782  -1.00647648  -0.24997355   0.44009776   1.05906277   1.60515321   2.07862980   2.48119499   2.81559225   3.08532332   3.29443963   3.44738102   3.54884540   3.60367978   3.61678698   3.59304511   3.53723792   3.45399508   3.34774200   3.22265864   3.08264705   2.93130720   2.77192062   2.60744132   2.44049330   2.27337399   2.10806279   1.94623403   1.78927344   1.63829748   1.49417468   1.35754836   1.22886013   1.10837346   0.99619702   0.89230721   0.79656958   0.70875896   0.62857797   0.55567385   0.48965354   0.43009695   0.37656846   0.32862671   0.28583281   0.24775698   0.21398384   0.18411646   0.15777928   0.13462009   0.11431122   0.09654995   0.08105847   0.06758326   0.05589427   0.04578371   0.03706473   0.02956996   0.02315003   0.01767200   0.01301793   0.00908339   0.00577611   0.00301470   0.00072746  -0.00114872  -0.00266933  -0.00388313  -0.00483295  -0.00555642  -0.00608656  -0.00645232  -0.00667912  -0.00678924  -0.00680216  -0.00673493  -0.00660245  -0.00641767  -0.00619186  -0.00593477  -0.00565479  -0.00535913  -0.00505394  -0.00474441  -0.00443489  -0.00412900  -0.00382967  -0.00353928 
 -0.00153955  -1.52468714  -2.96080765  -4.22320267  -5.23503710  -5.93522096  -6.28782504  -6.29036364  -5.97582009  -5.40508864  -4.65227739  -3.78975554  -2.87854414  -1.96506140  -1.08209813  -0.25151001   0.51295060   1.20330436   1.81562658   2.34884413   2.80390892   3.18322767   3.49026035   3.72922787   3.90489074   4.02237453   4.08702769   4.10430249   4.07965411   4.01845454   3.92591964   3.80704811   3.66657161   3.50891539   3.33816886   3.15806533   2.97197038   2.78287785   2.59341278   2.40584040   2.22208008   2.04372359   1.87205656   1.70808239   1.55254781   1.40596933   1.26865995   1.14075550   1.02224024   0.91297122   0.81270110   0.72109930   0.63777115   0.56227509   0.49413789   0.43286776   0.37796562   0.32893448   0.28528710   0.24655208   0.21227857   0.18203965   0.15543465   0.13209055   0.11166252   0.09383390   0.07831559   0.06484508   0.05318514   0.04312233   0.03446539   0.02704351   0.02070463   0.01531375   0.01075129   0.00691152   0.00370116   0.00103797  -0.00115048  -0.00292790  -0.00435031  -0.00546697  -0.00632113  -0.00695083  -0.00738942  -0.00766622  -0.00780693  -0.00783405  -0.00776732  -0.00762395  -0.00741897  -0.00716544  -0.00687470  -0.00655651  -0.00621928  -0.00587016  -0.00551525  -0.00515965  -0.00480759  -0.00446256  -0.00412736 
 -0.00134580  -1.33512247  -2.60629103  -3.75043028  -4.70708283  -5.42188813  -5.85240880  -5.97582009  -5.79590117  -5.34506913  -4.67853083  -3.86232942  -2.96088158  -2.02876015  -1.10775126  -0.22753528   0.59208572   1.33876438   2.00556495   2.58942174   3.09003362   3.50908448   3.84969081   4.11600186   4.31290145   4.44577774   4.52033982   4.54246748   4.51808623   4.45306228   4.35311453   4.22374143   4.07016151   3.89726639   3.70958541   3.51126102   3.30603402   3.09723759   2.88779937   2.68025021   2.47673888   2.27905149   2.08863475   1.90662197   1.73386100   1.57094333   1.41823339   1.27589774   1.14393332   1.02219439   0.91041793   0.80824707   0.71525241   0.63095123   0.55482440   0.48633106   0.42492128   0.37004649   0.32116817   0.27776470   0.23933663   0.20541060   0.17554195   0.14931640   0.12635066   0.10629254   0.08882025   0.07364142   0.06049167   0.04913300   0.03935198   0.03095793   0.02378096   0.01767019   0.01249186   0.00812767   0.00447313   0.00143611  -0.00106461  -0.00310051  -0.00473449  -0.00602190  -0.00701140  -0.00774577  -0.00826261  -0.00859496  -0.00877182  -0.00881863  -0.00875771  -0.00860855  -0.00838820  -0.00811149  -0.00779131  -0.00743878  -0.00706351  -0.00667367  -0.00627625  -0.00587711  -0.00548113  -0.00509235  -0.00471403 
 -0.00113843  -1.13083263  -2.21602784  -3.20988325  -4.06697160  -4.74339553  -5.19958111  -5.40508864  -5.34506913  -5.02627963  -4.47908770  -3.75288547  -2.90621644  -1.99623207  -1.07156234  -0.16961852   0.68296547   1.46848788   2.17609676   2.79999141   3.33803453   3.79073416   4.16050877   4.45115383   4.66744723   4.81484942   4.89926894   4.92687446   4.90394104   4.83672309   4.73134901   4.59373450   4.42951228   4.24397655   4.04204108   3.82820954   3.60655709   3.38072194   3.15390591   2.92888263   2.70801235   2.49326213   2.28623028   2.08817405   1.90003950   1.72249270   1.55595141   1.40061650   1.25650258   1.12346729   1.00123886   0.88944160   0.78761923   0.69525580   0.61179421   0.53665236   0.46923695   0.40895506   0.35522367   0.30747729   0.26517380   0.22779881   0.19486868   0.16593231   0.14057208   0.11840385   0.09907643   0.08227045   0.06769692   0.05509551   0.04423260   0.03489931   0.02690942   0.02009741   0.01431649   0.00943669   0.00534316   0.00193454  -0.00087856  -0.00317492  -0.00502388  -0.00648654  -0.00761664  -0.00846149  -0.00906270  -0.00945688  -0.00967620  -0.00974891  -0.00969982  -0.00955066  -0.00932042  -0.00902567  -0.00868084  -0.00829839  -0.00788910  -0.00746219  -0.00702554  -0.00658578  -0.00614847  -0.00571819  -0.00529868 
 -0.00093021  -0.92486228  -1.81754564  -2.64552363  -3.37574237  -3.97485086  -4.41022222  -4.65227739  -4.67853083  -4.47908770  -4.06187599  -3.45458800  -2.70104416  -1.85293809  -0.96081781  -0.06784166   0.79270418   1.59714823   2.32989819   2.98164214   3.54775769   4.02705844   4.42085506   4.73226335   4.96569191   5.12645646   5.22048284   5.25407293   5.23371667   5.16593890   5.05717414   4.91366425   4.74137598   4.54593590   4.33258102   4.10612339   3.87092735   3.63089811   3.38948016   3.14966438   2.91400241   2.68462700   2.46327722   2.25132720   2.04981750   1.85948794   1.68081110   1.51402568   1.35916911   1.21610871   1.08457121   0.96417001   0.85443024   0.75481118   0.66472626   0.58356045   0.51068518   0.44547093   0.38729752   0.33556244   0.28968728   0.24912254   0.21335094   0.18188949   0.15429061   0.13014221   0.10906720   0.09072235   0.07479685   0.06101045   0.04911145   0.03887463   0.03009908   0.02260602   0.01623681   0.01085085   0.00632383   0.00254591  -0.00057986  -0.00313897  -0.00520679  -0.00684973  -0.00812633  -0.00908812  -0.00978052  -0.01024352  -0.01051231  -0.01061783  -0.01058730  -0.01044457  -0.01021055  -0.00990351  -0.00953937  -0.00913193  -0.00869315  -0.00823328  -0.00776109  -0.00728400  -0.00680826  -0.00633904  -0.00588056 
 -0.00072877  -0.72507092  -1.42788468  -2.08579566  -2.67544275  -3.17258448  -3.55228322  -3.78975554  -3.86232942  -3.75288547  -3.45458800  -2.97547697  -2.34032921  -1.58775165  -0.76321156   0.08874426   0.92999402   1.73112630   2.47131879   3.13705256   3.72054885   4.21835565   4.63021223   4.95818288   5.20600699   5.37861012   5.48173097   5.52163150   5.50486773   5.43810576   5.32797314   5.18093867   5.00321600   4.80068777   4.57884775   4.34275887   4.09702550   3.84577828   3.59266985   3.34088025   3.09313018   2.85170108   2.61846039   2.39489096   2.18212321   1.98096917   1.79195736   1.61536757   1.45126501   1.29953310   1.15990445   1.03198972   0.91530400   0.80929066   0.71334253   0.62682042   0.54906902   0.47943035   0.41725485   0.36191030   0.31278878   0.26931191   0.23093451   0.19714695   0.16747638   0.14148698   0.11877954   0.09899036   0.08178972   0.06688008   0.05399395   0.04289177   0.03335962   0.02520699   0.01826466   0.01238253   0.00742774   0.00328279  -0.00015611  -0.00298062  -0.00527160  -0.00710040  -0.00852997  -0.00961582  -0.01040691  -0.01094640  -0.01127235  -0.01141827  -0.01141366  -0.01128444  -0.01105338  -0.01074037  -0.01036282  -0.00993586  -0.00947258  -0.00898429  -0.00848067  -0.00796993  -0.00745901  -0.00695370  -0.00645874 
 -0.00053851  -0.53604102  -1.05722355  -1.54833198  -1.99345530  -2.37570447  -2.67706522  -2.87854414  -2.96088158  -2.90621644  -2.70104416  -2.34032921  -1.83156869  -1.19656727  -0.46910032   0.31101817   1.10469504   1.87843444   2.60643933   3.27058885   3.85935404   4.36643183   4.78948409   5.12910717   5.38803303   5.57052100   5.68189442   5.72818375   5.71584780   5.65155313   5.54199787   5.39377067   5.21323835   5.00645760   4.77910754   4.53644021   4.28324708   4.02383934   3.76204042   3.50118884   3.24415000   2.99333512   2.75072616   2.51790517   2.29608681   2.08615302   1.88868872   1.70401760   1.53223743   1.37325391   1.22681295   1.09253062   0.96992074   0.85841979   0.75740914   0.66623446   0.58422253   0.51069544   0.44498229   0.38642876   0.33440452   0.28830888   0.24757479   0.21167143   0.18010564   0.15242237   0.12820424   0.10707060   0.08867600   0.07270832   0.05888672   0.04695939   0.03670123   0.02791160   0.02041202   0.01404410   0.00866742   0.00415768   0.00040496  -0.00268793  -0.00520683  -0.00722759  -0.00881720  -0.01003482  -0.01093272  -0.01155703  -0.01194849  -0.01214303  -0.01217235  -0.01206435  -0.01184354  -0.01153147  -0.01114695  -0.01070642  -0.01022412  -0.00971240  -0.00918185  -0.00864150  -0.00809901  -0.00756078  -0.00703210 
 -0.00036188  -0.36034239  -0.71142362  -1.04366803  -1.34687480  -1.60992229  -1.82051782  -1.96506140  -2.02876015  -1.99623207  -1.85293809  -1.58775165  -1.19656727  -0.68592496  -0.07469857   0.60778939   1.32685117   2.04834037   2.74298947   3.38834003   3.96879001   4.47467334   4.90105996   5.24662749   5.51272509   5.70263773   5.82101958   5.87345811   5.86613635   5.80556859   5.69839159   5.55119914   5.37041111   5.16217091   4.93226697   4.68607471   4.42851620   4.16403529   3.89658603   3.62963245   3.36615806   3.10868321   2.85928890   2.61964551   2.39104519   2.17443650   1.97046049   1.77948700   1.60165059   1.43688518   1.28495710   1.14549593   1.01802291   0.90197672   0.79673644   0.70164183   0.61601075   0.53915399   0.47038765   0.40904311   0.35447496   0.30606698   0.26323645   0.22543708   0.19216055   0.16293717   0.13733558   0.11496188   0.09545812   0.07850051   0.06379736   0.05108680   0.04013450   0.03073128   0.02269092   0.01584787   0.01005526   0.00518288   0.00111542  -0.00224916  -0.00500117  -0.00722048  -0.00897774  -0.01033544  -0.01134888  -0.01206694  -0.01253287  -0.01278488  -0.01285673  -0.01277821  -0.01257556  -0.01227185  -0.01188733  -0.01143967  -0.01094430  -0.01041457  -0.00986201  -0.00929648  -0.00872635  -0.00815868  -0.00759935 
 -0.00020014  -0.19931864  -0.39367031  -0.57780928  -0.74593202  -0.89140028  -1.00647648  -1.08209813  -1.10775126  -1.07156234  -0.96081781  -0.76321156  -0.46910032  -0.07469857   0.41466552   0.98294567   1.60490078   2.25047705   2.88999610   3.49802691   4.05515751   4.54809132   4.96886119   5.31377098   5.58238368   5.77667082   5.90033662   5.95829262   5.95625098   5.90040829   5.79719825   5.65309735   5.47447218   5.26746044   5.03787955   4.79115879   4.53229113   4.26580226   3.99573413   3.72564101   3.45859589   3.19720570   2.94363339   2.69962543   2.46654338   2.24539810   2.03688555   1.84142317   1.65918594   1.49014138   1.33408301   1.19066170   1.05941460   0.93979149   0.83117835   0.73291815   0.64432884   0.56471871   0.49339921   0.42969537   0.37295413   0.32255063   0.27789291   0.23842497   0.20362863   0.17302435   0.14617105   0.12266536   0.10214022   0.08426315   0.06873421   0.05528377   0.04367019   0.03367754   0.02511326   0.01780599   0.01160345   0.00637044   0.00198710  -0.00165284  -0.00464355  -0.00706846  -0.00900148  -0.01050810  -0.01164636  -0.01246768  -0.01301761  -0.01333651  -0.01346007  -0.01341987  -0.01324379  -0.01295641  -0.01257933  -0.01213149  -0.01162943  -0.01108755  -0.01051830  -0.00993237  -0.00933889  -0.00874560  -0.00815895 
 -0.00005382  -0.05356007  -0.10548523  -0.15388781  -0.19637407  -0.22979059  -0.24997355  -0.25151001  -0.22753528  -0.16961852  -0.06784166   0.08874426   0.31101817   0.60778939   0.98294567   1.43250909   1.94311202   2.49322805   3.05697002   3.60866862   4.12634044   4.59331437   4.99836210   5.33502386   5.60067215   5.79560311   5.92226433   5.98463588   5.98774591   5.93729415   5.83935905   5.70016937   5.52592589   5.32266308   5.09614292   4.85177555   4.59456209   4.32905656   4.05934369   3.78903043   3.52124871   3.25866764   3.00351336   2.75759463   2.52233305   2.29879620   2.08773268   1.88960802   1.70464045   1.53283578   1.37402089   1.22787521   1.09395991   0.97174451   0.86063078   0.75997389   0.66910080   0.58732597   0.51396456   0.44834319   0.38980860   0.33773430   0.29152546   0.25062230   0.21450215   0.18268044   0.15471073   0.13018407   0.10872774   0.09000359   0.07370612   0.05956024   0.04731908   0.03676169   0.02769073   0.01993028   0.01332380   0.00773208   0.00303149  -0.00088778  -0.00412316  -0.00676115  -0.00887851  -0.01054338  -0.01181627  -0.01275087  -0.01339488  -0.01379059  -0.01397556  -0.01398304  -0.01384247  -0.01357987  -0.01321817  -0.01277754  -0.01227563  -0.01172787  -0.01114764  -0.01054648  -0.00993430  -0.00931951  -0.00870919 
  0.00007699   0.07681676   0.15266384   0.22680636   0.29897875   0.36961845   0.44009776   0.51295060   0.59208572   0.68296547   0.79270418   0.92999402   1.10469504   1.32685117   1.60490078   1.94311202   2.33890538   2.78140622   3.25243850   3.72983311   4.19148662   4.61847826   4.99656413   5.31633166   5.57261963   5.76368828   5.89040334   5.95553608   5.96319846   5.91839907   5.82669746   5.69393553   5.52602917   5.32880704   5.10788719   4.86858421   4.61584178   4.35418617   4.08769749   3.81999575   3.55423924   3.29313313   3.03894624   2.79353431   2.55836810   2.33456500   2.12292278   1.92395447   1.73792335   1.56487734   1.40468209   1.25705223   1.12158046   0.99776418   0.88502947   0.78275239   0.69027754   0.60693405   0.53204897   0.46495838   0.40501622   0.35160126   0.30412225   0.26202152   0.22477729   0.19190483   0.16295674   0.13752240   0.11522692   0.09572959   0.07872201   0.06392606   0.05109170   0.03999472   0.03043456   0.02223211   0.01522768   0.00927905   0.00425962   0.00005681  -0.00342954  -0.00628846  -0.00859914  -0.01043204  -0.01184980  -0.01290820  -0.01365683  -0.01413981  -0.01439637  -0.01446137  -0.01436572  -0.01413682  -0.01379890  -0.01337330  -0.01287880  -0.01233184  -0.01174673  -0.01113588  -0.01050998  -0.00987815  -0.00924812 
  0.00019251   0.19200434   0.38099813   0.56419317   0.73924468   0.90446986   1.05906277   1.20330436   1.33876438   1.46848788   1.59714823   1.73112630   1.87843444   2.04834037   2.25047705   2.49322805   2.78140622   3.11380663   3.48183245   3.87029569   4.26031290   4.63291886   4.97187765   5.26505783   5.50460393   5.68643711   5.80951921   5.87512026   5.88618553   5.84682208   5.76189414   5.63670808   5.47676856   5.28759050   5.07455526   4.84280224   4.59714919   4.34203618   4.08148908   3.81909936   3.55801723   3.30095591   3.05020477   2.80764952   2.57479775   2.35280829   2.14252324   1.94450125   1.75905136   1.58626638   1.42605517   1.27817336   1.14225198   1.01782381   0.90434720   0.80122728   0.70783457   0.62352101   0.54763352   0.47952522   0.41856452   0.36414225   0.31567705   0.27261921   0.23445317   0.20069893   0.17091246   0.14468544   0.12164430   0.10144884   0.08379055   0.06839064   0.05499798   0.04338696   0.03335535   0.02472220   0.01732584   0.01102202   0.00568204   0.00119123  -0.00255264  -0.00564065  -0.00815400  -0.01016506  -0.01173837  -0.01293147  -0.01379570  -0.01437682  -0.01471561  -0.01484840  -0.01480752  -0.01462169  -0.01431637  -0.01391407  -0.01343465  -0.01289556  -0.01231206  -0.01169742  -0.01106313  -0.01041905  -0.00977356 
  0.00029318   0.29240621   0.58020806   0.85901446   1.12485873   1.37440571   1.60515321   1.81562658   2.00556495   2.17609676   2.32989819   2.47131879   2.60643933   2.74298947   2.88999610   3.05697002   3.25243850   3.48183245   3.74524085   4.03610718   4.34187309   4.64652518   4.93382626   5.18985966   5.40429789   5.57058666   5.68551554   5.74856546   5.76125218   5.72655534   5.64845373   5.53155870   5.38082928   5.20135262   4.99817618   4.77618095   4.53998752   4.29388890   4.04180500   3.78725514   3.53334518   3.28276666   3.03780562   2.80035912   2.57195754   2.35379134   2.14674057   1.95140632   1.76814278   1.59708919   1.43820101   1.29127965   1.15600037   1.03193801   0.91859046   0.81539950   0.72176930   0.63708232   0.56071289   0.49203851   0.43044901   0.37535390   0.32618787   0.28241486   0.24353081   0.20906519   0.17858174   0.15167828   0.12798605   0.10716849   0.08891967   0.07296255   0.05904703   0.04694789   0.03646284   0.02741044   0.01962824   0.01297093   0.00730861   0.00252521  -0.00148293  -0.00480843  -0.00753405  -0.00973373  -0.01147356  -0.01281265  -0.01380383  -0.01449433  -0.01492637  -0.01513765  -0.01516180  -0.01502880  -0.01476530  -0.01439495  -0.01393867  -0.01341492  -0.01283988  -0.01222771  -0.01159071  -0.01093948  -0.01028312 
  0.00037956   0.37857704   0.75131775   1.11259177   1.45717797   1.78046254   2.07862980   2.34884413   2.58942174   2.79999141   2.98164214   3.13705256   3.27058885   3.38834003   3.49802691   3.60866862   3.72983311   3.87029569   4.03610718   4.22852647   4.44278522   4.66860397   4.89244303   5.10040412   5.28054189   5.42403762   5.52539304   5.58206231   5.59387435   5.56244539   5.49066552   5.38227981   5.24155797   5.07303850   4.88133260   4.67097577   4.44631721   4.21143953   3.97010286   3.72570889   3.48128100   3.23945756   3.00249570   2.77228347   2.55035846   2.33793120   2.13591188   1.94493926   1.76541064   1.59751194   1.44124734   1.29646766   1.16289721   1.04015868   0.92779586   0.82529405   0.73209810   0.64762815   0.57129299   0.50250139   0.44067125   0.38523703   0.33565542   0.29140955   0.25201190   0.21700614   0.18596796   0.15850520   0.13425734   0.11289449   0.09411605   0.07764911   0.06324667   0.05068577   0.03976562   0.03030567   0.02214388   0.01513488   0.00914842   0.00406782  -0.00021145  -0.00378299  -0.00673068  -0.00912964  -0.01104725  -0.01254388  -0.01367367  -0.01448514  -0.01502179  -0.01532259  -0.01542239  -0.01535236  -0.01514028  -0.01481090  -0.01438619  -0.01388559  -0.01332622  -0.01272313  -0.01208944  -0.01143651  -0.01077415 
  0.00045232   0.45118401   0.89559751   1.32666939   1.73822430   2.12467312   2.48119499   2.80390892   3.09003362   3.33803453   3.54775769   3.72054885   3.85935404   3.96879001   4.05515751   4.12634044   4.19148662   4.26031290   4.34187309   4.44278522   4.56532331   4.70624848   4.85722194   5.00680420   5.14307198   5.25572614   5.33718131   5.38276744   5.39041622   5.36015059   5.29356033   5.19334166   5.06292117   4.90615971   4.72712389   4.52991222   4.31852490   4.09676817   3.86818632   3.63601595   3.40315807   3.17216461   2.94523647   2.72423069   2.51067472   2.30578598   2.11049527   1.92547273   1.75115516   1.58777396   1.43538274   1.29388408   1.16305502   1.04257072   0.93202632   0.83095654   0.73885324   0.65518062   0.57938847   0.51092315   0.44923685   0.39379491   0.34408161   0.29960453   0.25989763   0.22452323   0.19307313   0.16516889   0.14046158   0.11863102   0.09938460   0.08245590   0.06760311   0.05460734   0.04327087   0.03341545   0.02488058   0.01752191   0.01120967   0.00582729   0.00127006  -0.00255611  -0.00573574  -0.00834482  -0.01045161  -0.01211755  -0.01339783  -0.01434211  -0.01499503  -0.01539669  -0.01558307  -0.01558646  -0.01543574  -0.01515670  -0.01477234  -0.01430306  -0.01376693  -0.01317987  -0.01255582  -0.01190695  -0.01124379 
  0.00051223   0.51098001   1.01450349   1.50330686   1.97050923   2.40979580   2.81559225   3.18322767   3.50908448   3.79073416   4.02705844   4.21835565   4.36643183   4.47467334   4.54809132   4.59331437   4.61847826   4.63291886   4.64652518   4.66860397   4.70624848   4.76257405   4.83561388   4.91864924   5.00199410   5.07536533   5.12981247   5.15873274   5.15807913   5.12609527   5.06286542   4.96984745   4.84946116   4.70475193   4.53912631   4.35614903   4.15938969   3.95230919   3.73817752   3.52001665   3.30056344   3.08224835   2.86718700   2.65718167   2.45373059   2.25804320   2.07105968   1.89347353   1.72575587   1.56818076   1.42085048   1.28372032   1.15662236   1.03928771   0.93136713   0.83244973   0.74207972   0.65977106   0.58502023   0.51731702   0.45615351   0.40103142   0.35146787   0.30699985   0.26718739   0.23161580   0.19989688   0.17166955   0.14659974   0.12437987   0.10472794   0.08738635   0.07212054   0.05871747   0.04698409   0.03674579   0.02784482   0.02013883   0.01349945   0.00781096   0.00296907  -0.00112024  -0.00454170  -0.00737171  -0.00967920  -0.01152631  -0.01296914  -0.01405828  -0.01483933  -0.01535343  -0.01563761  -0.01572517  -0.01564604  -0.01542703  -0.01509211  -0.01466264  -0.01415763  -0.01359387  -0.01298614  -0.01234741  -0.01168895 
  0.00056011   0.55878322   1.10963246   1.64480000   2.15690735   2.63912175   3.08532332   3.49026035   3.84969081   4.16050877   4.42085506   4.63021223   4.78948409   4.90105996   4.96886119   4.99836210   4.99656413   4.97187765   4.93382626   4.89244303   4.85722194   4.83561388   4.83139316   4.84361644   4.86688693   4.89295563   4.91287718   4.91878318   4.90483110   4.86741791   4.80495811   4.71748820   4.60625165   4.47333182   4.32135188   4.15323961   3.97204769   3.78081904   3.58248808   3.37981037   3.17531478   2.97127350   2.76968603   2.57227435   2.38048669   2.19550784   2.01827439   1.84949345   1.68966357   1.53909699   1.39794231   1.26620699   1.14377902   1.03044759   0.92592218   0.82985011   0.74183230   0.66143721   0.58821300   0.52169792   0.46142901   0.40694934   0.35781365   0.31359291   0.27387756   0.23827990   0.20643552   0.17800409   0.15266952   0.13013969   0.11014574   0.09244116   0.07680063   0.06301876   0.05090873   0.04030090   0.03104145   0.02299108   0.01602365   0.01002508   0.00489211   0.00053138  -0.00314162  -0.00620334  -0.00872298  -0.01076320  -0.01238071  -0.01362684  -0.01454805  -0.01518637  -0.01557976  -0.01576249  -0.01576545  -0.01561642  -0.01534032  -0.01495947  -0.01449377  -0.01396089  -0.01337647  -0.01275427  -0.01210633 
  0.00059684   0.59546017   1.18268499   1.75361829   2.30055890   2.81633009   3.29443963   3.72922787   4.11600186   4.45115383   4.73226335   4.95818288   5.12910717   5.24662749   5.31377098   5.33502386   5.31633166   5.26505783   5.18985966   5.10040412   5.00680420   4.91864924   4.84361644   4.78595752   4.74551917   4.71795505   4.69616989   4.67228843   4.63929094   4.59190338   4.52681567   4.44249805   4.33885455   4.21685490   4.07820776   3.92509366   3.75995625   3.58534347   3.40378950   3.21772900   3.02943691   2.84098825   2.65423377   2.47078786   2.29202612   2.11909028   1.95289857   1.79416019   1.64339245   1.50093958   1.36699252   1.24160867   1.12473140   1.01620864   0.91581036   0.82324471   0.73817259   0.66022072   0.58899300   0.52408043   0.46506941   0.41154867   0.36311489   0.31937715   0.27996027   0.24450728   0.21268103   0.18416520   0.15866466   0.13590542   0.11563422   0.09761785   0.08164219   0.06751123   0.05504589   0.04408287   0.03447348   0.02608243   0.01878674   0.01247466   0.00704469   0.00240461  -0.00152936  -0.00483333  -0.00757647  -0.00982162  -0.01162591  -0.01304123  -0.01411471  -0.01488915  -0.01540333  -0.01569241  -0.01578817  -0.01571932  -0.01551171  -0.01518854  -0.01477063  -0.01427651  -0.01372268  -0.01312370  -0.01249239 
  0.00062331   0.62191073   1.23543356   1.83235215   2.40479007   2.94537290   3.44738102   3.90489074   4.31290145   4.66744723   4.96569191   5.20600699   5.38803303   5.51272509   5.58238368   5.60067215   5.57261963   5.50460393   5.40429789   5.28054189   5.14307198   5.00199410   4.86688693   4.74551917   4.64244686   4.55809365   4.48892192   4.42874174   4.37051614   4.30787488   4.23595193   4.15160754   4.05327861   3.94067582   3.81445772   3.67594024   3.52685926   3.36918541   3.20498386   3.03631071   2.86513835   2.69330363   2.52247390   2.35412679   2.18954088   2.02979457   1.87577117   1.72816865   1.58751258   1.45417131   1.32837230   1.21021913   1.09970832   0.99674577   0.90116231   0.81272825   0.73116655   0.65616486   0.58738595   0.52447699   0.46707733   0.41482510   0.36736264   0.32434079   0.28542230   0.25028432   0.21862021   0.19014061   0.16457416   0.14166759   0.12118555   0.10291024   0.08664065   0.07219183   0.05939398   0.04809145   0.03814181   0.02941483   0.02179156   0.01516337   0.00943112   0.00450433   0.00030040  -0.00325602  -0.00623372  -0.00869546  -0.01069853  -0.01229517  -0.01353304  -0.01445554  -0.01510220  -0.01550894  -0.01570840  -0.01573014  -0.01560087  -0.01534471  -0.01498333  -0.01453614  -0.01402045  -0.01345167  -0.01284340 
  0.00064046   0.63905443   1.26969375   1.88366640   2.47304478   3.03037961   3.54884540   4.02237453   4.44577774   4.81484942   5.12645646   5.37861012   5.57052100   5.70263773   5.77667082   5.79560311   5.76368828   5.68643711   5.57058666   5.42403762   5.25572614   5.07536533   4.89295563   4.71795505   4.55809365   4.41807327   4.29870564   4.19705181   4.10761431   4.02399858   3.94031846   3.85198629   3.75593762   3.65051165   3.53518707   3.41029378   3.27675468   3.13587463   2.98917599   2.83827466   2.68478882   2.53027362   2.37617614   2.22380614   2.07431887   1.92870730   1.78780142   1.65227282   1.52264308   1.39929488   1.28248479   1.17235697   1.06895732   0.97224734   0.88211766   0.79840068   0.72088229   0.64931256   0.58341527   0.52289623   0.46745054   0.41676873   0.37054188   0.32846574   0.29024406   0.25559116   0.22423376   0.19591227   0.17038164   0.14741170   0.12678727   0.10830793   0.09178763   0.07705414   0.06394837   0.05232365   0.04204497   0.03298817   0.02503919   0.01809330   0.01205438   0.00683425   0.00235200  -0.00146656  -0.00468948  -0.00737915  -0.00959277  -0.01138273  -0.01279701  -0.01387951  -0.01467036  -0.01520617  -0.01552034  -0.01564322  -0.01560237  -0.01542275  -0.01512687  -0.01473501  -0.01426531  -0.01373399  -0.01315543 
  0.00064921   0.64781753   1.28729773   1.91025839   2.50882457   3.07557497   3.60367978   4.08702769   4.52033982   4.89926894   5.22048284   5.48173097   5.68189442   5.82101958   5.90033662   5.92226433   5.89040334   5.80951921   5.68551554   5.52539304   5.33718131   5.12981247   4.91287718   4.69616989   4.48892192   4.29870564   4.13022912   3.98452987   3.85908988   3.74892637   3.64812606   3.55115386   3.45359989   3.35240581   3.24577133   3.13292436   3.01386586   2.88914034   2.75964782   2.62649762   2.49089824   2.35407653   2.21722003   2.08143724   1.94773182   1.81698732   1.68996014   1.56727851   1.44944592   1.33684787   1.22976073   1.12836207   1.03274161   0.94291258   0.85882277   0.78036524   0.70738834   0.63970494   0.57710074   0.51934177   0.46618079   0.41736297   0.37263051   0.33172665   0.29439874   0.26040085   0.22949561   0.20145567   0.17606463   0.15311765   0.13242175   0.11379584   0.09707054   0.08208792   0.06870106   0.05677353   0.04617887   0.03680002   0.02852868   0.02126479   0.01491595   0.00939683   0.00462872   0.00053901  -0.00293925  -0.00586776  -0.00830335  -0.01029836  -0.01190092  -0.01315525  -0.01410196  -0.01477827  -0.01521822  -0.01545291  -0.01551069  -0.01541732  -0.01519614  -0.01486824  -0.01445260  -0.01396625  -0.01342438 
  0.00065049   0.64912119   1.29006983   1.91481978   2.51563490   3.08520721   3.61678698   4.10430249   4.54246748   4.92687446   5.25407293   5.52163150   5.72818375   5.87345811   5.95829262   5.98463588   5.95553608   5.87512026   5.74856546   5.58206231   5.38276744   5.15873274   4.91878318   4.67228843   4.42874174   4.19705181   3.98452987   3.79577240   3.63190801   3.49069373   3.36751728   3.25681816   3.15330940   3.05268495   2.95184643   2.84883216   2.74261730   2.63288786   2.51983624   2.40399331   2.28609788   2.16699826   2.04758017   1.92871507   1.81122450   1.69585664   1.58327215   1.47403704   1.36862081   1.26739844   1.17065511   1.07859274   0.99133781   0.90894966   0.83142916   0.75872714   0.69075257   0.62738020   0.56845757   0.51381136   0.46325304   0.41658376   0.37359862   0.33409021   0.29785159   0.26467869   0.23437224   0.20673925   0.18159407   0.15875920   0.13806575   0.11935372   0.10247209   0.08727874   0.07364028   0.06143179   0.05053649   0.04084538   0.03225685   0.02467628   0.01801563   0.01219308   0.00713258   0.00276358  -0.00097940  -0.00415704  -0.00682557  -0.00903700  -0.01083942  -0.01227724  -0.01339138  -0.01421955  -0.01479637  -0.01515361  -0.01532034  -0.01532307  -0.01518594  -0.01493084  -0.01457757  -0.01414395  -0.01364595 
  0.00064520   0.64387045   1.27980421   1.90000206   2.49693721   3.06348499   3.59304511   4.07965411   4.51808623   4.90394104   5.23371667   5.50486773   5.71584780   5.86613635   5.95625098   5.98774591   5.96319846   5.88618553   5.76125218   5.59387435   5.39041622   5.15807913   4.90483110   4.63929094   4.37051614   4.10761431   3.85908988   3.63190801   3.43045881   3.25585457   3.10601189   2.97657591   2.86224034   2.75789030   2.65927309   2.56322413   2.46761508   2.37118004   2.27331504   2.17389524   2.07312447   1.97141791   1.86931360   1.76740724   1.66630539   1.56659268   1.46880988   1.37344009   1.28090107   1.19154216   1.10564454   1.02342384   0.94503441   0.87057459   0.80009263   0.73359281   0.67104151   0.61237319   0.55749590   0.50629643   0.45864494   0.41439918   0.37340802   0.33551471   0.30055947   0.26838178   0.23882221   0.21172391   0.18693382   0.16430351   0.14368992   0.12495580   0.10796999   0.09260764   0.07875023   0.06628555   0.05510761   0.04511647   0.03621808   0.02832404   0.02135141   0.01522243   0.00986430   0.00520894   0.00119275  -0.00224360  -0.00515540  -0.00759413  -0.00960763  -0.01124028  -0.01253323  -0.01352451  -0.01424924  -0.01473977  -0.01502581  -0.01513460  -0.01509101  -0.01491773  -0.01463532  -0.01426240  -0.01381573 
